0,1,0,0
0.00121726,2.006,1.17408e-07,2.982
0.00243452,2.038,4.69632e-07,18.278
0.00314218,2.06,1.94009e-05,32.2
0.00426041,2.094,1.43825e-06,46.582
0.00547641,2.13,2.54658e-06,64.55
0.00618533,2.162,1.56342e-05,81.878
0.00730589,2.244,4.15051e-06,108.232
0.00843157,2.342,1.54635e-05,136.518
0.00922848,2.374,1.3335e-05,145.062
0.0103537,2.442,7.63473e-06,157.318
0.0113554,2.516,2.09392e-05,168.872
0.0122716,2.562,1.25034e-05,173.078
0.0133679,2.634,1.21049e-05,190.022
0.0143374,2.678,1.89977e-05,187.158
0.0153135,2.732,1.30326e-05,184.088
0.0163638,2.796,1.53334e-05,185.192
0.0173341,2.854,1.65646e-05,194.342
0.0183429,2.908,1.42285e-05,205.768
0.0193415,2.97,1.60609e-05,222.55
0.0203431,3.018,1.53155e-05,226.838
0.0213549,3.074,1.51938e-05,240.262
0.0223392,3.142,1.54855e-05,254.918
0.0233569,3.194,1.54386e-05,270.182
0.0243608,3.232,1.58362e-05,271.088
0.02536,3.274,1.50381e-05,273.462
0.0263508,3.326,1.57177e-05,275.862
0.0273486,3.34,1.5558e-05,276.2
0.0283675,3.38,1.52939e-05,299.8
0.0293679,3.412,1.58601e-05,317.128
0.0303597,3.448,1.50505e-05,327.648
0.0313675,3.482,1.5473e-05,334.838
0.0323704,3.522,1.60918e-05,354.758
0.0333659,3.566,1.48171e-05,380.822
0.0343761,3.616,1.55095e-05,404.272
0.0353667,3.662,1.59471e-05,437.878
0.0363794,3.716,1.49279e-05,451.672
0.0373835,3.756,1.57666e-05,478.232
0.0383643,3.806,1.53164e-05,496.182
0.0393867,3.854,1.49707e-05,528.342
0.0403969,3.89,1.58862e-05,530.95
0.0413829,3.938,1.52524e-05,585.078
0.042399,3.978,1.52198e-05,610.758
0.0434018,4.014,1.62528e-05,642.902
0.0443828,4.058,1.4708e-05,669.318
0.0454028,4.094,1.57249e-05,682.582
0.0463958,4.126,1.61622e-05,683.062
0.0473866,4.17,1.43601e-05,690.55
0.04841,4.232,1.58534e-05,767.088
0.0493958,4.294,1.59771e-05,795.782
0.0504111,4.34,1.43499e-05,814.2
0.0514174,4.406,1.58909e-05,886.582
0.052397,4.444,1.56224e-05,883.432
0.0534099,4.48,1.49919e-05,878.8
0.0544113,4.542,1.57573e-05,932.118
0.0554106,4.59,1.52654e-05,966.95
0.056421,4.644,1.55026e-05,970.632
0.0574188,4.696,1.51669e-05,1023.79
0.0584253,4.746,1.51996e-05,1068.74
0.0594332,4.776,1.60168e-05,1082.91
0.0604249,4.796,1.49528e-05,1083.19
0.0614279,4.844,1.54068e-05,1103.83
0.0624245,4.898,1.55436e-05,1187.8
0.0634384,4.938,1.51302e-05,1231.08
0.0644365,4.97,1.58108e-05,1314.55
0.0654294,5.014,1.47878e-05,1318.9
0.0664362,5.064,1.54781e-05,1361.95
0.0674342,5.118,1.60594e-05,1508.04
0.0684368,5.176,1.45518e-05,1574.51
0.0694556,5.206,1.60806e-05,1647.78
0.0704413,5.242,1.60921e-05,1659.72
0.0714515,5.292,1.43813e-05,1715.37
0.0724569,5.328,1.62179e-05,1740.21
0.0734378,5.364,1.55525e-05,1745.75
0.0744639,5.424,1.4682e-05,1800.11
0.0754557,5.482,1.63474e-05,1852.84
0.0764366,5.522,1.48487e-05,1890.76
0.0774515,5.59,1.50963e-05,2006.95
0.0784644,5.642,1.65711e-05,2006.92
0.0794514,5.702,1.48536e-05,2058.6
0.0804638,5.744,1.48044e-05,2077.23
0.0814557,5.776,1.61512e-05,2098.91
0.0824676,5.84,1.53092e-05,2123.2
0.0834724,5.892,1.49471e-05,2254.17
0.0844767,5.956,1.58874e-05,2427.03
0.08546,6.002,1.52743e-05,2579
0.0864908,6.056,1.50756e-05,2628.43
0.0874864,6.112,1.59849e-05,2691.73
0.0884712,6.166,1.53244e-05,2811.22
0.0894883,6.214,1.5046e-05,2892.1
0.0904817,6.27,1.64149e-05,3034.55
0.0914624,6.334,1.54195e-05,3159.22
0.0924933,6.392,1.47646e-05,3267.17
0.0934841,6.436,1.61191e-05,3284.95
0.0944846,6.484,1.5154e-05,3304.87
0.0955033,6.54,1.50625e-05,3390.2
0.0964963,6.59,1.59568e-05,3552.95
0.0974907,6.638,1.4948e-05,3681.48
0.0985081,6.726,1.55715e-05,3975.46
0.0994866,6.772,1.5509e-05,3972.01
0.100514,6.826,1.47665e-05,3995.86
0.101501,6.864,1.59289e-05,4030.75
0.102514,6.914,1.57999e-05,4055.3
0.103515,6.974,1.47876e-05,4152.66
0.104507,7.05,1.57316e-05,4219.75
0.105514,7.13,1.56637e-05,4286.55
0.106524,7.206,1.49013e-05,4649.78
0.107523,7.256,1.54977e-05,4669.23
0.108509,7.316,1.56279e-05,4730.07
0.109528,7.358,1.51772e-05,5012.92
0.110512,7.402,1.53831e-05,5158.2
0.111515,7.458,1.52449e-05,5278.12
0.112537,7.516,1.52729e-05,5422.87
0.11353,7.584,1.56597e-05,5603.47
0.114526,7.636,1.5446e-05,5605.75
0.115539,7.698,1.5984e-05,5631.4
0.116528,7.758,1.50225e-05,5697.72
0.117539,7.82,1.52224e-05,5807.8
0.118544,7.872,1.62855e-05,5885.81
0.119548,7.91,1.44847e-05,5932.95
0.120548,7.966,1.53645e-05,5906.42
0.12154,8.026,1.62012e-05,6094.66
0.12255,8.096,1.43837e-05,6179.39
0.123573,8.178,1.58246e-05,6219.16
0.124557,8.254,1.58576e-05,6276.74
0.125569,8.31,1.4279e-05,6380.95
0.126571,8.37,1.61811e-05,6356.55
0.127551,8.462,1.52063e-05,6632.28
0.128567,8.53,1.47804e-05,6708.55
0.129564,8.596,1.62705e-05,6788.39
0.130563,8.654,1.49391e-05,6829.14
0.13157,8.716,1.51753e-05,6885.67
0.132567,8.782,1.60488e-05,6981.24
0.133577,8.862,1.47263e-05,7195.48
0.134571,8.914,1.53698e-05,7487.3
0.135578,9.008,1.64023e-05,7757.97
0.136574,9.084,1.49083e-05,8144.47
0.137578,9.14,1.52291e-05,8134.2
0.138575,9.21,1.61552e-05,8524.95
0.139576,9.278,1.49923e-05,8814.36
0.140594,9.354,1.53526e-05,8944.34
0.141578,9.454,1.61305e-05,9387.94
0.142595,9.51,1.46593e-05,9576.95
0.143564,9.612,1.57133e-05,10170.7
0.144592,9.7,1.54793e-05,10859
0.1456,9.798,1.53406e-05,10978.6
0.146594,9.886,1.55298e-05,11238.5
0.147602,9.936,1.49776e-05,11394
0.148599,10.054,1.61266e-05,11763.5
0.149591,10.182,1.54553e-05,12026.4
0.150606,10.278,1.50418e-05,12162.4
0.151604,10.354,1.63419e-05,12300.3
0.152591,10.428,1.45176e-05,12320.4
0.153616,10.538,1.53738e-05,12570.3
0.1546,10.678,1.64145e-05,12895.2
0.155615,10.768,1.42949e-05,13055.1
0.15662,10.884,1.58141e-05,13263.3
0.157605,10.972,1.60031e-05,13409.6
0.158624,11.03,1.47224e-05,13824.5
0.159628,11.112,1.5683e-05,14317.7
0.160626,11.222,1.52707e-05,14890.4
0.161628,11.348,1.5432e-05,15095.4
0.162618,11.438,1.53989e-05,15485.1
0.163638,11.564,1.49035e-05,15681
0.164643,11.682,1.63366e-05,16014.4
0.165618,11.806,1.4724e-05,16436.2
0.166625,11.886,1.48669e-05,16516.5
0.167626,11.982,1.60903e-05,16646.8
0.168648,12.058,1.42671e-05,16955.3
0.169659,12.174,1.52029e-05,17309.9
0.170626,12.262,1.58376e-05,17638.7
0.171658,12.36,1.50513e-05,18351.2
0.172663,12.482,1.58308e-05,18460.8
0.173638,12.624,1.51861e-05,18983.3
0.174653,12.706,1.50466e-05,19145.8
0.175651,12.834,1.62776e-05,19377.2
0.176648,12.91,1.5254e-05,19791
0.17766,13,1.5215e-05,20096
0.178664,13.098,1.56221e-05,20268.2
0.179655,13.152,1.57756e-05,20392.4
0.180665,13.262,1.54069e-05,20792.7
0.18165,13.396,1.48503e-05,21401.6
0.182654,13.474,1.61622e-05,21940.7
0.183664,13.546,1.50652e-05,22219.9
0.184674,13.64,1.50235e-05,22747.2
0.185681,13.73,1.59929e-05,22718.5
0.186672,13.87,1.49357e-05,23074.6
0.187677,13.978,1.54516e-05,23740.8
0.188674,14.066,1.57797e-05,23982.8
0.189681,14.166,1.48627e-05,24375.2
0.190674,14.304,1.56289e-05,24481.8
0.191678,14.404,1.56831e-05,25064.4
0.192693,14.55,1.46947e-05,25515.7
0.193685,14.678,1.59034e-05,25889.2
0.194687,14.816,1.54432e-05,26473.1
0.195697,14.96,1.48336e-05,27029.2
0.196694,15.052,1.59694e-05,28910.6
0.197686,15.156,1.50299e-05,29045.8
0.198679,15.308,1.49695e-05,29884.6
0.199736,15.452,1.63649e-05,30779.8
0.200723,15.57,1.443e-05,31446.5
0.201712,15.704,1.53728e-05,32050.2
0.202695,15.894,1.57045e-05,32785.4
0.203705,16.034,1.43466e-05,33576.4
0.204723,16.17,1.64674e-05,34408.5
0.205704,16.302,1.55319e-05,35069.4
0.206722,16.462,1.42561e-05,35804.3
0.207729,16.578,1.67784e-05,36076
0.208715,16.684,1.50979e-05,36512.1
0.209735,16.882,1.44486e-05,37544
0.21072,17.08,1.67587e-05,39846.8
0.211722,17.226,1.45142e-05,41139.5
0.212735,17.408,1.46946e-05,41900.8
0.21374,17.506,1.67923e-05,42087
0.214742,17.732,1.45318e-05,43684.1
0.215749,17.894,1.50712e-05,45883.4
0.216734,18.074,1.64684e-05,46786.3
0.21773,18.196,1.47209e-05,46988.8
0.218745,18.376,1.53606e-05,47303.3
0.219739,18.548,1.58054e-05,47493.8
0.220738,18.722,1.45631e-05,48496.4
0.221752,18.95,1.5235e-05,49911.8
0.222766,19.088,1.59141e-05,50212.1
0.223754,19.29,1.49765e-05,50961
0.224748,19.396,1.52056e-05,51585.6
0.225748,19.516,1.60617e-05,52190.9
0.226763,19.674,1.52706e-05,52651.9
0.227759,19.826,1.52562e-05,54547.9
0.228754,19.994,1.60001e-05,55093
0.229766,20.154,1.51115e-05,55441.1
0.230771,20.362,1.5226e-05,56521.5
0.23175,20.596,1.58842e-05,59176.4
0.232771,20.742,1.48074e-05,59399.7
0.233774,20.878,1.542e-05,60009.6
0.234766,21.094,1.60476e-05,60930.6
0.235769,21.374,1.48374e-05,63729.1
0.236778,21.618,1.58531e-05,64702
0.237766,21.838,1.52284e-05,66393.9
0.238795,22.046,1.50201e-05,67467.9
0.239782,22.246,1.604e-05,68980.7
0.240775,22.46,1.48561e-05,69986.2
0.241786,22.692,1.56847e-05,71748.6
0.242789,22.86,1.58206e-05,73576.2
0.243781,23.066,1.43629e-05,74756.8
0.244795,23.294,1.57963e-05,75503.8
0.245791,23.504,1.54554e-05,76167
0.24681,23.748,1.50734e-05,77022.2
0.247785,24.012,1.50946e-05,80299.9
0.248829,24.232,1.53998e-05,80869.1
0.249779,24.384,1.47674e-05,81456.3
0.25083,24.526,1.48697e-05,81174.7
0.251779,24.716,1.51299e-05,82051.7
0.252824,24.966,1.54375e-05,83736.4
0.253803,25.232,1.55053e-05,85329.1
0.254815,25.422,1.50959e-05,85492
0.255816,25.684,1.60565e-05,87152.1
0.256807,25.946,1.51167e-05,88487.5
0.257824,26.202,1.49294e-05,91452.6
0.258831,26.434,1.61262e-05,91752.8
0.259815,26.654,1.52438e-05,93253.1
0.260823,26.992,1.47219e-05,98462
0.261821,27.208,1.62132e-05,99990.4
0.262822,27.508,1.53178e-05,102209
0.263832,27.738,1.42326e-05,104947
0.264841,27.914,1.64211e-05,106555
0.265828,28.232,1.53826e-05,108663
0.26684,28.524,1.399e-05,114249
0.267844,28.912,1.68906e-05,119850
0.268832,29.206,1.5243e-05,124524
0.269868,29.536,1.41453e-05,126606
0.270847,29.818,1.70119e-05,128016
0.27184,30.042,1.48276e-05,128588
0.272849,30.42,1.47246e-05,131490
0.273835,30.66,1.64483e-05,133440
0.274856,31.058,1.48674e-05,136271
0.275874,31.316,1.52268e-05,138074
0.276852,31.622,1.57687e-05,140252
0.277862,32.038,1.51059e-05,141774
0.278861,32.348,1.59594e-05,147385
0.279857,32.656,1.53165e-05,148767
0.280865,33.094,1.50544e-05,153525
0.28187,33.466,1.56112e-05,155424
0.282868,33.86,1.52489e-05,161162
0.283881,34.22,1.55016e-05,165620
0.284859,34.618,1.52788e-05,169030
0.285883,35.03,1.51122e-05,173267
0.28685,35.466,1.55423e-05,177744
0.287895,35.904,1.50415e-05,181543
0.288874,36.22,1.55117e-05,184120
0.289877,36.698,1.53307e-05,187645
0.290891,37.124,1.53687e-05,190604
0.29188,37.602,1.53424e-05,194822
0.292888,38.062,1.52588e-05,200063
0.293901,38.41,1.53975e-05,202747
0.294899,38.788,1.5181e-05,203764
0.295897,39.232,1.58421e-05,207729
0.296896,39.68,1.54006e-05,211315
0.297898,40.084,1.50371e-05,213038
0.298901,40.508,1.61175e-05,217291
0.299906,41.128,1.50146e-05,227276
0.300892,41.718,1.54479e-05,232739
0.301907,42.268,1.55823e-05,237840
0.302902,42.708,1.49745e-05,240461
0.303918,43.09,1.59177e-05,245441
0.3049,43.644,1.50417e-05,252197
0.305921,44.218,1.52671e-05,256961
0.306919,44.804,1.61601e-05,261151
0.307923,45.298,1.4348e-05,263629
0.308922,45.814,1.58217e-05,264708
0.309915,46.252,1.58407e-05,267120
0.310931,46.86,1.42245e-05,276044
0.311933,47.35,1.60937e-05,281398
0.31293,47.832,1.55872e-05,290342
0.313935,48.324,1.47327e-05,295306
0.314934,49.042,1.63151e-05,298406
0.315939,49.614,1.50318e-05,303861
0.316938,50.266,1.49625e-05,314402
0.317948,50.836,1.61478e-05,322965
0.318949,51.404,1.47297e-05,331414
0.319948,52.21,1.52459e-05,348499
0.320951,52.714,1.59959e-05,349396
0.321942,53.484,1.53229e-05,361257
0.322961,54.044,1.51006e-05,360587
0.323945,54.866,1.5773e-05,371046
0.324946,55.64,1.54536e-05,381809
0.325957,56.316,1.52752e-05,388876
0.326959,57.034,1.57474e-05,400508
0.32795,57.698,1.50409e-05,406311
0.328962,58.386,1.63173e-05,410941
0.329962,59.188,1.66868e-05,416476
0.330934,59.85,1.47172e-05,424310
0.331911,60.578,1.42275e-05,440406
0.332921,61.562,1.34277e-05,469585
0.333951,62.81,1.36096e-05,497487
0.334954,63.748,1.46963e-05,519808
0.335964,64.574,1.32365e-05,529514
0.336998,65.526,1.47633e-05,561871
0.337984,66.536,1.61756e-05,582508
0.338987,67.278,1.38561e-05,589254
0.339994,68.152,1.66864e-05,597236
0.340966,68.772,1.53469e-05,606432
0.341996,69.778,1.38074e-05,634622
0.343,70.69,1.72578e-05,650685
0.343978,71.704,1.47839e-05,672770
0.345012,72.762,1.43346e-05,688137
0.345994,73.958,1.69672e-05,703998
0.346993,74.908,1.44755e-05,720608
0.348024,75.606,1.55479e-05,726985
0.348998,76.648,1.59714e-05,754552
0.350007,77.726,1.46275e-05,760075
0.351004,78.44,1.62776e-05,772727
0.352003,79.844,1.50932e-05,792836
0.35302,81.238,1.51955e-05,814195
0.354014,82.44,1.59352e-05,856665
0.355012,83.632,1.47219e-05,869092
0.35602,85.012,1.62143e-05,899918
0.357023,85.956,1.55886e-05,909681
0.358034,87.45,1.45866e-05,931612
0.359016,88.696,1.64729e-05,954332
0.360007,90.112,1.44782e-05,961620
0.361034,91.732,1.50638e-05,996414
0.362023,92.578,1.68099e-05,1.01024e+06
0.363018,93.968,1.42148e-05,1.04157e+06
0.364029,95.51,1.48762e-05,1.10639e+06
0.365024,96.776,1.67807e-05,1.13784e+06
0.366027,97.942,1.44972e-05,1.17431e+06
0.367045,99.876,1.48515e-05,1.22193e+06
0.368035,101.238,1.62981e-05,1.26201e+06
0.369035,102.946,1.4895e-05,1.30269e+06
0.370053,105.376,1.51984e-05,1.38661e+06
0.371045,107.42,1.58852e-05,1.42749e+06
0.372055,109.134,1.53069e-05,1.4715e+06
0.37305,110.776,1.54078e-05,1.50629e+06
0.374043,113.292,1.53286e-05,1.59819e+06
0.375037,115.338,1.54645e-05,1.64135e+06
0.376037,117.458,1.52098e-05,1.73784e+06
0.377058,119.022,1.51015e-05,1.78281e+06
0.378059,121.006,1.57934e-05,1.83554e+06
0.37906,122.958,1.52158e-05,1.89412e+06
0.38007,125.85,1.52621e-05,1.93741e+06
0.381062,127.954,1.55716e-05,2.0149e+06
0.382071,129.598,1.51032e-05,2.04429e+06
0.383074,132.894,1.58338e-05,2.12017e+06
0.384064,136.006,1.57281e-05,2.20543e+06
0.385082,137.702,1.5045e-05,2.22831e+06
0.386079,140.292,1.56451e-05,2.27197e+06
0.38707,142.438,1.56345e-05,2.34072e+06
0.388076,144.142,1.49512e-05,2.38092e+06
0.389081,146.234,1.5483e-05,2.43048e+06
0.390091,148.936,1.57735e-05,2.50942e+06
0.391086,151.124,1.51555e-05,2.52842e+06
0.392094,153.626,1.5663e-05,2.60462e+06
0.393083,156.106,1.56143e-05,2.65157e+06
0.394082,158.39,1.47854e-05,2.70959e+06
0.395101,160.684,1.58021e-05,2.7509e+06
0.396099,163.126,1.55582e-05,2.78261e+06
0.397086,165.782,1.48747e-05,2.8626e+06
0.398084,168.624,1.60612e-05,2.92345e+06
0.39913,171.574,1.55099e-05,2.98364e+06
0.400125,174.006,1.48478e-05,2.98117e+06
0.401089,177.022,1.48007e-05,3.01275e+06
0.402089,179.936,1.50717e-05,3.0847e+06
0.403113,182.816,1.61116e-05,3.12314e+06
0.404104,185.64,1.49567e-05,3.19273e+06
0.405124,188.286,1.49039e-05,3.2963e+06
0.406116,191.012,1.63625e-05,3.37188e+06
0.407114,194.036,1.47822e-05,3.39075e+06
0.408131,197.356,1.48442e-05,3.39359e+06
0.409129,200.538,1.64364e-05,3.45023e+06
0.410117,203.232,1.48044e-05,3.48569e+06
0.411132,206.374,1.52818e-05,3.60162e+06
0.412119,210.1,1.58089e-05,3.63106e+06
0.413128,213.662,1.48745e-05,3.65569e+06
0.414129,216.75,1.55884e-05,3.74783e+06
0.415145,221.098,1.58783e-05,3.7904e+06
0.416127,225.19,1.49291e-05,3.89727e+06
0.417146,228.956,1.52492e-05,3.94057e+06
0.418133,232.116,1.57898e-05,3.95996e+06
0.41914,235.184,1.55409e-05,4.03357e+06
0.420143,238.87,1.49542e-05,4.10328e+06
0.421148,243.274,1.56866e-05,4.1523e+06
0.422137,246.456,1.55699e-05,4.24383e+06
0.423154,251.832,1.49074e-05,4.33154e+06
0.424159,256.152,1.59853e-05,4.37284e+06
0.425142,259.316,1.51121e-05,4.33782e+06
0.426164,262.366,1.47719e-05,4.33302e+06
0.427171,266.062,1.63043e-05,4.38019e+06
0.428131,269.248,1.45837e-05,4.42117e+06
0.429188,272.86,1.46048e-05,4.4239e+06
0.43014,277.144,1.5826e-05,4.43645e+06
0.431166,280.806,1.50081e-05,4.47101e+06
0.432176,283.976,1.56189e-05,4.54122e+06
0.43317,287.804,1.5653e-05,4.4936e+06
0.434175,292.062,1.52292e-05,4.56002e+06
0.43518,295.652,1.56202e-05,4.56822e+06
0.436173,299.688,1.4944e-05,4.5614e+06
0.437176,304.26,1.55364e-05,4.61201e+06
0.438178,308.102,1.53934e-05,4.56655e+06
0.439186,311.428,1.5151e-05,4.52177e+06
0.440184,315.212,1.57419e-05,4.5097e+06
0.44119,319.836,1.50182e-05,4.55263e+06
0.442197,324.376,1.58034e-05,4.58787e+06
0.443186,328.936,1.55482e-05,4.58491e+06
0.444178,333.404,1.46039e-05,4.57681e+06
0.445191,337.11,1.63996e-05,4.60226e+06
0.446189,342.424,1.51125e-05,4.45556e+06
0.447198,346.702,1.486e-05,4.37688e+06
0.448193,350.35,1.6612e-05,4.35325e+06
0.449195,354.206,1.44785e-05,4.35489e+06
0.450211,358.394,1.51611e-05,4.19481e+06
0.451201,363.594,1.63896e-05,4.08554e+06
0.452202,367.874,1.45891e-05,4.01085e+06
0.453221,372.23,1.58235e-05,3.96795e+06
0.454203,376.616,1.58139e-05,3.91105e+06
0.455205,381.55,1.46852e-05,3.89003e+06
0.456224,387.026,1.58672e-05,3.84616e+06
0.457202,391.268,1.55964e-05,3.78404e+06
0.458217,396.052,1.48451e-05,3.72147e+06
0.459233,400.55,1.56291e-05,3.66283e+06
0.460217,405.322,1.54974e-05,3.63117e+06
0.461216,409.474,1.51613e-05,3.58231e+06
0.462254,414.788,1.5388e-05,3.49022e+06
0.463222,419.47,1.54855e-05,3.39715e+06
0.46423,423.792,1.49982e-05,3.3e+06
0.465241,428.53,1.59525e-05,3.22643e+06
0.46623,432.93,1.56559e-05,3.18052e+06
0.467227,437.47,1.45901e-05,3.14415e+06
0.468248,441.958,1.59707e-05,3.09214e+06
0.469238,445.832,1.56782e-05,3.06747e+06
0.470244,449.53,1.44739e-05,3.04569e+06
0.471242,453.786,1.59293e-05,2.97988e+06
0.472234,458.386,1.53677e-05,2.91701e+06
0.473252,462.588,1.49753e-05,2.90671e+06
0.474266,467.308,1.61324e-05,2.82195e+06
0.47524,471.402,1.49179e-05,2.80656e+06
0.476248,476.234,1.50138e-05,2.79821e+06
0.477263,479.98,1.6145e-05,2.81913e+06
0.47826,483.576,1.50117e-05,2.80287e+06
0.479265,488.438,1.49891e-05,2.63451e+06
0.480262,492.308,1.62691e-05,2.59185e+06
0.481268,497.118,1.51198e-05,2.57526e+06
0.482265,500.848,1.49254e-05,2.57545e+06
0.483259,505.146,1.59958e-05,2.53485e+06
0.484262,509.228,1.48855e-05,2.47846e+06
0.485276,513.486,1.52854e-05,2.40177e+06
0.486265,516.798,1.57988e-05,2.38404e+06
0.487279,520.856,1.47184e-05,2.24542e+06
0.48828,524.584,1.60227e-05,2.14799e+06
0.489274,527.988,1.55326e-05,2.13547e+06
0.49029,531.712,1.45495e-05,2.07742e+06
0.491288,535.354,1.58817e-05,2.08424e+06
0.492264,540.07,1.47926e-05,1.86851e+06
0.493303,543.748,1.58463e-05,1.83226e+06
0.494319,547.632,1.56451e-05,1.7628e+06
0.495274,551.05,1.26265e-05,1.73339e+06
0.496252,555.386,1.58624e-05,1.5763e+06
0.497362,559.43,1.66362e-05,1.54596e+06
0.498322,563.212,1.16141e-05,1.46384e+06
0.499244,566.606,1.16915e-05,1.41694e+06
0.50028,570.014,2.36842e-05,1.40565e+06
0.501365,573.476,1.18576e-05,1.37191e+06
0.502287,576.312,1.17415e-05,1.3427e+06
0.503247,579.886,1.63205e-05,1.32917e+06
0.504357,583.54,1.57475e-05,1.30668e+06
0.505335,587.49,1.29362e-05,1.24555e+06
0.50629,590.732,1.5623e-05,1.23728e+06
0.507306,594.642,1.55987e-05,1.21599e+06
0.508344,598.896,1.48959e-05,1.10863e+06
0.50932,602.484,1.5911e-05,1.06354e+06
0.510318,606.192,1.45156e-05,1.04308e+06
0.511335,609.91,1.55206e-05,996411
0.512329,613.194,1.59246e-05,989462
0.513329,616.322,1.4763e-05,965415
0.514343,619.956,1.58951e-05,937189
0.515332,623.138,1.51931e-05,922327
0.516347,626.78,1.49268e-05,900062
0.517349,629.676,1.60258e-05,886288
0.518344,632.88,1.49721e-05,850289
0.51934,635.48,1.50767e-05,815827
0.520347,638.328,1.62391e-05,801680
0.521344,641.288,1.4981e-05,799101
0.522349,644.258,1.50161e-05,773726
0.523346,647.312,1.61366e-05,751585
0.524361,650.5,1.49962e-05,740837
0.525369,653.374,1.49203e-05,729535
0.526342,656.406,1.6083e-05,721313
0.527357,659.294,1.48498e-05,718938
0.528375,662.36,1.53764e-05,694069
0.529367,665.12,1.5956e-05,688509
0.530365,667.946,1.44071e-05,673146
0.531371,670.896,1.55888e-05,674685
0.532361,673.902,1.60321e-05,655942
0.533382,676.604,1.46018e-05,645594
0.534378,679.704,1.55399e-05,631318
0.535368,682.45,1.59373e-05,624572
0.536378,685.036,1.50536e-05,622865
0.537387,687.83,1.54874e-05,618097
0.538355,690.694,1.54304e-05,595786
0.539393,693.776,1.51768e-05,582285
0.540392,696.394,1.54378e-05,570641
0.541376,699.406,1.57952e-05,550493
0.542392,702.064,1.4848e-05,544904
0.543407,704.84,1.55604e-05,523709
0.544384,707.412,1.60019e-05,501931
0.545404,710.038,1.45922e-05,503420
0.546406,712.408,1.58355e-05,495311
0.547388,714.654,1.58646e-05,481551
0.548406,717.14,1.4501e-05,477734
0.549408,719.37,1.63635e-05,466227
0.550397,722.134,1.51273e-05,455584
0.551414,724.642,1.44878e-05,456987
0.552415,727.444,1.6586e-05,450533
0.553411,729.756,1.48525e-05,447002
0.55442,732.25,1.51149e-05,438090
0.555418,734.924,1.62861e-05,434895
0.556431,737.33,1.46619e-05,427607
0.557422,739.73,1.54714e-05,426975
0.558412,742.14,1.56829e-05,421170
0.559419,744.684,1.51992e-05,403558
0.560425,747.492,1.5678e-05,406087
0.561423,749.766,1.50631e-05,395590
0.562431,752.502,1.55001e-05,378321
0.563432,754.728,1.54918e-05,375075
0.564435,757.048,1.5013e-05,363643
0.565428,759.176,1.56704e-05,355151
0.566434,761.634,1.51974e-05,357132
0.567439,764.094,1.56697e-05,351933
0.568433,766.472,1.55309e-05,348777
0.569442,768.448,1.49713e-05,340234
0.570468,770.728,1.59562e-05,331917
0.571421,772.616,1.45502e-05,329820
0.572478,774.96,1.46205e-05,324043
0.573438,776.938,1.63162e-05,314951
0.574444,779.052,1.47908e-05,309169
0.575467,781.464,1.51172e-05,310476
0.57645,783.65,1.59134e-05,303294
0.577454,785.622,1.49141e-05,305262
0.578471,787.854,1.5491e-05,299202
0.579461,789.944,1.56842e-05,287094
0.580465,791.906,1.49861e-05,282717
0.581469,794.036,1.5365e-05,275225
0.582476,796.278,1.59018e-05,266410
0.583463,798.448,1.52825e-05,262980
0.584481,800.294,1.48738e-05,256806
0.585464,802.168,1.58509e-05,255480
0.58648,803.972,1.5604e-05,250678
0.58748,805.948,1.47623e-05,244193
0.588489,808.13,1.58865e-05,238937
0.589476,809.922,1.53044e-05,238006
0.590491,811.732,1.47883e-05,236138
0.59148,813.686,1.64464e-05,230250
0.592478,815.442,1.48921e-05,225311
0.593495,817.134,1.47412e-05,221118
0.594493,819.266,1.62794e-05,217324
0.595485,821.216,1.49061e-05,210233
0.596505,823.414,1.4977e-05,200079
0.597496,825.238,1.61404e-05,194221
0.598519,826.998,1.52133e-05,190235
0.59952,828.71,1.47711e-05,191547
0.600483,830.29,1.47698e-05,188443
0.601479,832.186,1.54229e-05,184246
0.602524,834.176,1.59519e-05,182815
0.603522,835.83,1.48586e-05,183101
0.60451,837.362,1.56046e-05,178651
0.605507,838.956,1.57886e-05,176457
0.606526,840.612,1.47569e-05,175761
0.607526,842.134,1.56965e-05,171924
0.608515,843.75,1.57396e-05,170388
0.609523,845.428,1.51302e-05,168642
0.610518,846.924,1.56692e-05,167631
0.611527,848.722,1.56184e-05,165178
0.612532,850.34,1.49138e-05,166014
0.613539,852.072,1.56554e-05,160261
0.61453,853.618,1.57447e-05,158204
0.615526,855.25,1.50087e-05,154036
0.616545,856.704,1.56072e-05,152738
0.617535,858.54,1.58377e-05,149682
0.618537,859.952,1.51164e-05,146237
0.619546,861.404,1.55973e-05,146688
0.620538,863,1.52341e-05,141088
0.621548,864.534,1.52353e-05,138270
0.62255,865.846,1.579e-05,136227
0.623551,867.354,1.51991e-05,132480
0.624572,868.744,1.52759e-05,131187
0.625572,870.03,1.54565e-05,128809
0.626565,871.346,1.55115e-05,127119
0.627558,872.742,1.53681e-05,126750
0.628554,874.086,1.53012e-05,123787
0.629564,875.534,1.59128e-05,122510
0.630556,876.786,1.518e-05,122798
0.631573,878.242,1.48708e-05,121434
0.632574,879.646,1.64359e-05,122166
0.633563,880.964,1.48442e-05,120501
0.634582,882.428,1.44285e-05,117262
0.635585,883.814,1.6844e-05,117062
0.636579,885.242,1.49282e-05,115034
0.637591,886.706,1.42237e-05,113848
0.638586,887.926,1.67476e-05,114944
0.639574,889.074,1.50264e-05,114054
0.640602,890.34,1.4501e-05,114878
0.641592,891.484,1.64466e-05,116929
0.642574,892.736,1.45797e-05,114725
0.643586,893.866,1.55957e-05,112364
0.644589,895.064,1.61086e-05,110576
0.645596,896.268,1.47339e-05,111608
0.646594,897.476,1.59525e-05,107791
0.647589,898.77,1.50588e-05,105287
0.648605,899.956,1.51987e-05,103721
0.649604,901.202,1.63257e-05,100627
0.650602,902.28,1.45379e-05,99492.8
0.65161,903.494,1.61456e-05,95593
0.652585,904.714,1.53722e-05,93476.1
0.653616,905.76,1.44733e-05,93619.2
0.654615,906.854,1.70725e-05,91284.3
0.655597,907.996,1.42408e-05,90042
0.65663,909.002,1.47953e-05,89275
0.657609,910.088,1.71841e-05,87764.1
0.658613,911.234,1.38252e-05,87229.6
0.659643,912.336,1.54414e-05,86467.6
0.660615,913.218,1.66349e-05,86509.2
0.661622,914.134,1.3868e-05,84554
0.662624,915.078,1.60116e-05,82556
0.663611,916.236,1.44599e-05,79148.2
0.664645,917.152,1.31573e-05,77794.4
0.665655,918.078,1.44852e-05,77380
0.666658,919.01,1.35183e-05,76538.9
0.667688,919.978,1.36421e-05,76788.8
0.668698,920.934,1.43098e-05,75460.8
0.669675,921.68,1.46353e-05,74742.8
0.670647,922.752,1.64753e-05,74809.2
0.671646,923.802,1.61003e-05,73917.4
0.672659,924.738,1.49715e-05,71092.7
0.67365,925.666,1.57039e-05,70097.2
0.674651,926.496,1.52757e-05,68515
0.675663,927.46,1.54301e-05,68726.2
0.676663,928.4,1.58196e-05,66638
0.677648,929.2,1.51548e-05,66942
0.678666,930.192,1.52663e-05,66101.6
0.679657,930.902,1.59947e-05,63772.2
0.68066,931.752,1.52506e-05,64007.2
0.681659,932.592,1.47084e-05,63874.8
0.682661,933.382,1.61602e-05,62122
0.683671,934.216,1.49365e-05,61774.7
0.684669,935.08,1.50463e-05,60370.8
0.685675,935.896,1.63937e-05,59838.6
0.686674,936.66,1.47145e-05,58400.2
0.687679,937.348,1.55933e-05,56591.4
0.688676,938.184,1.6067e-05,55749.1
0.689677,938.938,1.42044e-05,56129.1
0.690694,939.704,1.58398e-05,54844.2
0.691687,940.438,1.57862e-05,55761.1
0.692686,941.226,1.44227e-05,54401.5
0.69369,942.038,1.60748e-05,53262.3
0.694688,942.776,1.51455e-05,51810.9
0.695708,943.576,1.51732e-05,50512.1
0.696691,944.344,1.57672e-05,49928.8
0.697706,945.14,1.4926e-05,48552.2
0.698702,945.816,1.5661e-05,47435.1
0.699717,946.456,1.54255e-05,47440
0.700703,947.198,1.5067e-05,46855.4
0.701708,947.834,1.60782e-05,46887.2
0.702711,948.448,1.50603e-05,46585.6
0.703713,949.152,1.54462e-05,45484.4
0.704712,949.828,1.57916e-05,43891.2
0.70571,950.42,1.51957e-05,43155.8
0.706708,951.104,1.54009e-05,42804.6
0.70772,951.75,1.52485e-05,42921.8
0.708728,952.374,1.5375e-05,42473.1
0.709718,952.978,1.54524e-05,42516.8
0.710731,953.556,1.53827e-05,41381.4
0.711734,954.244,1.54695e-05,40986.2
0.712714,954.828,1.49787e-05,40197.2
0.713758,955.48,1.56546e-05,38916.8
0.714726,955.974,1.50863e-05,38138.7
0.715749,956.684,1.52978e-05,37500.1
0.716728,957.262,1.54956e-05,37426.7
0.71774,957.804,1.51502e-05,36766.8
0.718739,958.348,1.57157e-05,36599.4
0.719744,958.888,1.50866e-05,36105.7
0.720751,959.52,1.52941e-05,35436.8
0.721747,960.056,1.60475e-05,34642.4
0.722746,960.65,1.50757e-05,34005.7
0.723757,961.154,1.58534e-05,33181.1
0.724735,961.62,1.51391e-05,32973.8
0.725752,962.086,1.48515e-05,32533.3
0.726774,962.566,1.6625e-05,32066.8
0.727759,963.134,1.47252e-05,31572
0.728768,963.584,1.48683e-05,30845.5
0.729761,964.036,1.69232e-05,30067.4
0.730741,964.554,1.41049e-05,29029.5
0.731777,965.014,1.51783e-05,28934.9
0.732765,965.564,1.68527e-05,27547
0.733768,965.98,1.40709e-05,27437.8
0.734781,966.44,1.53146e-05,27195.2
0.735768,966.942,1.63967e-05,26503.3
0.736777,967.412,1.43496e-05,26031.1
0.737787,967.818,1.52214e-05,26174.4
0.738787,968.242,1.62119e-05,25247.7
0.739785,968.686,1.47656e-05,24877.7
0.740794,969.13,1.51666e-05,24072.6
0.741778,969.45,1.61366e-05,23715.8
0.742784,969.918,1.49724e-05,23325.6
0.743801,970.438,1.49791e-05,22775.1
0.744792,970.896,1.61003e-05,22024.6
0.745794,971.456,1.50748e-05,21066
0.746805,971.882,1.56228e-05,20942
0.747785,972.276,1.52209e-05,20947.9
0.74883,972.698,1.52884e-05,20733.4
0.749778,973.11,1.48018e-05,20363
0.75083,973.572,1.47818e-05,19676.4
0.751779,973.938,1.52949e-05,19489.1
0.752824,974.308,1.52713e-05,18934.6
0.753798,974.632,1.48597e-05,18980.3
0.754817,974.996,1.55158e-05,18648
0.755814,975.422,1.57479e-05,17878
0.756828,975.772,1.4384e-05,18114
0.75782,976.12,1.58233e-05,18014.8
0.758823,976.516,1.56764e-05,17764.9
0.759834,976.842,1.48757e-05,17224.5
0.760827,977.242,1.6053e-05,16959.7
0.761814,977.574,1.49568e-05,16814.3
0.762843,977.922,1.53175e-05,16450
0.763831,978.268,1.57859e-05,15474.1
0.76484,978.624,1.48573e-05,14741.3
0.765843,978.92,1.59917e-05,14698.8
0.766835,979.278,1.54243e-05,14582.4
0.767837,979.552,1.48804e-05,14345.6
0.768859,979.892,1.58957e-05,14122.2
0.769837,980.162,1.53174e-05,13959.9
0.770842,980.476,1.51859e-05,13784.7
0.771855,980.816,1.59055e-05,13357.1
0.772849,981.094,1.52547e-05,13292.6
0.773846,981.362,1.52822e-05,13133.5
0.774861,981.68,1.60109e-05,12922.8
0.77586,982.034,1.5284e-05,12790.4
0.776855,982.282,1.499e-05,12895.2
0.777843,982.558,1.58201e-05,12325.3
0.778857,982.872,1.53112e-05,12107.8
0.779871,983.2,1.46e-05,11970
0.78087,983.436,1.57624e-05,11979
0.781864,983.714,1.54012e-05,11924.1
0.782879,984.008,1.4719e-05,11642
0.783875,984.266,1.64797e-05,11709.6
0.784859,984.528,1.50995e-05,11290.6
0.785867,984.772,1.44158e-05,11154
0.786869,985.054,1.68257e-05,10771.5
0.787874,985.298,1.47144e-05,10564.6
0.788887,985.56,1.45664e-05,10255.2
0.789888,985.808,1.68218e-05,10241.6
0.790874,986.084,1.43955e-05,10138.5
0.791894,986.324,1.51249e-05,10065.5
0.79288,986.53,1.67681e-05,9824.55
0.793886,986.792,1.42306e-05,9842.37
0.794905,986.996,1.55931e-05,9935.99
0.795886,987.23,1.64081e-05,9680.55
0.796904,987.468,1.44905e-05,9464.49
0.797914,987.698,1.57386e-05,9299.4
0.798896,987.894,1.51299e-05,9223.38
0.799885,988.106,1.44324e-05,8973.38
0.800873,988.282,1.61703e-05,8913.24
0.80193,988.5,1.49003e-05,8701
0.802923,988.7,1.51229e-05,8743
0.803915,988.886,1.60473e-05,8802.5
0.804912,989.066,1.48762e-05,8500.82
0.805922,989.296,1.54836e-05,8152.19
0.806923,989.466,1.58679e-05,8010.42
0.807915,989.666,1.4673e-05,7807.22
0.80893,989.83,1.56925e-05,7490.55
0.809934,990.014,1.56441e-05,7280.9
0.810928,990.212,1.49042e-05,7243.53
0.811934,990.374,1.58297e-05,7129.06
0.812932,990.52,1.54022e-05,7060.8
0.813936,990.666,1.49185e-05,6873.22
0.814928,990.85,1.60049e-05,6649.75
0.815935,991.006,1.50104e-05,6616.98
0.816945,991.176,1.51151e-05,6456.51
0.817955,991.316,1.62267e-05,6310.07
0.818959,991.486,1.48952e-05,6108.9
0.819944,991.644,1.53579e-05,5942.63
0.820954,991.842,1.56595e-05,5746.52
0.821945,992.004,1.5739e-05,5665.99
0.822948,992.152,1.5144e-05,5544.45
0.823961,992.286,1.5159e-05,5418.1
0.824958,992.426,1.63795e-05,5258.26
0.825956,992.598,1.50412e-05,5136.2
0.826971,992.748,1.52574e-05,5046.25
0.827946,992.85,1.58093e-05,5035.75
0.828951,993.01,1.49409e-05,4930.95
0.829982,993.158,1.59443e-05,4798.52
0.830949,993.29,1.51427e-05,4786.95
0.831961,993.412,1.42029e-05,4633.13
0.832983,993.524,1.5984e-05,4594.71
0.833984,993.684,1.49641e-05,4448.07
0.83499,993.81,1.47314e-05,4260.95
0.835966,993.918,1.61222e-05,4221.64
0.83697,994.05,1.49102e-05,4077.75
0.83799,994.2,1.54941e-05,4028
0.838981,994.324,1.53458e-05,3939.51
0.839983,994.414,1.53523e-05,3851.3
0.840981,994.57,1.56558e-05,3814.55
0.841985,994.678,1.46252e-05,3823.16
0.843003,994.786,1.60531e-05,3720.1
0.843989,994.91,1.57695e-05,3554.95
0.844993,995.054,1.42337e-05,3433.54
0.846008,995.176,1.64777e-05,3318.51
0.846993,995.292,1.53765e-05,3197.37
0.848018,995.402,1.45907e-05,3140.2
0.849005,995.512,1.62827e-05,3002.93
0.850003,995.622,1.50575e-05,2917.56
0.851018,995.712,1.54879e-05,2862.53
0.852009,995.802,1.60046e-05,2783.4
0.853007,995.894,1.50543e-05,2743.38
0.854014,995.978,1.55426e-05,2720.76
0.855008,996.074,1.52848e-05,2632.26
0.856016,996.12,1.54426e-05,2596.8
0.857045,996.23,1.58991e-05,2576.55
0.858014,996.312,1.46896e-05,2429.33
0.859031,996.406,1.60073e-05,2360.58
0.860014,996.48,1.54201e-05,2216.8
0.861033,996.562,1.50398e-05,2185.08
0.862033,996.622,1.61463e-05,2129.56
0.86303,996.734,1.52755e-05,2095.62
0.864034,996.808,1.49411e-05,2021.57
0.865031,996.888,1.63208e-05,2007.73
0.866038,996.978,1.54051e-05,1946.76
0.867032,997.034,1.47237e-05,1898.42
0.868042,997.162,1.60163e-05,1861.88
0.869039,997.216,1.50883e-05,1820.67
0.870045,997.276,1.49424e-05,1773.91
0.871045,997.322,1.63075e-05,1747.16
0.872041,997.416,1.46753e-05,1673.47
0.873058,997.488,1.51538e-05,1580.93
0.874037,997.538,1.61348e-05,1570.28
0.87504,997.612,1.42129e-05,1518.73
0.876052,997.678,1.58133e-05,1425.16
0.877036,997.734,1.56958e-05,1381.62
0.878059,997.792,1.43797e-05,1372.37
0.879069,997.844,1.62181e-05,1323.83
0.880061,997.926,1.53888e-05,1218.26
0.881061,998.016,1.45052e-05,1133.87
0.882065,998.084,1.61461e-05,1080.47
0.883069,998.144,1.53102e-05,1045.63
0.884081,998.192,1.51869e-05,1029.57
0.88507,998.254,1.59864e-05,972.742
0.886083,998.29,1.54311e-05,940.95
0.887078,998.328,1.56816e-05,922.208
0.888071,998.366,1.51837e-05,904.022
0.889094,998.44,1.5206e-05,871.2
0.890097,998.476,1.5409e-05,870.712
0.891081,998.53,1.51508e-05,846.55
0.8921,998.58,1.55755e-05,821.8
0.893086,998.616,1.54454e-05,774.272
0.894085,998.66,1.49249e-05,754.2
0.895095,998.702,1.56672e-05,700.598
0.896102,998.736,1.57586e-05,693.152
0.897093,998.774,1.48098e-05,683.462
0.898095,998.806,1.57581e-05,662.182
0.899108,998.842,1.58806e-05,636.518
0.900095,998.874,1.47267e-05,629.062
0.901122,998.904,1.55607e-05,613.392
0.9021,998.954,1.55962e-05,589.942
0.903118,999.002,1.49679e-05,554.998
0.904112,999.032,1.59942e-05,535.488
0.905105,999.068,1.50435e-05,511.688
0.906124,999.102,1.51356e-05,499.798
0.907125,999.128,1.6133e-05,475.808
0.908115,999.154,1.48502e-05,471.142
0.909146,999.174,1.55437e-05,451.862
0.910127,999.19,1.63546e-05,448.95
0.91112,999.216,1.51382e-05,436.672
0.912137,999.238,1.52258e-05,430.678
0.913122,999.262,1.59862e-05,420.678
0.914118,999.288,1.51333e-05,414.528
0.915149,999.306,1.52775e-05,414.182
0.916132,999.334,1.58579e-05,391.222
0.917136,999.352,1.5001e-05,384.048
0.918141,999.382,1.51096e-05,358.038
0.919153,999.406,1.625e-05,346.582
0.920145,999.432,1.48811e-05,330.688
0.921157,999.47,1.47976e-05,302.55
0.922144,999.494,1.65448e-05,298.982
0.923157,999.518,1.52082e-05,286.838
0.924172,999.53,1.48877e-05,276.55
0.925153,999.54,1.63408e-05,274.2
0.926145,999.556,1.46348e-05,263.432
0.927171,999.586,1.55379e-05,243.302
0.928152,999.606,1.62045e-05,235.382
0.929157,999.624,1.4395e-05,227.312
0.930167,999.634,1.61511e-05,224.022
0.931153,999.65,1.60729e-05,203.75
0.932172,999.66,1.45942e-05,194.2
0.933174,999.672,1.59904e-05,186.208
0.934172,999.684,1.54051e-05,178.072
0.935179,999.688,1.48877e-05,177.328
0.936172,999.7,1.57254e-05,173
0.93717,999.71,1.51091e-05,170.95
0.938184,999.732,1.55784e-05,154.088
0.939181,999.738,1.5356e-05,150.678
0.940184,999.766,1.49694e-05,129.622
0.941175,999.778,1.59091e-05,122.358
0.942183,999.788,1.5225e-05,119.528
0.94319,999.804,1.51933e-05,108.792
0.944188,999.816,1.53728e-05,99.072
0.945198,999.824,1.53111e-05,96.512
0.946197,999.838,1.58373e-05,89.878
0.947199,999.844,1.48945e-05,87.832
0.948212,999.858,1.57081e-05,80.918
0.949191,999.862,1.59445e-05,79.478
0.950198,999.878,1.42753e-05,71.558
0.951213,999.878,1.60299e-05,71.558
0.952199,999.89,1.58869e-05,64.95
0.953222,999.892,1.43407e-05,64.168
0.954213,999.896,1.61884e-05,62.592
0.955206,999.898,1.56559e-05,61.798
0.956226,999.906,1.46999e-05,56.582
0.957207,999.91,1.62641e-05,52.95
0.95821,999.918,1.52097e-05,49.638
0.959226,999.924,1.51727e-05,47.112
0.960212,999.93,1.59163e-05,42.55
0.961222,999.936,1.50145e-05,39.952
0.962244,999.948,1.53531e-05,28.648
0.963225,999.958,1.57344e-05,20.118
0.964229,999.958,1.48886e-05,20.118
0.965242,999.964,1.59916e-05,17.352
0.966233,999.97,1.55112e-05,14.55
0.967243,999.972,1.48572e-05,13.608
0.968238,999.976,1.60536e-05,11.712
0.969241,999.984,1.54703e-05,7.872
0.970249,999.986,1.51161e-05,6.902
0.971241,999.99,1.58351e-05,4.95
0.972241,999.992,1.52356e-05,3.968
0.97326,999.996,1.5667e-05,1.992
0.974258,999.996,1.57022e-05,1.992
0.975249,999.996,1.50531e-05,1.992
0.976248,999.998,1.58505e-05,0.998
0.977252,1000,1.53731e-05,0
0.978269,1000,1.55731e-05,0
0.979254,1000,1.50543e-05,0
0.980266,1000,1.54222e-05,0
0.981267,1000,1.61564e-05,0
0.982266,1000,1.39723e-05,0
0.983274,1000,1.69185e-05,0
0.984245,1000,1.5157e-05,0
0.985295,1000,1.28131e-05,0
0.986271,1000,1.95317e-05,0
0.987241,1000,1.16265e-05,0
0.988337,1000,1.25523e-05,0
0.989253,1000,2.15852e-05,0
0.990255,1000,6.87907e-06,0
0.99138,1000,1.36774e-05,0
0.992177,1000,1.56685e-05,0
0.993303,1000,3.53794e-06,0
0.994423,1000,1.62701e-05,0
0.995132,1000,2.07261e-06,0
0.996348,1000,1.05667e-06,0
0.997466,1000,2.03304e-05,0
0.998174,1000,2.64168e-07,0
0.999391,1000,2.9352e-08,0
1,1000,0,0
0.360031,93.086,1.01386,791721
6.45767,-1,-1,-1
