0,1,0,0
0.00174803,2.006,5.38723e-07,2.982
0.00262204,2.018,1.21213e-06,8.838
0.00349605,2.034,2.15489e-06,18.422
0.00437007,2.046,3.36702e-06,23.942
0.00526393,2.068,7.29137e-06,35.688
0.00627078,2.09,3.23284e-05,48.95
0.00744719,2.126,5.77974e-05,71.062
0.00861632,2.148,3.26284e-05,79.048
0.00959222,2.2,1.80638e-05,106
0.010508,2.236,1.62657e-05,130.152
0.0114158,2.284,1.84347e-05,143.672
0.0123889,2.33,2.47425e-05,170.55
0.0133871,2.374,3.22114e-05,197.062
0.0144442,2.416,3.94206e-05,211.472
0.0154934,2.46,3.82389e-05,236.2
0.0165107,2.492,3.33697e-05,240.968
0.0174999,2.532,2.96187e-05,254.488
0.018485,2.582,2.83191e-05,263.638
0.0194613,2.612,2.8004e-05,264.728
0.0204723,2.656,3.04007e-05,274.832
0.0214612,2.716,3.19913e-05,265.672
0.022452,2.758,3.41077e-05,289.718
0.0234921,2.802,3.47902e-05,291.398
0.0245095,2.854,3.30857e-05,298.342
0.0255159,2.896,2.93218e-05,308.592
0.0264715,2.938,2.88003e-05,315.078
0.0274906,2.99,3.10044e-05,328.95
0.0284815,3.026,3.29054e-05,330.662
0.029475,3.064,3.33757e-05,345.952
0.0305059,3.09,3.31713e-05,350.95
0.0315196,3.122,3.03277e-05,361.558
0.0324972,3.142,3.12293e-05,380.918
0.0335017,3.184,3.2024e-05,401.072
0.0345132,3.222,3.14044e-05,412.358
0.0354932,3.27,3.21729e-05,446.55
0.0365085,3.314,3.16281e-05,453.702
0.0375345,3.358,3.19734e-05,458.918
0.0385113,3.386,3.1811e-05,492.502
0.0395108,3.422,3.26041e-05,561.958
0.0405435,3.47,3.27564e-05,576.55
0.0415273,3.512,3.15395e-05,656.928
0.0425321,3.558,3.05385e-05,649.318
0.0435155,3.608,2.98507e-05,683.168
0.044499,3.642,3.09688e-05,728.918
0.0455078,3.678,3.30588e-05,787.158
0.0465351,3.714,3.32037e-05,796.102
0.0475434,3.742,3.25017e-05,805.718
0.0485277,3.794,3.22294e-05,881.782
0.0495583,3.824,3.1847e-05,890.512
0.0505544,3.85,2.9303e-05,923.75
0.0515311,3.886,3.02356e-05,1002.5
0.0525182,3.924,3.17301e-05,1059.11
0.053553,3.96,3.43083e-05,1109.2
0.054561,4.008,3.25847e-05,1155.97
0.0555358,4.044,3.18099e-05,1205.03
0.0565621,4.072,3.12592e-05,1219.41
0.0575545,4.114,3.00583e-05,1226.5
0.0585365,4.148,3.11975e-05,1281.05
0.0595361,4.172,3.38724e-05,1325.21
0.0605718,4.22,3.27521e-05,1409.8
0.0615835,4.264,3.06631e-05,1463.15
0.0625606,4.31,3.00349e-05,1534.95
0.0635583,4.34,3.12156e-05,1572.2
0.0645567,4.374,3.22583e-05,1569.06
0.0655716,4.402,3.32703e-05,1618.2
0.0665586,4.432,3.35485e-05,1672.69
0.0675827,4.47,3.23075e-05,1708.55
0.0685875,4.494,3.03807e-05,1710.98
0.0695607,4.528,2.92111e-05,1802.61
0.0705585,4.574,3.11921e-05,1806.26
0.071582,4.616,3.20182e-05,1848.27
0.072577,4.646,3.28862e-05,1854.34
0.0735692,4.702,3.42139e-05,2074.6
0.0746179,4.752,3.23953e-05,2147.25
0.0756035,4.78,3.03662e-05,2147.8
0.0765801,4.804,3.06541e-05,2238.79
0.0775935,4.848,3.10406e-05,2276.45
0.0785929,4.872,3.04143e-05,2383.81
0.0795784,4.92,3.20322e-05,2504.8
0.0805972,4.956,3.3111e-05,2517.03
0.0816003,5.004,3.29859e-05,2583.99
0.0826141,5.042,3.27781e-05,2622.12
0.0835905,5.074,3.18152e-05,2710.26
0.0846187,5.104,3.10961e-05,2752.59
0.0856092,5.138,3.07844e-05,2775.48
0.0866116,5.188,3.06624e-05,2818.33
0.0875864,5.23,3.05248e-05,2882.55
0.0885966,5.272,3.21479e-05,2991.01
0.0896138,5.306,3.21794e-05,3038.18
0.0905929,5.346,3.34753e-05,3117.14
0.0916274,5.388,3.43936e-05,3154.73
0.0926439,5.434,3.20373e-05,3236.82
0.0936347,5.47,2.93765e-05,3296.55
0.0946217,5.504,2.82344e-05,3324.99
0.095588,5.534,2.93814e-05,3386.42
0.0965983,5.598,3.23074e-05,3486.2
0.0976217,5.65,3.45827e-05,3557.75
0.0986444,5.692,3.45539e-05,3608.57
0.0996374,5.726,3.29703e-05,3635.46
0.100675,5.78,2.96935e-05,3759.8
0.101633,5.822,2.98825e-05,3789.16
0.10265,5.872,2.99034e-05,3839.81
0.103628,5.92,3.13089e-05,4000.8
0.104633,5.964,3.30542e-05,4103.35
0.105627,5.994,3.4135e-05,4174.98
0.106667,6.032,3.36647e-05,4237.49
0.107675,6.076,3.12673e-05,4313.11
0.108666,6.108,2.97248e-05,4344.17
0.109644,6.134,2.90953e-05,4424.02
0.110621,6.2,3.05742e-05,4714
0.111693,6.266,3.42009e-05,4797.62
0.112668,6.312,3.45288e-05,4815.33
0.113683,6.34,3.28712e-05,4912.2
0.114679,6.384,2.98574e-05,5002.27
0.115675,6.424,2.89827e-05,5102.11
0.116658,6.518,2.93522e-05,6114.84
0.117646,6.59,3.19868e-05,6356.95
0.118658,6.636,3.45985e-05,6447.75
0.119694,6.686,3.52485e-05,6465.7
0.120698,6.76,3.25141e-05,6703.2
0.121702,6.798,2.9852e-05,6718.6
0.122687,6.852,2.93764e-05,6895.05
0.123678,6.896,2.91633e-05,6948.59
0.124679,6.96,3.17292e-05,7203.2
0.125698,7.032,3.39433e-05,7297.49
0.126699,7.062,3.44096e-05,7293.08
0.127716,7.116,3.24918e-05,7425.27
0.128699,7.18,3.11132e-05,7479.8
0.129712,7.234,3.10179e-05,7659.62
0.130704,7.324,2.9933e-05,7961.51
0.131689,7.37,3.04212e-05,8224.55
0.132682,7.416,3.16835e-05,8307.47
0.133675,7.444,3.29776e-05,8283.43
0.134699,7.484,3.34133e-05,8386.87
0.135716,7.53,3.35355e-05,8502.55
0.13672,7.582,3.11447e-05,8591.64
0.137723,7.652,2.90018e-05,8633.45
0.1387,7.7,2.98262e-05,8755
0.139707,7.768,3.25459e-05,8867.09
0.14071,7.822,3.45699e-05,8997.16
0.14174,7.872,3.3968e-05,9121.81
0.142761,7.908,3.03392e-05,9319.77
0.143747,7.97,2.77648e-05,9476.55
0.144719,7.998,2.86584e-05,9519
0.145702,8.036,3.08277e-05,9563.35
0.146709,8.08,3.43781e-05,9934.8
0.147752,8.128,3.50077e-05,10053.8
0.148758,8.162,3.32473e-05,10083.9
0.149762,8.196,2.9748e-05,10392.8
0.150727,8.268,2.89008e-05,10554.1
0.151715,8.322,2.96078e-05,10735.2
0.152713,8.376,3.23638e-05,10805.3
0.153739,8.412,3.46219e-05,10875.1
0.154731,8.486,3.35363e-05,11234.9
0.155761,8.53,3.13648e-05,11398.6
0.156758,8.582,2.95172e-05,11495.6
0.157745,8.642,2.98792e-05,11944.9
0.158734,8.686,3.24788e-05,12011.7
0.15976,8.77,3.42688e-05,12126.5
0.160778,8.846,3.30378e-05,12357.1
0.161788,8.9,3.08136e-05,12491
0.162765,8.968,2.98792e-05,12589.5
0.163762,9.034,3.04224e-05,12692.4
0.16476,9.074,3.16412e-05,12730.3
0.165734,9.14,3.26616e-05,12930.2
0.166735,9.2,3.22231e-05,13180
0.167774,9.254,3.17504e-05,13310.7
0.168788,9.33,3.11641e-05,13768.5
0.169775,9.378,3.22409e-05,13799.6
0.17077,9.418,3.23872e-05,13939.6
0.171782,9.472,3.04977e-05,14104.6
0.172781,9.534,3.0152e-05,14562.4
0.173779,9.584,3.02878e-05,14825.5
0.174772,9.622,3.22601e-05,14895.6
0.175784,9.692,3.41249e-05,15042.6
0.176785,9.734,3.45592e-05,15441.6
0.177809,9.78,3.26233e-05,15655.8
0.17881,9.846,2.9925e-05,16157.1
0.179806,9.914,2.90592e-05,16177.3
0.180787,9.972,2.97904e-05,16229.6
0.181784,10.044,3.10984e-05,16565
0.182769,10.1,3.41771e-05,16647
0.183827,10.168,3.4117e-05,16845.9
0.184818,10.23,3.15724e-05,17082.6
0.185807,10.32,3.09451e-05,17374.8
0.186794,10.366,3.09037e-05,17494
0.187808,10.414,3.19803e-05,17677.3
0.188809,10.482,3.11908e-05,18354.8
0.189806,10.58,3.18231e-05,18631.8
0.190807,10.666,3.26017e-05,18837.2
0.191839,10.748,3.13996e-05,19272.2
0.192823,10.812,3.17726e-05,19388.3
0.193829,10.902,3.2097e-05,19628.2
0.194826,10.972,3.18184e-05,19775.6
0.195832,11.038,3.15639e-05,20210.3
0.196826,11.114,3.17295e-05,20304.5
0.197852,11.17,3.24037e-05,20616.6
0.198795,11.222,3.2266e-05,20822.4
0.199829,11.288,3.05825e-05,21220.5
0.200883,11.362,2.94161e-05,21631.5
0.201835,11.478,3.13612e-05,22348.8
0.202812,11.524,3.18242e-05,22456.7
0.203857,11.596,3.2679e-05,22768.4
0.204859,11.684,3.29216e-05,23112.1
0.205855,11.748,3.11488e-05,23384.2
0.206851,11.818,3.20569e-05,23680.4
0.207866,11.944,3.16811e-05,24100.4
0.208859,11.988,3.22898e-05,24251.9
0.209855,12.088,3.17919e-05,24438.1
0.210843,12.18,3.12417e-05,24777.8
0.211862,12.256,3.19419e-05,25253.2
0.212862,12.32,3.10675e-05,25560.8
0.213875,12.414,3.24034e-05,25523.3
0.214875,12.486,3.24998e-05,25738.9
0.215874,12.572,3.21812e-05,26704.4
0.216888,12.626,3.24307e-05,26895.1
0.217887,12.666,3.10229e-05,27327.2
0.218871,12.728,3.1392e-05,27673
0.219865,12.784,3.1464e-05,27880.7
0.22088,12.902,3.11275e-05,29048.2
0.221868,12.96,3.20101e-05,29119.2
0.222911,13.016,3.28243e-05,29259.9
0.223885,13.124,3.23247e-05,31236.3
0.224879,13.168,3.17249e-05,31327.9
0.225897,13.262,3.23676e-05,31494.7
0.226895,13.328,3.1201e-05,31690.2
0.227896,13.418,3.04678e-05,32641.6
0.22889,13.482,3.04985e-05,32858.8
0.229878,13.562,3.24077e-05,33201.1
0.230909,13.652,3.33239e-05,33803.4
0.23191,13.716,3.30055e-05,34321.7
0.232927,13.858,3.10593e-05,35434.9
0.233909,13.954,3.07443e-05,35643.9
0.234897,14.014,3.07487e-05,35788.9
0.235915,14.104,3.15106e-05,36558.6
0.23689,14.236,3.23984e-05,37864.2
0.237911,14.298,3.29251e-05,38166.6
0.23893,14.372,3.31799e-05,38486.8
0.239936,14.47,3.12364e-05,39076.5
0.240909,14.55,3.05899e-05,39441.8
0.241916,14.596,3.05628e-05,39716.4
0.242917,14.686,3.11405e-05,40447.7
0.243922,14.802,3.20197e-05,41679.4
0.244927,14.884,3.40861e-05,42259.3
0.245938,14.976,3.35656e-05,42315.7
0.246965,15.084,3.21481e-05,42644.5
0.247938,15.194,2.88872e-05,44636.2
0.248967,15.258,2.98771e-05,45179.7
0.249877,15.314,2.80501e-05,45361.7
0.250968,15.392,3.15291e-05,46171.2
0.251884,15.452,3.3919e-05,46991.8
0.252965,15.566,3.26789e-05,48066.8
0.253939,15.624,3.19317e-05,48691.3
0.254959,15.72,2.98976e-05,49616.8
0.255946,15.786,2.98943e-05,50246.1
0.256926,15.922,3.06537e-05,50966
0.257932,16.012,3.30407e-05,51785.9
0.258965,16.108,3.42866e-05,52532.2
0.259977,16.166,3.22484e-05,53009.2
0.260957,16.244,3.03709e-05,53546.2
0.261957,16.336,3.03732e-05,54207.6
0.26296,16.398,3.11531e-05,54525.8
0.263961,16.542,3.25091e-05,55220.1
0.264964,16.59,3.29837e-05,55546.9
0.265971,16.748,3.27855e-05,56796.2
0.266961,16.834,3.15972e-05,57193.2
0.267966,16.942,3.07409e-05,58669.3
0.268971,17.092,3.0972e-05,59505.8
0.269961,17.174,3.16472e-05,60089.9
0.270975,17.268,3.29607e-05,60452.1
0.271989,17.376,3.26364e-05,61215.3
0.272969,17.438,3.2214e-05,61989.1
0.274002,17.604,3.07794e-05,64405.6
0.274991,17.746,3.15222e-05,65138.7
0.275985,17.804,3.02833e-05,65864.8
0.276981,17.948,3.20389e-05,68730.6
0.277984,18.09,3.33553e-05,69542.9
0.279011,18.2,3.22417e-05,70960
0.279988,18.268,3.17773e-05,71478.1
0.281002,18.364,3.11459e-05,71861.8
0.282003,18.454,3.11179e-05,72507.9
0.283001,18.588,3.13213e-05,73365.1
0.283981,18.698,3.23641e-05,74269.4
0.284991,18.798,3.29985e-05,74808.6
0.285971,18.876,3.14451e-05,75806.3
0.286983,18.96,3.20577e-05,76533.2
0.287997,19.044,3.1122e-05,77155
0.289003,19.152,3.2042e-05,77708.4
0.290017,19.326,3.18581e-05,80411.9
0.291024,19.44,3.11853e-05,81069.2
0.292013,19.558,3.15119e-05,81959.3
0.293019,19.68,3.13227e-05,83532.8
0.294002,19.818,3.23266e-05,84844.4
0.295037,19.948,3.24248e-05,85946.6
0.296022,20.09,3.26961e-05,86203
0.297041,20.242,3.14668e-05,87787.7
0.298027,20.326,3.13321e-05,88829.9
0.299034,20.396,3.14915e-05,89603.6
0.300036,20.506,3.15597e-05,91655
0.301011,20.608,3.21969e-05,92431.2
0.302065,20.71,3.08646e-05,92994.9
0.303019,20.806,3.12645e-05,93998.2
0.304036,20.948,3.31751e-05,94700.6
0.305039,21.05,3.31253e-05,95251.8
0.306063,21.202,3.20943e-05,97188.6
0.307063,21.326,3.10779e-05,97801.9
0.308027,21.392,2.96409e-05,98533.2
0.30902,21.494,3.0685e-05,99807
0.310051,21.634,3.40537e-05,101222
0.311067,21.772,3.27298e-05,103906
0.312067,21.896,3.17915e-05,106383
0.313072,22.028,3.16116e-05,106852
0.314078,22.146,3.16536e-05,107406
0.315062,22.248,3.10828e-05,108961
0.316056,22.36,3.11987e-05,110009
0.317056,22.508,3.21302e-05,111539
0.318077,22.692,3.32534e-05,114725
0.319092,22.854,3.20125e-05,116922
0.320068,22.946,3.18632e-05,117726
0.321091,23.07,3.13794e-05,118591
0.32208,23.156,3.07042e-05,119190
0.323088,23.304,3.09151e-05,119994
0.324072,23.42,3.26715e-05,120394
0.325085,23.57,3.28175e-05,122109
0.326092,23.732,3.34132e-05,124420
0.327097,23.864,3.21815e-05,125449
0.328089,23.956,3.08164e-05,127595
0.329098,24.112,3.15916e-05,130020
0.330105,24.308,2.91329e-05,133957
0.331046,24.43,3.14247e-05,134997
0.33215,24.54,3.00053e-05,135980
0.333032,24.624,2.91748e-05,137145
0.334221,24.802,2.88951e-05,138161
0.335095,24.988,2.95259e-05,139246
0.336122,25.164,3.31736e-05,140221
0.337125,25.302,2.86652e-05,141177
0.33808,25.428,3.03327e-05,142320
0.33911,25.58,3.15744e-05,145098
0.340099,25.68,3.22743e-05,145753
0.341103,25.932,3.33636e-05,148066
0.342145,26.086,3.23198e-05,149367
0.343131,26.288,3.18156e-05,150431
0.34413,26.49,3.12878e-05,153287
0.345128,26.67,3.17164e-05,155679
0.346148,26.804,3.10752e-05,157281
0.347132,27.002,3.1063e-05,159603
0.348126,27.212,3.13752e-05,162960
0.349147,27.452,3.18736e-05,167114
0.350156,27.632,3.28965e-05,169782
0.351125,27.78,3.24909e-05,171258
0.352142,27.956,3.22912e-05,173661
0.353147,28.218,3.18573e-05,178241
0.354148,28.378,3.10019e-05,182500
0.355141,28.624,3.09111e-05,191683
0.356155,28.8,3.09981e-05,194314
0.357146,28.964,3.16327e-05,196449
0.358149,29.16,3.3116e-05,198061
0.359151,29.342,3.33958e-05,202367
0.360166,29.454,3.33519e-05,204290
0.361171,29.672,3.18579e-05,206598
0.362182,29.816,2.93927e-05,206803
0.363145,29.964,2.87921e-05,208137
0.36418,30.178,3.17643e-05,212711
0.365146,30.364,3.31271e-05,214532
0.366172,30.542,3.44196e-05,215962
0.367193,30.762,3.31418e-05,220847
0.36818,30.936,3.18727e-05,222268
0.369181,31.052,2.98262e-05,224193
0.370172,31.198,2.87457e-05,226229
0.371169,31.43,3.14868e-05,230901
0.372172,31.556,3.17672e-05,232619
0.37316,31.726,3.35308e-05,233703
0.374182,31.88,3.44283e-05,236943
0.37518,32.036,3.3427e-05,239361
0.376193,32.14,3.05672e-05,241734
0.377191,32.42,2.85109e-05,243206
0.378178,32.694,2.92019e-05,246860
0.379172,32.912,3.04592e-05,250034
0.380174,33.064,3.35937e-05,253096
0.381211,33.254,3.55259e-05,256575
0.382216,33.44,3.39809e-05,258333
0.383232,33.668,3.04698e-05,260967
0.3842,33.818,2.91119e-05,262170
0.385213,34.042,3.03085e-05,265472
0.386197,34.334,3.10498e-05,270069
0.387201,34.55,3.25314e-05,272800
0.388215,34.776,3.24687e-05,273997
0.3892,35.004,3.24742e-05,277432
0.39022,35.262,3.19513e-05,279739
0.391225,35.544,3.18807e-05,283676
0.392214,35.782,3.283e-05,287455
0.393234,36.118,3.20679e-05,293014
0.394225,36.444,3.12333e-05,301009
0.39524,36.706,3.04067e-05,301744
0.396225,36.996,3.06287e-05,306058
0.397202,37.156,3.08255e-05,307226
0.398229,37.382,3.23204e-05,310592
0.399274,37.534,3.42629e-05,312654
0.400182,37.704,3.24535e-05,315924
0.401236,37.996,3.1175e-05,320786
0.40228,38.188,2.90917e-05,324296
0.403236,38.476,3.00696e-05,327617
0.404229,38.668,3.08057e-05,329833
0.405249,38.852,3.31961e-05,332609
0.406253,39.124,3.28512e-05,337170
0.407265,39.39,3.19764e-05,342767
0.40825,39.602,3.22959e-05,344344
0.409276,39.93,3.27051e-05,347313
0.410262,40.336,3.13598e-05,362028
0.411263,40.644,3.0716e-05,367247
0.412277,40.888,3.13759e-05,370900
0.413268,41.224,3.15873e-05,376697
0.414264,41.434,3.14398e-05,383405
0.415279,41.858,3.30828e-05,392339
0.416268,42.132,3.22069e-05,394337
0.417289,42.638,3.27088e-05,405583
0.418283,42.866,3.14048e-05,410540
0.419265,43.024,3.0485e-05,412410
0.420266,43.41,3.17812e-05,417975
0.421285,43.652,3.17327e-05,426219
0.422274,43.932,3.14478e-05,438910
0.423288,44.184,3.25776e-05,445189
0.424308,44.548,3.2202e-05,451438
0.42529,44.894,3.10908e-05,455995
0.426279,45.198,3.2277e-05,464055
0.427314,45.574,3.23823e-05,473260
0.428322,45.834,3.05679e-05,476701
0.429309,46.21,3.11804e-05,479667
0.430324,46.536,3.15073e-05,486016
0.431305,46.924,3.1133e-05,492059
0.432296,47.224,3.25442e-05,499005
0.433311,47.614,3.321e-05,508547
0.434328,48.24,3.18484e-05,522391
0.435313,48.58,3.05379e-05,529958
0.436297,48.886,3.00465e-05,536507
0.437295,49.168,3.25228e-05,543046
0.43831,49.412,3.30547e-05,546875
0.439318,49.85,3.27072e-05,551886
0.440312,50.188,3.22111e-05,557674
0.441336,50.724,3.08513e-05,574110
0.442334,51.06,2.92518e-05,576142
0.443306,51.32,3.04308e-05,580877
0.44433,51.694,3.37131e-05,586846
0.445333,52.056,3.40575e-05,592662
0.446328,52.322,3.26956e-05,597971
0.447339,52.586,3.16577e-05,608995
0.448354,52.872,2.97427e-05,610504
0.449331,53.282,2.95629e-05,618033
0.450306,53.824,3.06676e-05,629803
0.45133,54.278,3.34672e-05,638058
0.452364,54.722,3.32145e-05,642480
0.453347,55.28,3.23058e-05,654367
0.454346,55.548,3.22666e-05,659830
0.455349,55.878,3.15021e-05,667544
0.456366,56.088,3.08677e-05,671074
0.457337,56.468,3.05275e-05,684700
0.458342,56.838,3.14517e-05,689126
0.459348,57.184,3.22526e-05,700211
0.460348,57.53,3.35057e-05,706921
0.461364,58.046,3.24734e-05,720674
0.462349,58.414,3.16092e-05,727319
0.463355,58.84,3.1548e-05,731735
0.464369,59.168,3.14578e-05,742302
0.465375,59.544,3.1088e-05,748206
0.466354,59.982,3.10117e-05,755709
0.467367,60.292,3.229e-05,757859
0.468367,60.58,3.2359e-05,764234
0.469375,61.036,3.23328e-05,776619
0.470375,61.414,3.27429e-05,789663
0.471383,61.784,3.1295e-05,805623
0.472382,62.294,3.09417e-05,821654
0.473368,62.66,3.12171e-05,827480
0.474378,63.022,3.1488e-05,834645
0.475374,63.64,3.16492e-05,852825
0.476391,64.086,3.29973e-05,860323
0.477394,64.368,3.32335e-05,864636
0.47842,64.99,3.18821e-05,872149
0.4794,65.346,3.03989e-05,878119
0.480382,65.608,3.06101e-05,885409
0.481389,66.038,3.09233e-05,892968
0.482395,66.59,3.27885e-05,900321
0.483393,67.218,3.32192e-05,910835
0.484418,67.77,3.27546e-05,917489
0.48541,68.248,3.22261e-05,930225
0.486426,68.804,3.06411e-05,938367
0.487421,69.102,2.98428e-05,945224
0.488397,69.582,3.14285e-05,959114
0.489414,70.082,3.31612e-05,966418
0.490419,70.59,3.25399e-05,979227
0.491417,71.582,3.13513e-05,1.01883e+06
0.492402,72.262,3.2419e-05,1.0463e+06
0.493445,72.806,3.39172e-05,1.06877e+06
0.494463,73.254,2.97934e-05,1.07086e+06
0.495403,73.868,2.6671e-05,1.08386e+06
0.496343,74.382,3.13327e-05,1.10332e+06
0.497518,74.866,3.30811e-05,1.11722e+06
0.49847,75.372,2.45247e-05,1.13813e+06
0.499344,75.85,2.40554e-05,1.14992e+06
0.500466,76.498,4.70015e-05,1.16959e+06
0.50153,77.05,2.45247e-05,1.17809e+06
0.502404,77.584,2.52633e-05,1.19126e+06
0.503356,78.48,3.20334e-05,1.21983e+06
0.504531,79.12,3.11533e-05,1.23312e+06
0.505471,79.688,2.77225e-05,1.25763e+06
0.506411,79.994,2.96227e-05,1.26075e+06
0.507429,80.414,3.3031e-05,1.26731e+06
0.508472,81.048,3.27539e-05,1.28461e+06
0.509457,81.648,3.1689e-05,1.30589e+06
0.510455,82.364,3.25157e-05,1.32994e+06
0.51146,83.076,3.31075e-05,1.34994e+06
0.512477,83.7,3.15399e-05,1.36683e+06
0.513453,84.52,2.97283e-05,1.38209e+06
0.514448,85.212,3.07249e-05,1.39874e+06
0.515464,85.886,3.19667e-05,1.42086e+06
0.516456,86.5,3.31158e-05,1.44117e+06
0.517481,87.004,3.3367e-05,1.45831e+06
0.518479,87.958,3.26881e-05,1.49121e+06
0.519485,88.628,3.09728e-05,1.52106e+06
0.520492,89.464,3.0673e-05,1.56707e+06
0.521474,90.252,3.04949e-05,1.59618e+06
0.522454,90.818,3.15488e-05,1.60772e+06
0.52348,91.47,3.29831e-05,1.63081e+06
0.524483,92.11,3.30697e-05,1.65563e+06
0.5255,92.704,3.17512e-05,1.66912e+06
0.526496,93.476,3.16207e-05,1.69171e+06
0.527506,94.284,3.11096e-05,1.72877e+06
0.528492,94.984,3.10378e-05,1.74792e+06
0.529491,95.924,3.14403e-05,1.79444e+06
0.530499,96.806,3.25286e-05,1.79728e+06
0.531499,97.49,3.22808e-05,1.80674e+06
0.532507,98.594,3.24404e-05,1.83268e+06
0.533507,99.182,3.22296e-05,1.84939e+06
0.53452,99.736,3.1342e-05,1.86769e+06
0.535499,100.414,3.10889e-05,1.90334e+06
0.536505,101.132,3.13662e-05,1.93693e+06
0.537519,102.178,3.15004e-05,1.96065e+06
0.538525,102.958,3.15077e-05,1.97933e+06
0.53951,103.57,3.23091e-05,1.99976e+06
0.540526,104.684,3.34375e-05,2.02524e+06
0.541526,105.402,3.24136e-05,2.06924e+06
0.542532,106.586,3.17614e-05,2.11864e+06
0.543537,107.61,3.05052e-05,2.14465e+06
0.544508,108.596,3.06284e-05,2.16625e+06
0.545525,109.548,3.14053e-05,2.17085e+06
0.546528,110.544,3.18619e-05,2.18339e+06
0.547527,111.396,3.20679e-05,2.20609e+06
0.54851,112.366,3.33701e-05,2.22486e+06
0.549544,113.152,3.36574e-05,2.25243e+06
0.550568,113.96,3.08684e-05,2.28599e+06
0.551543,114.77,2.94741e-05,2.3268e+06
0.55252,115.498,2.95654e-05,2.35127e+06
0.553535,116.656,3.17756e-05,2.38037e+06
0.554546,117.782,3.29058e-05,2.39821e+06
0.555541,118.866,3.37609e-05,2.4538e+06
0.556544,119.764,3.38037e-05,2.48674e+06
0.557568,120.676,3.01638e-05,2.5083e+06
0.55854,121.72,2.92869e-05,2.54315e+06
0.559538,122.626,3.1084e-05,2.59453e+06
0.560562,123.476,3.23791e-05,2.60436e+06
0.561556,124.456,3.27002e-05,2.63637e+06
0.562564,125.344,3.29775e-05,2.67504e+06
0.563579,126.232,3.23705e-05,2.70031e+06
0.564577,127.182,3.02284e-05,2.71906e+06
0.565561,128.094,3.07335e-05,2.76246e+06
0.566546,129.098,3.17721e-05,2.77795e+06
0.567563,130.092,3.3089e-05,2.82762e+06
0.568579,131.67,3.23611e-05,2.86707e+06
0.569569,132.672,3.11336e-05,2.90325e+06
0.57055,133.77,3.13698e-05,2.95508e+06
0.571565,135.004,3.10233e-05,2.99567e+06
0.572552,136.014,3.07081e-05,3.01773e+06
0.57356,137.206,3.22178e-05,3.05531e+06
0.574595,138.402,3.22262e-05,3.07689e+06
0.575584,139.174,3.10997e-05,3.09445e+06
0.576566,140.204,3.23512e-05,3.12967e+06
0.577586,141.43,3.24817e-05,3.16e+06
0.5786,142.628,3.16365e-05,3.19841e+06
0.579589,143.454,3.18258e-05,3.22896e+06
0.580608,144.482,3.16824e-05,3.26103e+06
0.581609,145.746,3.03712e-05,3.32719e+06
0.582591,146.62,3.14929e-05,3.34225e+06
0.583585,147.702,3.22848e-05,3.37066e+06
0.584606,149.014,3.26284e-05,3.3876e+06
0.585595,149.974,3.31017e-05,3.40629e+06
0.58661,150.938,3.14763e-05,3.43939e+06
0.587606,151.92,3.14182e-05,3.46576e+06
0.588597,152.878,3.15925e-05,3.48231e+06
0.589611,154.266,3.08505e-05,3.54711e+06
0.590612,155.498,3.12168e-05,3.58447e+06
0.591598,157.014,3.22056e-05,3.60779e+06
0.592624,158.076,3.19864e-05,3.63955e+06
0.593609,159.296,3.23678e-05,3.67024e+06
0.594621,160.94,3.31794e-05,3.71049e+06
0.595625,162.68,3.30751e-05,3.76671e+06
0.596645,163.828,3.07608e-05,3.79684e+06
0.597638,164.882,3.00992e-05,3.81733e+06
0.598594,166.238,2.88424e-05,3.82898e+06
0.599638,167.6,3.07825e-05,3.87911e+06
0.600692,169.226,3.24134e-05,3.92233e+06
0.6016,170.27,3.36351e-05,3.96311e+06
0.602645,171.336,3.27656e-05,3.97056e+06
0.603673,172.802,3.1429e-05,3.9991e+06
0.604649,174.448,3.07839e-05,4.03682e+06
0.605634,176.06,3.04779e-05,4.1054e+06
0.606649,177.134,3.12099e-05,4.11191e+06
0.60764,178.872,3.19514e-05,4.16007e+06
0.60866,180.208,3.24691e-05,4.18219e+06
0.609649,181.206,3.17344e-05,4.22102e+06
0.610654,182.598,3.16268e-05,4.24736e+06
0.611674,184.336,3.29016e-05,4.25559e+06
0.612659,185.96,3.284e-05,4.27906e+06
0.613673,187.642,3.2961e-05,4.30859e+06
0.614677,189.31,3.08672e-05,4.30747e+06
0.615661,191.274,3.01412e-05,4.34167e+06
0.616674,193,2.8729e-05,4.36888e+06
0.617642,194.73,3.0487e-05,4.36639e+06
0.618658,196.43,3.41298e-05,4.40619e+06
0.619663,197.682,3.59397e-05,4.4301e+06
0.6207,199.218,3.35673e-05,4.45581e+06
0.621702,200.606,3.06563e-05,4.44717e+06
0.622696,202.048,2.94874e-05,4.45214e+06
0.623683,203.436,2.87724e-05,4.4825e+06
0.624681,205.77,3.05843e-05,4.47502e+06
0.625694,207.508,3.32296e-05,4.52534e+06
0.626692,209.224,3.4443e-05,4.55609e+06
0.627714,211.45,3.36237e-05,4.63771e+06
0.628702,213.304,3.20444e-05,4.65564e+06
0.629705,214.812,3.15983e-05,4.66406e+06
0.630702,216.12,2.88552e-05,4.70979e+06
0.631693,217.726,2.98841e-05,4.75008e+06
0.632694,219.584,3.15549e-05,4.73847e+06
0.633681,220.938,3.29344e-05,4.78098e+06
0.634702,223.124,3.4574e-05,4.77439e+06
0.635728,224.528,3.34226e-05,4.81327e+06
0.636694,226.018,3.15949e-05,4.82882e+06
0.637729,227.572,2.93135e-05,4.82425e+06
0.638692,229.268,2.94421e-05,4.87967e+06
0.639703,230.778,3.18576e-05,4.93207e+06
0.640708,232.792,3.31075e-05,4.9851e+06
0.641723,234.784,3.32182e-05,4.95106e+06
0.642725,237.014,3.31964e-05,4.96799e+06
0.643728,238.586,3.16729e-05,5.00898e+06
0.644719,240.562,3.12138e-05,5.03831e+06
0.645733,243.022,3.07549e-05,5.07899e+06
0.646726,244.398,3.10784e-05,5.09778e+06
0.647727,245.924,3.17486e-05,5.08288e+06
0.648732,247.93,3.22773e-05,5.08097e+06
0.649749,250.112,3.26126e-05,5.0939e+06
0.650719,251.764,3.25906e-05,5.1139e+06
0.651727,254.002,3.20867e-05,5.09786e+06
0.652748,256.72,3.16301e-05,5.10739e+06
0.653742,258.218,3.13634e-05,5.11595e+06
0.654726,259.51,3.12203e-05,5.18284e+06
0.655746,261.746,3.1564e-05,5.24098e+06
0.656744,264.13,3.10645e-05,5.21803e+06
0.657743,265.96,3.14647e-05,5.23218e+06
0.658729,267.892,3.21609e-05,5.23698e+06
0.659771,270.202,3.38014e-05,5.23373e+06
0.660775,272.424,3.22251e-05,5.25487e+06
0.661764,274.334,3.14436e-05,5.26301e+06
0.662794,276.352,3.08376e-05,5.28931e+06
0.663749,278.2,2.81183e-05,5.35288e+06
0.664752,280.408,3.4085e-05,5.40149e+06
0.665779,282.72,2.88951e-05,5.42391e+06
0.666653,284.332,2.85337e-05,5.39673e+06
0.667842,286.568,2.95704e-05,5.367e+06
0.668724,288.204,3.02401e-05,5.35483e+06
0.669828,290.556,3.12637e-05,5.43378e+06
0.670769,292.902,2.96163e-05,5.44501e+06
0.671776,295.714,3.12274e-05,5.4354e+06
0.672785,297.566,3.10233e-05,5.42358e+06
0.673777,299.748,3.17518e-05,5.45028e+06
0.674782,302.338,3.3186e-05,5.43087e+06
0.675789,304.34,3.28441e-05,5.40587e+06
0.676802,306.724,3.25851e-05,5.38832e+06
0.677786,309.116,3.10257e-05,5.35093e+06
0.678794,311.514,3.07994e-05,5.34089e+06
0.679783,313.558,3.14288e-05,5.34418e+06
0.680806,315.72,3.19314e-05,5.34629e+06
0.681782,317.774,3.15566e-05,5.33229e+06
0.682797,320.392,3.29867e-05,5.31277e+06
0.683818,322.784,3.23145e-05,5.29956e+06
0.684818,324.884,3.13559e-05,5.30634e+06
0.685812,328.446,3.10539e-05,5.23079e+06
0.686796,330.606,3.15615e-05,5.2167e+06
0.687802,332.488,3.16481e-05,5.17369e+06
0.688807,335.096,3.16948e-05,5.16784e+06
0.689807,337.4,3.27512e-05,5.18128e+06
0.690823,339.04,3.38059e-05,5.2216e+06
0.691854,341.558,3.06311e-05,5.21864e+06
0.692847,343.902,2.95906e-05,5.19743e+06
0.693811,345.89,3.07914e-05,5.17976e+06
0.694811,348.1,3.20799e-05,5.14214e+06
0.695835,351.44,3.32131e-05,5.11291e+06
0.696838,354.192,3.30023e-05,5.11413e+06
0.697855,356.638,3.11365e-05,5.13029e+06
0.698809,358.876,3.07078e-05,5.14377e+06
0.699864,361.36,3.27911e-05,5.14645e+06
0.700838,363.406,3.19771e-05,5.148e+06
0.70184,366.136,3.11291e-05,5.14723e+06
0.702847,368.716,3.10021e-05,5.14047e+06
0.703833,370.968,3.14121e-05,5.15541e+06
0.704852,373.526,3.30393e-05,5.19436e+06
0.705837,376.39,3.23359e-05,5.12443e+06
0.706872,379.388,3.23352e-05,5.03954e+06
0.707855,382.104,3.13498e-05,5.05194e+06
0.708861,383.814,3.18683e-05,5.08955e+06
0.70985,386.416,3.14807e-05,5.12238e+06
0.710857,388.776,3.1564e-05,5.08961e+06
0.711871,391.462,3.19615e-05,5.10462e+06
0.712877,394.602,3.10437e-05,5.08493e+06
0.713891,397.386,3.2476e-05,5.1039e+06
0.714903,400.34,3.1564e-05,5.14832e+06
0.715883,402.732,3.29794e-05,5.15313e+06
0.716893,404.768,3.24292e-05,5.1505e+06
0.717873,406.716,3.11919e-05,5.15046e+06
0.718871,408.726,3.09353e-05,5.17861e+06
0.719872,411.05,3.12656e-05,5.17719e+06
0.720886,413.936,3.16306e-05,5.17306e+06
0.721863,416.88,3.23399e-05,5.18103e+06
0.72289,418.986,3.35687e-05,5.17392e+06
0.723893,421.48,3.20894e-05,5.16397e+06
0.724889,423.982,3.03373e-05,5.1376e+06
0.725883,426.432,3.1481e-05,5.15495e+06
0.726872,428.63,3.07581e-05,5.14541e+06
0.727905,431.086,3.23026e-05,5.14488e+06
0.728885,433.984,3.26037e-05,5.1414e+06
0.729899,436.618,3.27357e-05,5.16502e+06
0.730913,439.594,3.18011e-05,5.1184e+06
0.731903,442.564,3.08401e-05,5.0455e+06
0.732908,445.302,3.08376e-05,4.92128e+06
0.733913,447.964,3.15864e-05,4.91196e+06
0.734903,450.96,3.28014e-05,4.85003e+06
0.73591,453.722,3.31466e-05,4.8247e+06
0.736913,456.528,3.26661e-05,4.82124e+06
0.737914,458.82,3.08982e-05,4.82837e+06
0.738917,461.64,3.04331e-05,4.78904e+06
0.739917,464.182,3.04275e-05,4.74657e+06
0.740897,466.39,3.24233e-05,4.73459e+06
0.741909,468.652,3.44056e-05,4.7183e+06
0.742942,471.144,3.3083e-05,4.69099e+06
0.743948,473.496,3.05379e-05,4.68102e+06
0.744928,475.646,2.97627e-05,4.69181e+06
0.745915,478.532,2.96885e-05,4.69008e+06
0.746935,481.306,3.24404e-05,4.65574e+06
0.747909,484.286,3.20434e-05,4.65031e+06
0.74899,487.692,3.4515e-05,4.62415e+06
0.749906,490.058,3.12691e-05,4.59742e+06
0.750997,493.082,2.82843e-05,4.59949e+06
0.751907,495.238,2.94504e-05,4.54616e+06
0.752936,498.412,2.95485e-05,4.47256e+06
0.753909,500.826,3.16353e-05,4.4141e+06
0.754936,504.096,3.36053e-05,4.28846e+06
0.755947,506.976,3.39672e-05,4.23051e+06
0.756952,510.082,3.19234e-05,4.15346e+06
0.757957,512.854,3.11539e-05,4.11313e+06
0.758958,514.97,3.06546e-05,4.09707e+06
0.759965,518.02,3.06975e-05,4.07139e+06
0.760938,520.666,3.11557e-05,4.03382e+06
0.761944,523.024,3.28641e-05,4.03271e+06
0.762963,525.776,3.2932e-05,4.01053e+06
0.763984,528.138,3.24342e-05,3.96433e+06
0.764959,530.652,3.15626e-05,3.97448e+06
0.765977,532.822,3.05389e-05,3.93455e+06
0.766965,535.156,3.0656e-05,3.92153e+06
0.767947,538.046,3.12293e-05,3.8608e+06
0.768964,540.942,3.28992e-05,3.75166e+06
0.769965,544.136,3.32369e-05,3.6907e+06
0.770996,546.988,3.2528e-05,3.64995e+06
0.771984,550.194,3.06932e-05,3.61927e+06
0.772978,552.556,3.06755e-05,3.62577e+06
0.773979,555.294,3.11649e-05,3.62048e+06
0.774977,557.688,3.23931e-05,3.59135e+06
0.775995,560.61,3.1559e-05,3.49465e+06
0.776989,563.162,3.2119e-05,3.48377e+06
0.777963,565.6,3.2713e-05,3.45617e+06
0.779006,568.416,3.17573e-05,3.33908e+06
0.779994,570.794,3.14565e-05,3.33594e+06
0.781009,573.3,3.16083e-05,3.30923e+06
0.782003,576.462,3.12415e-05,3.23394e+06
0.782987,579.424,3.10213e-05,3.15649e+06
0.783986,582.128,3.23112e-05,3.13204e+06
0.785,584.53,3.2092e-05,3.12681e+06
0.785999,587.116,3.22725e-05,3.10377e+06
0.786999,589.664,3.24021e-05,3.08126e+06
0.788012,592.618,3.09986e-05,3.07567e+06
0.789012,595.788,3.18161e-05,2.95093e+06
0.790031,598.338,3.14373e-05,2.9283e+06
0.791019,600.954,3.16103e-05,2.92444e+06
0.792015,603.412,3.21499e-05,2.88377e+06
0.793008,606.26,3.14717e-05,2.85949e+06
0.794023,608.932,3.15996e-05,2.84945e+06
0.795019,611.59,3.12209e-05,2.80966e+06
0.796015,613.992,3.27271e-05,2.78805e+06
0.797017,617.72,3.28339e-05,2.5266e+06
0.798062,620.544,3.18861e-05,2.48062e+06
0.799039,623.286,3.17202e-05,2.45861e+06
0.799991,625.702,2.93687e-05,2.43272e+06
0.801045,629.184,3.08875e-05,2.33626e+06
0.802079,631.78,3.25114e-05,2.31068e+06
0.803022,634.426,3.20657e-05,2.25407e+06
0.804048,637.326,3.16118e-05,2.18393e+06
0.805042,640.29,3.14339e-05,2.15435e+06
0.806048,643.576,3.22241e-05,2.031e+06
0.807045,646.358,3.23749e-05,1.97704e+06
0.808051,649.052,3.15849e-05,1.96973e+06
0.809035,651.97,3.13939e-05,1.93649e+06
0.810067,654.682,3.29677e-05,1.91978e+06
0.811068,657.31,3.22734e-05,1.8704e+06
0.812065,659.806,3.13639e-05,1.8725e+06
0.813066,662.53,3.18027e-05,1.86845e+06
0.81408,665.24,3.06247e-05,1.83205e+06
0.815067,668.008,3.07502e-05,1.77458e+06
0.816056,670.738,3.16692e-05,1.75845e+06
0.817047,673.074,3.41772e-05,1.757e+06
0.818105,675.534,3.46844e-05,1.76333e+06
0.81909,677.928,3.12934e-05,1.75361e+06
0.820087,680.31,2.96894e-05,1.74375e+06
0.821068,683.178,2.89893e-05,1.72065e+06
0.822064,686.234,2.99629e-05,1.67595e+06
0.823065,688.746,3.2478e-05,1.6683e+06
0.824089,691.28,3.42539e-05,1.65291e+06
0.82509,693.878,3.40271e-05,1.61634e+06
0.826102,696.582,3.24778e-05,1.58868e+06
0.827095,699.146,3.05815e-05,1.56243e+06
0.828093,701.274,3.03294e-05,1.54593e+06
0.829092,703.956,3.06034e-05,1.53654e+06
0.830104,706.474,3.24213e-05,1.50479e+06
0.831099,709.53,3.17864e-05,1.48006e+06
0.832086,712.062,3.06147e-05,1.45046e+06
0.8331,714.714,3.15036e-05,1.4239e+06
0.834139,717.404,3.28444e-05,1.3866e+06
0.83514,719.922,3.27566e-05,1.37748e+06
0.836114,722.438,3.13943e-05,1.35013e+06
0.837112,725.166,3.00829e-05,1.32927e+06
0.838109,727.76,2.98485e-05,1.32159e+06
0.839086,730.228,3.10541e-05,1.28799e+06
0.840096,732.914,3.31872e-05,1.30033e+06
0.841114,735.61,3.39316e-05,1.27868e+06
0.84214,738.306,3.23809e-05,1.2665e+06
0.843129,740.818,2.96736e-05,1.26075e+06
0.844116,743.704,2.95513e-05,1.25689e+06
0.845113,746.35,3.18692e-05,1.22804e+06
0.846143,748.758,3.38783e-05,1.21665e+06
0.847135,751.454,3.4315e-05,1.20924e+06
0.848161,753.804,3.22729e-05,1.18838e+06
0.849159,756.48,2.93017e-05,1.16861e+06
0.850147,758.942,2.91484e-05,1.14464e+06
0.851112,761.238,2.94535e-05,1.11881e+06
0.852116,763.908,3.31318e-05,1.11092e+06
0.853122,766.406,3.5124e-05,1.1052e+06
0.854165,769.51,3.44169e-05,1.07412e+06
0.855172,771.898,3.06904e-05,1.05402e+06
0.856155,774.08,2.81408e-05,1.0501e+06
0.857127,776.346,2.7881e-05,1.02534e+06
0.858113,778.95,3.0827e-05,1.00484e+06
0.859134,781.456,3.41998e-05,999820
0.860164,783.854,3.45096e-05,1.00276e+06
0.861167,786.434,3.23636e-05,988261
0.862174,788.61,2.98456e-05,971371
0.863151,790.944,2.9238e-05,953196
0.864154,793.464,3.12505e-05,939666
0.865158,795.68,3.34725e-05,917059
0.866175,797.958,3.32928e-05,910872
0.867199,800.078,3.29976e-05,900608
0.868192,802.548,3.20217e-05,886142
0.869185,804.956,3.05955e-05,859377
0.87017,807.27,2.98452e-05,855405
0.871162,809.556,3.09354e-05,846619
0.872175,811.802,3.0691e-05,834359
0.873158,814.254,3.23924e-05,831151
0.874175,816.356,3.43874e-05,818145
0.875176,818.51,3.40124e-05,813745
0.876195,820.8,3.15848e-05,795934
0.877196,823.204,2.90231e-05,788899
0.878187,825.74,2.92297e-05,789200
0.879172,828.28,2.96685e-05,767135
0.880176,830.45,3.25916e-05,768622
0.88118,832.644,3.51021e-05,769051
0.882217,834.638,3.4592e-05,766881
0.883228,836.588,3.17539e-05,751879
0.884216,838.79,2.95729e-05,741349
0.885199,840.86,2.90414e-05,740378
0.886195,843.132,2.99298e-05,734047
0.887191,845.342,3.29056e-05,722953
0.888206,847.492,3.41679e-05,709187
0.889181,849.798,3.39751e-05,703711
0.890253,852.504,3.05936e-05,693553
0.89123,854.324,2.91064e-05,694760
0.892208,856.446,2.97139e-05,689328
0.893199,858.424,3.12682e-05,682646
0.894207,860.702,3.3477e-05,677605
0.895247,863.176,3.41392e-05,657467
0.896241,865.042,3.30369e-05,652958
0.897246,867.162,3.12065e-05,641018
0.898224,869.21,2.9931e-05,626353
0.899241,871.486,2.9669e-05,626921
0.900199,873.708,2.94101e-05,621593
0.901237,876.306,3.26559e-05,585396
0.90223,878.594,3.4688e-05,557035
0.903252,880.764,3.50433e-05,550504
0.904276,882.774,3.23163e-05,541505
0.905286,884.704,2.96597e-05,538036
0.906252,886.658,2.84725e-05,529379
0.907239,888.674,2.93935e-05,514810
0.90823,890.564,3.20618e-05,508943
0.909247,892.67,3.40032e-05,507047
0.910281,894.684,3.3083e-05,498500
0.91126,896.71,3.23336e-05,481345
0.912277,898.88,3.2459e-05,467529
0.913288,900.914,3.10519e-05,448637
0.914262,902.95,3.0933e-05,432794
0.915265,904.7,3.052e-05,425835
0.916255,906.458,3.05579e-05,424806
0.917284,908.33,3.19711e-05,414427
0.91826,910.318,3.25643e-05,404650
0.919274,912.49,3.30109e-05,392519
0.920277,914.322,3.32575e-05,388813
0.921296,916.178,3.22203e-05,377371
0.922281,918.048,3.05982e-05,362451
0.923281,919.888,3.11205e-05,353858
0.924294,921.694,3.06412e-05,339598
0.925271,923.552,3.0172e-05,333096
0.926256,925.294,3.22701e-05,328420
0.927305,927.004,3.43263e-05,317290
0.928297,928.314,3.26954e-05,315688
0.929292,929.682,3.24469e-05,306098
0.930316,931.456,3.1235e-05,298238
0.931313,933.23,2.92732e-05,290949
0.932287,935.072,3.03736e-05,285087
0.933291,936.448,3.22897e-05,273006
0.934315,937.966,3.36626e-05,270144
0.935302,939.458,3.31533e-05,266286
0.936317,941.118,3.18576e-05,259768
0.937316,943.012,3.13054e-05,248420
0.938313,944.464,3.00722e-05,243078
0.939291,946.03,3.097e-05,236893
0.940302,947.46,3.30051e-05,226332
0.941338,949.24,3.37348e-05,224563
0.942338,950.832,3.11408e-05,215824
0.94332,952.22,2.99497e-05,210694
0.944312,953.732,3.1e-05,205016
0.945338,955.028,3.20427e-05,204686
0.946313,956.43,3.26365e-05,194257
0.947321,957.868,3.41139e-05,184755
0.948356,959.68,3.1855e-05,179443
0.949343,961.058,3.01982e-05,171787
0.95032,962.446,2.92106e-05,165160
0.951316,963.694,3.18294e-05,158364
0.952346,965.248,3.19014e-05,149629
0.953331,966.434,3.25549e-05,145115
0.954339,967.79,3.33325e-05,133759
0.955366,968.872,3.30313e-05,126414
0.956375,970.038,3.14091e-05,121394
0.957359,971.05,3.00477e-05,116060
0.958342,972.318,3.04355e-05,113772
0.959347,973.5,3.14503e-05,110979
0.960331,974.716,3.27038e-05,107124
0.961363,975.836,3.24626e-05,99294.6
0.962363,976.892,3.16639e-05,96454.2
0.96334,977.806,3.18557e-05,91270.2
0.964366,978.904,3.17584e-05,84759.4
0.965381,979.898,3.23285e-05,78459.8
0.966361,981.118,3.13419e-05,74194
0.967372,982.07,3.17351e-05,69526.5
0.968377,982.932,3.07233e-05,64519.7
0.969354,983.872,3.04831e-05,61021.8
0.970368,984.884,3.34851e-05,55443.3
0.971399,985.872,3.36709e-05,51131.8
0.972392,986.5,3.25082e-05,50255
0.973383,987.194,3.07375e-05,48604.2
0.974402,988.116,2.88035e-05,46401.3
0.975358,989.19,2.91948e-05,44715
0.976365,989.648,3.29006e-05,41482
0.977382,990.414,3.48909e-05,39775.3
0.978422,991.276,3.45464e-05,36779.9
0.979413,991.842,3.24347e-05,34116.5
0.980402,992.444,3.07448e-05,32737.4
0.981413,992.964,2.77158e-05,30487.4
0.982389,993.318,2.75534e-05,29466.4
0.983374,993.882,2.84829e-05,25864
0.984363,994.51,3.2489e-05,22013
0.985381,994.948,3.91061e-05,19870.6
0.98643,995.456,4.09591e-05,17772
0.987487,995.856,3.35997e-05,16131.6
0.988485,996.284,2.50182e-05,14257.7
0.989458,996.622,1.70168e-05,13129.6
0.990366,996.876,1.40966e-05,12124.3
0.991282,997.184,1.60797e-05,10741.1
0.992258,997.42,3.29412e-05,9935.8
0.993427,997.678,6.12062e-05,8711.16
0.994603,998.006,3.44896e-05,7400.98
0.99561,998.168,6.73841e-06,6969.89
0.996504,998.312,2.15489e-06,6299.33
0.997378,998.422,1.21213e-06,6033.96
0.998252,998.49,5.38723e-07,5568.95
0.999126,998.582,1.34681e-07,4687.64
1,998.604,0,4669.59
0.502159,77.672,5.60225,705512
11.8408,-1,-1,-1
