0,1,0,0
0.0017968,2,3.07863e-07,0
0.0026952,2,6.92693e-07,0
0.0035936,2.01,1.23145e-06,4.95
0.004492,2.024,1.92415e-06,11.712
0.0053904,2.04,2.77077e-06,19.2
0.00629051,2.05,4.0256e-06,23.75
0.00723243,2.078,1.32866e-05,35.958
0.0082901,2.13,4.447e-05,62.55
0.00951478,2.156,6.21892e-05,71.832
0.0106378,2.2,3.54407e-05,88
0.0116422,2.232,1.72049e-05,97.088
0.0125645,2.254,1.56654e-05,104.742
0.0134914,2.282,1.60652e-05,119.238
0.0144196,2.326,1.7771e-05,131.862
0.0153761,2.344,2.22512e-05,136.832
0.0163757,2.384,3.21775e-05,152.272
0.0174511,2.442,4.38169e-05,165.318
0.0185005,2.486,4.41839e-05,178.902
0.0195272,2.542,3.95649e-05,188.118
0.0205462,2.574,3.26391e-05,188.262
0.0215314,2.608,2.82577e-05,191.168
0.0225122,2.662,2.62132e-05,195.878
0.0234678,2.712,2.73135e-05,204.528
0.0244482,2.754,3.06378e-05,210.742
0.0254701,2.8,3.62537e-05,214
0.0264936,2.828,3.73605e-05,207.208
0.0275158,2.846,3.67089e-05,207.142
0.0285348,2.872,3.48022e-05,203.808
0.0295228,2.91,3.26648e-05,218.95
0.0305077,2.94,3.14515e-05,216.2
0.0315248,2.984,3.1523e-05,221.872
0.0324982,3.012,3.29604e-05,233.928
0.0335166,3.042,3.4842e-05,240.118
0.0345257,3.094,3.44054e-05,242.582
0.0355086,3.116,3.37498e-05,235.272
0.0365217,3.144,3.36435e-05,239.632
0.0375495,3.166,3.31187e-05,243.222
0.0385109,3.19,3.29931e-05,244.95
0.0395346,3.208,3.27296e-05,242.368
0.0405155,3.238,3.38774e-05,262.678
0.0415306,3.262,3.55493e-05,280.678
0.0425545,3.296,3.51424e-05,308.192
0.0435409,3.306,3.37425e-05,310.182
0.0445432,3.344,3.21039e-05,338.832
0.0455348,3.37,3.22274e-05,360.55
0.0465354,3.406,3.27096e-05,368.582
0.0475341,3.438,3.22848e-05,391.078
0.0485402,3.478,3.33455e-05,396.758
0.0495305,3.504,3.51044e-05,410.992
0.0505469,3.526,3.63264e-05,412.662
0.0515835,3.57,3.5363e-05,450.55
0.0525698,3.596,3.29592e-05,486.392
0.0535668,3.632,3.21295e-05,498.288
0.0545673,3.648,3.18287e-05,514.048
0.0555611,3.684,3.22157e-05,544.072
0.0565599,3.71,3.30122e-05,566.95
0.057537,3.726,3.44258e-05,579.462
0.0585605,3.748,3.54992e-05,592.248
0.0595811,3.776,3.41192e-05,594.912
0.0605655,3.804,3.34478e-05,596.792
0.061577,3.834,3.29836e-05,607.222
0.0625905,3.876,3.20575e-05,636.312
0.0635678,3.898,3.25472e-05,639.798
0.0645574,3.94,3.45688e-05,642.2
0.0655834,3.972,3.54724e-05,651.608
0.0666073,4,3.45301e-05,670
0.0675737,4.024,3.41885e-05,669.712
0.068603,4.054,3.23564e-05,685.542
0.0695912,4.082,3.13395e-05,685.638
0.0705666,4.102,3.18326e-05,687.798
0.071583,4.148,3.28697e-05,711.048
0.0725821,4.166,3.40866e-05,721.222
0.0735721,4.2,3.51712e-05,786
0.0746123,4.222,3.57611e-05,856.358
0.0756004,4.254,3.52581e-05,866.742
0.076603,4.298,3.45439e-05,882.598
0.0776232,4.328,3.23911e-05,882.208
0.0786198,4.364,3.07592e-05,879.752
0.0795991,4.386,3.02043e-05,876.502
0.0805871,4.416,3.21515e-05,899.472
0.081595,4.448,3.39746e-05,927.648
0.0826029,4.472,3.58257e-05,954.608
0.0835965,4.496,3.67433e-05,976.992
0.0846542,4.526,3.54595e-05,1002.66
0.0856441,4.558,3.31799e-05,1011.32
0.0866271,4.586,3.20296e-05,1037.3
0.0876276,4.616,3.10203e-05,1046.27
0.088621,4.654,3.0562e-05,1071.14
0.0896001,4.69,3.15858e-05,1074.95
0.0906186,4.702,3.45608e-05,1072.6
0.0916282,4.742,3.65926e-05,1103.72
0.0926256,4.762,3.76594e-05,1124.68
0.0936621,4.792,3.48891e-05,1126.37
0.0946464,4.832,3.24219e-05,1147.89
0.0956324,4.868,3.13219e-05,1175.29
0.096642,4.898,3.13636e-05,1193.8
0.0976393,4.92,3.22031e-05,1196.8
0.098624,4.944,3.30417e-05,1198.43
0.0996459,4.968,3.42761e-05,1215.49
0.100654,5.006,3.58272e-05,1350.98
0.101672,5.046,3.66871e-05,1369.94
0.102689,5.076,3.44776e-05,1367.11
0.103679,5.106,3.21862e-05,1371.38
0.104663,5.142,3.08712e-05,1372.92
0.105635,5.192,3.12009e-05,1525.57
0.10665,5.224,3.29455e-05,1548.91
0.107664,5.238,3.46331e-05,1588.68
0.108659,5.26,3.49563e-05,1612.2
0.109657,5.302,3.56198e-05,1613.4
0.110701,5.35,3.36694e-05,1653.75
0.111716,5.382,3.24004e-05,1682.04
0.112683,5.402,3.29823e-05,1758.2
0.113678,5.432,3.3547e-05,1776.69
0.114672,5.472,3.37403e-05,1826.61
0.115672,5.502,3.4001e-05,1909
0.116687,5.532,3.39045e-05,1942.49
0.117693,5.572,3.29485e-05,1956.41
0.118697,5.614,3.26035e-05,2006.5
0.119662,5.65,3.26924e-05,2101.75
0.120672,5.678,3.41328e-05,2161.16
0.121706,5.712,3.46428e-05,2236.53
0.122694,5.744,3.45181e-05,2237.23
0.123713,5.768,3.38997e-05,2235.09
0.124733,5.802,3.23357e-05,2263.4
0.125723,5.824,3.21232e-05,2274.51
0.126731,5.838,3.29222e-05,2273.88
0.12769,5.87,3.31103e-05,2268.55
0.128705,5.916,3.35239e-05,2352.47
0.129697,5.954,3.38127e-05,2367.94
0.130705,5.986,3.39467e-05,2480.9
0.131707,6.032,3.42347e-05,2515.49
0.132728,6.072,3.37123e-05,2587.41
0.133685,6.102,3.41097e-05,2669.8
0.134724,6.14,3.47377e-05,2686.2
0.135726,6.176,3.2969e-05,2756.51
0.136717,6.214,3.24001e-05,2824.1
0.137718,6.252,3.26591e-05,2870.25
0.138728,6.28,3.31412e-05,2888.8
0.139723,6.3,3.34467e-05,2897
0.140717,6.324,3.42306e-05,2955.51
0.1417,6.378,3.41017e-05,3035.56
0.14273,6.442,3.39344e-05,3073.32
0.143769,6.476,3.29774e-05,3114.71
0.144756,6.522,3.30076e-05,3132.76
0.145723,6.554,3.31484e-05,3163.54
0.146726,6.582,3.37369e-05,3145.64
0.147744,6.61,3.37655e-05,3150.95
0.148759,6.638,3.32722e-05,3195.48
0.149752,6.664,3.2192e-05,3187.55
0.150731,6.706,3.24827e-05,3291.78
0.151752,6.74,3.44922e-05,3312.2
0.152751,6.79,3.4969e-05,3326.95
0.153777,6.818,3.44396e-05,3398.44
0.154738,6.848,3.43154e-05,3422.45
0.155763,6.872,3.44151e-05,3477.81
0.156782,6.91,3.2389e-05,3508.95
0.157761,6.962,3.16387e-05,3900.28
0.158749,6.994,3.12899e-05,3948.98
0.159748,7.022,3.35555e-05,3962.76
0.160763,7.072,3.49752e-05,4063.41
0.161785,7.102,3.51327e-05,4155.8
0.162778,7.124,3.42085e-05,4198.31
0.163779,7.154,3.37874e-05,4289.14
0.164789,7.21,3.27531e-05,4428.95
0.165815,7.248,3.41901e-05,4427.25
0.166746,7.282,3.3015e-05,4435.24
0.167789,7.336,3.29231e-05,4475.55
0.168829,7.392,3.22898e-05,4511.17
0.169768,7.408,3.19742e-05,4532.77
0.170783,7.46,3.18451e-05,4518.2
0.171768,7.494,3.26018e-05,4598.98
0.172778,7.534,3.4672e-05,4618.42
0.173784,7.572,3.58211e-05,4778.41
0.174818,7.616,3.59674e-05,4906.27
0.175814,7.648,3.54732e-05,4938.05
0.176809,7.672,3.40554e-05,4956.21
0.177819,7.726,3.12852e-05,5015.46
0.178808,7.784,3.03507e-05,5314.67
0.179798,7.806,3.07307e-05,5320.18
0.180799,7.84,3.23174e-05,5307.2
0.181801,7.88,3.37951e-05,5384.8
0.182793,7.918,3.48468e-05,5457.64
0.183806,7.968,3.6445e-05,5477.49
0.184805,8.032,3.73133e-05,5587.49
0.185849,8.07,3.5841e-05,5608.55
0.186848,8.092,3.28233e-05,5709.77
0.18783,8.144,3.06886e-05,5715.63
0.188815,8.186,2.96914e-05,5711.7
0.189804,8.24,3.00621e-05,5727.2
0.190805,8.286,3.1678e-05,5892.1
0.191805,8.31,3.3731e-05,5892.95
0.192824,8.36,3.64309e-05,5967.2
0.193846,8.394,3.76601e-05,6017.38
0.194842,8.422,3.66821e-05,6095.96
0.19586,8.468,3.43625e-05,6102.49
0.196851,8.532,3.34942e-05,6312.49
0.197865,8.562,3.02694e-05,6515.08
0.198873,8.644,3.06834e-05,6598.63
0.199807,8.68,2.92138e-05,6630.8
0.200878,8.746,3.19613e-05,6916.74
0.201783,8.774,3.2286e-05,7001.46
0.202867,8.816,3.54575e-05,7057.07
0.203847,8.886,3.71563e-05,7524.5
0.204886,8.932,3.59829e-05,7581.69
0.205894,8.98,3.37054e-05,7633.8
0.206873,9.058,3.23888e-05,8015.32
0.207879,9.11,3.05718e-05,8008.95
0.208867,9.14,3.04335e-05,8012.2
0.209837,9.164,3.21411e-05,8000.55
0.210853,9.224,3.43878e-05,8142.91
0.211872,9.266,3.53661e-05,8219.62
0.212883,9.306,3.51652e-05,8346.18
0.213882,9.344,3.419e-05,8374.83
0.214898,9.402,3.33729e-05,8566.2
0.215882,9.438,3.32987e-05,8695.08
0.216877,9.498,3.28978e-05,8753
0.217894,9.544,3.33947e-05,8820.03
0.218873,9.594,3.43918e-05,8884.58
0.219893,9.652,3.37459e-05,8967.45
0.220908,9.678,3.26832e-05,9075.16
0.221909,9.726,3.27602e-05,9257.46
0.222913,9.784,3.34807e-05,9420.67
0.223923,9.8,3.37252e-05,9408
0.224896,9.854,3.41803e-05,9476.34
0.225892,9.894,3.40754e-05,9533.38
0.226901,9.962,3.46823e-05,9732.28
0.227925,10.028,3.35214e-05,9933.61
0.228906,10.068,3.27821e-05,10039.7
0.229914,10.13,3.27978e-05,10394.5
0.230897,10.174,3.21676e-05,10447.9
0.231888,10.212,3.41855e-05,10519.5
0.232927,10.266,3.50888e-05,10681.6
0.233931,10.304,3.3958e-05,10665.8
0.234917,10.348,3.29453e-05,10653.4
0.23593,10.39,3.32302e-05,10867
0.236918,10.414,3.3253e-05,10989.3
0.237926,10.502,3.33617e-05,11177
0.238916,10.554,3.40002e-05,11233.5
0.239931,10.646,3.39853e-05,11626.3
0.240924,10.696,3.38973e-05,11673.8
0.241945,10.738,3.37024e-05,11838.7
0.242944,10.794,3.32815e-05,12217.8
0.243934,10.826,3.40075e-05,12265.9
0.244945,10.872,3.28766e-05,12365.8
0.245942,10.956,3.42213e-05,12871
0.246958,10.994,3.25314e-05,12885
0.2479,11.072,3.40758e-05,12861.4
0.248994,11.106,3.15015e-05,12893.4
0.249892,11.174,3.12536e-05,12877.9
0.251005,11.258,3.16431e-05,12813.7
0.251905,11.312,3.20348e-05,12931.3
0.252993,11.374,3.46253e-05,13031.1
0.253942,11.414,3.33224e-05,13061.3
0.254956,11.484,3.41115e-05,13732.9
0.255966,11.536,3.3194e-05,13818.4
0.256965,11.586,3.33455e-05,13825.3
0.257962,11.672,3.28023e-05,14966.2
0.258963,11.724,3.3197e-05,15107.9
0.25996,11.77,3.36355e-05,15376.5
0.260984,11.802,3.45971e-05,15451.4
0.261963,11.85,3.39815e-05,15537.7
0.26297,11.918,3.44909e-05,15831.6
0.263978,11.994,3.3228e-05,16577
0.264993,12.02,3.23278e-05,16651.8
0.265985,12.082,3.26297e-05,17123.6
0.266955,12.148,3.33277e-05,17365
0.267967,12.186,3.49303e-05,17575.7
0.269007,12.26,3.59949e-05,17610.2
0.270013,12.322,3.36969e-05,17663.2
0.271008,12.376,3.20805e-05,18035.3
0.271985,12.428,3.16057e-05,18232.4
0.272964,12.476,3.18516e-05,18374.7
0.273993,12.552,3.26196e-05,18579.6
0.274987,12.634,3.39109e-05,18764
0.275999,12.698,3.57399e-05,19315.4
0.276997,12.782,3.58812e-05,19589.2
0.278024,12.854,3.49535e-05,19692.3
0.279022,12.914,3.29738e-05,19821.3
0.279999,12.966,3.16488e-05,19942.4
0.281005,13.014,3.18067e-05,19986.9
0.282009,13.076,3.29791e-05,20129.1
0.282997,13.146,3.32852e-05,20382.3
0.284016,13.232,3.42812e-05,21281.1
0.285044,13.274,3.56227e-05,21473.5
0.285972,13.334,3.43305e-05,21703.2
0.287011,13.464,3.35538e-05,21706.4
0.288033,13.55,3.25956e-05,21869.7
0.289024,13.644,3.28371e-05,22050.6
0.290031,13.712,3.27512e-05,22332.5
0.291022,13.792,3.29169e-05,23320.4
0.292019,13.852,3.31817e-05,23581
0.293016,13.91,3.43098e-05,23593
0.294055,13.95,3.52276e-05,23517.7
0.295035,14.028,3.50319e-05,23769.6
0.296045,14.078,3.43241e-05,24080
0.297051,14.134,3.30351e-05,24254
0.298055,14.218,3.16701e-05,25011.2
0.299041,14.306,3.13229e-05,25270.2
0.300035,14.392,3.21732e-05,25663.2
0.301023,14.47,3.29915e-05,25948.6
0.302034,14.536,3.42131e-05,26144.4
0.303046,14.576,3.66132e-05,26326.1
0.304083,14.658,3.57145e-05,26990.5
0.305063,14.724,3.46751e-05,27383.9
0.306087,14.808,3.32834e-05,27923.6
0.307086,14.872,3.10195e-05,28297.8
0.308042,14.91,3.01735e-05,28314.9
0.309055,14.944,3.09407e-05,28390.4
0.310041,15.008,3.27711e-05,28492
0.311038,15.056,3.51918e-05,28620.4
0.312076,15.134,3.68312e-05,29074
0.313097,15.198,3.57723e-05,29243.4
0.314092,15.268,3.49667e-05,29398.1
0.315098,15.33,3.29382e-05,29898.5
0.31609,15.382,3.10849e-05,30062
0.317075,15.45,3.0557e-05,30339.7
0.318064,15.54,3.09362e-05,30830.2
0.319065,15.618,3.36694e-05,31100
0.320082,15.722,3.63564e-05,31454.4
0.3211,15.778,3.56606e-05,31634.4
0.322101,15.836,3.4731e-05,31618.6
0.323117,15.934,3.34889e-05,31932.8
0.324099,16.026,3.29119e-05,32794.7
0.32511,16.112,3.23433e-05,33065.7
0.326102,16.19,3.16944e-05,33218.9
0.327077,16.278,3.3082e-05,33862.4
0.328101,16.37,3.60027e-05,33908.6
0.329126,16.42,3.22064e-05,34277.8
0.33005,16.514,3.20495e-05,34578.9
0.331179,16.628,3.49159e-05,34732.8
0.332137,16.72,2.98961e-05,35116.8
0.333036,16.806,2.98574e-05,35202.2
0.334231,16.874,2.98416e-05,35245.1
0.335129,16.94,3.00793e-05,35504.2
0.336041,17.01,3.11937e-05,35767
0.337178,17.082,3.33592e-05,36187.6
0.338128,17.176,3.16274e-05,36566.5
0.339082,17.258,3.33416e-05,37439.7
0.340146,17.328,3.51353e-05,38028.2
0.341149,17.382,3.28273e-05,38640
0.342135,17.51,3.28203e-05,39422.9
0.343135,17.646,3.34329e-05,40380.3
0.344127,17.736,3.40539e-05,40535.2
0.345151,17.796,3.4717e-05,40545.2
0.346146,17.898,3.34803e-05,41197.8
0.347134,18,3.32669e-05,41712
0.34814,18.128,3.32515e-05,42031.8
0.349161,18.234,3.27433e-05,42289.6
0.350156,18.324,3.26871e-05,42443.5
0.351148,18.434,3.31199e-05,43104.8
0.352125,18.538,3.40753e-05,43456.3
0.353149,18.666,3.58676e-05,44093.2
0.354179,18.792,3.51235e-05,44964.4
0.355168,18.868,3.36837e-05,45479.3
0.356172,18.96,3.18431e-05,45649.2
0.357166,19.066,3.10536e-05,46242.8
0.358136,19.146,3.22074e-05,46528.3
0.359157,19.216,3.32196e-05,46846.7
0.360166,19.324,3.40937e-05,47321.5
0.36115,19.384,3.5752e-05,47314.3
0.362194,19.532,3.60597e-05,48532.5
0.363173,19.622,3.44342e-05,49257.6
0.36423,19.784,3.20031e-05,49744.7
0.365191,19.858,3.13208e-05,50136.9
0.366171,19.99,3.16415e-05,51028.9
0.367181,20.09,3.22306e-05,51341
0.368167,20.188,3.29302e-05,51618.3
0.369154,20.29,3.44194e-05,52202.9
0.37017,20.418,3.61241e-05,53211.6
0.371207,20.518,3.51942e-05,53380.8
0.372208,20.63,3.45262e-05,53888.6
0.373215,20.732,3.29382e-05,54462.1
0.374195,20.82,3.25959e-05,55169.8
0.375175,20.968,3.11582e-05,56095.5
0.376165,21.064,3.18123e-05,56578
0.377178,21.18,3.34262e-05,57603.8
0.37819,21.28,3.47047e-05,57790.8
0.379212,21.336,3.50838e-05,57863.6
0.380218,21.44,3.49564e-05,59251.2
0.381222,21.574,3.36052e-05,60250.3
0.382218,21.734,3.29312e-05,61031.6
0.383213,21.848,3.22708e-05,62420.4
0.384192,22,3.27757e-05,63772
0.38523,22.092,3.3107e-05,64419.8
0.386209,22.25,3.34986e-05,66625.8
0.387213,22.418,3.47488e-05,67433.6
0.388235,22.574,3.43084e-05,69270.3
0.389223,22.694,3.37005e-05,69938.2
0.390217,22.792,3.29213e-05,70400.4
0.391221,22.906,3.33746e-05,71254.6
0.392245,23.056,3.3743e-05,73544.4
0.393221,23.126,3.3692e-05,74311.1
0.39423,23.224,3.44189e-05,74590.9
0.395256,23.334,3.44359e-05,75277.2
0.396246,23.548,3.1586e-05,77167.8
0.397248,23.7,3.21729e-05,77847
0.398193,23.84,3.23748e-05,78521.2
0.399284,23.968,3.28335e-05,79741.5
0.400182,24.04,3.29984e-05,80113.2
0.401253,24.138,3.33365e-05,81435.5
0.402272,24.264,3.52142e-05,82423.2
0.403247,24.4,3.36314e-05,83544
0.404278,24.536,3.38611e-05,83878.4
0.405264,24.714,3.20619e-05,85800.1
0.406267,24.868,3.16624e-05,87293.3
0.407252,24.992,3.28919e-05,88570
0.408267,25.136,3.45562e-05,89450.8
0.409281,25.284,3.42449e-05,90933.7
0.410265,25.454,3.38993e-05,92437.9
0.411272,25.596,3.35182e-05,92886.4
0.412288,25.728,3.44158e-05,93675
0.413255,25.916,3.49768e-05,97522.5
0.4143,26.054,3.38807e-05,98107.5
0.41529,26.132,3.2822e-05,99075.3
0.416266,26.29,3.23173e-05,100215
0.417304,26.396,3.21697e-05,100920
0.418269,26.532,3.25137e-05,101504
0.419282,26.706,3.36878e-05,102788
0.420275,26.832,3.47785e-05,107948
0.421292,27.12,3.40308e-05,117095
0.422282,27.306,3.44076e-05,118164
0.423313,27.474,3.44266e-05,120051
0.424303,27.642,3.33724e-05,120681
0.425309,27.814,3.2794e-05,123004
0.426286,27.924,3.27885e-05,124161
0.42729,28.086,3.23113e-05,124815
0.428302,28.29,3.2897e-05,126425
0.42934,28.406,3.40689e-05,127219
0.430322,28.522,3.4907e-05,128099
0.431298,28.66,3.43746e-05,128508
0.432321,28.804,3.32006e-05,130043
0.433314,28.938,3.24414e-05,130815
0.434307,29.15,3.23028e-05,132574
0.435328,29.316,3.3321e-05,134738
0.4363,29.486,3.36064e-05,136241
0.437288,29.68,3.49102e-05,139749
0.438314,29.938,3.52786e-05,143727
0.439343,30.092,3.42859e-05,144422
0.440334,30.29,3.29398e-05,145991
0.441348,30.452,3.15445e-05,146112
0.442329,30.626,3.17239e-05,146967
0.443329,30.802,3.26852e-05,148473
0.444331,31.084,3.37646e-05,152158
0.445331,31.292,3.52845e-05,155095
0.446349,31.422,3.56888e-05,154488
0.447368,31.554,3.40504e-05,155816
0.44835,31.696,3.25327e-05,158280
0.44934,31.92,3.25289e-05,159253
0.450344,32.138,3.22724e-05,161729
0.45135,32.4,3.22725e-05,165936
0.452344,32.646,3.25358e-05,169288
0.453332,32.796,3.38613e-05,169349
0.454388,32.964,3.60944e-05,171141
0.45538,33.2,3.5272e-05,173952
0.456357,33.416,3.41443e-05,174405
0.457383,33.586,3.35007e-05,175097
0.458366,33.816,3.29176e-05,178785
0.459373,33.988,3.19925e-05,180512
0.460372,34.134,3.09195e-05,182048
0.461358,34.332,3.15382e-05,182197
0.462334,34.478,3.29687e-05,183331
0.463356,34.718,3.59595e-05,186441
0.464384,34.876,3.68791e-05,189020
0.46541,35.104,3.54646e-05,190283
0.46638,35.348,3.45035e-05,192029
0.4674,35.58,3.30544e-05,193894
0.468415,35.834,3.12727e-05,196721
0.469372,36.096,3.04432e-05,200357
0.470368,36.232,3.15353e-05,203051
0.471365,36.396,3.35698e-05,203880
0.472381,36.652,3.42691e-05,204599
0.473385,36.836,3.47026e-05,206787
0.474384,37.004,3.50071e-05,207612
0.475405,37.196,3.50485e-05,209191
0.476418,37.434,3.36128e-05,210765
0.477406,37.614,3.33286e-05,213939
0.478411,37.956,3.28788e-05,221319
0.479386,38.27,3.3913e-05,228209
0.480408,38.578,3.33389e-05,230502
0.48141,38.862,3.25803e-05,233067
0.482416,39.026,3.30763e-05,237203
0.483406,39.358,3.30158e-05,241877
0.484423,39.586,3.3019e-05,244265
0.485418,39.9,3.36631e-05,248483
0.486405,40.128,3.49605e-05,251870
0.487427,40.272,3.59597e-05,253531
0.488451,40.532,3.42717e-05,255626
0.489433,40.68,3.20397e-05,257669
0.490402,40.882,3.25731e-05,258350
0.49143,41.144,3.57262e-05,263382
0.49249,41.342,3.177e-05,264879
0.493459,41.594,2.84777e-05,270181
0.494382,41.784,2.78443e-05,271449
0.495353,42.028,3.54016e-05,271608
0.496525,42.21,3.90557e-05,273553
0.497535,42.552,2.62485e-05,278172
0.498435,42.808,2.56124e-05,280832
0.499333,43.144,2.53203e-05,286934
0.500445,43.43,4.86809e-05,289073
0.501565,43.798,2.56124e-05,296705
0.502464,44.044,2.60584e-05,301917
0.503364,44.246,2.67797e-05,304183
0.504373,44.548,3.79633e-05,308208
0.505545,44.868,3.49376e-05,313307
0.506517,45.234,2.86849e-05,322696
0.50744,45.444,2.89879e-05,324845
0.508409,45.68,3.14195e-05,328505
0.509469,45.948,3.51369e-05,331129
0.510497,46.212,3.26328e-05,333102
0.511465,46.378,3.22148e-05,334620
0.512448,46.868,3.42358e-05,345261
0.513471,47.132,3.56919e-05,348785
0.514494,47.544,3.49241e-05,352600
0.51548,47.75,3.36851e-05,353996
0.516476,48.042,3.33783e-05,357988
0.517492,48.428,3.30042e-05,360790
0.518482,48.684,3.30829e-05,364672
0.519488,48.988,3.2782e-05,366958
0.52049,49.204,3.33183e-05,367741
0.521512,49.48,3.36804e-05,370953
0.522488,49.8,3.26291e-05,374844
0.523492,50.048,3.31301e-05,377001
0.52448,50.29,3.34962e-05,380403
0.525494,50.654,3.50075e-05,391531
0.526514,51.038,3.52123e-05,393248
0.527513,51.336,3.50016e-05,397846
0.528517,51.726,3.45506e-05,409701
0.529534,52.28,3.34119e-05,418153
0.530531,52.702,3.14725e-05,425073
0.531526,53.14,3.03553e-05,429358
0.532483,53.434,3.10576e-05,438781
0.533498,53.758,3.2876e-05,442954
0.534519,54.186,3.43905e-05,446850
0.535489,54.564,3.52962e-05,456913
0.536515,55.164,3.6655e-05,470179
0.537543,55.608,3.61417e-05,474515
0.538565,55.926,3.31915e-05,482838
0.53954,56.356,3.1418e-05,491869
0.540527,56.732,3.11334e-05,497830
0.541525,57.104,3.21176e-05,500043
0.542533,57.56,3.2792e-05,514715
0.543516,58.078,3.34205e-05,520606
0.544541,58.51,3.4038e-05,538075
0.545518,58.884,3.49398e-05,542193
0.54651,59.516,3.6196e-05,558297
0.547567,60.062,3.38977e-05,570391
0.548555,60.548,3.27184e-05,582420
0.549548,60.8,3.24919e-05,589658
0.550554,61.278,3.22775e-05,598572
0.551558,61.582,3.25311e-05,604556
0.552548,62.244,3.24946e-05,620312
0.553531,62.766,3.40672e-05,631226
0.554549,63.218,3.55667e-05,637359
0.555568,63.542,3.50323e-05,646486
0.556567,64.068,3.38715e-05,658564
0.557569,64.506,3.28671e-05,662549
0.55857,65.104,3.15617e-05,674939
0.559551,65.62,3.14431e-05,683134
0.560564,66.252,3.31827e-05,699968
0.561556,66.662,3.43207e-05,703110
0.562585,67.052,3.51116e-05,709225
0.563611,67.392,3.48279e-05,716155
0.564599,67.756,3.33931e-05,720328
0.56557,68.136,3.31274e-05,725087
0.566591,68.474,3.24813e-05,730207
0.567585,68.862,3.27569e-05,737989
0.568578,69.644,3.31218e-05,772797
0.5696,70.288,3.45085e-05,787165
0.570576,70.916,3.53134e-05,803060
0.571558,71.558,3.38556e-05,818523
0.572597,72.122,3.3007e-05,834668
0.573608,72.972,3.25183e-05,858402
0.574612,73.91,3.27976e-05,889595
0.575589,74.582,3.26156e-05,910604
0.576596,75.212,3.3609e-05,915638
0.577585,75.742,3.43593e-05,921118
0.578616,76.478,3.43752e-05,938789
0.579607,77.24,3.41978e-05,978567
0.580623,77.716,3.46798e-05,987882
0.581617,78.454,3.36724e-05,997670
0.58263,78.8,3.25425e-05,1.00136e+06
0.583595,79.498,3.23651e-05,1.01261e+06
0.584633,79.764,3.22612e-05,1.0199e+06
0.585608,80.492,3.27242e-05,1.0341e+06
0.586598,81.052,3.38899e-05,1.03885e+06
0.587643,81.544,3.47524e-05,1.05508e+06
0.58861,82.23,3.44458e-05,1.07497e+06
0.589627,82.822,3.34187e-05,1.08393e+06
0.590633,83.276,3.38306e-05,1.09759e+06
0.591618,83.896,3.44411e-05,1.10089e+06
0.592631,84.538,3.4775e-05,1.10921e+06
0.593646,84.972,3.31941e-05,1.11895e+06
0.594632,85.622,3.15657e-05,1.13997e+06
0.595634,86.114,3.179e-05,1.16247e+06
0.596621,87.064,3.38466e-05,1.19554e+06
0.597652,88.024,3.34371e-05,1.20184e+06
0.598626,88.63,3.59366e-05,1.20918e+06
0.599646,89.456,3.31758e-05,1.23466e+06
0.600716,90.178,3.28335e-05,1.24953e+06
0.601615,91.01,3.28225e-05,1.29165e+06
0.602706,91.776,3.26846e-05,1.31283e+06
0.60365,92.764,3.22904e-05,1.35611e+06
0.604653,93.334,3.18685e-05,1.37605e+06
0.605642,94.436,3.42399e-05,1.40793e+06
0.606668,95.278,3.45093e-05,1.4295e+06
0.607678,96.326,3.35668e-05,1.47363e+06
0.608653,97.258,3.34837e-05,1.49155e+06
0.609677,98.212,3.33277e-05,1.51704e+06
0.610681,99.354,3.29465e-05,1.54668e+06
0.611675,100.162,3.37712e-05,1.56653e+06
0.612663,100.942,3.43793e-05,1.57592e+06
0.613685,102.092,3.49079e-05,1.6223e+06
0.614689,102.962,3.3482e-05,1.64308e+06
0.615668,103.968,3.31005e-05,1.68749e+06
0.616707,104.942,3.27708e-05,1.71634e+06
0.617686,105.482,3.218e-05,1.73437e+06
0.618681,106.638,3.27826e-05,1.75483e+06
0.619677,107.382,3.38536e-05,1.76943e+06
0.62068,108.172,3.49119e-05,1.77684e+06
0.621686,109.098,3.50596e-05,1.80144e+06
0.622709,110.05,3.46276e-05,1.83966e+06
0.62372,111.366,3.32572e-05,1.89854e+06
0.624733,112.158,3.15265e-05,1.91534e+06
0.625723,113.208,3.12115e-05,1.95933e+06
0.626704,113.974,3.23377e-05,1.99101e+06
0.627683,114.874,3.27805e-05,1.99983e+06
0.628691,116.046,3.43691e-05,2.01155e+06
0.629692,117.112,3.5249e-05,2.04308e+06
0.630728,118.442,3.61507e-05,2.07392e+06
0.631745,119.398,3.43273e-05,2.10113e+06
0.632731,120.566,3.29042e-05,2.12915e+06
0.633718,121.56,3.24543e-05,2.16206e+06
0.634727,122.396,3.16136e-05,2.18757e+06
0.635708,123.192,3.11225e-05,2.21611e+06
0.636669,124.166,3.17818e-05,2.24897e+06
0.637725,125.692,3.44574e-05,2.30557e+06
0.638704,126.808,3.61549e-05,2.30239e+06
0.639748,127.858,3.58982e-05,2.33472e+06
0.640733,128.456,3.41548e-05,2.35761e+06
0.641742,129.9,3.29917e-05,2.39767e+06
0.642763,131.238,3.22298e-05,2.42123e+06
0.643733,132.544,3.12853e-05,2.4596e+06
0.644726,133.782,3.20456e-05,2.49642e+06
0.64573,134.792,3.37307e-05,2.52181e+06
0.64672,136.032,3.49251e-05,2.5269e+06
0.647749,136.918,3.58455e-05,2.55159e+06
0.648773,138.286,3.39107e-05,2.58242e+06
0.64975,139.222,3.28828e-05,2.60348e+06
0.650742,139.956,3.26904e-05,2.6197e+06
0.651738,141.302,3.29837e-05,2.62464e+06
0.652758,142.718,3.35062e-05,2.66325e+06
0.653764,144.032,3.33765e-05,2.70031e+06
0.654752,145.328,3.33632e-05,2.74147e+06
0.655747,146.788,3.46719e-05,2.74311e+06
0.656771,148.094,3.37533e-05,2.77317e+06
0.657763,149.676,3.35053e-05,2.8276e+06
0.658764,151.216,3.30047e-05,2.846e+06
0.65975,152.616,3.26917e-05,2.88485e+06
0.660752,153.994,3.5162e-05,2.92379e+06
0.661816,155.514,3.35272e-05,2.96911e+06
0.662771,156.546,3.10927e-05,3.02027e+06
0.66372,157.794,3.37524e-05,3.05446e+06
0.664857,159.874,3.12062e-05,3.11951e+06
0.665769,161.202,2.98416e-05,3.1536e+06
0.666668,162.826,2.97579e-05,3.19324e+06
0.667863,164.768,2.98961e-05,3.26461e+06
0.668761,166.414,3.00888e-05,3.33011e+06
0.669719,167.626,3.42752e-05,3.38006e+06
0.670849,169.392,3.25006e-05,3.41274e+06
0.671772,170.596,3.26939e-05,3.44775e+06
0.672797,172.442,3.5653e-05,3.51177e+06
0.673821,173.504,3.29203e-05,3.52804e+06
0.674797,175.162,3.1545e-05,3.59184e+06
0.675788,176.56,3.2103e-05,3.5784e+06
0.6768,178.026,3.2847e-05,3.60433e+06
0.677781,179.336,3.36166e-05,3.63298e+06
0.678798,181.56,3.47778e-05,3.70258e+06
0.679799,182.672,3.59244e-05,3.72484e+06
0.680817,184.238,3.62688e-05,3.74695e+06
0.681834,186.43,3.36294e-05,3.8414e+06
0.682834,188.044,3.09235e-05,3.88256e+06
0.683824,189.106,3.0347e-05,3.95343e+06
0.684809,190.686,3.10744e-05,3.97346e+06
0.6858,192.592,3.29745e-05,4.01167e+06
0.686806,194,3.49236e-05,4.08617e+06
0.687801,195.806,3.58208e-05,4.10482e+06
0.688822,197.416,3.70742e-05,4.14325e+06
0.68986,199.36,3.52656e-05,4.17058e+06
0.690857,201.826,3.26341e-05,4.21439e+06
0.691844,203.478,3.10068e-05,4.26885e+06
0.692857,205.292,3.02121e-05,4.33339e+06
0.693812,207.21,3.1057e-05,4.39215e+06
0.694811,208.778,3.30793e-05,4.40405e+06
0.695835,210.816,3.45893e-05,4.44402e+06
0.696816,213.38,3.55801e-05,4.54672e+06
0.697853,215.218,3.66516e-05,4.63953e+06
0.698864,217.52,3.41923e-05,4.67093e+06
0.699876,219.224,3.30935e-05,4.70741e+06
0.700864,221.368,3.24105e-05,4.78998e+06
0.701857,223.194,3.15392e-05,4.84383e+06
0.702843,225.3,3.18921e-05,4.84714e+06
0.703847,227.188,3.28504e-05,4.87126e+06
0.704853,229.474,3.41955e-05,4.90707e+06
0.705863,231.534,3.50386e-05,4.90232e+06
0.706844,233.888,3.5067e-05,4.95218e+06
0.707882,236.014,3.44033e-05,5.01854e+06
0.708879,238.292,3.3093e-05,5.13345e+06
0.709876,240.494,3.30084e-05,5.17558e+06
0.710868,242.98,3.27105e-05,5.17298e+06
0.711874,245.18,3.28763e-05,5.17612e+06
0.712865,247.212,3.23331e-05,5.20736e+06
0.713888,249.702,3.33907e-05,5.27999e+06
0.714926,251.974,3.44907e-05,5.29221e+06
0.715855,253.67,3.54565e-05,5.33283e+06
0.716882,255.554,3.41381e-05,5.37048e+06
0.717901,258.328,3.3542e-05,5.43103e+06
0.718889,260.762,3.28309e-05,5.46506e+06
0.719893,263.05,3.16019e-05,5.48986e+06
0.720899,265.802,3.16008e-05,5.45396e+06
0.721877,268.25,3.29113e-05,5.47461e+06
0.722874,271.132,3.52292e-05,5.55569e+06
0.723901,273.902,3.58058e-05,5.59084e+06
0.7249,276.652,3.56001e-05,5.61822e+06
0.725911,279.524,3.37285e-05,5.6832e+06
0.726905,282.03,3.27007e-05,5.73824e+06
0.727934,284.256,3.20199e-05,5.75762e+06
0.728914,286.792,3.20519e-05,5.76463e+06
0.729891,289.91,3.21992e-05,5.75145e+06
0.730886,292.018,3.37478e-05,5.78133e+06
0.731892,295.156,3.58199e-05,5.82203e+06
0.732932,298.238,3.4789e-05,5.77842e+06
0.733943,300.372,3.31358e-05,5.82781e+06
0.734913,303.738,3.25503e-05,5.84513e+06
0.735905,306.658,3.2574e-05,5.87328e+06
0.73692,310.264,3.32916e-05,5.89061e+06
0.737928,314.084,3.45576e-05,5.9352e+06
0.738936,317.32,3.41296e-05,5.96303e+06
0.739915,319.494,3.46316e-05,5.9821e+06
0.740939,322.36,3.3461e-05,5.92253e+06
0.741936,324.834,3.3134e-05,5.92661e+06
0.742936,327.298,3.27385e-05,5.94381e+06
0.743934,330.214,3.35737e-05,5.93687e+06
0.744932,332.368,3.31953e-05,5.96783e+06
0.745942,335.536,3.44185e-05,5.95746e+06
0.746956,338.546,3.29217e-05,5.92692e+06
0.747906,341.178,3.48089e-05,5.9559e+06
0.748994,344.186,3.17592e-05,6.01189e+06
0.749894,347.466,3.14527e-05,5.99279e+06
0.751006,351.316,3.15015e-05,5.90489e+06
0.751905,353.884,3.19034e-05,5.96197e+06
0.752998,356.908,3.39417e-05,5.99339e+06
0.75394,359.714,3.28747e-05,5.94257e+06
0.754956,363.152,3.37881e-05,6.00196e+06
0.755954,366.088,3.29709e-05,5.93041e+06
0.756965,369.538,3.37796e-05,5.86579e+06
0.757955,373.044,3.33646e-05,5.79985e+06
0.758954,376.652,3.37483e-05,5.7728e+06
0.759974,379.474,3.39619e-05,5.73719e+06
0.760967,383.1,3.39094e-05,5.64493e+06
0.761982,385.916,3.39276e-05,5.54481e+06
0.762972,388.898,3.33807e-05,5.62127e+06
0.76398,391.632,3.34148e-05,5.61886e+06
0.764968,394.594,3.33081e-05,5.61543e+06
0.765981,398.1,3.30587e-05,5.68815e+06
0.766968,400.946,3.39054e-05,5.71407e+06
0.767972,403.456,3.5074e-05,5.73163e+06
0.76901,407.79,3.44095e-05,5.6643e+06
0.770002,410.668,3.20766e-05,5.67622e+06
0.770984,414.446,3.26719e-05,5.74396e+06
0.771992,417.612,3.28184e-05,5.69374e+06
0.772973,421.32,3.34406e-05,5.58918e+06
0.773997,425.394,3.46316e-05,5.4535e+06
0.775007,428.526,3.41707e-05,5.4874e+06
0.776002,432.338,3.41706e-05,5.545e+06
0.776976,435.576,3.36062e-05,5.57499e+06
0.777985,439.472,3.33961e-05,5.46055e+06
0.77899,442.496,3.28734e-05,5.48393e+06
0.77999,445.448,3.2797e-05,5.47902e+06
0.781005,448.49,3.38747e-05,5.46428e+06
0.782025,452.208,3.42633e-05,5.481e+06
0.783004,455.796,3.30722e-05,5.37547e+06
0.784021,459.636,3.28907e-05,5.32791e+06
0.785016,462.294,3.32002e-05,5.32041e+06
0.786001,465.4,3.32014e-05,5.33617e+06
0.787016,468.854,3.45472e-05,5.2599e+06
0.788015,472.272,3.53652e-05,5.25496e+06
0.789027,476.154,3.56104e-05,5.22376e+06
0.790045,479.788,3.4579e-05,5.20569e+06
0.791062,484.412,3.20237e-05,5.11423e+06
0.792032,487.202,3.03857e-05,5.14595e+06
0.79302,491.866,3.03865e-05,4.96087e+06
0.794025,494.838,3.21016e-05,4.98405e+06
0.795005,498.478,3.37331e-05,4.99151e+06
0.796013,501.544,3.58943e-05,5.01065e+06
0.797051,504.892,3.74845e-05,4.95679e+06
0.798032,508.22,3.51424e-05,4.93201e+06
0.799115,511.29,3.25208e-05,4.9289e+06
0.800021,514.906,3.21778e-05,4.79918e+06
0.801091,518.95,2.9426e-05,4.69324e+06
0.802025,522.73,3.04233e-05,4.53909e+06
0.803033,525.392,3.02278e-05,4.49552e+06
0.804048,528.974,3.28747e-05,4.45193e+06
0.805038,531.83,3.42329e-05,4.48919e+06
0.806057,535.494,3.65601e-05,4.41056e+06
0.807052,539.532,3.78916e-05,4.42718e+06
0.808074,542.34,3.67191e-05,4.41479e+06
0.809093,546.184,3.39619e-05,4.26925e+06
0.810094,549.632,3.20086e-05,4.2034e+06
0.811094,553.282,3.01395e-05,4.2289e+06
0.812084,557.84,2.96099e-05,4.17191e+06
0.813068,561.65,3.06428e-05,4.18209e+06
0.81405,564.232,3.24461e-05,4.14423e+06
0.815049,567.534,3.5571e-05,4.06415e+06
0.816093,571.194,3.70337e-05,4.08126e+06
0.817092,574.02,3.66436e-05,4.03619e+06
0.818106,577.576,3.48752e-05,3.95814e+06
0.819098,581.294,3.42573e-05,3.96078e+06
0.8201,584.796,3.25649e-05,3.76224e+06
0.8211,587.858,3.07212e-05,3.78766e+06
0.82209,591.002,3.04761e-05,3.73264e+06
0.82308,593.844,3.12896e-05,3.75977e+06
0.824089,597.244,3.3848e-05,3.69725e+06
0.825084,600.118,3.51109e-05,3.60423e+06
0.82608,604.166,3.60443e-05,3.42262e+06
0.827115,607.36,3.58967e-05,3.39704e+06
0.82812,610.342,3.44816e-05,3.35911e+06
0.82913,613.686,3.27702e-05,3.35233e+06
0.830115,616.946,3.20725e-05,3.35361e+06
0.83113,620.528,3.23903e-05,3.282e+06
0.83207,623.572,3.26454e-05,3.31129e+06
0.833109,627.376,3.27161e-05,3.26022e+06
0.834153,630.468,3.27026e-05,3.20527e+06
0.835083,633.646,3.35182e-05,3.17378e+06
0.83611,636.908,3.28133e-05,3.16777e+06
0.837119,640.034,3.37703e-05,3.14889e+06
0.83812,642.764,3.43492e-05,3.10006e+06
0.839114,646.032,3.54688e-05,3.0506e+06
0.840136,648.936,3.52781e-05,3.07426e+06
0.84115,651.986,3.33066e-05,3.06836e+06
0.842149,655.416,3.11914e-05,2.98496e+06
0.843137,658.632,3.17294e-05,2.98078e+06
0.844116,661.632,3.25142e-05,2.92885e+06
0.845135,665.122,3.45773e-05,2.89957e+06
0.846161,668.312,3.43249e-05,2.93034e+06
0.847122,671.34,3.42855e-05,2.89508e+06
0.848147,674.62,3.47436e-05,2.8273e+06
0.849146,677.34,3.45066e-05,2.8114e+06
0.850167,681.094,3.26607e-05,2.73252e+06
0.851146,684.03,3.25663e-05,2.6993e+06
0.852139,687.036,3.33185e-05,2.67667e+06
0.853154,690.214,3.36425e-05,2.64582e+06
0.854173,693.526,3.35904e-05,2.61786e+06
0.855175,696.826,3.31001e-05,2.60428e+06
0.856142,699.534,3.31657e-05,2.58876e+06
0.85713,702.96,3.29308e-05,2.52439e+06
0.858169,706.176,3.42111e-05,2.48811e+06
0.859198,709.996,3.44731e-05,2.43757e+06
0.860182,712.66,3.40398e-05,2.4497e+06
0.861175,715.728,3.34287e-05,2.40734e+06
0.862171,719.5,3.31967e-05,2.31596e+06
0.86318,723.17,3.26337e-05,2.18909e+06
0.864181,726.166,3.26117e-05,2.15523e+06
0.865173,730.378,3.29402e-05,1.90578e+06
0.866175,732.982,3.44117e-05,1.89258e+06
0.867213,736.764,3.38265e-05,1.85253e+06
0.868171,739.874,3.37475e-05,1.84217e+06
0.869191,743.038,3.44337e-05,1.79064e+06
0.870194,746.072,3.40992e-05,1.70194e+06
0.871202,749.202,3.40038e-05,1.65757e+06
0.872193,753.256,3.37051e-05,1.58084e+06
0.873208,755.868,3.31696e-05,1.55434e+06
0.874167,758.78,3.28171e-05,1.50928e+06
0.875175,762.076,3.19557e-05,1.47665e+06
0.876165,764.812,3.25073e-05,1.46016e+06
0.877186,768.092,3.41671e-05,1.4209e+06
0.878204,770.866,3.4534e-05,1.41786e+06
0.879192,773.46,3.45162e-05,1.37386e+06
0.880227,776.334,3.40925e-05,1.34308e+06
0.881236,779.426,3.2653e-05,1.32307e+06
0.882201,782.082,3.28761e-05,1.29093e+06
0.883206,784.37,3.31173e-05,1.27977e+06
0.884212,787.282,3.42098e-05,1.26326e+06
0.885226,790.714,3.39355e-05,1.2487e+06
0.886227,793.762,3.35905e-05,1.22372e+06
0.88722,796.872,3.32898e-05,1.184e+06
0.888216,799.912,3.29433e-05,1.15627e+06
0.889182,802.704,3.23567e-05,1.14431e+06
0.890197,805.628,3.3796e-05,1.10434e+06
0.891241,808.532,3.56699e-05,1.08221e+06
0.89224,811.232,3.48617e-05,1.06094e+06
0.893235,814.322,3.45218e-05,1.04083e+06
0.894248,816.688,3.29006e-05,1.02248e+06
0.895263,819.286,3.10631e-05,1.01409e+06
0.896235,821.834,3.08249e-05,1.0014e+06
0.897219,824.532,3.20172e-05,985052
0.89821,827.164,3.46159e-05,969439
0.899226,830.138,3.65242e-05,946687
0.900245,833.22,3.59428e-05,926122
0.901252,835.7,3.42001e-05,906231
0.902274,838.664,3.2728e-05,873120
0.903259,841.532,3.20808e-05,828360
0.904256,844.338,3.14888e-05,813654
0.905266,847.346,3.14405e-05,785085
0.906252,849.704,3.23478e-05,764508
0.907236,852.516,3.46515e-05,739507
0.908273,855.484,3.74046e-05,717577
0.90927,858.082,3.65981e-05,692614
0.91028,861.01,3.46328e-05,665335
0.911298,863.864,3.15585e-05,638505
0.912277,866.172,3.05427e-05,632877
0.913271,868.518,3.10006e-05,626907
0.914271,870.86,3.18711e-05,610182
0.915254,873.562,3.33311e-05,589623
0.916244,875.748,3.56413e-05,572908
0.917302,878.898,3.65507e-05,556374
0.918296,881.81,3.57965e-05,536733
0.919303,884.168,3.39955e-05,511234
0.920311,886.728,3.22975e-05,494695
0.921299,889.146,3.03195e-05,497958
0.922279,891.736,3.09996e-05,484927
0.923275,894.176,3.23061e-05,480965
0.924295,896.664,3.42501e-05,461616
0.925298,898.916,3.51969e-05,452638
0.926286,901.118,3.57396e-05,453726
0.927326,903.566,3.51616e-05,450189
0.928316,905.76,3.42514e-05,444535
0.929315,907.97,3.3202e-05,436933
0.930332,910.336,3.18256e-05,412710
0.931307,912.47,3.13006e-05,401661
0.932295,915,3.24533e-05,394660
0.933325,917.168,3.4226e-05,372644
0.934291,919.314,3.44818e-05,363994
0.935315,921.532,3.53425e-05,351140
0.936341,923.68,3.46269e-05,339313
0.937331,925.576,3.23578e-05,336242
0.938308,927.146,3.19629e-05,332140
0.939321,928.914,3.31323e-05,323665
0.940333,931.008,3.37084e-05,320976
0.941317,932.822,3.43369e-05,311325
0.942338,934.838,3.58824e-05,301296
0.943361,936.69,3.43407e-05,292703
0.944338,938.444,3.27988e-05,287209
0.945337,939.986,3.19954e-05,283429
0.946331,941.644,3.18808e-05,276465
0.947332,943.44,3.21203e-05,258059
0.948329,945.18,3.29181e-05,249452
0.949315,946.982,3.53748e-05,243779
0.950351,948.896,3.63402e-05,239323
0.951368,950.424,3.48102e-05,234948
0.952358,952.258,3.34029e-05,224368
0.953364,954.066,3.24403e-05,213555
0.954363,955.746,3.2734e-05,210469
0.955364,957.644,3.22877e-05,201519
0.956355,959.408,3.20932e-05,189833
0.957357,960.936,3.35951e-05,190390
0.958344,962.384,3.51495e-05,183130
0.959368,964.034,3.54483e-05,182026
0.960383,965.678,3.38636e-05,168111
0.961364,967.278,3.27627e-05,159770
0.962388,968.872,3.28425e-05,153904
0.963349,970.264,3.31593e-05,143851
0.964377,971.704,3.39131e-05,139182
0.96539,973.128,3.39118e-05,133860
0.966373,974.59,3.47736e-05,128989
0.967382,975.982,3.47438e-05,117529
0.9684,977.522,3.27316e-05,111899
0.969374,978.934,3.10435e-05,100877
0.970391,980.098,3.12877e-05,93532.2
0.971376,981.35,3.28303e-05,88079.8
0.972364,982.542,3.49241e-05,78514.1
0.973383,983.678,3.72672e-05,74839.2
0.974405,984.6,3.78862e-05,68906
0.975428,985.95,3.63149e-05,64343.8
0.97645,987.114,3.04988e-05,57580.5
0.977431,988.252,2.67263e-05,55562.2
0.978386,989.048,2.55058e-05,52972.8
0.979367,989.888,2.75569e-05,49027.7
0.980352,990.882,3.25678e-05,40828
0.981371,991.528,3.99369e-05,38840.6
0.982398,992.214,4.53528e-05,35488.1
0.983447,993.046,4.52034e-05,31623.9
0.984523,993.662,3.29276e-05,28853.9
0.985522,994.278,2.20581e-05,26470.4
0.986479,994.866,1.66717e-05,24094
0.987407,995.346,1.44657e-05,20845.1
0.988334,996.004,1.40836e-05,18252
0.989256,996.228,1.62182e-05,17704
0.990261,996.656,3.6248e-05,15990.8
0.991384,996.948,6.48287e-05,14986.6
0.992608,997.48,4.66055e-05,11718.8
0.993666,997.828,1.34187e-05,9799.21
0.994608,998.042,3.09377e-06,8394.12
0.995508,998.296,1.92415e-06,6142.19
0.996406,998.458,1.23145e-06,5496.12
0.997305,998.576,6.92693e-07,5020.11
0.998203,998.718,3.07863e-07,4127.24
0.999102,998.746,7.69659e-08,4010.74
1,998.746,0,4010.74
0.603418,94.744,3.63617,856129
14.3848,-1,-1,-1
