0,1,0,0
0.00136809,2.02,1.84845e-07,9.8
0.00228016,2.05,5.13459e-07,23.75
0.00319393,2.096,1.0282e-06,51.392
0.00412894,2.14,3.29946e-06,76.2
0.00520273,2.224,1.52513e-05,116.912
0.00631735,2.326,8.92118e-06,151.862
0.00729318,2.396,4.55064e-06,169.592
0.00823227,2.504,4.74429e-06,208.992
0.0091981,2.608,6.62033e-06,227.168
0.0102234,2.72,1.05585e-05,230.8
0.0112706,2.81,1.02872e-05,244.95
0.0122704,2.88,8.35929e-06,256.8
0.0132647,2.944,7.23294e-06,274.432
0.0142447,3.02,7.97187e-06,283.8
0.0152465,3.12,9.05135e-06,346.8
0.0162661,3.174,9.32695e-06,367.862
0.0172637,3.254,8.30943e-06,374.742
0.0182578,3.322,8.34055e-06,429.158
0.0192655,3.396,8.76148e-06,465.592
0.0202639,3.454,8.9003e-06,501.942
0.0212732,3.514,8.76653e-06,522.902
0.0222755,3.552,8.16356e-06,543.648
0.0232674,3.602,8.47362e-06,567.798
0.0242697,3.664,8.74071e-06,619.552
0.0252819,3.74,8.9482e-06,658.2
0.0262915,3.806,8.86554e-06,718.182
0.0272881,3.856,8.5134e-06,785.632
0.0282875,3.914,8.22798e-06,821.302
0.0292812,3.984,8.52729e-06,857.872
0.0302852,4.04,8.53995e-06,919.2
0.0312822,4.12,9.07805e-06,1124.8
0.0322972,4.186,9.20074e-06,1145.7
0.0333073,4.248,8.4222e-06,1193.25
0.0342904,4.316,7.89702e-06,1266.07
0.035287,4.378,8.16672e-06,1265.56
0.0362829,4.436,8.94333e-06,1288.95
0.0373105,4.502,9.53477e-06,1387
0.0383155,4.566,8.70473e-06,1418.82
0.0393168,4.626,8.00737e-06,1461.06
0.040297,4.682,7.87211e-06,1526.44
0.0412992,4.742,9.03522e-06,1663.72
0.0423102,4.834,9.03849e-06,1713.22
0.0433152,4.912,8.67857e-06,1770.13
0.0443158,4.964,8.54453e-06,1823.35
0.045316,5.006,8.46153e-06,1894.98
0.046317,5.058,8.71001e-06,1927.32
0.0473266,5.126,8.82997e-06,1973.06
0.0483234,5.182,8.48811e-06,2038.44
0.0493201,5.304,8.87189e-06,2199.79
0.0503368,5.404,8.53493e-06,2342.39
0.0513261,5.49,8.41275e-06,2388.95
0.0523365,5.55,8.75269e-06,2421.75
0.0533269,5.6,8.86495e-06,2474
0.0543353,5.696,8.78277e-06,2621.79
0.0553394,5.752,8.5558e-06,2691.25
0.0563405,5.838,8.44171e-06,2865.88
0.0573345,5.904,8.54124e-06,2915.39
0.058343,5.984,8.99038e-06,3041.87
0.0593488,6.062,8.7333e-06,3087.08
0.0603455,6.152,8.53464e-06,3232.45
0.0613551,6.278,8.61623e-06,3498.36
0.0623471,6.358,8.45848e-06,3626.92
0.0633474,6.478,8.75401e-06,3828.76
0.0643633,6.554,9.05894e-06,4051.54
0.0653656,6.66,8.72519e-06,4144.2
0.0663657,6.732,8.31456e-06,4252.09
0.0673662,6.802,8.23349e-06,4329.4
0.0683565,6.886,8.61571e-06,4508.5
0.0693639,6.984,9.18665e-06,4641.87
0.0703652,7.08,8.77997e-06,4944.8
0.0713857,7.178,8.56001e-06,5197.16
0.0723652,7.29,8.45649e-06,5364.95
0.0733726,7.368,8.47249e-06,5488.29
0.0743775,7.468,8.86518e-06,5544.49
0.075386,7.556,8.47461e-06,5667.43
0.0763875,7.684,8.66233e-06,5916.07
0.077374,7.762,8.92197e-06,6120.68
0.0783926,7.852,8.94233e-06,6349.05
0.0793892,7.966,8.37786e-06,6616.42
0.0803813,8.04,8.00466e-06,6945.2
0.0813772,8.128,8.66632e-06,7237.81
0.0823858,8.246,9.25313e-06,7710.74
0.0833951,8.344,9.14193e-06,7936.83
0.0844046,8.452,8.15324e-06,8155.85
0.0853977,8.542,8.08899e-06,8284.12
0.0863879,8.676,8.51394e-06,8897.51
0.0873962,8.82,8.96659e-06,9283.8
0.0884033,8.898,9.17856e-06,9321.8
0.0894137,9.028,8.81466e-06,9613.61
0.0904111,9.19,8.30862e-06,9860.95
0.0914033,9.252,7.95732e-06,9946.25
0.0924017,9.348,8.40808e-06,10405.4
0.0934103,9.48,9.2609e-06,10880.8
0.0944271,9.582,9.33367e-06,11141.6
0.0954201,9.7,8.32966e-06,11489
0.0964186,9.774,7.96481e-06,11579.5
0.0974145,9.9,8.44585e-06,12627
0.0984166,10.012,9.14499e-06,12953.9
0.099436,10.126,8.99941e-06,13383.1
0.100434,10.232,8.38632e-06,13749.1
0.101438,10.33,8.20098e-06,14236.6
0.102423,10.52,8.46826e-06,15226.8
0.103427,10.644,9.22266e-06,15862.6
0.104447,10.78,8.75715e-06,16593.8
0.105434,10.904,8.29375e-06,16781.4
0.106432,11.032,8.7893e-06,17073.5
0.107451,11.226,8.53614e-06,17337.5
0.108436,11.328,8.57659e-06,17728.2
0.109444,11.454,8.68107e-06,18571.9
0.110449,11.598,8.70126e-06,18798.2
0.11147,11.746,8.86524e-06,18828.7
0.112458,11.9,8.4075e-06,19331
0.113453,12.064,8.24035e-06,19912
0.114454,12.206,8.39874e-06,20345.8
0.115453,12.36,8.99335e-06,21103.2
0.116464,12.522,9.42334e-06,22070.8
0.11747,12.642,8.63648e-06,22498.9
0.118464,12.784,8.25128e-06,22822.7
0.119466,12.924,8.2449e-06,23121.1
0.120461,13.072,8.39049e-06,23665.4
0.121466,13.284,8.96555e-06,25945.7
0.122477,13.468,9.35517e-06,26818.5
0.123483,13.61,8.68531e-06,27227
0.124469,13.728,8.36057e-06,27441
0.125489,13.902,8.05613e-06,28814.2
0.126461,14.058,8.40743e-06,29015.3
0.12748,14.198,9.11494e-06,29521.4
0.128496,14.358,8.80914e-06,30126.9
0.12949,14.538,8.58257e-06,31404.3
0.130495,14.674,8.42916e-06,32491.9
0.131494,14.904,8.49544e-06,33393.4
0.132483,15.134,8.90151e-06,34404
0.133492,15.418,8.90527e-06,35607.6
0.134504,15.558,8.50359e-06,35801.3
0.135495,15.686,8.42112e-06,36307.7
0.136499,15.9,8.68476e-06,37287
0.137504,16.078,9.04459e-06,38264
0.138505,16.23,8.86171e-06,38874.6
0.139509,16.386,8.27843e-06,39566.5
0.140503,16.582,8.26506e-06,41311.6
0.1415,16.818,8.90511e-06,43470.4
0.142528,17.086,8.82088e-06,45837.3
0.143513,17.328,8.65334e-06,48156.2
0.144515,17.526,8.76191e-06,49340.7
0.145518,17.716,8.61192e-06,50243.7
0.146524,17.954,8.12536e-06,52069.9
0.147511,18.104,8.24775e-06,53134.6
0.148517,18.378,9.28189e-06,56869.6
0.149535,18.55,9.21009e-06,57489.8
0.150539,18.746,8.43915e-06,59318.7
0.15153,18.942,8.48655e-06,62047.3
0.152539,19.212,8.59929e-06,63009.5
0.153527,19.458,8.46857e-06,65236.1
0.15454,19.658,8.57762e-06,66468.5
0.15554,19.918,8.64884e-06,67887.6
0.156543,20.272,9.15726e-06,70781
0.157546,20.642,8.8726e-06,73114.9
0.158548,20.82,8.46178e-06,74521.8
0.159538,21.106,8.3284e-06,77305.4
0.160548,21.362,8.53918e-06,78869.5
0.161553,21.618,8.75178e-06,80486
0.162551,21.936,8.97507e-06,82584
0.16356,22.222,8.66165e-06,83944.4
0.164557,22.434,8.68305e-06,86992.8
0.165566,22.774,8.18072e-06,90021.5
0.166545,23.14,8.38125e-06,93138.2
0.167543,23.372,8.70591e-06,95226.8
0.168562,23.8,8.68511e-06,100040
0.169571,24.056,8.46161e-06,101496
0.170576,24.51,8.71509e-06,106025
0.171571,24.84,8.61946e-06,107497
0.172567,25.212,8.80404e-06,109920
0.173577,25.692,8.62297e-06,114265
0.174575,26.184,8.52796e-06,117381
0.175573,26.564,8.62466e-06,119555
0.176578,26.864,8.77496e-06,121805
0.177589,27.21,8.84136e-06,126495
0.178583,27.562,8.50257e-06,128491
0.179587,27.894,8.41927e-06,130181
0.180582,28.324,8.92705e-06,133976
0.181598,28.664,8.86093e-06,137336
0.182601,29.19,8.81415e-06,143669
0.183598,29.672,8.74964e-06,145176
0.184601,30.032,8.49164e-06,150507
0.185601,30.414,8.21327e-06,153507
0.1866,30.842,8.56152e-06,157403
0.187594,31.19,9.34276e-06,160417
0.188612,31.628,8.88246e-06,170943
0.189617,32.164,8.37379e-06,179475
0.190604,32.468,8.1188e-06,182216
0.191599,32.908,8.4399e-06,187098
0.192611,33.492,9.07379e-06,192407
0.193618,33.884,8.94072e-06,198629
0.194617,34.366,8.49945e-06,203806
0.195615,35.018,8.58241e-06,210633
0.196618,35.536,8.87335e-06,215988
0.197626,36.052,8.62302e-06,225223
0.19863,36.7,8.17166e-06,231823
0.199632,37.422,7.99129e-06,243924
0.200629,38.076,8.52444e-06,250527
0.201642,38.632,9.01504e-06,255028
0.202645,39.088,8.79066e-06,260918
0.203642,39.71,8.48067e-06,270321
0.204633,40.374,8.15548e-06,278235
0.205635,40.942,8.45678e-06,285637
0.206634,41.646,9.06981e-06,294944
0.207645,42.282,9.00402e-06,300245
0.208657,42.984,8.74712e-06,313766
0.209653,43.752,8.41619e-06,324201
0.210642,44.608,8.03752e-06,337717
0.211643,45.324,8.66188e-06,349310
0.212642,45.972,9.26064e-06,360914
0.213664,46.764,9.09426e-06,372126
0.214669,47.442,8.08294e-06,378787
0.215653,48.502,7.94414e-06,397779
0.216653,49.572,8.67969e-06,414340
0.217667,50.548,9.05746e-06,431182
0.218667,51.146,9.07777e-06,438408
0.219674,51.942,8.65577e-06,452929
0.22067,52.986,8.22679e-06,468689
0.221663,53.954,8.53263e-06,476264
0.222682,55.072,8.6656e-06,500419
0.22368,56.126,8.87092e-06,526785
0.22468,57.254,8.29566e-06,554307
0.225678,58.284,8.58013e-06,583730
0.226674,58.964,9.08023e-06,590599
0.227681,60.202,9.09397e-06,615607
0.228699,61.118,8.53602e-06,625330
0.229692,62.38,7.99081e-06,657616
0.230685,63.582,8.18824e-06,685990
0.231679,64.512,8.96353e-06,702125
0.232697,65.66,9.57239e-06,724672
0.2337,67.322,8.78883e-06,745585
0.234705,68.752,8.20595e-06,750351
0.235694,70.004,8.00892e-06,780472
0.236694,71.446,8.45954e-06,838080
0.237692,72.842,9.2328e-06,865213
0.238708,74.482,9.26313e-06,885793
0.239719,76.004,8.63485e-06,924130
0.240708,77.422,8.07863e-06,963274
0.241708,78.846,8.26247e-06,1.01002e+06
0.24271,80.144,8.75145e-06,1.03415e+06
0.243709,81.616,8.98344e-06,1.04893e+06
0.244719,83.074,9.2722e-06,1.06918e+06
0.245733,84.654,8.23259e-06,1.11502e+06
0.246719,85.978,8.12323e-06,1.13482e+06
0.247725,87.246,8.51184e-06,1.15322e+06
0.248695,89.02,8.88178e-06,1.20745e+06
0.249716,91.014,8.76245e-06,1.23736e+06
0.250753,92.938,8.07436e-06,1.28617e+06
0.251749,94.92,7.91231e-06,1.31403e+06
0.252718,96.636,8.23157e-06,1.35895e+06
0.253724,98.638,8.8027e-06,1.3917e+06
0.254735,100.198,9.10602e-06,1.41071e+06
0.255744,103.176,9.14977e-06,1.47548e+06
0.256752,105.752,8.25906e-06,1.53121e+06
0.257739,108.274,8.13884e-06,1.62825e+06
0.258738,110.664,8.49509e-06,1.68591e+06
0.25975,113.128,8.89143e-06,1.72294e+06
0.260749,115.218,9.10666e-06,1.74955e+06
0.261753,117.898,8.68737e-06,1.83262e+06
0.26276,120.57,8.58636e-06,1.90682e+06
0.263754,123.32,8.12798e-06,1.97756e+06
0.264751,125.784,8.77751e-06,2.03259e+06
0.265754,128.94,9.06905e-06,2.0952e+06
0.266765,131.502,8.76938e-06,2.17417e+06
0.267765,135.516,8.51397e-06,2.24571e+06
0.268767,138.2,8.42761e-06,2.34632e+06
0.269769,141.266,8.4641e-06,2.4558e+06
0.270764,143.812,8.8033e-06,2.48804e+06
0.27177,146.464,8.79948e-06,2.51422e+06
0.272775,150.004,8.72099e-06,2.56175e+06
0.273778,154.12,8.70541e-06,2.66653e+06
0.274781,157.56,8.54078e-06,2.71454e+06
0.275771,161.876,8.30442e-06,2.79856e+06
0.276774,164.828,8.70316e-06,2.87663e+06
0.277787,169.364,8.92537e-06,2.97179e+06
0.278789,173.24,8.88646e-06,3.01626e+06
0.27979,176.47,8.40994e-06,3.09679e+06
0.280786,180.774,8.57531e-06,3.16068e+06
0.28179,184.638,8.76161e-06,3.17118e+06
0.282791,189.288,8.70323e-06,3.23294e+06
0.283794,193.244,8.72492e-06,3.28291e+06
0.284799,196.986,8.34973e-06,3.34736e+06
0.285773,200.064,8.49088e-06,3.38405e+06
0.286817,205.004,8.80441e-06,3.42127e+06
0.28781,209.69,8.47611e-06,3.48318e+06
0.288803,214.024,8.30416e-06,3.51348e+06
0.289802,219.192,8.55294e-06,3.53212e+06
0.290801,223.256,9.06137e-06,3.56753e+06
0.291807,227.622,8.99884e-06,3.62598e+06
0.292821,231.696,8.69357e-06,3.63771e+06
0.293821,236.208,8.14775e-06,3.67686e+06
0.294812,241.384,8.23572e-06,3.72077e+06
0.295811,247.078,8.67884e-06,3.79798e+06
0.296819,253.606,9.28686e-06,3.87021e+06
0.297827,257.932,8.98238e-06,3.91147e+06
0.298831,263.164,8.5825e-06,3.931e+06
0.299839,267.654,7.91796e-06,3.90603e+06
0.300834,272.522,8.30776e-06,3.90103e+06
0.301825,277.756,8.91206e-06,3.87293e+06
0.302835,284.122,9.20041e-06,3.78788e+06
0.303844,289.514,8.9797e-06,3.82637e+06
0.304854,295.982,8.13581e-06,3.77769e+06
0.305836,300.598,8.05264e-06,3.77792e+06
0.306835,305.71,8.48487e-06,3.72542e+06
0.307829,311.178,9.04972e-06,3.68996e+06
0.308851,315.548,9.0732e-06,3.6609e+06
0.309845,320.352,8.82439e-06,3.60622e+06
0.310859,325.548,8.16342e-06,3.66533e+06
0.311841,330,8.15713e-06,3.64461e+06
0.312858,335.13,8.85599e-06,3.66436e+06
0.313855,341.39,8.89297e-06,3.57352e+06
0.314858,346.656,8.81831e-06,3.59568e+06
0.315867,352.76,8.80642e-06,3.55511e+06
0.316862,358.63,8.43683e-06,3.42028e+06
0.317858,364.342,8.29266e-06,3.26915e+06
0.318855,369.506,8.59551e-06,3.26722e+06
0.319874,374.952,9.2536e-06,3.27282e+06
0.320871,380.298,8.76256e-06,3.21897e+06
0.32188,386.654,8.35749e-06,3.08373e+06
0.322872,391.986,8.3957e-06,3.00108e+06
0.323862,396.816,8.60419e-06,2.91545e+06
0.324878,402.922,9.21013e-06,2.84237e+06
0.32589,408.336,8.74853e-06,2.70151e+06
0.326884,413.696,8.07438e-06,2.69214e+06
0.327874,418.92,8.33562e-06,2.57862e+06
0.328883,423.986,9.07501e-06,2.56332e+06
0.32988,429.43,9.48317e-06,2.54262e+06
0.330904,434.456,7.6509e-06,2.49624e+06
0.331899,439.4,8.84067e-06,2.39061e+06
0.332868,444.914,7.62054e-06,2.2405e+06
0.333945,449.728,8.00352e-06,2.17454e+06
0.33486,454.956,8.09579e-06,2.04968e+06
0.335923,459.858,8.21388e-06,2.02294e+06
0.336894,464.068,8.55391e-06,2.03301e+06
0.337907,470.188,8.349e-06,1.87235e+06
0.338906,474.92,8.58796e-06,1.85074e+06
0.339902,479.01,8.89243e-06,1.84918e+06
0.340919,484.696,8.85066e-06,1.72041e+06
0.341912,488.752,8.67776e-06,1.69523e+06
0.342914,492.686,8.41075e-06,1.69631e+06
0.343906,497.268,8.64822e-06,1.64206e+06
0.344915,501.746,8.66894e-06,1.59634e+06
0.345921,506.412,8.89312e-06,1.55676e+06
0.346922,511.094,8.4699e-06,1.48696e+06
0.34792,516.562,8.62745e-06,1.38632e+06
0.348924,521.2,8.76157e-06,1.33275e+06
0.349924,525.226,8.43034e-06,1.32901e+06
0.350921,529.76,8.69114e-06,1.2271e+06
0.351936,534.282,9.0075e-06,1.18452e+06
0.352947,538.756,8.33399e-06,1.08956e+06
0.353934,542.87,8.39981e-06,1.04368e+06
0.354942,546.954,8.94094e-06,1.01671e+06
0.355944,550.988,8.91386e-06,1.00925e+06
0.356939,554.75,8.81058e-06,1.01044e+06
0.357945,558.738,8.1947e-06,978563
0.358944,563.174,8.39252e-06,905762
0.359943,567.046,8.75125e-06,907766
0.360942,571.078,9.27914e-06,885972
0.361966,575.068,8.82204e-06,880948
0.362961,578.41,8.39211e-06,867307
0.363962,582.376,8.14957e-06,808729
0.364961,586.408,8.81805e-06,786891
0.365953,590.292,8.75683e-06,763967
0.366963,593.596,8.73905e-06,758634
0.367964,597.348,8.88318e-06,748257
0.368966,600.938,8.75425e-06,734957
0.369966,604.682,8.65015e-06,715942
0.370976,608.37,8.51034e-06,703267
0.371967,611.942,8.53954e-06,688429
0.372975,615.414,8.49058e-06,687317
0.373979,619.096,8.65332e-06,636327
0.374966,622.742,8.96519e-06,612296
0.376002,626.118,8.93566e-06,578456
0.37699,629.906,8.03971e-06,549415
0.377976,633.734,8.19961e-06,522030
0.378978,637.468,8.73508e-06,516862
0.379988,641.122,8.99956e-06,517082
0.380999,644.72,9.05826e-06,497159
0.382004,648.292,8.32047e-06,489879
0.38299,651.81,8.27866e-06,478635
0.38399,655.256,8.70848e-06,473109
0.385004,658.472,8.56392e-06,473159
0.385992,661.526,8.82159e-06,461425
0.387004,664.856,8.87047e-06,451490
0.388008,667.964,8.64683e-06,438411
0.389001,671.05,8.59077e-06,432910
0.39001,674.234,8.34683e-06,414168
0.391004,677.418,8.65455e-06,395886
0.392016,680.466,8.77031e-06,380746
0.393009,683.588,8.76586e-06,375885
0.394028,686.378,8.85267e-06,373490
0.395024,689.506,8.24618e-06,366745
0.396008,692.31,8.53747e-06,359347
0.397018,694.96,8.92089e-06,357549
0.398028,697.942,8.88218e-06,351257
0.399008,700.62,8.63441e-06,344040
0.400004,703.514,8.13375e-06,338033
0.401005,706.45,8.28253e-06,322686
0.40202,709.702,8.81921e-06,320103
0.403035,712.514,8.78747e-06,311979
0.404036,715.348,8.67596e-06,305409
0.405041,718.272,8.23198e-06,310403
0.406032,721.19,8.70211e-06,296269
0.407042,723.752,8.90062e-06,292649
0.408046,726.304,8.82771e-06,286036
0.409043,729.21,8.54099e-06,270855
0.410047,731.596,8.34566e-06,264376
0.411047,733.91,8.69399e-06,262711
0.412055,736.516,8.81561e-06,254551
0.413056,738.994,8.96675e-06,252467
0.414063,741.614,8.72566e-06,251557
0.415058,744.066,8.60002e-06,248135
0.416056,746.654,8.47585e-06,241333
0.417073,749,8.5062e-06,244452
0.418058,751.198,8.76306e-06,240531
0.419071,753.906,8.85665e-06,231513
0.42007,756.388,8.61262e-06,227169
0.421075,758.656,8.52435e-06,226353
0.422068,761.144,8.99208e-06,219094
0.423073,763.494,8.71349e-06,213117
0.424074,765.888,8.47807e-06,212994
0.425074,768.118,8.39952e-06,211110
0.426083,770.36,8.81224e-06,210759
0.427075,772.9,8.68563e-06,203491
0.42809,775.36,9.0612e-06,199303
0.429097,777.292,8.51647e-06,196267
0.430084,779.692,8.26827e-06,187155
0.43109,781.854,8.65128e-06,188038
0.432086,783.982,8.81571e-06,184019
0.433094,786.244,8.8909e-06,179894
0.434104,788.332,8.82707e-06,174609
0.435107,790.482,8.2064e-06,167851
0.436088,792.516,8.35411e-06,167345
0.437105,794.726,8.69099e-06,165381
0.438111,796.906,9.00915e-06,161367
0.439108,798.966,9.04499e-06,154616
0.44012,801.026,8.29534e-06,151979
0.441108,802.97,8.0591e-06,150031
0.442111,804.84,8.89854e-06,146999
0.443116,806.822,8.9917e-06,146205
0.444119,808.602,8.80373e-06,144058
0.445111,810.352,8.46681e-06,144656
0.44612,812.252,8.39349e-06,143882
0.447123,814.266,8.8175e-06,141992
0.448118,815.884,8.94705e-06,137551
0.449136,817.696,8.36829e-06,137128
0.450122,819.54,8.32202e-06,134696
0.451132,821.064,9.06871e-06,130670
0.452135,822.954,8.87688e-06,128462
0.453129,824.542,8.70124e-06,127920
0.454139,826.348,8.36081e-06,125717
0.455125,828.142,8.28431e-06,125323
0.456135,829.738,8.73934e-06,125115
0.457146,831.45,8.93183e-06,125452
0.458141,833.184,8.95084e-06,123741
0.459154,834.93,8.77513e-06,118993
0.460155,836.428,8.15891e-06,117456
0.461146,838.134,8.24366e-06,114452
0.462141,839.68,8.60111e-06,114509
0.46315,841.328,9.04986e-06,113778
0.464162,843.1,8.97209e-06,112515
0.465165,844.95,8.78131e-06,106178
0.46617,846.516,8.41594e-06,105447
0.467151,848.21,8.17573e-06,103431
0.468154,849.744,8.59359e-06,103505
0.469165,851.138,8.85366e-06,102199
0.470167,852.612,8.93802e-06,98906.7
0.47118,854.216,8.9933e-06,97956.7
0.472173,855.724,8.35087e-06,97613.9
0.473175,857.304,8.24741e-06,96771.8
0.474164,858.674,8.67124e-06,96007.9
0.475173,860.114,9.01347e-06,94450.5
0.476184,861.722,8.76737e-06,91814.4
0.477184,863.07,8.56824e-06,92052.5
0.478181,864.43,8.58669e-06,90892.5
0.479189,865.822,8.82975e-06,93177.2
0.480193,867.306,8.29881e-06,89652.2
0.481184,868.69,8.43675e-06,88907
0.482191,869.914,8.77256e-06,89035.3
0.4832,871.356,8.79687e-06,90174.6
0.484197,872.718,9.0799e-06,90879.2
0.485202,874.016,8.5545e-06,89451.9
0.486199,875.252,8.24365e-06,88658.2
0.487197,876.456,8.21578e-06,87254
0.488202,877.644,8.80383e-06,87514.6
0.489199,878.956,9.13937e-06,86155
0.490219,880.202,9.04216e-06,85260.6
0.491217,881.452,7.94155e-06,84757.8
0.492207,882.584,8.22341e-06,82757.5
0.493212,883.842,8.74169e-06,80882.5
0.494207,885.022,9.22182e-06,80784.8
0.495239,886.29,9.20743e-06,80059
0.496227,887.3,7.21153e-06,80129
0.497183,888.494,8.44604e-06,81457
0.498276,889.764,7.5037e-06,80166.2
0.499201,890.918,6.61619e-06,79203.6
0.500223,892.158,1.31093e-05,80044.5
0.501256,893.302,6.73956e-06,79681.4
0.50218,894.452,7.53033e-06,78657.8
0.503273,895.756,8.37403e-06,76970.2
0.504229,896.866,7.33134e-06,76166
0.505217,897.948,9.06606e-06,74606.6
0.506249,899.04,9.27721e-06,74619.2
0.507244,900.136,8.74015e-06,74140.8
0.508249,901.194,8.1774e-06,72956.2
0.509239,902.334,7.97756e-06,71567.2
0.510237,903.468,9.04431e-06,70360.5
0.511257,904.546,9.11983e-06,70703.9
0.512254,905.45,8.79196e-06,68959.7
0.513259,906.45,8.29977e-06,68677.7
0.514257,907.526,8.249e-06,67790.7
0.515254,908.64,8.4728e-06,66627.2
0.516259,909.522,9.08867e-06,65952.8
0.517256,910.536,8.81913e-06,66162.4
0.518265,911.552,8.77086e-06,65161.6
0.519272,912.536,8.50462e-06,64298.4
0.520263,913.436,8.33621e-06,63151
0.521267,914.41,8.79759e-06,61356.9
0.522275,915.36,8.59535e-06,60853.2
0.523272,916.248,8.50952e-06,60219.2
0.524272,917.12,8.80609e-06,60462.8
0.525283,918.072,9.0507e-06,59831.4
0.526292,918.928,8.67145e-06,58571.4
0.527281,919.736,8.23213e-06,57149.2
0.528283,920.684,8.34551e-06,57676.1
0.529276,921.582,8.94196e-06,56749.6
0.530289,922.476,8.90545e-06,55208.7
0.531291,923.288,8.88206e-06,53560.5
0.532302,924.066,8.6426e-06,52598.8
0.533305,924.864,8.15248e-06,52042.8
0.534286,925.616,8.39158e-06,50280.3
0.535291,926.346,8.72753e-06,50527.1
0.536294,927.142,8.99938e-06,50210.9
0.537306,928.046,9.0533e-06,49499.9
0.538315,928.894,8.69692e-06,48621.4
0.53931,929.63,8.27442e-06,47868.5
0.540301,930.456,8.13908e-06,47774
0.541302,931.368,8.75038e-06,46558.3
0.542315,932.122,8.92206e-06,45883.6
0.54331,932.798,8.90157e-06,45354.6
0.544321,933.532,8.78885e-06,45380.5
0.545331,934.26,8.3299e-06,44482.2
0.546317,934.944,8.32295e-06,45082.4
0.547327,935.664,8.70372e-06,43381.6
0.548321,936.33,8.8961e-06,42722.6
0.549324,937.106,9.03775e-06,41661.4
0.550334,937.794,8.31362e-06,41149.8
0.55132,938.57,8.44129e-06,40056.6
0.552338,939.248,8.91056e-06,39579.2
0.553333,939.95,8.81048e-06,38409.8
0.554336,940.676,8.36259e-06,37381.5
0.555345,941.498,8.50689e-06,37539
0.556337,942.128,8.72393e-06,37273.8
0.55734,942.724,9.00236e-06,37437.9
0.558345,943.378,8.88433e-06,36361.6
0.559348,944.024,8.0775e-06,36735.7
0.560336,944.68,8.29977e-06,37210.8
0.561348,945.392,9.04195e-06,37031.2
0.562345,946.068,9.00886e-06,36271.7
0.563351,946.628,8.6831e-06,36202.8
0.564368,947.288,8.38446e-06,35692.5
0.565349,947.82,8.1953e-06,35213.8
0.566352,948.426,8.80733e-06,34348.3
0.567362,948.966,8.85785e-06,34100.4
0.56837,949.544,8.85051e-06,34090
0.569366,950.122,8.64565e-06,33589.6
0.570372,950.62,8.2738e-06,33533.8
0.571359,951.222,8.45871e-06,33696.4
0.572366,951.866,9.01623e-06,33112
0.573381,952.412,8.64512e-06,33177.1
0.574374,952.898,8.82929e-06,32625.8
0.575382,953.494,8.40206e-06,32295
0.576382,954.07,8.50295e-06,31714.5
0.577383,954.542,8.6809e-06,31292.1
0.578388,955.096,8.9563e-06,30551.4
0.579382,955.582,8.5252e-06,30121.6
0.580386,956.08,8.64744e-06,29472.8
0.581385,956.494,8.84684e-06,29189
0.582398,957.032,8.76789e-06,28563.5
0.583383,957.498,8.51383e-06,28567
0.5844,958.108,8.46221e-06,27864.2
0.585398,958.54,8.56909e-06,27448.2
0.586393,958.996,8.71954e-06,26926
0.5874,959.422,8.92829e-06,26778
0.588401,959.886,8.84929e-06,26618.5
0.589409,960.45,8.68603e-06,26033.7
0.590409,960.914,8.3277e-06,25503.3
0.591413,961.398,8.52158e-06,25135.8
0.59241,961.818,8.82523e-06,25218.4
0.593414,962.218,8.85768e-06,24855.2
0.594424,962.68,8.74265e-06,24586.8
0.595415,963.168,8.23095e-06,24345.9
0.59642,963.6,8.63474e-06,23710
0.597421,964.044,8.79649e-06,23407
0.598436,964.5,8.8579e-06,23333
0.599451,964.924,8.2613e-06,22991.1
0.600452,965.33,8.16728e-06,22548.5
0.601448,965.758,8.6425e-06,22373.7
0.602428,966.166,8.86461e-06,22037.2
0.603438,966.662,8.89741e-06,21823.9
0.604448,967.062,8.51421e-06,21949.1
0.605432,967.37,8.23041e-06,21990.5
0.606428,967.734,8.86812e-06,21791.6
0.607447,968.082,8.78756e-06,21455.6
0.60844,968.432,8.75968e-06,21222.7
0.609452,968.812,8.65658e-06,21018.3
0.610446,969.164,8.38294e-06,20658.6
0.611455,969.54,8.5728e-06,20040.2
0.612448,969.922,8.56884e-06,19686
0.613452,970.284,8.88504e-06,19489.7
0.614464,970.65,8.85589e-06,19087.7
0.615452,971,8.5738e-06,18668
0.616466,971.354,8.69108e-06,18470.3
0.617466,971.784,8.25757e-06,17934.7
0.618452,972.154,8.26989e-06,17545.1
0.619457,972.548,9.09964e-06,17395.8
0.620468,972.848,9.05493e-06,17224.4
0.621478,973.19,8.7142e-06,16670.9
0.62248,973.556,8.23963e-06,16083.4
0.623466,973.898,8.05302e-06,15973.8
0.624454,974.244,8.94313e-06,15698.2
0.62549,974.558,8.94599e-06,15353.3
0.626477,974.872,8.63055e-06,15229.8
0.627481,975.182,8.5596e-06,14818.4
0.628489,975.464,8.61434e-06,14696.4
0.62948,975.758,8.47188e-06,14465.7
0.63049,976.124,8.63106e-06,14480.3
0.63149,976.454,8.74445e-06,14205.9
0.632492,976.764,8.85109e-06,14144.2
0.633493,977.022,8.772e-06,13998.8
0.634503,977.286,8.82077e-06,13508.1
0.635495,977.618,8.77983e-06,13474
0.636494,977.872,8.14115e-06,13271.8
0.637496,978.194,8.3261e-06,13330.2
0.63849,978.45,8.78496e-06,13229.7
0.639514,978.714,9.25969e-06,13152.1
0.640513,978.974,8.79307e-06,13310.7
0.641512,979.256,8.38897e-06,13137.2
0.642511,979.55,8.196e-06,12905.8
0.643517,979.844,8.81554e-06,12537.8
0.644512,980.082,8.87772e-06,12571.6
0.645514,980.338,8.92551e-06,12239.9
0.646522,980.634,8.39268e-06,12022
0.647509,980.848,8.36252e-06,11844.4
0.64852,981.072,8.98713e-06,11591.4
0.649535,981.328,8.67874e-06,11370.2
0.650532,981.57,8.41179e-06,11162.5
0.651532,981.816,8.8496e-06,10925.1
0.652536,982.106,8.62085e-06,10581.4
0.653534,982.342,8.43581e-06,10608.5
0.654535,982.538,8.94622e-06,10280.3
0.655541,982.768,8.68263e-06,10171.1
0.65655,982.956,8.59227e-06,10113
0.657542,983.194,8.413e-06,10016.2
0.658544,983.396,8.68415e-06,9913.59
0.659537,983.664,8.83014e-06,9805.55
0.660554,983.894,8.87947e-06,9799.38
0.66155,984.082,8.58404e-06,9583.64
0.66255,984.276,8.32033e-06,9329.91
0.663562,984.492,8.60319e-06,9296.97
0.664533,984.692,8.04134e-06,9092.57
0.665596,984.878,8.09212e-06,8993.56
0.666511,985.084,8.04109e-06,8910.47
0.667588,985.254,7.66446e-06,8880.74
0.668557,985.422,8.61785e-06,8773.96
0.669552,985.658,7.79549e-06,8686.52
0.670576,985.828,9.46932e-06,8493.21
0.671573,986.06,9.05175e-06,8444.2
0.672582,986.268,8.2884e-06,8108.09
0.673572,986.456,8.13031e-06,8012.03
0.674566,986.608,8.72517e-06,7977.17
0.675578,986.834,9.19137e-06,7851.22
0.676594,987.028,8.55174e-06,7631.61
0.677584,987.228,8.43909e-06,7570.01
0.678576,987.396,8.33909e-06,7283.59
0.679585,987.556,8.76709e-06,7081.43
0.680582,987.738,9.28988e-06,6890.68
0.681601,987.914,8.63795e-06,6789.3
0.682598,988.09,8.29467e-06,6600.95
0.683594,988.28,8.44944e-06,6498.8
0.684589,988.45,8.79988e-06,6389.75
0.685598,988.624,8.80718e-06,6395.31
0.686601,988.822,8.89316e-06,6347.16
0.687598,989.004,8.89089e-06,6327.99
0.688615,989.144,8.13983e-06,6313.63
0.689597,989.302,8.14763e-06,6247.4
0.690611,989.45,8.78318e-06,6251.75
0.691605,989.6,9.07251e-06,6116
0.692627,989.732,9.09527e-06,6124.09
0.693621,989.87,8.51247e-06,5880.55
0.69462,990.06,8.06024e-06,5782.2
0.695602,990.19,8.10631e-06,5664.95
0.696612,990.304,8.9614e-06,5549.79
0.697621,990.44,9.16202e-06,5375.2
0.698631,990.578,8.95377e-06,5241.96
0.699622,990.674,8.34355e-06,5125.86
0.700617,990.798,7.95043e-06,5142.6
0.701625,990.944,8.50536e-06,5084.43
0.702629,991.064,8.94155e-06,4991.95
0.703637,991.222,9.33389e-06,4968.36
0.704645,991.334,8.71314e-06,4885.22
0.705644,991.474,8.22725e-06,4888.66
0.706635,991.62,8.17488e-06,4899.8
0.707635,991.736,8.67136e-06,4855.15
0.708649,991.85,8.96174e-06,4829.75
0.709655,992.004,9.05286e-06,4747.99
0.710654,992.122,8.5647e-06,4609.56
0.711653,992.22,8.33955e-06,4629.8
0.712647,992.308,8.50761e-06,4626.57
0.713639,992.454,8.83585e-06,4537.94
0.714683,992.54,8.49113e-06,4508.2
0.715657,992.632,8.36406e-06,4510.29
0.716662,992.776,8.75488e-06,4328.91
0.717666,992.894,8.73845e-06,4315.38
0.718666,992.98,8.74645e-06,4257.8
0.71967,993.14,8.56991e-06,4148.2
0.720666,993.248,8.38686e-06,4035.25
0.721667,993.366,8.89403e-06,3858.02
0.722669,993.478,8.91422e-06,3798.76
0.723682,993.588,8.71609e-06,3723.13
0.724685,993.686,8.27452e-06,3575.7
0.725675,993.786,8.57895e-06,3560.1
0.726678,993.87,8.69613e-06,3480.55
0.727681,993.97,8.68551e-06,3358.55
0.728687,994.064,8.83242e-06,3319.95
0.729692,994.138,8.88016e-06,3257.48
0.730687,994.23,8.46885e-06,3258.55
0.731689,994.3,8.4088e-06,3237
0.732691,994.386,8.50607e-06,3186.5
0.733691,994.476,8.77895e-06,3102.71
0.734702,994.568,9.06648e-06,3132.69
0.735705,994.66,8.7889e-06,3046.2
0.736702,994.756,8.13721e-06,2978.23
0.737696,994.852,8.57855e-06,2941.05
0.738703,994.95,8.71145e-06,2849.75
0.739707,995.04,9.12737e-06,2825.2
0.740706,995.12,8.88346e-06,2776.8
0.741718,995.216,8.46169e-06,2724.67
0.742717,995.3,8.17435e-06,2709
0.743704,995.372,8.17821e-06,2714.81
0.744712,995.464,9.15364e-06,2628.35
0.745721,995.582,9.08602e-06,2593.64
0.746732,995.672,8.84947e-06,2512.21
0.747738,995.734,8.28777e-06,2485.62
0.748707,995.798,7.9422e-06,2482.6
0.749703,995.882,8.0011e-06,2424.04
0.75074,995.946,8.81303e-06,2367.54
0.751761,996.016,8.86522e-06,2293.87
0.752731,996.09,8.47256e-06,2254.95
0.753737,996.154,8.11711e-06,2245.14
0.754723,996.218,8.24505e-06,2185.24
0.755737,996.292,9.22355e-06,2125.37
0.756747,996.4,9.04016e-06,2096
0.757746,996.444,8.77176e-06,2037.43
0.758748,996.498,8.27505e-06,2003
0.759748,996.546,8.06012e-06,1985.94
0.760737,996.604,8.60351e-06,1983.59
0.761748,996.678,9.21414e-06,1957.16
0.762764,996.716,9.26868e-06,1927.67
0.763762,996.774,8.5062e-06,1901.46
0.764762,996.836,7.95784e-06,1874.55
0.765751,996.89,8.17462e-06,1824.95
0.766756,996.924,8.74755e-06,1811.11
0.767759,996.974,9.5301e-06,1758.66
0.768777,997.042,8.98329e-06,1724.12
0.769771,997.09,8.23655e-06,1696.95
0.770764,997.136,7.98121e-06,1670.75
0.771757,997.198,8.52152e-06,1615.4
0.772775,997.242,9.09766e-06,1615.72
0.773782,997.302,9.02418e-06,1563.4
0.774778,997.34,8.58558e-06,1508.2
0.775776,997.386,8.38592e-06,1480.5
0.776776,997.444,8.89249e-06,1451.43
0.777774,997.498,8.65559e-06,1443
0.778793,997.548,8.58875e-06,1421.85
0.779786,997.608,8.17452e-06,1341.17
0.780782,997.644,8.63053e-06,1322.63
0.781789,997.678,9.09837e-06,1293.16
0.782789,997.734,9.11901e-06,1293.62
0.783803,997.8,8.69956e-06,1286
0.784803,997.842,7.91101e-06,1256.52
0.785787,997.894,8.03127e-06,1245.38
0.786792,997.932,9.06733e-06,1185.69
0.787814,997.988,9.25273e-06,1141.93
0.788813,998.032,8.62792e-06,1115.49
0.789814,998.058,8.10983e-06,1083.32
0.790803,998.096,8.40966e-06,1055.39
0.791799,998.12,8.72646e-06,1036.8
0.792811,998.164,9.01063e-06,1006.55
0.793822,998.214,9.06564e-06,962.102
0.794821,998.254,8.45985e-06,910.742
0.795823,998.294,8.16364e-06,885.782
0.796814,998.328,8.42978e-06,870.208
0.797811,998.37,8.74347e-06,860.55
0.798814,998.414,8.97008e-06,851.302
0.799827,998.46,8.47488e-06,832.2
0.800824,998.49,8.06472e-06,820.95
0.801826,998.522,8.26032e-06,812.758
0.80283,998.554,8.64554e-06,789.542
0.803838,998.582,8.84099e-06,779.638
0.804841,998.6,8.53502e-06,758
0.805839,998.628,8.47606e-06,730.808
0.806838,998.658,8.97039e-06,722.518
0.807845,998.674,9.11802e-06,713.862
0.808857,998.696,8.38813e-06,689.792
0.809852,998.722,8.14498e-06,674.358
0.81084,998.748,8.34816e-06,672.248
0.811844,998.776,8.86824e-06,656.912
0.812862,998.816,9.30853e-06,639.072
0.813856,998.846,8.58745e-06,619.142
0.814855,998.876,8.24389e-06,616.312
0.815855,998.898,8.51782e-06,607.798
0.816858,998.94,8.72533e-06,574.2
0.817855,998.954,8.77776e-06,559.942
0.818858,998.978,8.80807e-06,550.758
0.819874,998.998,8.92212e-06,508.998
0.820869,999.022,8.3638e-06,482.758
0.821873,999.046,8.52576e-06,463.942
0.822867,999.066,8.82759e-06,446.822
0.823878,999.092,8.7818e-06,435.768
0.824883,999.114,8.61852e-06,416.502
0.825881,999.142,8.60435e-06,402.918
0.826879,999.168,8.60814e-06,395.888
0.827889,999.19,8.79993e-06,380.95
0.828885,999.202,8.63149e-06,368.598
0.82988,999.23,8.71155e-06,352.55
0.830885,999.246,8.45765e-06,346.742
0.831894,999.268,8.72889e-06,338.088
0.832913,999.282,8.70005e-06,335.238
0.833911,999.298,8.40211e-06,332.598
0.834891,999.32,8.2334e-06,330.8
0.835899,999.328,8.6537e-06,332.208
0.836896,999.334,8.67699e-06,333.222
0.837905,999.348,8.99921e-06,321.448
0.838903,999.36,8.77981e-06,313.2
0.839909,999.372,8.54472e-06,306.808
0.840918,999.39,8.32755e-06,300.95
0.841908,999.418,8.43776e-06,289.638
0.84291,999.438,8.84441e-06,279.078
0.843913,999.448,9.16761e-06,275.648
0.844916,999.462,8.62796e-06,270.278
0.845916,999.472,8.65233e-06,268.608
0.846929,999.486,8.5708e-06,246.902
0.847917,999.496,8.56005e-06,242.992
0.848926,999.506,8.37125e-06,232.982
0.849917,999.516,8.43762e-06,226.872
0.850921,999.53,9.18083e-06,226.55
0.851939,999.546,9.31897e-06,217.942
0.852945,999.556,8.25249e-06,215.432
0.853932,999.576,8.19996e-06,202.112
0.854938,999.598,8.63064e-06,190.198
0.855941,999.616,8.70756e-06,178.272
0.856943,999.63,8.58806e-06,172.55
0.857928,999.632,8.85509e-06,170.288
0.858956,999.64,8.91817e-06,167.2
0.859953,999.652,8.24456e-06,165.448
0.860947,999.658,8.30732e-06,164.518
0.861951,999.664,8.89314e-06,163.552
0.862952,999.672,9.0336e-06,158.208
0.863957,999.676,8.64671e-06,155.512
0.864961,999.688,8.49702e-06,149.328
0.865952,999.7,8.50427e-06,145
0.866964,999.702,8.9163e-06,144.598
0.867973,999.71,8.91068e-06,140.95
0.868962,999.716,8.4822e-06,139.672
0.869961,999.728,8.4232e-06,131.008
0.870966,999.736,8.52132e-06,129.152
0.87196,999.742,8.78226e-06,127.718
0.872976,999.75,9.1444e-06,125.75
0.873995,999.75,8.45385e-06,125.75
0.874967,999.75,8.01309e-06,125.75
0.875987,999.754,8.35992e-06,124.742
0.876973,999.764,8.64722e-06,120.152
0.877979,999.77,9.33185e-06,118.55
0.87899,999.778,9.0242e-06,114.358
0.879995,999.782,8.439e-06,113.238
0.88099,999.788,8.24989e-06,111.528
0.881992,999.796,8.24693e-06,109.192
0.882987,999.798,8.58537e-06,108.598
0.883992,999.808,9.42914e-06,101.568
0.885003,999.812,9.05558e-06,98.328
0.886002,999.818,8.39776e-06,96.438
0.887003,999.818,8.24141e-06,96.438
0.887999,999.82,8.48507e-06,95.8
0.888986,999.83,8.83984e-06,90.55
0.890007,999.84,8.68085e-06,81.2
0.891012,999.848,8.69368e-06,76.448
0.89202,999.858,8.61713e-06,72.918
0.893005,999.866,8.54357e-06,70.022
0.894024,999.87,8.7409e-06,66.55
0.895022,999.87,8.27581e-06,66.55
0.896009,999.876,8.81751e-06,64.312
0.897029,999.88,9.2592e-06,62.8
0.898033,999.88,8.43075e-06,62.8
0.899018,999.88,8.15477e-06,62.8
0.900022,999.886,8.38111e-06,58.502
0.90102,999.89,9.03114e-06,56.95
0.902039,999.892,9.14008e-06,56.168
0.903042,999.9,8.39756e-06,51
0.904037,999.902,7.97116e-06,50.198
0.905036,999.906,8.34493e-06,48.582
0.906029,999.914,9.32655e-06,45.302
0.907046,999.918,9.26104e-06,41.638
0.908054,999.922,8.45941e-06,39.958
0.909053,999.924,7.9551e-06,39.112
0.910045,999.934,8.34264e-06,34.822
0.911042,999.936,8.75737e-06,33.952
0.912053,999.938,9.15379e-06,33.078
0.91306,999.944,9.08375e-06,28.432
0.914068,999.946,8.55459e-06,27.542
0.915058,999.946,8.05439e-06,27.542
0.916051,999.946,8.16169e-06,27.542
0.917061,999.95,9.15526e-06,25.75
0.91807,999.954,9.21122e-06,23.942
0.919079,999.954,8.67021e-06,23.942
0.920075,999.954,8.03997e-06,23.942
0.921067,999.956,8.38654e-06,23.032
0.922063,999.958,8.92349e-06,22.118
0.923082,999.96,8.91174e-06,21.2
0.924069,999.964,8.61337e-06,19.352
0.92507,999.966,8.52884e-06,18.422
0.926078,999.974,8.88573e-06,12.662
0.927083,999.974,8.50424e-06,12.662
0.928091,999.974,8.39028e-06,12.662
0.92907,999.974,8.54551e-06,12.662
0.930091,999.974,8.80558e-06,12.662
0.931092,999.974,9.26498e-06,12.662
0.9321,999.976,8.60265e-06,11.712
0.93309,999.978,8.21256e-06,10.758
0.93409,999.98,8.37289e-06,9.8
0.93509,999.98,8.6825e-06,9.8
0.936093,999.982,9.04148e-06,8.838
0.937109,999.982,8.77661e-06,8.838
0.938109,999.984,8.45287e-06,7.872
0.939101,999.984,8.58987e-06,7.872
0.940111,999.984,8.5621e-06,7.872
0.941107,999.984,8.75353e-06,7.872
0.942113,999.986,9.01395e-06,6.902
0.943121,999.986,8.53665e-06,6.902
0.944116,999.986,8.47286e-06,6.902
0.945117,999.986,8.53061e-06,6.902
0.946121,999.986,8.81497e-06,6.902
0.947129,999.986,8.84279e-06,6.902
0.94812,999.986,8.75992e-06,6.902
0.94913,999.986,8.43732e-06,6.902
0.950119,999.986,8.53621e-06,6.902
0.951136,999.988,8.83704e-06,5.928
0.952133,999.988,8.44135e-06,5.928
0.953129,999.99,8.86082e-06,4.95
0.954139,999.992,8.77467e-06,3.968
0.95514,999.992,8.44712e-06,3.968
0.95614,999.998,8.46791e-06,0.998
0.957141,999.998,8.70321e-06,0.998
0.958146,999.998,9.11743e-06,0.998
0.959157,999.998,9.01536e-06,0.998
0.960159,999.998,7.87313e-06,0.998
0.961139,1000,7.95913e-06,0
0.962141,1000,8.66533e-06,0
0.963146,1000,9.5493e-06,0
0.964173,1000,8.93762e-06,0
0.965169,1000,8.18968e-06,0
0.966166,1000,7.89746e-06,0
0.967149,1000,8.4429e-06,0
0.968159,1000,9.13051e-06,0
0.969174,1000,9.04183e-06,0
0.970171,1000,8.64129e-06,0
0.971175,1000,8.62267e-06,0
0.972168,1000,8.20842e-06,0
0.973168,1000,8.49928e-06,0
0.974165,1000,8.83115e-06,0
0.975174,1000,8.97498e-06,0
0.976186,1000,8.7602e-06,0
0.977189,1000,8.53854e-06,0
0.978181,1000,8.1407e-06,0
0.979183,1000,8.83057e-06,0
0.980192,1000,8.88646e-06,0
0.981191,1000,8.68306e-06,0
0.982198,1000,8.3228e-06,0
0.983192,1000,8.35713e-06,0
0.98419,1000,9.36422e-06,0
0.98521,1000,9.14374e-06,0
0.986211,1000,7.91144e-06,0
0.987191,1000,7.03242e-06,0
0.988186,1000,8.31628e-06,0
0.989185,1000,1.0421e-05,0
0.990233,1000,1.08552e-05,0
0.991258,1000,6.64813e-06,0
0.992224,1000,4.42998e-06,0
0.993163,1000,4.17779e-06,0
0.994139,1000,9.0246e-06,0
0.995253,1000,1.5895e-05,0
0.996327,1000,3.33787e-06,0
0.997262,1000,8.10079e-07,0
0.998176,1000,3.28614e-07,0
0.999088,1000,8.21535e-08,0
1,1000,0,0
0.244138,83.658,0.715689,740087
4.91894,-1,-1,-1
