0,1,0,0
0.00118038,2.006,2.00021e-07,2.982
0.00236076,2.042,8.00082e-07,24.118
0.00346857,2.082,1.47602e-05,45.638
0.00416188,2.124,5.4194e-06,68.312
0.00531391,2.17,3.83238e-06,84.55
0.00642061,2.224,1.35367e-05,106.912
0.00722181,2.288,1.50552e-05,136.528
0.00829321,2.374,7.5624e-06,165.062
0.00937714,2.446,1.38194e-05,185.542
0.0102889,2.532,1.82821e-05,206.488
0.011297,2.604,1.06782e-05,215.592
0.0123531,2.684,1.3777e-05,222.072
0.0133211,2.76,1.72863e-05,231.2
0.0143023,2.84,1.25803e-05,267.2
0.0153431,2.918,1.3844e-05,277.638
0.0163268,2.982,1.5762e-05,278.838
0.0173148,3.05,1.43129e-05,287.75
0.0183345,3.11,1.38154e-05,272.95
0.0193418,3.166,1.50807e-05,267.222
0.0203332,3.222,1.47612e-05,282.358
0.0213351,3.274,1.41818e-05,287.462
0.0223405,3.312,1.44789e-05,311.328
0.0233352,3.378,1.47248e-05,351.558
0.0243395,3.446,1.46392e-05,393.542
0.0253507,3.486,1.41711e-05,426.902
0.0263635,3.518,1.453e-05,434.838
0.0273335,3.582,1.53951e-05,487.638
0.0283445,3.624,1.37324e-05,553.312
0.0293592,3.686,1.39045e-05,605.702
0.0303659,3.734,1.56148e-05,647.622
0.0313384,3.786,1.46392e-05,710.102
0.0323614,3.854,1.36066e-05,750.342
0.033362,3.898,1.48227e-05,811.798
0.0343639,3.99,1.52095e-05,956.95
0.0353602,4.068,1.40567e-05,989.688
0.0363533,4.128,1.45749e-05,1043.81
0.0373646,4.174,1.45817e-05,1097.86
0.0383701,4.208,1.45999e-05,1170.37
0.0393758,4.266,1.49935e-05,1175.62
0.0403844,4.312,1.40447e-05,1283.33
0.041378,4.378,1.42775e-05,1295.56
0.0423808,4.446,1.46601e-05,1355.54
0.0433805,4.508,1.41827e-05,1402.97
0.0443813,4.554,1.45119e-05,1445.54
0.0453784,4.604,1.4545e-05,1473.59
0.0463824,4.672,1.39435e-05,1500.21
0.0473868,4.724,1.50919e-05,1553.91
0.0483899,4.78,1.46737e-05,1645.8
0.0493904,4.852,1.39878e-05,1737.05
0.0504111,4.898,1.47254e-05,1807.8
0.0513955,4.962,1.52977e-05,1884.28
0.0524081,5.036,1.39894e-05,1989.35
0.053412,5.104,1.37645e-05,2042.59
0.0543975,5.162,1.55625e-05,2073.88
0.055404,5.22,1.41238e-05,2125.8
0.0563976,5.254,1.35549e-05,2192.74
0.0574098,5.318,1.53362e-05,2310.44
0.0584012,5.382,1.45781e-05,2324.04
0.0594009,5.466,1.39725e-05,2452.42
0.0604213,5.558,1.4775e-05,2563.32
0.0614066,5.618,1.4249e-05,2626.04
0.0624052,5.676,1.484e-05,2755.51
0.0634103,5.736,1.44315e-05,2885.15
0.0644216,5.818,1.45527e-05,3012.44
0.0654429,5.898,1.4683e-05,3059.8
0.0664161,5.95,1.44575e-05,3313.75
0.0674189,6.022,1.40606e-05,3444.76
0.0684411,6.11,1.46471e-05,3502.95
0.0694252,6.174,1.53179e-05,3531.86
0.0704319,6.268,1.3956e-05,3686.09
0.0714526,6.348,1.38034e-05,3849.45
0.0724282,6.386,1.51975e-05,3900.5
0.0734467,6.448,1.43853e-05,3941.65
0.074437,6.53,1.41839e-05,3990.55
0.0754528,6.598,1.50136e-05,4126.2
0.0764475,6.686,1.38122e-05,4687.7
0.0774706,6.764,1.48336e-05,4714.15
0.0784644,6.828,1.46684e-05,4763.21
0.0794461,6.888,1.41892e-05,4837.73
0.0804607,6.978,1.39634e-05,5046.76
0.0814544,7.042,1.48068e-05,5248.12
0.0824422,7.124,1.48718e-05,5426.31
0.0834546,7.212,1.3498e-05,5653.53
0.0844634,7.278,1.48246e-05,5830.36
0.0854665,7.362,1.54056e-05,6103.48
0.0864743,7.474,1.33881e-05,6438.66
0.0874645,7.53,1.49154e-05,6702.55
0.0884732,7.608,1.51125e-05,6867.17
0.0894693,7.686,1.33142e-05,7059.7
0.09047,7.79,1.52648e-05,7240.95
0.0914907,7.856,1.52324e-05,7567.63
0.0924701,7.942,1.28232e-05,7965.32
0.0934801,8.018,1.54788e-05,8176.84
0.0944819,8.13,1.53642e-05,8280.55
0.0954817,8.208,1.343e-05,8382.37
0.0965083,8.336,1.46695e-05,8775.55
0.0974863,8.452,1.50588e-05,9149.85
0.0984836,8.53,1.38627e-05,9310.55
0.0994903,8.61,1.457e-05,9554.95
0.100502,8.724,1.44413e-05,9975.91
0.101499,8.812,1.45164e-05,10164.3
0.102498,8.888,1.48547e-05,10239.7
0.103503,8.952,1.38337e-05,10390.8
0.104513,9.048,1.50602e-05,10486.8
0.10551,9.142,1.47694e-05,10920.9
0.106505,9.238,1.32467e-05,11250.7
0.107533,9.312,1.48069e-05,11443.3
0.108492,9.426,1.55321e-05,11702.3
0.109504,9.502,1.32038e-05,12029
0.110535,9.612,1.38515e-05,12316.7
0.111499,9.674,1.55576e-05,12397.9
0.112508,9.804,1.37948e-05,12892.8
0.113523,9.884,1.40843e-05,13199.3
0.11452,9.972,1.54537e-05,13301.6
0.115511,10.106,1.36908e-05,13947.4
0.116538,10.18,1.41923e-05,14311.8
0.117538,10.268,1.54317e-05,14396.1
0.118515,10.374,1.42872e-05,15047.1
0.119538,10.48,1.33592e-05,15784.8
0.12055,10.624,1.4576e-05,16013.3
0.121519,10.774,1.59806e-05,16751.5
0.122532,10.85,1.331e-05,16797.7
0.123547,10.938,1.33023e-05,17493.1
0.124526,11.054,1.61959e-05,17615.5
0.125535,11.164,1.42723e-05,18006.6
0.126539,11.26,1.32418e-05,18202.2
0.127581,11.384,1.49455e-05,18482.3
0.128545,11.488,1.51329e-05,18872.9
0.129546,11.608,1.33314e-05,19369.2
0.130584,11.69,1.4162e-05,19413
0.131553,11.84,1.52766e-05,20569.2
0.132544,11.938,1.36189e-05,20695.1
0.133581,12.084,1.38681e-05,21098.5
0.134557,12.204,1.54301e-05,21513.2
0.135544,12.346,1.39835e-05,21765.1
0.136562,12.462,1.41011e-05,22440.3
0.137566,12.57,1.48891e-05,23166.5
0.138554,12.718,1.45292e-05,23839.2
0.139592,12.856,1.39863e-05,24769.6
0.140578,12.964,1.46128e-05,25903.4
0.141574,13.1,1.45475e-05,26855
0.142594,13.216,1.3584e-05,26970.7
0.14361,13.38,1.46325e-05,28197.8
0.144575,13.502,1.53912e-05,29079
0.145582,13.59,1.34116e-05,29472.9
0.146601,13.776,1.44306e-05,30482.9
0.147582,13.948,1.58585e-05,31536.6
0.148566,14.08,1.36742e-05,32386.8
0.149611,14.292,1.29476e-05,36697.4
0.150611,14.434,1.57052e-05,36976.8
0.151581,14.618,1.49978e-05,37828
0.152594,14.742,1.2573e-05,38953.7
0.153627,14.85,1.48976e-05,39197.7
0.154612,14.968,1.60493e-05,39521.5
0.155583,15.076,1.34508e-05,40233.1
0.156628,15.224,1.36306e-05,41542.9
0.15761,15.426,1.55081e-05,44248.3
0.158603,15.576,1.48065e-05,44326.1
0.159617,15.746,1.36227e-05,45582.7
0.160626,15.85,1.49316e-05,45965.8
0.161608,16.034,1.501e-05,47988.4
0.16262,16.258,1.36805e-05,49825.7
0.163638,16.426,1.43489e-05,50136.3
0.164625,16.532,1.56931e-05,50840.5
0.165616,16.702,1.33402e-05,51586.6
0.166631,16.88,1.3469e-05,53180.8
0.167608,17.058,1.57032e-05,53715.3
0.168619,17.282,1.41163e-05,54975.2
0.169643,17.49,1.32027e-05,55801
0.170657,17.666,1.56571e-05,56677.2
0.171616,17.856,1.3943e-05,58111.6
0.172653,17.942,1.2998e-05,59043.3
0.173655,18.102,1.57846e-05,60227.8
0.174617,18.272,1.44392e-05,61373
0.175649,18.494,1.25914e-05,63521
0.176665,18.632,1.53603e-05,64106.3
0.177632,18.78,1.48887e-05,66121.8
0.17865,18.944,1.28195e-05,67772.4
0.179666,19.126,1.54666e-05,68943.1
0.180627,19.308,1.47526e-05,70692.6
0.18165,19.45,1.29725e-05,71287.8
0.18269,19.612,1.50223e-05,72600.7
0.183644,19.786,1.49549e-05,75078.1
0.184663,19.98,1.30548e-05,77021.8
0.185678,20.224,1.52559e-05,78340.9
0.186644,20.386,1.51577e-05,79156.5
0.187662,20.58,1.30237e-05,80779.8
0.188689,20.772,1.43661e-05,82616
0.18967,20.912,1.6018e-05,84482.1
0.190663,21.182,1.38098e-05,87260.4
0.191677,21.364,1.42229e-05,90431.8
0.192699,21.608,1.47854e-05,91483.2
0.193679,21.806,1.44064e-05,92670.2
0.194685,21.996,1.4646e-05,93598
0.195688,22.228,1.40112e-05,96906
0.196684,22.428,1.44165e-05,99166.4
0.197693,22.774,1.4997e-05,103679
0.198685,23.054,1.45207e-05,106310
0.199656,23.32,1.39231e-05,108411
0.200719,23.636,1.37585e-05,111924
0.201674,23.798,1.50279e-05,112339
0.202708,24.038,1.44341e-05,114376
0.203716,24.288,1.35806e-05,115519
0.204701,24.514,1.52775e-05,118025
0.205702,24.742,1.47442e-05,118996
0.206711,24.934,1.34839e-05,120885
0.207718,25.208,1.4917e-05,126168
0.20871,25.378,1.48264e-05,128558
0.209708,25.676,1.43306e-05,132176
0.210728,25.896,1.39222e-05,133233
0.211707,26.13,1.54764e-05,136475
0.212714,26.408,1.46678e-05,139659
0.213714,26.752,1.37008e-05,142003
0.21473,27.004,1.49468e-05,146778
0.215738,27.418,1.47714e-05,151168
0.216718,27.8,1.42331e-05,161850
0.217724,28.21,1.46514e-05,164271
0.218727,28.466,1.46996e-05,167852
0.219728,28.78,1.43259e-05,170108
0.220751,29.072,1.44388e-05,175239
0.221754,29.274,1.46683e-05,178283
0.222743,29.552,1.4356e-05,179886
0.223742,29.83,1.46031e-05,182819
0.224746,30.116,1.44168e-05,186071
0.225754,30.418,1.42304e-05,190690
0.226746,30.818,1.49371e-05,197314
0.227749,31.178,1.40811e-05,205109
0.228749,31.466,1.47582e-05,207750
0.229763,31.748,1.49133e-05,209366
0.230753,32.232,1.36121e-05,215419
0.231773,32.64,1.46892e-05,220241
0.232768,32.966,1.51325e-05,223424
0.233748,33.308,1.40651e-05,227289
0.234781,33.786,1.3946e-05,232272
0.235777,34.234,1.52062e-05,240386
0.23676,34.556,1.45001e-05,244103
0.237774,34.886,1.38207e-05,250615
0.238778,35.234,1.49717e-05,254698
0.239759,35.592,1.48746e-05,260567
0.240775,36.248,1.33035e-05,268781
0.2418,36.582,1.46433e-05,271780
0.242773,36.954,1.61271e-05,276822
0.24377,37.386,1.34338e-05,290677
0.244796,38.004,1.33305e-05,297258
0.245783,38.348,1.63564e-05,304329
0.246774,38.68,1.39785e-05,309675
0.247802,39.158,1.34394e-05,314979
0.248763,39.722,1.61118e-05,324334
0.24976,40.114,1.34048e-05,330401
0.250811,40.57,1.23266e-05,336861
0.251845,41.028,1.51401e-05,348520
0.252779,41.63,1.50901e-05,357581
0.253802,42.344,1.29702e-05,368217
0.254819,42.76,1.55652e-05,375013
0.255804,43.266,1.47093e-05,392450
0.256806,43.92,1.32915e-05,409121
0.257825,44.28,1.52426e-05,416765
0.258801,44.85,1.48679e-05,428892
0.259804,45.356,1.35387e-05,433893
0.260825,46.086,1.5139e-05,447611
0.26181,46.494,1.45614e-05,453699
0.262821,47.162,1.39773e-05,462954
0.263827,47.662,1.49666e-05,475540
0.264817,48.322,1.44874e-05,484037
0.265821,48.872,1.3969e-05,492808
0.266828,49.3,1.46327e-05,501739
0.267818,49.92,1.46326e-05,510775
0.268826,50.544,1.4627e-05,515102
0.269839,51.238,1.4365e-05,528005
0.27082,51.762,1.41532e-05,536193
0.27185,52.344,1.44395e-05,544043
0.272826,52.962,1.48626e-05,554344
0.273839,53.64,1.46647e-05,566755
0.274839,54.276,1.36507e-05,572878
0.275841,54.778,1.55339e-05,581214
0.276826,55.378,1.48515e-05,588914
0.277862,56.004,1.31895e-05,608084
0.278865,56.546,1.488e-05,620892
0.279846,57.14,1.58268e-05,625312
0.280849,57.76,1.345e-05,640257
0.281872,58.588,1.36917e-05,657573
0.282863,59.328,1.54832e-05,672520
0.283854,59.904,1.39029e-05,686599
0.28486,60.702,1.38224e-05,703329
0.285888,61.414,1.50418e-05,720937
0.286882,62.176,1.41191e-05,738737
0.287874,62.99,1.43465e-05,752949
0.288884,63.836,1.52879e-05,773415
0.289856,64.526,1.4492e-05,790313
0.290878,65.366,1.43736e-05,798510
0.291891,66.116,1.38812e-05,819841
0.29289,66.884,1.52573e-05,832285
0.293867,68.052,1.42526e-05,880583
0.294878,68.968,1.38203e-05,892245
0.295905,69.71,1.46965e-05,905795
0.296871,70.492,1.45822e-05,916119
0.297874,71.768,1.40989e-05,931863
0.298907,72.834,1.43026e-05,966409
0.299904,73.71,1.50941e-05,986735
0.300906,74.592,1.40759e-05,999659
0.301912,75.768,1.39316e-05,1.0264e+06
0.3029,76.436,1.49774e-05,1.04049e+06
0.303896,77.132,1.44536e-05,1.04925e+06
0.304909,78.384,1.3329e-05,1.09185e+06
0.305914,79.38,1.51792e-05,1.1133e+06
0.306913,80.316,1.48293e-05,1.12824e+06
0.307906,81.25,1.39089e-05,1.14912e+06
0.308931,82.522,1.40831e-05,1.18008e+06
0.309913,83.474,1.48201e-05,1.20526e+06
0.310896,84.328,1.4699e-05,1.22509e+06
0.311916,85.188,1.38335e-05,1.25442e+06
0.312929,86.156,1.45992e-05,1.27907e+06
0.313929,87.106,1.49932e-05,1.29751e+06
0.31492,88.396,1.3965e-05,1.3383e+06
0.315922,89.482,1.4258e-05,1.35555e+06
0.316929,90.356,1.50006e-05,1.37275e+06
0.317922,91.672,1.45301e-05,1.3929e+06
0.318931,93.024,1.42813e-05,1.43847e+06
0.31994,94.418,1.44382e-05,1.48029e+06
0.320936,96.004,1.44379e-05,1.51274e+06
0.321943,97.59,1.47628e-05,1.53704e+06
0.32294,98.856,1.46348e-05,1.57377e+06
0.323934,100.02,1.35298e-05,1.60048e+06
0.324946,100.76,1.47565e-05,1.6206e+06
0.325951,101.914,1.5435e-05,1.64149e+06
0.32694,103.392,1.38834e-05,1.66021e+06
0.327952,105.168,1.43076e-05,1.69902e+06
0.32896,107.214,1.47765e-05,1.7434e+06
0.329954,108.17,1.39777e-05,1.76863e+06
0.330962,109.524,1.31447e-05,1.80893e+06
0.331959,110.672,1.35507e-05,1.83214e+06
0.332934,112.668,1.30461e-05,1.89078e+06
0.333924,114.136,1.26514e-05,1.94571e+06
0.334923,115.476,1.34044e-05,2.00069e+06
0.335938,117.132,1.48781e-05,2.0258e+06
0.33696,118.65,1.47891e-05,2.05124e+06
0.337963,120.252,1.47426e-05,2.09094e+06
0.338973,121.648,1.47453e-05,2.11671e+06
0.339976,123.152,1.44043e-05,2.15449e+06
0.340986,124.55,1.44434e-05,2.19177e+06
0.341976,126.554,1.50438e-05,2.2362e+06
0.342979,128.686,1.39051e-05,2.26581e+06
0.343978,131.262,1.42451e-05,2.36964e+06
0.345002,132.68,1.54249e-05,2.40418e+06
0.345964,134.294,1.39355e-05,2.42729e+06
0.346995,136.194,1.37475e-05,2.48171e+06
0.347991,138.222,1.51956e-05,2.55365e+06
0.348981,139.986,1.4542e-05,2.56673e+06
0.349988,142.166,1.34579e-05,2.63328e+06
0.351001,143.928,1.50383e-05,2.65734e+06
0.351993,146.006,1.48899e-05,2.72481e+06
0.353008,147.86,1.36864e-05,2.78006e+06
0.353998,150.12,1.50021e-05,2.84055e+06
0.355004,152.48,1.45509e-05,2.87085e+06
0.355997,154.82,1.43656e-05,2.91092e+06
0.357,156.934,1.46896e-05,2.96339e+06
0.358008,158.858,1.41541e-05,2.98695e+06
0.359017,160.782,1.46054e-05,3.00181e+06
0.360018,162.672,1.46947e-05,3.05229e+06
0.360996,164.612,1.4026e-05,3.12605e+06
0.362027,166.856,1.44378e-05,3.20196e+06
0.363029,169.832,1.50181e-05,3.23934e+06
0.364007,171.976,1.41402e-05,3.25662e+06
0.365036,174.562,1.43548e-05,3.28977e+06
0.366032,176.722,1.48959e-05,3.29044e+06
0.367023,179.186,1.42374e-05,3.30978e+06
0.368043,182.164,1.44678e-05,3.32174e+06
0.369033,185.4,1.45518e-05,3.37808e+06
0.370031,188.43,1.41506e-05,3.44063e+06
0.371043,191.258,1.46617e-05,3.43671e+06
0.372034,193.916,1.45985e-05,3.47359e+06
0.373023,196.22,1.41495e-05,3.51763e+06
0.374054,199.114,1.46365e-05,3.52499e+06
0.375042,202.392,1.43868e-05,3.5403e+06
0.376071,205.346,1.51139e-05,3.59904e+06
0.377056,208.362,1.41276e-05,3.67283e+06
0.378053,210.89,1.38811e-05,3.70038e+06
0.379063,213.866,1.52396e-05,3.74675e+06
0.380049,215.748,1.44104e-05,3.7663e+06
0.381056,218.258,1.37958e-05,3.78328e+06
0.382069,221.78,1.46481e-05,3.79184e+06
0.38304,224.79,1.48654e-05,3.81448e+06
0.38405,226.828,1.37416e-05,3.85403e+06
0.385083,230.466,1.42274e-05,3.85056e+06
0.386062,234.366,1.58363e-05,3.93671e+06
0.387063,237.824,1.38038e-05,3.96388e+06
0.388086,240.95,1.36137e-05,4.04965e+06
0.389077,244.804,1.57938e-05,4.04889e+06
0.390053,248.858,1.42464e-05,4.06771e+06
0.391085,252.376,1.30753e-05,4.06362e+06
0.392094,255.11,1.45772e-05,4.05888e+06
0.39307,258.76,1.51137e-05,4.05042e+06
0.394079,262.41,1.36087e-05,4.06129e+06
0.395085,265.862,1.40265e-05,4.06448e+06
0.396088,269.65,1.50082e-05,3.99911e+06
0.397077,272.512,1.40728e-05,3.95544e+06
0.398096,276.812,1.43604e-05,3.93574e+06
0.399068,280.58,1.46027e-05,3.90735e+06
0.400111,283.858,1.36324e-05,3.91166e+06
0.401078,287.282,1.44536e-05,3.92492e+06
0.402109,290.75,1.53484e-05,3.92387e+06
0.403089,292.996,1.38821e-05,3.94398e+06
0.4041,296.602,1.4202e-05,3.96352e+06
0.405114,300.828,1.52922e-05,3.90806e+06
0.406088,303.142,1.42653e-05,3.93825e+06
0.407128,306.242,1.37706e-05,3.9817e+06
0.408118,309.478,1.47375e-05,3.98012e+06
0.40909,313.564,1.47627e-05,3.96564e+06
0.410133,317.6,1.39564e-05,3.91287e+06
0.411124,321.446,1.44887e-05,3.90509e+06
0.412098,325.414,1.50608e-05,3.93644e+06
0.413126,328.864,1.40986e-05,3.92542e+06
0.414122,332.26,1.39572e-05,3.93024e+06
0.415121,335.578,1.55355e-05,3.86907e+06
0.416126,338.996,1.458e-05,3.8138e+06
0.417129,342.264,1.30776e-05,3.8394e+06
0.418146,345.812,1.45062e-05,3.78253e+06
0.419126,349.11,1.55229e-05,3.78366e+06
0.420117,352.884,1.3792e-05,3.74123e+06
0.421161,357.16,1.31037e-05,3.6415e+06
0.422137,360.7,1.54757e-05,3.5206e+06
0.423121,364.118,1.53295e-05,3.49471e+06
0.424142,368.18,1.25622e-05,3.46246e+06
0.425152,372.096,1.50417e-05,3.42556e+06
0.426151,376.422,1.51506e-05,3.36858e+06
0.427128,380.618,1.34317e-05,3.30048e+06
0.428161,384.4,1.42276e-05,3.23247e+06
0.429154,388.076,1.49728e-05,3.21407e+06
0.430157,391.278,1.38547e-05,3.20591e+06
0.431177,394.698,1.40518e-05,3.17519e+06
0.432167,398.126,1.53578e-05,3.18535e+06
0.433159,401.874,1.47207e-05,3.15871e+06
0.434177,405.532,1.34375e-05,3.12723e+06
0.435159,409.686,1.48823e-05,3.06438e+06
0.43617,412.306,1.48165e-05,3.09044e+06
0.437166,416.688,1.37725e-05,2.9997e+06
0.438183,421.23,1.53982e-05,2.92082e+06
0.439167,425.412,1.42886e-05,2.83438e+06
0.440165,429.758,1.41539e-05,2.76246e+06
0.44119,434.456,1.47772e-05,2.64081e+06
0.442167,438.002,1.4667e-05,2.61168e+06
0.443185,441.83,1.45009e-05,2.59259e+06
0.444193,445.386,1.42133e-05,2.54891e+06
0.445161,448.678,1.41997e-05,2.47828e+06
0.446196,452.566,1.47688e-05,2.46656e+06
0.447191,456.388,1.43482e-05,2.42384e+06
0.448185,459.534,1.45509e-05,2.41604e+06
0.449204,463.122,1.44088e-05,2.43784e+06
0.45019,466.928,1.45941e-05,2.37185e+06
0.451206,471.118,1.3881e-05,2.34682e+06
0.4522,474.31,1.44469e-05,2.35047e+06
0.4532,478.052,1.57448e-05,2.30771e+06
0.454202,482.138,1.38696e-05,2.19618e+06
0.455204,485.724,1.34515e-05,2.16986e+06
0.456223,488.872,1.56368e-05,2.1698e+06
0.457193,492.446,1.49366e-05,2.04308e+06
0.458203,496.316,1.31346e-05,2.00791e+06
0.459236,499.838,1.44418e-05,1.98694e+06
0.460204,503.236,1.57345e-05,1.96316e+06
0.4612,506.752,1.34848e-05,1.96451e+06
0.46223,510.174,1.39436e-05,1.96409e+06
0.463226,513.674,1.5555e-05,1.89734e+06
0.464219,517.062,1.4252e-05,1.85605e+06
0.465239,520.3,1.36459e-05,1.80686e+06
0.466224,523.45,1.54693e-05,1.77349e+06
0.467217,526.978,1.44019e-05,1.73541e+06
0.468239,530.24,1.37286e-05,1.70091e+06
0.46925,533.56,1.49404e-05,1.67016e+06
0.470228,536.918,1.47953e-05,1.66122e+06
0.471243,540.41,1.3984e-05,1.63834e+06
0.472245,544.354,1.45899e-05,1.47503e+06
0.473236,547.22,1.51107e-05,1.44062e+06
0.474244,550.22,1.38632e-05,1.41179e+06
0.475248,554.108,1.50523e-05,1.36317e+06
0.476241,558.066,1.4927e-05,1.27304e+06
0.477255,561.44,1.34425e-05,1.25626e+06
0.478263,564.578,1.46289e-05,1.23055e+06
0.479248,567.314,1.53565e-05,1.21702e+06
0.480249,570.266,1.35598e-05,1.20302e+06
0.481269,573.684,1.44523e-05,1.19046e+06
0.482266,576.672,1.51416e-05,1.18036e+06
0.483267,579.704,1.40272e-05,1.14919e+06
0.484274,583.222,1.44264e-05,1.12688e+06
0.485257,586.362,1.51295e-05,1.09538e+06
0.486266,589.204,1.32797e-05,1.07197e+06
0.487268,592.176,1.48553e-05,1.06901e+06
0.488259,595.168,1.50574e-05,1.06349e+06
0.48926,598.578,1.33452e-05,1.02032e+06
0.490284,601.566,1.47193e-05,1.01558e+06
0.491268,604.776,1.5208e-05,962281
0.492267,607.452,1.43963e-05,955340
0.493297,610.566,1.36329e-05,932149
0.494264,613.234,1.45499e-05,929416
0.495299,616.226,1.57044e-05,910517
0.496294,619.012,1.27482e-05,908436
0.497224,622.034,1.39932e-05,893362
0.498364,625.516,1.18181e-05,884379
0.499265,628.038,1.10216e-05,882146
0.500274,631.29,2.19079e-05,864271
0.501325,634.342,1.1244e-05,835335
0.502226,637.036,1.18504e-05,820557
0.503366,640.296,1.39839e-05,807084
0.504296,642.762,1.2972e-05,804599
0.505292,645.702,1.54341e-05,782237
0.506326,648.464,1.48458e-05,761810
0.507293,651.004,1.3633e-05,746350
0.508323,653.556,1.42125e-05,736587
0.509322,656.728,1.53313e-05,696937
0.510306,659.496,1.46971e-05,686043
0.51133,662.47,1.33959e-05,657965
0.512331,665.554,1.50995e-05,636868
0.513322,668.006,1.48013e-05,625673
0.514324,670.49,1.33074e-05,608249
0.515333,673.458,1.52546e-05,547726
0.516316,675.87,1.43313e-05,546533
0.517324,678.55,1.40698e-05,545644
0.518324,681.192,1.5211e-05,546242
0.519321,683.54,1.4364e-05,542072
0.520341,686.09,1.35456e-05,534499
0.521343,688.752,1.52771e-05,532479
0.522327,691.462,1.45269e-05,525422
0.523335,693.872,1.34602e-05,512382
0.52435,696.524,1.49684e-05,496847
0.525342,698.736,1.49771e-05,490811
0.526346,701.16,1.39269e-05,476371
0.527354,703.718,1.51413e-05,477245
0.528345,706.414,1.44389e-05,461285
0.529347,708.918,1.39618e-05,451654
0.530362,711.342,1.47789e-05,448213
0.53134,713.866,1.49416e-05,444768
0.532351,716.386,1.35908e-05,435091
0.533373,719.164,1.43896e-05,415417
0.534366,721.67,1.54983e-05,408465
0.535351,724.126,1.36443e-05,404355
0.536371,726.544,1.43049e-05,399468
0.537364,729.096,1.56858e-05,391791
0.53836,731.392,1.37773e-05,393805
0.53939,733.782,1.35308e-05,379347
0.540386,736.33,1.57231e-05,373547
0.541354,738.424,1.44003e-05,365138
0.542387,740.786,1.30511e-05,360394
0.543398,743.076,1.48269e-05,353555
0.544368,745.166,1.5548e-05,350215
0.545386,747.408,1.3612e-05,339459
0.546388,749.562,1.37765e-05,326807
0.547391,751.626,1.55418e-05,322015
0.548391,753.908,1.44767e-05,314488
0.549384,756.126,1.39269e-05,312845
0.5504,758.542,1.45178e-05,304364
0.551387,760.734,1.43859e-05,303640
0.552405,762.742,1.46095e-05,295396
0.5534,764.664,1.42762e-05,296142
0.554394,766.754,1.47432e-05,288459
0.55543,768.6,1.43096e-05,288846
0.556397,770.578,1.43199e-05,287522
0.557405,772.786,1.44906e-05,287206
0.558423,775.042,1.46512e-05,285256
0.5594,777.128,1.4724e-05,284420
0.560426,779.132,1.40781e-05,284885
0.561423,781.124,1.43738e-05,280392
0.562407,783.386,1.53236e-05,278089
0.563424,785.36,1.36622e-05,277379
0.56442,787.368,1.48233e-05,273222
0.565432,789.608,1.49777e-05,264787
0.566413,791.364,1.33528e-05,262342
0.567431,793.102,1.46792e-05,256114
0.568423,794.952,1.5421e-05,247827
0.569413,796.652,1.40688e-05,241211
0.570434,798.262,1.38739e-05,237629
0.571436,800.062,1.49162e-05,232867
0.572429,801.886,1.42965e-05,231435
0.573463,803.912,1.33758e-05,228406
0.574439,805.652,1.52408e-05,230799
0.575438,807.484,1.5106e-05,223387
0.576448,809.172,1.25446e-05,221615
0.577469,810.918,1.52259e-05,218212
0.578453,812.826,1.55011e-05,208460
0.579429,814.376,1.31734e-05,205791
0.580473,816.184,1.36922e-05,205663
0.581464,817.852,1.54367e-05,199131
0.582444,819.584,1.46713e-05,194595
0.583461,821.238,1.31014e-05,190369
0.584464,822.988,1.43287e-05,193576
0.58547,824.632,1.55294e-05,187078
0.586468,826.348,1.4044e-05,183695
0.587464,827.894,1.40442e-05,183923
0.588492,829.582,1.51034e-05,180962
0.589466,831.12,1.44928e-05,178191
0.590457,832.756,1.38291e-05,176170
0.5915,834.226,1.48481e-05,171695
0.592472,836.004,1.46576e-05,169692
0.593462,837.582,1.36482e-05,165734
0.594502,839.032,1.43459e-05,163311
0.595476,840.586,1.53265e-05,158389
0.59649,842.192,1.42257e-05,156832
0.597501,843.676,1.39398e-05,153582
0.598481,845.104,1.50745e-05,153911
0.599512,846.456,1.45348e-05,154198
0.600479,847.854,1.37845e-05,152004
0.601522,849.384,1.4671e-05,151502
0.602494,850.764,1.43203e-05,151094
0.603513,852.194,1.4015e-05,146922
0.604503,853.644,1.5111e-05,144179
0.605505,855.178,1.40117e-05,141039
0.606511,856.462,1.3598e-05,137072
0.60752,857.856,1.51554e-05,132784
0.608496,859.278,1.4688e-05,129172
0.609506,860.594,1.29966e-05,126467
0.610537,862.076,1.42134e-05,126179
0.611513,863.582,1.57867e-05,125750
0.612504,864.904,1.3636e-05,126117
0.613527,866.322,1.38686e-05,123405
0.614528,867.504,1.58217e-05,123135
0.615507,868.898,1.41237e-05,123914
0.61654,870.12,1.38439e-05,123881
0.61755,871.45,1.48131e-05,122006
0.618521,872.68,1.45724e-05,119631
0.619534,873.85,1.3862e-05,117996
0.620542,875.29,1.44334e-05,114289
0.621527,876.438,1.51833e-05,114579
0.622537,877.804,1.39419e-05,113979
0.623534,878.966,1.3997e-05,111456
0.624519,880.198,1.50361e-05,109149
0.625549,881.512,1.45545e-05,106167
0.626536,882.856,1.44516e-05,105416
0.627568,884.198,1.42771e-05,103473
0.628556,885.382,1.46444e-05,102234
0.629547,886.558,1.45485e-05,101829
0.630559,887.694,1.42311e-05,100076
0.631557,888.95,1.46185e-05,98117.8
0.632547,890.194,1.43851e-05,96004.2
0.633567,891.412,1.43435e-05,93115.1
0.634558,892.53,1.50352e-05,92406.5
0.635554,893.638,1.42512e-05,90101.5
0.636583,894.868,1.42293e-05,89155.3
0.637561,895.974,1.50038e-05,88160.7
0.638563,897.182,1.44927e-05,88502.4
0.639594,898.26,1.40306e-05,88544.2
0.640573,899.346,1.46508e-05,87835.1
0.641573,900.328,1.45226e-05,88092.2
0.642582,901.48,1.42969e-05,86726.8
0.64359,902.46,1.46116e-05,85914.2
0.644593,903.656,1.43152e-05,83598.8
0.645586,904.67,1.47317e-05,82718.6
0.646592,905.562,1.50559e-05,81223.1
0.647582,906.54,1.36008e-05,78956.2
0.648597,907.612,1.48976e-05,77698.7
0.649589,908.556,1.50472e-05,77535.4
0.650602,909.484,1.34784e-05,76582.9
0.65161,910.542,1.46332e-05,74856.1
0.652599,911.59,1.50814e-05,74956.9
0.653596,912.578,1.37995e-05,71914
0.654626,913.676,1.39603e-05,71805.5
0.655588,914.744,1.53544e-05,71055.2
0.656612,915.726,1.42639e-05,69233.5
0.657611,916.632,1.39731e-05,69188.3
0.658614,917.55,1.49665e-05,67183.7
0.659604,918.542,1.44156e-05,66660.1
0.660614,919.346,1.44456e-05,64093.1
0.661618,920.41,1.4856e-05,62355
0.662628,921.206,1.47663e-05,62135.8
0.66363,922.03,1.50043e-05,61218.5
0.664652,922.906,1.52065e-05,60560.6
0.665667,923.694,1.35171e-05,60526.2
0.666667,924.57,1.2559e-05,60056.5
0.667656,925.436,1.31151e-05,60119
0.668631,926.17,1.38333e-05,59560.6
0.669628,927.11,1.33132e-05,58740.9
0.670637,928.148,1.40764e-05,58369
0.67163,928.95,1.48357e-05,58071.8
0.672638,929.784,1.42869e-05,57384.7
0.67365,930.552,1.38312e-05,57595.6
0.674639,931.376,1.53545e-05,55887.3
0.675645,932.252,1.48048e-05,55634.2
0.676656,933.09,1.36443e-05,55663
0.67765,933.888,1.44929e-05,53755.7
0.678648,934.738,1.47405e-05,52600.7
0.679655,935.496,1.4601e-05,51415
0.68065,936.292,1.44803e-05,50887.4
0.681659,937.104,1.4251e-05,49512.6
0.682668,937.844,1.45836e-05,49541.8
0.683662,938.66,1.4994e-05,48396.2
0.684668,939.382,1.42195e-05,48234
0.68567,940.026,1.39999e-05,47888.7
0.686661,940.77,1.49226e-05,46158.5
0.687661,941.528,1.45521e-05,44462.6
0.688675,942.128,1.39566e-05,44187.8
0.689694,942.726,1.46906e-05,43357.5
0.690677,943.406,1.48539e-05,43062.6
0.691659,944.096,1.41842e-05,43973.4
0.692684,944.884,1.39081e-05,42593.3
0.693678,945.518,1.47196e-05,40928.8
0.694676,946.082,1.52748e-05,40737.6
0.695682,946.712,1.33941e-05,40262.5
0.696694,947.404,1.43687e-05,39530.4
0.69769,948.07,1.4981e-05,38796.6
0.698678,948.652,1.39895e-05,38157.4
0.699684,949.364,1.40641e-05,37229.8
0.700686,949.982,1.51406e-05,37042.8
0.701683,950.584,1.42574e-05,36345.5
0.702716,951.118,1.41159e-05,35710
0.703719,951.79,1.46672e-05,35809
0.704685,952.358,1.46442e-05,35624.9
0.705712,953.05,1.37892e-05,35483.7
0.706723,953.592,1.41456e-05,34818.8
0.7077,954.162,1.52772e-05,34425.9
0.708699,954.694,1.39991e-05,34038.2
0.709712,955.296,1.43381e-05,33134.2
0.710734,955.866,1.43421e-05,32320
0.711707,956.426,1.5367e-05,31844.3
0.712716,957.032,1.43121e-05,31755.5
0.713708,957.646,1.4201e-05,30374.3
0.714703,958.164,1.50953e-05,29768.6
0.71573,958.696,1.37672e-05,29739.8
0.716736,959.232,1.3988e-05,29955.1
0.717727,959.87,1.55182e-05,29514.6
0.718718,960.372,1.37074e-05,29236.8
0.719741,960.838,1.33864e-05,28773.9
0.720744,961.334,1.58803e-05,28043.2
0.721725,961.882,1.49784e-05,27602
0.722728,962.374,1.32034e-05,27553.1
0.723764,962.916,1.48537e-05,28032.5
0.724749,963.452,1.554e-05,28097.8
0.725751,963.974,1.37238e-05,27442.7
0.726751,964.458,1.47777e-05,27660.1
0.727764,964.906,1.47575e-05,27616.6
0.72874,965.33,1.45878e-05,26820.5
0.729771,965.908,1.4245e-05,26627.8
0.730751,966.306,1.42869e-05,27066.2
0.731765,966.81,1.45363e-05,26645
0.732773,967.316,1.47181e-05,26266.1
0.733763,967.75,1.46554e-05,25459.8
0.734769,968.16,1.39014e-05,25353.2
0.735773,968.698,1.4552e-05,24787.4
0.736763,969.104,1.49706e-05,24434.6
0.737769,969.53,1.40156e-05,23798.5
0.73878,970.038,1.4665e-05,23132.3
0.739765,970.558,1.51345e-05,22535.3
0.740786,971.012,1.35082e-05,21697.9
0.741789,971.398,1.4964e-05,21325.8
0.742765,971.748,1.51002e-05,20800.2
0.743785,972.148,1.32908e-05,20059
0.744786,972.592,1.47761e-05,19752.8
0.745771,972.974,1.53946e-05,19634.7
0.746788,973.404,1.29521e-05,18796.4
0.747811,973.808,1.5399e-05,18569.6
0.748745,974.16,1.50712e-05,18025.2
0.749779,974.596,1.21767e-05,17464.4
0.75083,974.986,1.36266e-05,17332.9
0.751828,975.316,1.60583e-05,17232.1
0.752788,975.574,1.32884e-05,17178.3
0.753816,976.028,1.40414e-05,16955.6
0.754807,976.376,1.64114e-05,16893.3
0.755794,976.696,1.33631e-05,16701.8
0.75682,977.108,1.34037e-05,16608.2
0.757817,977.39,1.60793e-05,16180.9
0.75879,977.692,1.47439e-05,16296.6
0.759815,977.998,1.33177e-05,16395
0.760831,978.312,1.47885e-05,15907.3
0.761812,978.584,1.49769e-05,15875.5
0.762816,979,1.37694e-05,15920
0.76383,979.378,1.45611e-05,15715.6
0.764813,979.66,1.53169e-05,15748.2
0.765809,979.974,1.39536e-05,15696.7
0.766842,980.276,1.40334e-05,15649.9
0.767822,980.558,1.50995e-05,15895.3
0.768817,980.884,1.47506e-05,15685.3
0.769837,981.184,1.36427e-05,15251.1
0.770827,981.516,1.47999e-05,15008.9
0.771841,981.86,1.46554e-05,14674.2
0.772841,982.216,1.42356e-05,14294.7
0.773845,982.446,1.48106e-05,14013.5
0.774836,982.736,1.42249e-05,13919.2
0.775844,983.032,1.44101e-05,13511.5
0.776848,983.306,1.44602e-05,13142.2
0.777848,983.598,1.44025e-05,12662.2
0.778836,983.898,1.46121e-05,11977.8
0.779839,984.124,1.43664e-05,11844.3
0.780863,984.432,1.43958e-05,11582.7
0.781863,984.658,1.47104e-05,11592.5
0.782866,984.922,1.47199e-05,11470
0.783873,985.12,1.41431e-05,11146.8
0.784852,985.374,1.47883e-05,10883.1
0.78586,985.598,1.49827e-05,10704.2
0.786876,985.794,1.37481e-05,10601.8
0.787877,986.056,1.46195e-05,10426.4
0.788883,986.28,1.53955e-05,10346.8
0.789863,986.498,1.3961e-05,10113
0.790882,986.754,1.42092e-05,9750.74
0.791881,986.958,1.48543e-05,9496.12
0.792872,987.166,1.49243e-05,9303.22
0.793879,987.378,1.34099e-05,9141.56
0.794888,987.584,1.46645e-05,9069.47
0.795889,987.782,1.53266e-05,8845.24
0.796874,987.978,1.35857e-05,8756.76
0.797882,988.2,1.43936e-05,8572
0.798916,988.418,1.51645e-05,8343.64
0.799872,988.59,1.37276e-05,7926.95
0.800934,988.802,1.39336e-05,7755.4
0.801905,988.972,1.45238e-05,7507.61
0.802897,989.154,1.49219e-05,7405.14
0.803907,989.382,1.4604e-05,7250.04
0.804902,989.528,1.39608e-05,7216.61
0.805905,989.77,1.45008e-05,6882.55
0.806911,989.934,1.44828e-05,6738.82
0.807891,990.166,1.49076e-05,6553.22
0.808913,990.31,1.41226e-05,6336.95
0.809927,990.502,1.37612e-05,6339
0.810921,990.65,1.6092e-05,6283.75
0.811901,990.792,1.43064e-05,6190.37
0.812928,990.984,1.30985e-05,5923.87
0.813946,991.172,1.52662e-05,5639.21
0.814912,991.316,1.5015e-05,5520.07
0.815927,991.492,1.31063e-05,5370.97
0.816946,991.66,1.5184e-05,5330.2
0.8179,991.81,1.48722e-05,5348.95
0.81894,992.024,1.30274e-05,5181.71
0.819963,992.162,1.49036e-05,5111.88
0.820925,992.32,1.53329e-05,5052.8
0.821941,992.478,1.2705e-05,4980.76
0.822959,992.674,1.52201e-05,4817.86
0.823925,992.81,1.52729e-05,4752.95
0.824942,992.94,1.2559e-05,4538.2
0.825973,993.086,1.45928e-05,4381.3
0.826936,993.222,1.5651e-05,4332.36
0.827938,993.37,1.29619e-05,4194.55
0.828974,993.498,1.41468e-05,4163
0.829933,993.634,1.55841e-05,4000.02
0.830947,993.736,1.32262e-05,3919.15
0.831971,993.864,1.42767e-05,3780.75
0.832982,993.98,1.57065e-05,3765.8
0.83396,994.14,1.35161e-05,3728.2
0.834975,994.262,1.34855e-05,3670.68
0.835965,994.382,1.56248e-05,3572.04
0.836952,994.496,1.43221e-05,3548.99
0.83797,994.594,1.37202e-05,3492.58
0.838983,994.726,1.49037e-05,3383.46
0.839965,994.796,1.49358e-05,3327.19
0.840973,994.896,1.35049e-05,3310.59
0.841987,994.994,1.47111e-05,3304.98
0.84298,995.086,1.56065e-05,3339.3
0.843963,995.216,1.36245e-05,3214.67
0.845007,995.314,1.33279e-05,3111.7
0.845978,995.38,1.61551e-05,3077.8
0.846963,995.494,1.48761e-05,3010.98
0.847996,995.604,1.25817e-05,2907.59
0.84901,995.702,1.4926e-05,2812.6
0.84998,995.8,1.57155e-05,2710
0.850979,995.898,1.30112e-05,2607.8
0.852025,996,1.36917e-05,2590
0.853009,996.084,1.57505e-05,2574.47
0.85399,996.176,1.45399e-05,2558.51
0.855008,996.284,1.3495e-05,2459.67
0.856016,996.364,1.54112e-05,2411.75
0.85698,996.442,1.46965e-05,2411.32
0.857997,996.502,1.35264e-05,2379
0.859016,996.61,1.46404e-05,2272.95
0.860012,996.662,1.45736e-05,2249.88
0.860998,996.722,1.40584e-05,2226.36
0.862036,996.784,1.46174e-05,2184.67
0.863024,996.842,1.49689e-05,2148.52
0.864028,996.92,1.40065e-05,2112.8
0.865046,996.996,1.39772e-05,2057.99
0.866033,997.056,1.54334e-05,1998.43
0.867009,997.13,1.38834e-05,1934.55
0.868046,997.194,1.3684e-05,1848.18
0.869037,997.254,1.53658e-05,1790.74
0.870006,997.326,1.4035e-05,1731.86
0.871045,997.406,1.33883e-05,1664.58
0.872045,997.5,1.51787e-05,1597
0.873009,997.566,1.48606e-05,1530.82
0.874051,997.622,1.33631e-05,1487.56
0.875055,997.706,1.41329e-05,1393.78
0.876064,997.796,1.62723e-05,1335.19
0.877043,997.84,1.34047e-05,1303.2
0.878058,997.904,1.32465e-05,1289.39
0.879071,997.968,1.58669e-05,1247.49
0.88004,998.022,1.47117e-05,1218.76
0.881053,998.076,1.34663e-05,1179.11
0.882076,998.142,1.43486e-05,1120.92
0.883052,998.176,1.53429e-05,1118.51
0.884052,998.232,1.41902e-05,1099.09
0.885079,998.262,1.38308e-05,1096.68
0.88607,998.32,1.55059e-05,1064.8
0.887067,998.354,1.3942e-05,1050.34
0.888082,998.398,1.38464e-05,1025.8
0.889091,998.454,1.56267e-05,993.942
0.890055,998.512,1.38713e-05,968.928
0.891086,998.596,1.32015e-05,898.392
0.892099,998.626,1.54952e-05,879.062
0.893057,998.664,1.47072e-05,853.552
0.894085,998.708,1.3375e-05,779.368
0.895081,998.736,1.47729e-05,743.152
0.896078,998.766,1.4947e-05,717.622
0.897087,998.804,1.39264e-05,698.792
0.898092,998.838,1.48253e-05,659.878
0.899091,998.88,1.43377e-05,648.8
0.900088,998.918,1.45609e-05,611.638
0.9011,998.942,1.45186e-05,603.318
0.902107,998.984,1.38884e-05,573.872
0.903104,999.018,1.51558e-05,552.838
0.904082,999.05,1.46441e-05,539.75
0.905108,999.082,1.33629e-05,539.638
0.906108,999.102,1.54785e-05,529.798
0.90711,999.126,1.55557e-05,531.062
0.90812,999.16,1.28528e-05,521.2
0.909099,999.184,1.52341e-05,509.072
0.91012,999.222,1.52815e-05,492.358
0.911121,999.248,1.33379e-05,485.248
0.912117,999.276,1.52257e-05,481.912
0.913126,999.298,1.49031e-05,466.598
0.914116,999.314,1.34229e-05,447.702
0.915124,999.334,1.5462e-05,443.222
0.916127,999.348,1.49503e-05,427.448
0.917136,999.376,1.35276e-05,413.312
0.918148,999.396,1.48587e-05,395.592
0.919136,999.42,1.48504e-05,367.8
0.920129,999.432,1.40626e-05,358.688
0.921144,999.446,1.41922e-05,345.542
0.922126,999.462,1.46216e-05,342.278
0.92312,999.488,1.49066e-05,316.928
0.924143,999.502,1.38517e-05,310.998
0.925137,999.528,1.50275e-05,294.608
0.926153,999.568,1.40914e-05,262.688
0.927144,999.586,1.44361e-05,241.302
0.928162,999.61,1.52959e-05,224.95
0.929138,999.636,1.37615e-05,199.752
0.930158,999.652,1.39074e-05,195.448
0.931165,999.674,1.53105e-05,187.862
0.932149,999.696,1.46116e-05,173.792
0.933171,999.708,1.42197e-05,165.368
0.934174,999.722,1.44828e-05,156.358
0.935147,999.728,1.44804e-05,155.008
0.936169,999.748,1.47091e-05,138.248
0.93718,999.758,1.45568e-05,135.718
0.938185,999.764,1.48357e-05,132.152
0.939184,999.768,1.43792e-05,131.088
0.940169,999.776,1.4885e-05,128.912
0.941189,999.786,1.39292e-05,124.102
0.942189,999.792,1.46309e-05,120.368
0.94318,999.8,1.54849e-05,116
0.944193,999.804,1.35748e-05,112.792
0.945186,999.814,1.41375e-05,103.702
0.946193,999.824,1.55324e-05,100.512
0.947178,999.842,1.38019e-05,94.518
0.948182,999.856,1.38831e-05,83.632
0.949195,999.864,1.52754e-05,78.752
0.950179,999.878,1.48052e-05,71.558
0.9512,999.884,1.40555e-05,69.272
0.9522,999.894,1.4654e-05,63.382
0.953203,999.898,1.51163e-05,61.798
0.954208,999.908,1.40505e-05,57.768
0.955212,999.918,1.45588e-05,51.638
0.956209,999.922,1.44949e-05,47.958
0.95721,999.922,1.42187e-05,47.958
0.958209,999.93,1.48201e-05,42.55
0.959212,999.934,1.43147e-05,40.822
0.960206,999.94,1.41077e-05,38.2
0.961214,999.944,1.48713e-05,36.432
0.96222,999.956,1.46165e-05,31.032
0.963226,999.96,1.46778e-05,29.2
0.964237,999.966,1.46651e-05,20.422
0.96523,999.968,1.38735e-05,19.488
0.966226,999.968,1.5235e-05,19.488
0.967228,999.974,1.48986e-05,16.662
0.968229,999.98,1.35984e-05,13.8
0.969252,999.984,1.45965e-05,9.872
0.970224,999.984,1.56462e-05,9.872
0.971231,999.986,1.40071e-05,6.902
0.972246,999.988,1.37809e-05,5.928
0.973257,999.988,1.5278e-05,5.928
0.974227,999.992,1.44375e-05,3.968
0.97524,999.992,1.42664e-05,3.968
0.976251,999.994,1.46621e-05,2.982
0.977255,999.994,1.48122e-05,2.982
0.97825,999.994,1.44982e-05,2.982
0.979255,999.996,1.41891e-05,1.992
0.980257,999.996,1.48243e-05,1.992
0.981248,999.996,1.52288e-05,1.992
0.982256,999.996,1.37382e-05,1.992
0.983275,999.996,1.43124e-05,1.992
0.984263,999.996,1.59496e-05,1.992
0.985247,999.996,1.37283e-05,1.992
0.986288,999.998,1.24729e-05,0.998
0.987269,999.998,1.7561e-05,0.998
0.988237,1000,1.35797e-05,0
0.989293,1000,1.03974e-05,0
0.990301,1000,1.89256e-05,0
0.991213,1000,1.35573e-05,0
0.992297,1000,6.95622e-06,0
0.993368,1000,1.57919e-05,0
0.99417,1000,1.35956e-05,0
0.995276,1000,3.07317e-06,0
0.996428,1000,5.51329e-06,0
0.997122,1000,1.52687e-05,0
0.998229,1000,4.50046e-07,0
0.99941,1000,5.00052e-08,0
1,1000,0,0
0.302429,77.96,1.85646,698165
5.97157,-1,-1,-1
