0,1,0,0
0.00118274,2.084,7.30755e-07,44.472
0.00223319,2.28,9.95466e-06,144.8
0.00318267,2.474,4.3195e-06,266.662
0.00420801,2.728,7.18467e-06,433.008
0.00520944,2.97,6.44664e-06,622.55
0.00620507,3.2,6.24858e-06,752
0.00722083,3.394,6.64257e-06,887.382
0.00820386,3.608,6.38345e-06,1027.17
0.00921826,3.838,6.21362e-06,1217.88
0.0102214,4.052,6.67792e-06,1428.65
0.0112137,4.222,6.6684e-06,1564.36
0.0122216,4.432,6.19732e-06,1828.69
0.013225,4.672,6.76236e-06,2052.21
0.0142309,4.916,6.23401e-06,2330.47
0.0152291,5.122,6.84129e-06,2603.56
0.0162283,5.302,6.042e-06,2829.4
0.0172437,5.534,6.56492e-06,3108.42
0.0182293,5.704,6.43637e-06,3376.19
0.0192359,5.892,6.35041e-06,3774.17
0.0202407,6.13,6.57262e-06,4214.55
0.0212458,6.328,6.49143e-06,4666.21
0.0222401,6.524,6.5416e-06,4976.71
0.0232449,6.748,6.47868e-06,5732.25
0.0242477,6.984,6.63379e-06,5997.87
0.0252511,7.2,6.43592e-06,6450
0.02625,7.432,6.51295e-06,7058.69
0.0272511,7.66,6.65044e-06,7422.2
0.0282609,7.936,6.37975e-06,8055.95
0.0292511,8.184,6.61963e-06,8489.07
0.0302598,8.418,6.56807e-06,8935.64
0.0312484,8.622,6.59462e-06,9361.56
0.032265,8.804,6.30373e-06,9712.79
0.0332546,9.048,6.89086e-06,10440.8
0.0342755,9.284,5.92796e-06,10877.7
0.0352664,9.544,7.02093e-06,11564
0.0362715,9.764,6.07352e-06,11922.2
0.0372731,10.034,6.95049e-06,12560.4
0.0382684,10.312,6.27718e-06,13883.3
0.0392745,10.572,6.54871e-06,14584.4
0.0402791,10.804,6.72116e-06,15506.8
0.0412786,11.108,6.05087e-06,16634.2
0.0422897,11.35,6.45436e-06,17561.7
0.043279,11.622,6.40799e-06,18319.6
0.0442854,11.916,6.63192e-06,19348.5
0.0452917,12.18,6.31689e-06,20963.8
0.0462921,12.506,6.63674e-06,22041
0.0472971,12.86,6.20577e-06,23758.2
0.0482935,13.274,6.73332e-06,27241.5
0.0492941,13.624,6.36279e-06,30863.3
0.0503066,13.962,6.30588e-06,32756.3
0.0512984,14.224,6.58018e-06,34352.9
0.0523005,14.536,6.41697e-06,36562.4
0.0533046,14.872,6.44897e-06,38451.8
0.0543097,15.238,6.73519e-06,40306.7
0.0553023,15.6,6.46947e-06,43156
0.056312,15.99,6.51492e-06,46177
0.0573169,16.438,6.43544e-06,49129.1
0.0583052,16.82,6.89753e-06,52433.8
0.0593175,17.254,6.11114e-06,55422.7
0.0603123,17.692,6.75637e-06,59446.6
0.0613233,18.062,6.29088e-06,60627.1
0.06231,18.464,6.85013e-06,62582.4
0.0633395,18.932,5.87305e-06,66125.7
0.064319,19.378,6.87166e-06,69071.6
0.065331,19.932,6.23248e-06,72017.7
0.0663254,20.382,6.58329e-06,75836
0.0673274,20.838,6.5945e-06,79303.9
0.0683388,21.39,6.32508e-06,86723
0.0693346,21.746,6.69147e-06,90186.7
0.0703452,22.276,6.43018e-06,95065.9
0.0713391,22.774,6.39661e-06,100543
0.0723419,23.316,6.82448e-06,108216
0.0733491,23.756,6.21543e-06,112094
0.07435,24.26,6.54538e-06,117210
0.0753476,24.85,6.51681e-06,125280
0.0763489,25.382,6.62005e-06,130200
0.0773553,26.022,6.30936e-06,138173
0.0783514,26.578,6.84264e-06,144938
0.0793456,27.106,6.18494e-06,150567
0.0803623,27.846,6.2558e-06,158445
0.0813565,28.528,6.57451e-06,173695
0.0823641,29.036,6.37099e-06,180227
0.08336,29.468,6.90671e-06,183004
0.0843686,29.91,6.12238e-06,189121
0.0853689,30.502,6.76988e-06,197051
0.0863652,31.33,6.19994e-06,215831
0.087373,31.846,6.64309e-06,224903
0.0883732,32.642,6.35365e-06,237429
0.0893789,33.232,6.4364e-06,244835
0.0903839,34.014,6.52125e-06,257097
0.0913733,34.818,6.36942e-06,265618
0.0923903,35.51,6.33077e-06,271683
0.0933745,36.212,6.31096e-06,282628
0.094394,36.896,6.1942e-06,292883
0.0953832,37.602,6.67381e-06,300824
0.0963946,38.318,6.26724e-06,306566
0.0973832,39.1,6.89856e-06,322985
0.0984003,40.128,6.45311e-06,345570
0.0993932,41.116,6.59765e-06,358797
0.100408,42.134,6.34277e-06,373802
0.101397,43.06,6.59272e-06,387776
0.10241,44.068,6.1539e-06,406616
0.103405,44.942,6.68084e-06,418391
0.104405,45.81,6.30585e-06,426637
0.105411,46.534,6.36062e-06,437434
0.106407,47.694,6.66481e-06,456864
0.107418,48.802,6.19537e-06,474605
0.108419,49.94,6.78878e-06,492114
0.10942,51.062,6.22351e-06,515197
0.110418,52.282,6.70237e-06,536851
0.11142,53.474,6.24466e-06,561481
0.112428,54.49,6.58513e-06,579329
0.113419,55.426,6.56676e-06,597066
0.114427,56.55,6.63094e-06,621222
0.115432,57.684,6.4927e-06,644826
0.116425,58.902,6.93042e-06,670818
0.117433,59.992,6.29328e-06,691496
0.118434,61.228,6.49954e-06,720392
0.119446,62.166,6.64224e-06,733873
0.120436,63.566,6.2043e-06,749583
0.121439,64.89,6.57551e-06,764133
0.122441,66.13,6.62733e-06,780867
0.123446,67.494,6.0128e-06,800145
0.124449,68.806,6.89918e-06,828642
0.125444,70.068,6.16812e-06,851082
0.126453,71.296,6.5692e-06,886900
0.127448,72.718,6.64589e-06,923883
0.128458,74.078,6.25553e-06,961212
0.129459,75.248,6.6235e-06,968779
0.130459,76.996,6.53727e-06,996040
0.13146,78.524,6.2775e-06,1.02663e+06
0.132459,79.728,6.72709e-06,1.05611e+06
0.133464,81.362,6.14675e-06,1.08021e+06
0.134465,82.844,6.8111e-06,1.10035e+06
0.135473,84.676,6.24999e-06,1.13593e+06
0.136471,86.128,6.64618e-06,1.17058e+06
0.137472,87.55,6.4781e-06,1.19261e+06
0.138479,88.964,6.41638e-06,1.21006e+06
0.139471,90.55,6.48453e-06,1.24386e+06
0.14049,92.344,6.61561e-06,1.26626e+06
0.141479,93.988,6.65584e-06,1.29689e+06
0.142478,95.474,6.44447e-06,1.32058e+06
0.143476,97.426,6.57625e-06,1.35713e+06
0.144482,99.302,6.53731e-06,1.39238e+06
0.145487,100.756,6.40613e-06,1.42146e+06
0.146499,102.794,6.60855e-06,1.45354e+06
0.147488,104.708,6.51303e-06,1.49137e+06
0.148498,106.39,6.39459e-06,1.51518e+06
0.149484,108.66,6.62383e-06,1.5671e+06
0.150499,110.866,6.31199e-06,1.60117e+06
0.151492,112.708,6.70647e-06,1.63333e+06
0.152506,114.73,6.48436e-06,1.66801e+06
0.153506,116.698,6.49472e-06,1.69858e+06
0.154507,118.622,6.59073e-06,1.71926e+06
0.155515,120.644,6.42771e-06,1.74477e+06
0.156507,122.546,6.58631e-06,1.7757e+06
0.157516,124.74,6.65072e-06,1.81156e+06
0.158507,126.952,6.08128e-06,1.82212e+06
0.159523,129.132,7.01807e-06,1.86004e+06
0.160513,131.058,6.12213e-06,1.87895e+06
0.161525,133.374,6.75514e-06,1.91734e+06
0.162522,135.788,6.22164e-06,1.94777e+06
0.163524,138.136,6.63208e-06,1.95388e+06
0.164526,139.982,6.49986e-06,1.99259e+06
0.165527,142.518,6.41711e-06,2.0267e+06
0.166527,144.706,6.74397e-06,2.06175e+06
0.167529,146.546,6.50647e-06,2.11481e+06
0.168543,149.076,6.58931e-06,2.15231e+06
0.169528,151.498,6.34796e-06,2.19519e+06
0.170537,153.648,6.50054e-06,2.21048e+06
0.17154,156.028,6.38027e-06,2.2366e+06
0.17254,158.996,6.22468e-06,2.25606e+06
0.173549,161.452,6.67108e-06,2.28107e+06
0.174543,163.976,6.32149e-06,2.30907e+06
0.175549,166.56,6.68093e-06,2.32801e+06
0.176556,169.238,6.32757e-06,2.37463e+06
0.177555,172.188,6.63739e-06,2.4045e+06
0.178554,175.116,6.31418e-06,2.42926e+06
0.179556,177.312,6.487e-06,2.43218e+06
0.18056,179.704,6.58449e-06,2.47104e+06
0.181557,182.812,6.65309e-06,2.45016e+06
0.182568,185.49,6.14133e-06,2.47195e+06
0.183569,188.608,6.90468e-06,2.49121e+06
0.184563,191.38,6.04122e-06,2.50309e+06
0.185567,195,6.96205e-06,2.47494e+06
0.186567,198.014,5.99163e-06,2.51125e+06
0.187576,200.724,6.96798e-06,2.51893e+06
0.188566,203.736,6.1536e-06,2.51852e+06
0.189586,206.69,6.52161e-06,2.51211e+06
0.190573,209.92,6.64104e-06,2.52483e+06
0.191587,212.364,6.50449e-06,2.55775e+06
0.192584,215.748,6.63158e-06,2.51979e+06
0.193587,218.68,6.01653e-06,2.52238e+06
0.194582,221.962,7.17256e-06,2.53431e+06
0.195585,224.904,5.99005e-06,2.56263e+06
0.19659,227.898,7.0322e-06,2.58715e+06
0.197589,231.064,6.25385e-06,2.57595e+06
0.198594,234.398,6.56112e-06,2.57748e+06
0.199597,237.53,6.56906e-06,2.5701e+06
0.200612,240.528,6.27533e-06,2.57113e+06
0.201599,243.306,6.63561e-06,2.57112e+06
0.20261,246.258,6.31306e-06,2.57685e+06
0.203601,249.242,6.62064e-06,2.58027e+06
0.20461,252.626,6.20527e-06,2.56807e+06
0.205612,255.79,6.8209e-06,2.55516e+06
0.206615,259.11,6.22662e-06,2.54962e+06
0.20761,262.502,6.91977e-06,2.54738e+06
0.208612,265.78,6.27834e-06,2.53837e+06
0.209619,268.968,7.01206e-06,2.53812e+06
0.210621,272.076,6.02369e-06,2.52365e+06
0.211625,275.382,6.74196e-06,2.50866e+06
0.212621,278.596,6.45319e-06,2.46221e+06
0.213621,281.558,6.53512e-06,2.47389e+06
0.214636,285.158,6.57432e-06,2.42066e+06
0.215625,288.302,6.30966e-06,2.38239e+06
0.21664,291.832,6.29816e-06,2.34266e+06
0.217626,294.882,6.80698e-06,2.35836e+06
0.218638,297.752,6.43879e-06,2.35686e+06
0.219636,300.7,6.63997e-06,2.36297e+06
0.220642,303.97,6.40976e-06,2.35338e+06
0.221638,307.256,6.45893e-06,2.35928e+06
0.222653,310.714,6.42425e-06,2.3133e+06
0.22364,314.278,6.53479e-06,2.26028e+06
0.224653,317.528,6.12633e-06,2.2567e+06
0.225648,321.102,6.68231e-06,2.19363e+06
0.226647,324.192,6.61945e-06,2.19723e+06
0.227657,327.404,6.27012e-06,2.15097e+06
0.228656,330.956,7.09808e-06,2.12185e+06
0.229653,333.998,5.99508e-06,2.08848e+06
0.230663,336.944,6.90902e-06,2.07137e+06
0.231666,340.034,6.29562e-06,2.06778e+06
0.232659,343.264,6.9009e-06,2.05544e+06
0.233668,346.62,6.38825e-06,2.03605e+06
0.234672,350.118,6.70416e-06,2.03669e+06
0.235674,353.25,6.60419e-06,2.03149e+06
0.236677,356.136,6.43304e-06,2.02626e+06
0.237666,359.252,6.42943e-06,2.03651e+06
0.238685,363.038,6.45152e-06,1.96354e+06
0.23967,366.422,6.57762e-06,1.94563e+06
0.24068,369.736,6.26618e-06,1.8822e+06
0.241683,372.58,6.79727e-06,1.87728e+06
0.242678,375.558,6.34012e-06,1.85059e+06
0.24369,379.326,6.58864e-06,1.8106e+06
0.244689,382.284,6.35973e-06,1.79393e+06
0.245687,385.62,6.60195e-06,1.72204e+06
0.246689,388.416,6.26004e-06,1.70761e+06
0.247683,391.712,6.63624e-06,1.71122e+06
0.248696,395.064,6.20431e-06,1.70047e+06
0.249686,397.97,7.08414e-06,1.68329e+06
0.250699,400.954,6.43312e-06,1.68154e+06
0.25171,404.384,6.5735e-06,1.64717e+06
0.2527,407.698,6.41659e-06,1.60857e+06
0.253717,411.148,6.1208e-06,1.57568e+06
0.254703,414.15,6.84071e-06,1.56495e+06
0.255706,417.496,6.18484e-06,1.54627e+06
0.256712,420.902,6.59163e-06,1.52251e+06
0.257713,423.82,6.59566e-06,1.50812e+06
0.258718,427.034,6.37133e-06,1.4861e+06
0.25972,430.362,6.68452e-06,1.46689e+06
0.260722,433.618,6.21773e-06,1.46205e+06
0.261719,436.912,6.83577e-06,1.44824e+06
0.262727,440.4,6.20264e-06,1.44607e+06
0.263724,443.654,6.6735e-06,1.444e+06
0.264724,446.862,6.53998e-06,1.4213e+06
0.265729,450.094,6.75571e-06,1.37882e+06
0.266718,453.21,6.51983e-06,1.36594e+06
0.267737,456.538,6.55802e-06,1.32764e+06
0.268736,460.09,6.36327e-06,1.28612e+06
0.269729,463.86,6.75725e-06,1.23758e+06
0.270751,466.796,6.18696e-06,1.23387e+06
0.271736,469.894,6.77257e-06,1.22679e+06
0.27274,473.022,6.57863e-06,1.18586e+06
0.273734,476.03,6.56832e-06,1.1902e+06
0.274761,479.122,6.06458e-06,1.18023e+06
0.275734,481.886,6.62412e-06,1.17624e+06
0.276759,485.05,6.22295e-06,1.13836e+06
0.277747,487.762,6.52972e-06,1.12952e+06
0.278754,490.78,6.87939e-06,1.1251e+06
0.279756,494.022,5.67882e-06,1.06328e+06
0.280759,497.626,7.37886e-06,968843
0.281754,500.662,6.02244e-06,946788
0.282768,504.156,6.55321e-06,926966
0.283771,507.2,6.55307e-06,903336
0.284755,509.836,6.39482e-06,900053
0.285778,513.016,6.12683e-06,888920
0.28676,515.884,6.7576e-06,867145
0.287777,519.054,6.33129e-06,851058
0.28877,521.922,6.41614e-06,832548
0.289778,524.952,6.54644e-06,838147
0.290773,528.274,6.79788e-06,812769
0.291783,531.472,6.37931e-06,804965
0.29279,534.382,6.5989e-06,795984
0.293772,537.336,6.52046e-06,786068
0.294788,540.564,6.45849e-06,768911
0.295791,543.536,6.51664e-06,769348
0.296785,546.184,6.31926e-06,762699
0.29779,548.966,6.6394e-06,758752
0.298784,551.996,6.30394e-06,743444
0.299801,554.904,6.31617e-06,735491
0.300791,557.88,6.8292e-06,726003
0.301805,560.886,6.1036e-06,717829
0.302797,563.612,6.7456e-06,697013
0.303802,566.704,6.34512e-06,685530
0.304811,569.828,6.78753e-06,671295
0.305804,572.772,6.36472e-06,664990
0.306817,575.468,6.5181e-06,664264
0.307805,578.082,6.35868e-06,652372
0.308818,580.706,6.6689e-06,640356
0.309811,583.324,6.34896e-06,634556
0.310815,586.16,6.68121e-06,614801
0.311815,588.99,6.19536e-06,604067
0.312826,591.654,6.59411e-06,600303
0.313824,594.502,6.49614e-06,597577
0.314826,597.388,6.59755e-06,589245
0.315833,599.898,6.32915e-06,575210
0.316826,602.682,6.53385e-06,565336
0.317832,605.576,6.44418e-06,565856
0.318832,608.264,6.66264e-06,555061
0.319839,611.082,6.23364e-06,528106
0.320847,613.778,6.6139e-06,517658
0.321837,616.33,6.36199e-06,507525
0.322848,619.064,6.34639e-06,500784
0.323835,621.918,6.67826e-06,489972
0.324846,624.904,6.32851e-06,476591
0.325845,627.722,6.47493e-06,466860
0.326845,630.326,6.46497e-06,460230
0.327852,632.948,6.43066e-06,452827
0.328852,635.546,6.43683e-06,440940
0.32986,638.246,6.43983e-06,430905
0.330861,640.77,6.34982e-06,421341
0.331854,643.302,6.60187e-06,403751
0.33285,645.874,7.0899e-06,395059
0.333856,648.368,5.80065e-06,392946
0.33487,650.664,6.67223e-06,385126
0.335867,653.302,6.17652e-06,375117
0.336878,656.022,6.76877e-06,367309
0.337866,658.494,6.35541e-06,360559
0.338868,661.022,6.16448e-06,352975
0.339877,663.476,6.90961e-06,347739
0.340873,665.848,6.19296e-06,345716
0.341889,668.258,6.80575e-06,337822
0.342882,670.506,6.14652e-06,332757
0.343884,673.262,6.97807e-06,325729
0.344883,675.734,6.20066e-06,321438
0.345885,678.178,6.62524e-06,313983
0.346896,680.462,6.27764e-06,305018
0.347885,682.866,6.87571e-06,299468
0.348897,685.364,6.40644e-06,291274
0.349895,687.604,6.55846e-06,288642
0.350905,689.916,6.58406e-06,286222
0.351894,692.004,6.34662e-06,281400
0.352909,694.356,6.46062e-06,274001
0.353894,696.402,6.70904e-06,271940
0.354909,698.758,6.31674e-06,265008
0.355909,701.332,6.81921e-06,257689
0.356911,703.57,6.20798e-06,252675
0.357921,706.084,6.78311e-06,245618
0.358905,708.302,6.38399e-06,243295
0.359916,710.458,6.62303e-06,240734
0.36092,712.638,6.70136e-06,241871
0.361913,714.572,6.16555e-06,235232
0.362919,716.688,6.65221e-06,235809
0.363916,718.736,6.15921e-06,231525
0.364929,720.918,6.50103e-06,226970
0.365924,723.212,6.538e-06,220730
0.366936,725.698,6.32949e-06,213329
0.367937,727.676,6.75287e-06,210170
0.368928,729.594,6.23943e-06,206119
0.36994,731.814,6.60341e-06,206324
0.370935,733.81,6.51308e-06,204689
0.371942,735.966,6.36649e-06,201050
0.372945,737.93,6.75537e-06,196749
0.373947,739.938,6.3177e-06,190751
0.374946,742.142,6.67716e-06,187653
0.375945,744.016,6.61694e-06,185456
0.376949,745.99,6.16866e-06,185361
0.377955,748.038,6.6161e-06,182966
0.378959,750.062,6.37027e-06,182685
0.379951,752.176,6.40818e-06,182215
0.380955,754.182,6.63605e-06,180204
0.381955,756.224,6.3607e-06,179767
0.382966,758.354,6.70956e-06,176962
0.383962,760.28,6.4276e-06,175163
0.384967,762.232,6.67973e-06,174695
0.385968,764.12,6.67283e-06,172529
0.386968,765.95,6.32615e-06,171444
0.387971,767.688,6.55785e-06,168643
0.388965,769.476,6.57031e-06,167289
0.389981,771.384,6.10371e-06,164160
0.390975,773.288,6.76578e-06,160665
0.391974,775.04,6.21193e-06,160025
0.392979,776.81,6.73727e-06,158499
0.393982,778.534,6.23999e-06,155966
0.394988,780.536,6.47907e-06,151722
0.39599,782.378,6.47995e-06,151956
0.396983,784.05,6.49663e-06,150072
0.397998,785.88,6.16384e-06,148099
0.398992,787.842,6.59459e-06,145889
0.399993,789.67,6.30435e-06,146507
0.401006,791.468,6.15185e-06,143502
0.401998,793.32,7.08442e-06,142721
0.403004,795.064,6.38226e-06,141156
0.404004,796.734,6.54266e-06,139454
0.405015,798.332,6.43744e-06,137573
0.406005,799.9,6.66753e-06,135367
0.407014,801.54,6.14134e-06,136562
0.408013,803.128,6.47788e-06,136812
0.409008,804.92,6.54399e-06,136527
0.410015,806.466,6.28832e-06,132860
0.41102,808.098,6.68466e-06,134294
0.412015,809.782,6.23207e-06,130397
0.413026,811.562,6.55331e-06,129219
0.414028,813.096,6.4036e-06,126565
0.415023,814.588,6.7142e-06,124413
0.416025,816.168,6.13347e-06,122940
0.417025,817.86,6.91251e-06,121458
0.418038,819.428,5.83848e-06,121370
0.419036,820.902,7.07239e-06,120358
0.420036,822.384,6.01896e-06,119534
0.421046,823.84,6.45296e-06,119363
0.422042,825.492,6.82365e-06,116345
0.423041,826.858,6.19484e-06,113789
0.424043,828.472,6.58897e-06,110207
0.425053,829.95,6.47252e-06,109456
0.426042,831.408,6.35389e-06,111305
0.427048,832.828,6.81573e-06,110719
0.428053,834.226,6.30179e-06,107319
0.429061,835.69,6.56625e-06,108429
0.430047,837.082,6.57981e-06,106716
0.431064,838.486,6.1366e-06,104935
0.432058,839.768,6.93382e-06,103765
0.433061,841.146,6.23788e-06,104510
0.43407,842.53,6.59911e-06,104251
0.435064,843.82,6.68107e-06,103710
0.436066,845.294,6.18032e-06,103052
0.437066,846.662,6.89093e-06,101188
0.438074,848.236,6.22949e-06,101318
0.439078,849.584,6.7295e-06,100995
0.440074,850.804,6.54425e-06,100551
0.441083,852.066,6.25092e-06,99126.8
0.442082,853.324,6.78841e-06,98747.5
0.443082,854.648,6.38925e-06,98038
0.444084,855.998,6.49161e-06,96067
0.44509,857.438,6.59053e-06,95191.1
0.446082,858.816,6.67966e-06,94813.1
0.447094,860.09,6.14518e-06,93915
0.44809,861.252,6.88201e-06,93988.2
0.449095,862.53,5.96963e-06,90942.5
0.450092,863.746,6.85601e-06,89772.7
0.451095,865.012,6.26849e-06,87077.9
0.452099,866.182,6.47032e-06,86412.4
0.453099,867.43,6.67212e-06,84934.6
0.454093,868.704,6.04188e-06,82102.2
0.455116,869.888,6.75363e-06,81117.7
0.456109,871.076,6.14122e-06,81293.1
0.457112,872.048,6.7165e-06,80328.8
0.458114,873.022,6.26956e-06,82148.8
0.459111,874.136,6.5609e-06,82004.8
0.460116,875.238,6.20972e-06,81040.7
0.461126,876.358,6.87541e-06,80250.9
0.462116,877.43,6.37409e-06,79624.6
0.463122,878.696,6.57383e-06,77521.8
0.464123,879.798,6.4374e-06,75826.6
0.465123,880.98,6.79865e-06,73011.8
0.466127,882.076,5.96936e-06,72061.1
0.467139,883.25,6.94841e-06,69443.8
0.468131,884.306,6.21081e-06,69182.2
0.469142,885.35,6.96674e-06,69127.8
0.470136,886.346,6.1784e-06,68453.1
0.471145,887.364,6.85615e-06,68479.8
0.472138,888.446,6.23921e-06,65575.5
0.473143,889.39,6.71066e-06,65823
0.474148,890.46,6.56109e-06,65272.2
0.475141,891.5,6.4516e-06,64463
0.476148,892.59,6.51719e-06,62438.9
0.477153,893.574,6.36769e-06,61126.3
0.478156,894.666,6.60071e-06,60361.2
0.479147,895.66,6.64576e-06,59910.2
0.48016,896.716,6.33107e-06,59559.7
0.481156,897.732,6.52121e-06,59830.1
0.482165,898.764,6.26886e-06,59134.2
0.483155,899.78,6.39653e-06,59233.8
0.484164,900.772,6.4189e-06,60032
0.485169,901.736,6.69353e-06,58659.2
0.486164,902.604,6.4011e-06,57587.6
0.487172,903.532,6.41525e-06,57326.5
0.488172,904.406,6.74179e-06,55994.6
0.489174,905.29,6.36605e-06,56176.9
0.49018,906.254,6.61325e-06,55178.7
0.491179,907.108,6.3472e-06,54864.2
0.492187,907.984,6.64376e-06,54095.9
0.493172,908.822,6.09218e-06,54043.2
0.494191,909.716,6.69159e-06,53413.7
0.495181,910.542,6.29144e-06,53036.1
0.496196,911.384,6.7321e-06,51510.3
0.497188,912.342,6.35456e-06,51212.5
0.498195,913.298,6.85228e-06,49610.6
0.499175,914.166,7.58365e-06,48777.2
0.500192,914.996,9.70082e-06,49434
0.501218,915.872,7.14257e-06,49687.8
0.502199,916.718,6.70217e-06,49901.2
0.503205,917.486,6.25035e-06,48392.9
0.504198,918.36,6.76516e-06,47919.2
0.505212,919.182,6.25317e-06,48318.4
0.506203,919.878,6.62556e-06,48351.6
0.507221,920.672,6.11755e-06,46982.2
0.508207,921.422,6.53111e-06,45578
0.509213,922.192,6.44386e-06,45045.6
0.510214,922.91,6.58173e-06,44593
0.511219,923.664,6.38654e-06,43243.6
0.512222,924.45,6.74003e-06,42929.7
0.513221,925.174,6.44036e-06,41951.9
0.51423,925.958,6.35006e-06,41592.1
0.515224,926.622,6.65047e-06,40853.6
0.51623,927.298,6.33387e-06,40356.6
0.517238,928.072,6.44622e-06,39229.4
0.518229,928.742,6.22145e-06,38877.7
0.519236,929.444,6.6267e-06,38485.4
0.520234,930.066,6.32471e-06,38306.8
0.521245,930.752,6.52917e-06,37851.2
0.522238,931.454,6.71859e-06,37303.9
0.523239,932.112,6.46785e-06,36767.7
0.524247,932.82,6.53413e-06,36097.8
0.525251,933.36,6.41505e-06,35485.2
0.526246,934.072,6.49091e-06,35391.4
0.52725,934.678,6.76161e-06,35519.2
0.528256,935.328,6.20445e-06,35226.2
0.529248,935.944,6.96004e-06,35120.4
0.530258,936.612,6.15118e-06,34884.7
0.53125,937.258,6.94284e-06,34835.7
0.532263,937.854,6.17092e-06,33940.3
0.533253,938.534,6.91024e-06,33866.4
0.534267,939.12,6.02693e-06,33184.8
0.53527,939.814,6.74556e-06,33201.7
0.536271,940.428,6.53047e-06,33086.4
0.53727,941.05,6.49611e-06,33099.8
0.538278,941.672,6.35951e-06,32888.2
0.539267,942.294,6.78899e-06,32313.8
0.540278,942.91,6.2397e-06,31955
0.541282,943.45,6.55109e-06,31353.7
0.54228,944.02,6.22951e-06,31209.8
0.54328,944.564,6.69201e-06,30669
0.544285,945.214,6.18711e-06,29896.1
0.545277,945.752,6.72886e-06,29517.2
0.546301,946.314,6.13738e-06,29249.7
0.547293,946.836,6.55186e-06,28568.6
0.548296,947.358,6.54813e-06,28036.9
0.549297,947.898,6.26031e-06,27533.8
0.550303,948.46,6.87585e-06,27056.2
0.551297,948.976,5.973e-06,26443.7
0.552304,949.574,6.84993e-06,26164.3
0.553298,950.034,6.26003e-06,25788.4
0.554312,950.616,6.59121e-06,25628.3
0.555303,951.134,6.61032e-06,25346
0.55631,951.7,6.59872e-06,25111
0.557311,952.202,6.37106e-06,25160.6
0.558312,952.684,6.87228e-06,25104.1
0.55931,953.152,6.17654e-06,24934.4
0.560321,953.752,6.44497e-06,24877.2
0.561314,954.262,6.8263e-06,24334.7
0.56232,954.772,6.21932e-06,24680
0.563326,955.266,6.79977e-06,24689.6
0.564328,955.71,6.20013e-06,24288.9
0.565329,956.13,6.61504e-06,24450.6
0.566325,956.592,6.71049e-06,25112.8
0.567332,957.04,6.1536e-06,25037.2
0.568336,957.474,6.98531e-06,24884.7
0.569329,957.902,6.24755e-06,24678.2
0.570348,958.344,6.5552e-06,24366.8
0.571331,958.782,6.77825e-06,24297.2
0.572341,959.314,6.3524e-06,24365.7
0.573345,959.736,6.73789e-06,24215.2
0.574352,960.14,6.42681e-06,24092.2
0.57534,960.542,6.4413e-06,24120.1
0.576351,960.976,6.73447e-06,23791.7
0.577352,961.406,6.21728e-06,23156.6
0.578352,961.872,6.66751e-06,22709.8
0.579347,962.292,6.48382e-06,22805.4
0.580358,962.692,5.88412e-06,22398.6
0.581357,963.056,7.10225e-06,22570.4
0.582356,963.502,5.92131e-06,22469
0.583367,963.948,7.01273e-06,22110.6
0.584369,964.418,6.16918e-06,21973.6
0.58537,964.766,6.68837e-06,21791.6
0.586366,965.174,6.35345e-06,21727.9
0.587366,965.598,6.64407e-06,21176.2
0.588379,966.002,6.21307e-06,21025
0.589372,966.384,6.67284e-06,20592.3
0.59038,966.756,6.27558e-06,20688.2
0.591384,967.168,6.39961e-06,20121.9
0.592381,967.544,6.55131e-06,20454
0.593379,967.9,6.06847e-06,19953
0.59439,968.274,6.67396e-06,19553.5
0.595378,968.63,6.46785e-06,19006.5
0.596391,968.95,6.62927e-06,19077.8
0.597388,969.342,6.32442e-06,18450.5
0.598396,969.652,7.10517e-06,18395.4
0.599387,970.006,6.221e-06,18211
0.600401,970.368,6.31365e-06,17862.3
0.601401,970.692,6.64195e-06,17584.6
0.602397,971.042,6.25141e-06,17430.1
0.60341,971.444,6.44547e-06,17009.4
0.604404,971.812,6.44061e-06,16932.3
0.605404,972.156,6.49293e-06,16697.8
0.606412,972.498,6.2456e-06,16509
0.607414,972.806,6.68543e-06,16294.2
0.60842,973.066,6.20376e-06,16084.8
0.609418,973.386,6.87369e-06,15880.5
0.610413,973.772,6.18403e-06,15354
0.611427,974.124,6.44349e-06,15126.3
0.612423,974.462,6.56818e-06,14940.3
0.613425,974.782,6.42516e-06,14571.2
0.614426,975.106,6.62645e-06,14453.4
0.615425,975.382,6.77456e-06,14496
0.616433,975.672,6.49717e-06,14352.2
0.617427,976.006,6.61851e-06,13991
0.618439,976.326,6.36116e-06,13967.9
0.619437,976.58,6.54701e-06,14029.8
0.620443,976.862,6.44876e-06,14005.5
0.621434,977.172,6.35253e-06,13967.2
0.622439,977.448,6.64751e-06,13579.6
0.623444,977.722,6.21272e-06,13366.4
0.624449,977.954,6.53279e-06,12791.9
0.625447,978.28,6.59623e-06,12402.8
0.626448,978.588,6.30832e-06,12079.1
0.627448,978.806,6.81907e-06,11854.2
0.628452,979.044,6.39071e-06,11643
0.629458,979.288,6.45681e-06,11634.5
0.630454,979.552,6.50551e-06,11549.6
0.631464,979.792,6.23986e-06,11454.4
0.632457,980.002,6.72839e-06,11395
0.633456,980.252,6.38307e-06,11270.2
0.63447,980.448,6.49524e-06,11115.6
0.635464,980.694,6.51601e-06,10940.2
0.636479,980.926,6.1872e-06,10874.3
0.637473,981.214,6.59449e-06,10800.1
0.638481,981.43,6.29866e-06,10712.6
0.639473,981.69,6.73854e-06,10668.9
0.640478,981.934,6.71297e-06,10708.8
0.641488,982.182,6.20008e-06,10488.4
0.642473,982.402,6.82863e-06,10338.2
0.643482,982.636,6.1694e-06,10269.8
0.644485,982.844,6.7565e-06,10227.8
0.645484,983.048,6.39587e-06,10318.8
0.6465,983.246,6.67018e-06,10222.7
0.647484,983.378,6.42249e-06,10083.6
0.648501,983.596,6.30833e-06,9762.39
0.649487,983.792,6.50246e-06,9578.37
0.650499,984.006,6.64851e-06,9472.98
0.651496,984.17,6.24483e-06,9478.55
0.652509,984.406,6.99049e-06,9330.58
0.653496,984.602,6.34138e-06,9193.8
0.654509,984.78,6.68354e-06,9027.8
0.655509,984.988,6.17407e-06,8887.93
0.65651,985.2,6.95088e-06,8762
0.657511,985.362,6.16995e-06,8641.48
0.658505,985.532,6.75927e-06,8466.49
0.659519,985.784,6.23506e-06,8304.67
0.660517,985.984,6.79194e-06,8207.87
0.661524,986.196,6.26165e-06,8048.79
0.662528,986.404,6.30962e-06,7838.39
0.663514,986.574,6.80453e-06,7782.26
0.664527,986.742,6.27153e-06,7749.72
0.665522,986.902,6.72131e-06,7682.2
0.666538,987.084,5.73098e-06,7500.47
0.667542,987.26,6.76834e-06,7342.2
0.668541,987.434,6.65928e-06,7150.82
0.669531,987.586,6.33871e-06,7121.3
0.670534,987.744,6.45794e-06,6951.23
0.671541,987.928,6.40174e-06,6895.41
0.672543,988.078,6.42651e-06,6853.96
0.673547,988.214,6.39233e-06,6738.1
0.674549,988.392,6.57505e-06,6545.17
0.675547,988.536,6.26276e-06,6374.35
0.676559,988.698,6.70143e-06,6301.4
0.677545,988.818,6.32447e-06,6294.44
0.678557,988.952,6.32549e-06,6242.85
0.679546,989.118,6.7395e-06,6294.04
0.680556,989.28,6.24717e-06,6092.8
0.681561,989.394,6.69184e-06,6071.38
0.682562,989.538,6.42456e-06,6000.28
0.683567,989.67,6.52446e-06,5984.55
0.684561,989.812,6.32122e-06,5906.33
0.685567,989.97,6.6481e-06,5704.55
0.68657,990.096,6.47885e-06,5683.39
0.687567,990.23,6.66356e-06,5610.55
0.688579,990.364,6.18956e-06,5621.75
0.689578,990.482,6.61054e-06,5428.84
0.690583,990.612,6.42999e-06,5304.73
0.691575,990.754,6.60917e-06,5158.74
0.69259,990.858,6.46782e-06,5172.92
0.693576,990.964,6.38838e-06,5207.35
0.69459,991.08,6.4627e-06,5094.8
0.695582,991.214,6.69489e-06,4988.1
0.696592,991.334,6.34863e-06,5003.22
0.697595,991.462,6.82157e-06,4940.28
0.698589,991.564,6.09612e-06,4896.95
0.699601,991.702,6.79823e-06,4802.6
0.700593,991.836,6.32085e-06,4722.55
0.701609,991.96,6.34936e-06,4647.2
0.702604,992.09,6.5568e-06,4628.95
0.703607,992.188,6.37677e-06,4614.33
0.704603,992.322,6.64642e-06,4633.16
0.705605,992.426,6.47599e-06,4588.26
0.706622,992.54,6.51319e-06,4580.2
0.707602,992.646,6.6423e-06,4536.34
0.708611,992.764,6.34111e-06,4506.15
0.709621,992.878,6.70503e-06,4377.56
0.710616,992.988,6.51554e-06,4361.93
0.711624,993.14,6.48907e-06,4060.2
0.712617,993.236,6.26837e-06,4036.15
0.713634,993.334,6.84781e-06,3967.22
0.714617,993.446,6.15245e-06,3813.54
0.715639,993.574,6.28542e-06,3802.26
0.716624,993.694,6.57703e-06,3742.18
0.717627,993.788,6.75405e-06,3723.53
0.718641,993.892,5.95852e-06,3576.17
0.719635,993.996,7.27395e-06,3555.99
0.720639,994.07,5.81639e-06,3572.55
0.721641,994.164,6.73003e-06,3536.55
0.722647,994.252,6.66897e-06,3486.25
0.723635,994.326,6.019e-06,3455.86
0.72466,994.424,6.68009e-06,3384.11
0.725634,994.5,6.08676e-06,3355
0.72666,994.57,6.60438e-06,3358.55
0.727654,994.646,6.38768e-06,3316.34
0.728658,994.72,6.85332e-06,3306.8
0.729644,994.798,6.18821e-06,3312.6
0.730665,994.884,6.82418e-06,3231.27
0.731659,994.96,6.47684e-06,3159.2
0.732657,995.028,6.56372e-06,3107.61
0.733676,995.114,6.47364e-06,3058.5
0.734665,995.168,6.75536e-06,2985.89
0.73567,995.254,6.49662e-06,2942.74
0.73667,995.328,6.73051e-06,2902.21
0.737667,995.376,6.18047e-06,2905.31
0.738676,995.47,6.77005e-06,2820.55
0.739673,995.512,6.35839e-06,2752.93
0.740675,995.596,6.59429e-06,2642.39
0.741677,995.692,6.36547e-06,2562.57
0.742682,995.754,6.52921e-06,2556.74
0.743682,995.816,6.65824e-06,2487.07
0.744689,995.878,6.15724e-06,2445.56
0.745691,995.948,6.74522e-06,2408.65
0.746678,996.034,6.15167e-06,2402.42
0.747694,996.092,6.39252e-06,2371.77
0.748685,996.172,6.59156e-06,2301.21
0.749695,996.254,6.69848e-06,2232.74
0.750708,996.332,6.87382e-06,2194.89
0.751698,996.39,6.1503e-06,2180.95
0.752711,996.448,6.64068e-06,2147.65
0.753705,996.504,6.19454e-06,2094.99
0.754707,996.576,6.63436e-06,2096.11
0.755705,996.64,6.39881e-06,2067.2
0.756704,996.688,6.59314e-06,2043.33
0.757716,996.728,6.35038e-06,2003.01
0.758712,996.804,6.77706e-06,1954.79
0.759715,996.842,6.36488e-06,1942.52
0.760725,996.904,6.49693e-06,1913.39
0.76171,996.958,6.49407e-06,1892.12
0.762728,997.006,6.51063e-06,1866.98
0.763717,997.05,6.49158e-06,1767.75
0.764721,997.088,6.58286e-06,1750.13
0.765722,997.136,6.75338e-06,1730.75
0.766727,997.18,6.33317e-06,1667.8
0.767735,997.218,6.84019e-06,1649.24
0.768728,997.258,6.21045e-06,1629.72
0.769731,997.298,6.92144e-06,1560.6
0.770742,997.338,5.96182e-06,1531.88
0.771738,997.382,6.98419e-06,1518.04
0.772738,997.424,6.34389e-06,1500.11
0.773747,997.486,6.46641e-06,1480.9
0.774746,997.536,6.72612e-06,1442.35
0.775742,997.576,6.0825e-06,1436.11
0.776755,997.624,6.56474e-06,1419.31
0.777741,997.686,6.53746e-06,1377.7
0.778756,997.74,6.43821e-06,1376.2
0.779752,997.792,6.31893e-06,1326.37
0.780758,997.85,6.74531e-06,1287.75
0.781756,997.892,6.34161e-06,1292.17
0.782768,997.926,6.74415e-06,1242.26
0.783755,997.972,6.2831e-06,1213.61
0.784769,998.016,6.40063e-06,1183.87
0.785759,998.062,6.61232e-06,1145.08
0.786773,998.114,6.52015e-06,1068.5
0.787773,998.152,6.38079e-06,1024.45
0.788769,998.186,6.84224e-06,1015.7
0.789773,998.23,6.02111e-06,988.55
0.790775,998.252,6.95065e-06,970.248
0.791783,998.294,6.33794e-06,943.782
0.792784,998.332,6.86899e-06,910.888
0.793779,998.36,6.30787e-06,893.2
0.794783,998.382,6.80952e-06,876.038
0.795784,998.426,6.10747e-06,852.262
0.796793,998.472,6.59093e-06,806.608
0.797785,998.51,6.32965e-06,794.95
0.798795,998.54,6.64609e-06,774.2
0.799782,998.568,6.41509e-06,756.688
0.800798,998.61,6.65555e-06,732.95
0.8018,998.644,6.59673e-06,714.632
0.802805,998.66,6.16643e-06,708.2
0.803804,998.7,7.05802e-06,687
0.80481,998.728,6.00554e-06,675.008
0.805812,998.756,7.04521e-06,654.232
0.806807,998.782,6.18334e-06,635.238
0.80781,998.814,6.63578e-06,619.702
0.808807,998.834,6.41936e-06,613.222
0.809821,998.882,6.5486e-06,568.038
0.810809,998.9,6.51165e-06,563
0.811828,998.928,6.14119e-06,543.408
0.812819,998.948,6.93948e-06,530.648
0.813827,998.964,6.06467e-06,535.352
0.814827,998.99,6.86769e-06,508.95
0.815831,999.014,6.021e-06,496.902
0.816826,999.04,6.92788e-06,479.2
0.817826,999.064,6.21909e-06,467.952
0.818838,999.084,6.53074e-06,456.472
0.819834,999.112,6.64877e-06,421.728
0.820839,999.132,6.45064e-06,421.288
0.821841,999.148,6.28649e-06,421.048
0.822839,999.16,6.69616e-06,415.2
0.823838,999.17,6.24247e-06,410.55
0.824845,999.196,6.65857e-06,404.792
0.825851,999.22,6.18559e-06,389.8
0.826846,999.236,6.70544e-06,382.152
0.827854,999.26,6.28483e-06,362.2
0.828854,999.266,6.36332e-06,359.622
0.829857,999.276,6.48534e-06,353.912
0.830866,999.296,6.40539e-06,342.192
0.831851,999.308,6.55058e-06,338.568
0.832866,999.322,6.56664e-06,329.158
0.833867,999.332,6.56688e-06,328.888
0.834867,999.364,6.42193e-06,307.752
0.835869,999.376,6.42681e-06,305.312
0.83687,999.394,6.6293e-06,301.382
0.837872,999.414,6.20903e-06,293.302
0.838869,999.428,6.72252e-06,288.408
0.839881,999.448,6.18019e-06,277.648
0.840871,999.452,7.01211e-06,277.848
0.841887,999.472,6.18863e-06,258.608
0.842878,999.49,6.5093e-06,252.95
0.843887,999.504,6.69226e-06,240.992
0.84488,999.514,6.38657e-06,240.902
0.845887,999.526,6.57613e-06,236.662
0.846888,999.538,6.49682e-06,236.278
0.847888,999.546,6.40828e-06,231.942
0.848902,999.558,6.80256e-06,229.318
0.849895,999.568,6.24897e-06,226.688
0.85091,999.592,6.58721e-06,204.768
0.851896,999.604,6.43059e-06,193.592
0.852906,999.614,6.50246e-06,192.502
0.853896,999.62,6.64716e-06,189.8
0.854908,999.632,6.3984e-06,180.288
0.855912,999.642,6.54872e-06,174.918
0.856918,999.65,6.57515e-06,167.75
0.857916,999.666,6.27581e-06,163.222
0.858916,999.672,6.81622e-06,160.208
0.859904,999.678,6.60363e-06,159.158
0.860923,999.698,6.49207e-06,147.398
0.861915,999.702,6.26062e-06,144.598
0.862922,999.708,6.43151e-06,141.368
0.863923,999.718,6.57167e-06,135.238
0.864921,999.73,6.17806e-06,132.55
0.865929,999.74,6.86877e-06,130.2
0.866931,999.746,6.18217e-06,126.742
0.867935,999.754,6.64995e-06,118.742
0.868934,999.756,6.26594e-06,118.232
0.869935,999.766,6.54986e-06,113.622
0.870935,999.776,6.68746e-06,106.912
0.871936,999.778,6.3424e-06,104.358
0.872946,999.794,6.55986e-06,95.782
0.873942,999.796,6.62907e-06,95.192
0.87495,999.806,6.21302e-06,92.182
0.875945,999.818,6.90124e-06,86.438
0.876948,999.822,6.04982e-06,85.158
0.877953,999.83,6.56237e-06,82.55
0.878955,999.838,6.59789e-06,77.878
0.879959,999.84,6.27525e-06,77.2
0.880948,999.848,6.54581e-06,74.448
0.88196,999.852,6.65445e-06,71.048
0.882961,999.856,6.24996e-06,69.632
0.883969,999.862,6.78161e-06,65.478
0.884963,999.87,6.54249e-06,58.55
0.885967,999.872,6.55772e-06,57.808
0.886975,999.878,6.43678e-06,55.558
0.887967,999.878,6.57555e-06,55.558
0.888975,999.888,6.18708e-06,51.728
0.889976,999.89,6.68258e-06,50.95
0.890974,999.894,6.10806e-06,49.382
0.891975,999.896,6.78735e-06,48.592
0.892976,999.904,6.2378e-06,45.392
0.893987,999.91,6.56711e-06,42.95
0.894983,999.914,6.40921e-06,41.302
0.895989,999.918,6.31236e-06,39.638
0.896989,999.918,6.72334e-06,39.638
0.897984,999.92,6.12689e-06,38.8
0.898997,999.926,6.58562e-06,36.262
0.899986,999.93,6.39909e-06,32.55
0.901001,999.938,6.62863e-06,29.078
0.901994,999.94,6.37185e-06,28.2
0.903011,999.942,6.8749e-06,27.318
0.904,999.942,6.28307e-06,27.318
0.905011,999.944,6.71637e-06,26.432
0.906,999.948,6.20349e-06,24.648
0.90702,999.948,6.40582e-06,24.648
0.908004,999.95,6.26894e-06,23.75
0.909021,999.956,6.36579e-06,21.032
0.91001,999.956,6.56071e-06,21.032
0.911015,999.956,6.44069e-06,21.032
0.912021,999.958,6.31611e-06,20.118
0.913021,999.962,6.55336e-06,18.278
0.914029,999.966,6.25128e-06,16.422
0.915025,999.966,6.78504e-06,16.422
0.916026,999.968,6.10915e-06,15.488
0.917034,999.97,6.76481e-06,14.55
0.91803,999.972,6.32809e-06,13.608
0.919038,999.972,6.58357e-06,13.608
0.920032,999.976,6.34025e-06,11.712
0.921049,999.976,6.19794e-06,11.712
0.922043,999.978,6.92498e-06,10.758
0.923039,999.978,6.28827e-06,10.758
0.924045,999.98,6.51761e-06,9.8
0.925047,999.982,6.46621e-06,8.838
0.926044,999.984,6.65015e-06,7.872
0.927045,999.984,6.22933e-06,7.872
0.928052,999.984,6.76743e-06,7.872
0.929055,999.984,6.39431e-06,7.872
0.930049,999.984,6.34794e-06,7.872
0.93106,999.984,6.63879e-06,7.872
0.932054,999.986,6.31112e-06,6.902
0.933067,999.986,6.62462e-06,6.902
0.934067,999.986,6.66217e-06,6.902
0.935063,999.988,6.12377e-06,5.928
0.936074,999.988,7.0365e-06,5.928
0.937055,999.988,5.88476e-06,5.928
0.938083,999.988,6.88405e-06,5.928
0.939071,999.99,6.21862e-06,4.95
0.94008,999.99,6.84998e-06,4.95
0.941077,999.99,6.18833e-06,4.95
0.942087,999.99,6.74056e-06,4.95
0.943077,999.99,6.47087e-06,4.95
0.944081,999.99,6.50905e-06,4.95
0.945092,999.992,6.42231e-06,3.968
0.946083,999.992,6.73362e-06,3.968
0.94709,999.992,6.45848e-06,3.968
0.948092,999.992,6.37447e-06,3.968
0.949096,999.992,6.60376e-06,3.968
0.950086,999.992,6.36432e-06,3.968
0.9511,999.992,6.25869e-06,3.968
0.952099,999.992,6.74044e-06,3.968
0.953097,999.992,6.2345e-06,3.968
0.954101,999.996,6.60198e-06,1.992
0.955103,999.996,6.32976e-06,1.992
0.956109,999.996,6.52513e-06,1.992
0.957115,999.998,6.49087e-06,0.998
0.958105,999.998,6.54399e-06,0.998
0.959116,999.998,6.04626e-06,0.998
0.960115,999.998,6.7022e-06,0.998
0.96112,999.998,6.66372e-06,0.998
0.962126,999.998,6.15739e-06,0.998
0.963121,1000,7.02502e-06,0
0.964123,1000,6.02261e-06,0
0.965128,1000,6.99592e-06,0
0.966119,1000,5.89779e-06,0
0.96714,1000,6.90022e-06,0
0.968129,1000,6.42199e-06,0
0.969146,1000,6.59425e-06,0
0.970134,1000,6.60484e-06,0
0.971143,1000,6.57298e-06,0
0.972133,1000,6.35888e-06,0
0.973143,1000,6.62345e-06,0
0.974144,1000,6.50434e-06,0
0.975143,1000,6.4628e-06,0
0.976147,1000,6.6229e-06,0
0.977149,1000,6.50355e-06,0
0.978154,1000,6.48474e-06,0
0.979148,1000,6.53607e-06,0
0.980154,1000,6.62916e-06,0
0.981158,1000,6.30674e-06,0
0.982165,1000,6.38906e-06,0
0.983151,1000,6.61141e-06,0
0.984164,1000,6.12169e-06,0
0.985165,1000,6.79562e-06,0
0.986162,1000,6.22402e-06,0
0.987169,1000,6.78463e-06,0
0.988171,1000,6.20956e-06,0
0.989181,1000,6.53788e-06,0
0.990171,1000,6.77391e-06,0
0.991176,1000,6.21294e-06,0
0.992189,1000,6.3486e-06,0
0.993173,1000,6.60392e-06,0
0.994188,1000,6.39672e-06,0
0.995185,1000,6.27559e-06,0
0.996185,1000,7.46955e-06,0
0.997212,1000,3.86517e-06,0
0.998159,1000,1.08756e-05,0
0.999212,1000,3.2478e-07,0
1,1000,0,0
0.0920223,33.27,1.14094,211923
3.93701,-1,-1,-1
