0,1,0,0
0.00118049,2.014,1.40805e-07,6.902
0.00207493,2.036,9.30282e-07,19.352
0.00322401,2.082,2.52299e-06,39.638
0.00414079,2.174,1.47925e-06,89.862
0.00514412,2.256,5.08517e-06,141.232
0.00618431,2.36,3.03819e-06,171.2
0.00714708,2.438,3.16e-06,207.078
0.00816718,2.558,4.14118e-06,269.318
0.0091661,2.662,3.37574e-06,287.878
0.0101672,2.748,3.78637e-06,318.248
0.0111747,2.878,3.49043e-06,357.558
0.0121702,2.984,3.80814e-06,393.872
0.0131739,3.06,3.42679e-06,432.2
0.014176,3.15,3.59678e-06,437.75
0.0151857,3.214,3.70092e-06,504.102
0.0161784,3.27,3.65236e-06,528.55
0.0171767,3.33,3.58301e-06,552.55
0.0181825,3.412,3.61591e-06,627.128
0.0191915,3.482,3.55226e-06,762.838
0.0201841,3.546,3.56591e-06,851.942
0.0211896,3.61,3.68956e-06,930.95
0.0221937,3.7,3.70284e-06,1053
0.0231883,3.766,3.42985e-06,1081.62
0.0241946,3.85,3.79592e-06,1213.75
0.0252032,3.93,3.56987e-06,1274.55
0.0261945,3.998,3.38844e-06,1379
0.027199,4.094,3.91474e-06,1550.58
0.0282092,4.176,3.39861e-06,1716.51
0.0291976,4.256,3.55634e-06,1787.23
0.0302162,4.336,3.87539e-06,1843.55
0.0312106,4.404,3.22519e-06,1996.39
0.0322067,4.47,3.99952e-06,2120.55
0.0332223,4.542,3.36236e-06,2178.12
0.0342043,4.608,3.55213e-06,2355.17
0.0352246,4.67,3.84911e-06,2550.55
0.036222,4.726,3.26034e-06,2631.46
0.0372186,4.82,4.00381e-06,2907.8
0.038226,4.902,3.56291e-06,3102.2
0.0392222,4.994,3.50204e-06,3438.98
0.0402283,5.062,3.64605e-06,3603.08
0.0412274,5.148,3.67124e-06,3717.05
0.042233,5.212,3.7166e-06,3893.53
0.0432314,5.292,3.51826e-06,3949.37
0.0442353,5.364,3.73731e-06,4207.75
0.0452395,5.428,3.55833e-06,4378.41
0.0462305,5.528,3.629e-06,4622.61
0.0472478,5.606,3.77282e-06,4873.38
0.0482434,5.67,3.4678e-06,5294.55
0.0492454,5.752,3.74495e-06,5529.25
0.0502468,5.842,3.61182e-06,5666.52
0.0512459,5.918,3.58e-06,5803.64
0.0522497,5.99,3.78733e-06,5918.95
0.0532537,6.082,3.61548e-06,6201.64
0.0542527,6.182,3.50417e-06,6460.44
0.0552564,6.24,3.74771e-06,6767.2
0.0562633,6.324,3.56695e-06,7003.51
0.0572652,6.414,3.59552e-06,7125.3
0.0582648,6.486,3.63014e-06,7198.9
0.059264,6.568,3.71294e-06,7376.69
0.0602725,6.646,3.52244e-06,7640.34
0.0612627,6.748,3.55849e-06,7940.25
0.0622771,6.844,3.70649e-06,8421.83
0.0632721,6.904,3.44618e-06,8507.39
0.0642741,6.99,3.71288e-06,8762.95
0.0652768,7.086,3.72547e-06,9011.3
0.0662806,7.182,3.52014e-06,9400.44
0.0672773,7.286,3.58174e-06,9530.1
0.0682847,7.396,3.75673e-06,9711.59
0.0692785,7.47,3.61781e-06,9872.55
0.0702875,7.546,3.46353e-06,10219.9
0.0712896,7.638,3.6966e-06,10671.5
0.0723004,7.776,3.63568e-06,10988.9
0.0732888,7.896,3.34206e-06,11146.6
0.0742951,8.03,4.01829e-06,11602.5
0.0752989,8.112,3.28365e-06,11895.7
0.076292,8.188,3.70096e-06,12250.3
0.0773171,8.264,3.57788e-06,12337.2
0.0783009,8.386,3.40245e-06,12550.5
0.0793052,8.52,3.99473e-06,13048.8
0.0803127,8.632,3.44409e-06,13652.3
0.0813093,8.726,3.53699e-06,14157.5
0.0823125,8.834,3.82445e-06,14427.2
0.0833257,8.928,3.29676e-06,14627.4
0.0843148,9.054,3.85869e-06,14997.5
0.085321,9.152,3.71219e-06,15590.4
0.0863171,9.3,3.48242e-06,16397
0.0873208,9.374,3.67267e-06,16865.1
0.0883324,9.488,3.59293e-06,17056.9
0.0893232,9.616,3.59233e-06,17798.3
0.0903287,9.75,3.75914e-06,18207.7
0.0913326,9.868,3.4919e-06,18677.3
0.0923304,9.974,3.72013e-06,18930.7
0.093339,10.066,3.43636e-06,19506.8
0.0943369,10.184,3.75551e-06,20009.1
0.0953401,10.256,3.62851e-06,20189.2
0.0963386,10.414,3.54608e-06,20665.3
0.0973436,10.524,3.69799e-06,21586.7
0.0983445,10.686,3.55742e-06,21981.7
0.0993447,10.812,3.62688e-06,23092.3
0.100344,10.932,3.59036e-06,24187.7
0.101348,11.042,3.69667e-06,24524.1
0.102351,11.144,3.59224e-06,24809.6
0.103357,11.302,3.59569e-06,25853.4
0.104351,11.398,3.67104e-06,26443.8
0.105363,11.538,3.58447e-06,27622.3
0.106354,11.684,3.56582e-06,28130.1
0.107364,11.774,3.69474e-06,28699.5
0.108367,11.904,3.47439e-06,29603.4
0.109368,12.014,3.82344e-06,30084.9
0.110367,12.16,3.52834e-06,31351.2
0.111369,12.312,3.59341e-06,32361.3
0.112376,12.48,3.54975e-06,34270.8
0.113377,12.6,3.79471e-06,34792
0.114383,12.732,3.54972e-06,35754.1
0.115371,12.956,3.60065e-06,37723
0.11638,13.09,3.74016e-06,39166.9
0.117383,13.24,3.43534e-06,40489.2
0.118383,13.388,3.78896e-06,42738.7
0.119386,13.512,3.55692e-06,43828.9
0.120392,13.666,3.5509e-06,45469.2
0.121385,13.778,3.95826e-06,46134.4
0.122386,13.938,3.49127e-06,47791.1
0.123388,14.05,3.69538e-06,48845.8
0.124399,14.208,3.53317e-06,50254.4
0.125386,14.334,3.68939e-06,51165.2
0.126403,14.48,3.62749e-06,51810.8
0.1274,14.68,3.56666e-06,52762.8
0.128408,14.866,3.70582e-06,54524
0.129403,15.022,3.55437e-06,56616.8
0.130404,15.192,3.77882e-06,57807.6
0.131416,15.362,3.51445e-06,59975.5
0.132411,15.504,3.61243e-06,60803
0.133414,15.706,3.6554e-06,62887.8
0.134417,15.882,3.59541e-06,64406
0.135417,16.05,3.53906e-06,65585.8
0.136424,16.222,3.89809e-06,67056.4
0.137426,16.428,3.37678e-06,67780.4
0.138414,16.636,3.72195e-06,70351.8
0.139435,16.812,3.7287e-06,71788.3
0.140426,17,3.3002e-06,73196
0.141432,17.156,3.91528e-06,74697.8
0.142437,17.344,3.39721e-06,77928.8
0.143441,17.508,3.60288e-06,78879
0.144439,17.678,3.69572e-06,80415.2
0.145434,17.83,3.5909e-06,81918.5
0.146445,17.976,3.63162e-06,84105.7
0.147439,18.168,3.60176e-06,86457.9
0.148446,18.374,3.76781e-06,88315.1
0.149449,18.56,3.37107e-06,90273.2
0.150444,18.764,3.72169e-06,92778.2
0.151458,18.928,3.65359e-06,94443.4
0.152452,19.16,3.42467e-06,97409.2
0.15345,19.364,4.02702e-06,100002
0.154463,19.65,3.41967e-06,100868
0.15545,19.866,3.50647e-06,102252
0.156462,20.096,3.96456e-06,107425
0.157462,20.234,3.26379e-06,109170
0.158462,20.374,3.82431e-06,110325
0.159472,20.58,3.66217e-06,111528
0.160464,20.774,3.44946e-06,113139
0.161469,21.002,3.67934e-06,120585
0.162473,21.284,3.69986e-06,123608
0.163471,21.57,3.58158e-06,127141
0.16447,21.838,3.5789e-06,131210
0.165476,22.052,3.65715e-06,134389
0.166499,22.284,3.42353e-06,136116
0.167478,22.502,3.53756e-06,137849
0.168487,22.856,3.9343e-06,148662
0.169488,23.106,3.33506e-06,151749
0.170482,23.336,3.73945e-06,154544
0.171497,23.69,3.569e-06,158047
0.172492,24.016,3.36395e-06,161954
0.1735,24.282,4.00614e-06,163561
0.174495,24.58,3.38888e-06,168908
0.175494,24.832,3.77215e-06,170622
0.176511,25.062,3.58451e-06,173085
0.1775,25.308,3.50224e-06,174349
0.178503,25.624,3.76019e-06,182071
0.179506,25.884,3.60296e-06,185695
0.180506,26.17,3.64347e-06,189131
0.181515,26.432,3.61131e-06,195749
0.182511,26.682,3.64913e-06,201768
0.183512,26.966,3.76167e-06,204956
0.184513,27.29,3.34048e-06,208711
0.18552,27.536,3.91175e-06,214776
0.186525,27.792,3.44531e-06,220540
0.187521,28.312,3.65158e-06,233995
0.188529,28.608,3.70694e-06,241949
0.189525,28.862,3.53321e-06,246207
0.190529,29.164,3.71666e-06,253135
0.191533,29.532,3.63415e-06,256556
0.19253,29.794,3.58947e-06,261482
0.193535,30.234,3.73247e-06,271014
0.194536,30.664,3.5514e-06,286608
0.195538,31.07,3.61822e-06,293301
0.196538,31.526,3.54826e-06,302169
0.197542,31.932,3.733e-06,307658
0.198544,32.224,3.43388e-06,311247
0.199528,32.594,3.71364e-06,315579
0.200535,32.88,3.61761e-06,321561
0.201541,33.262,3.39917e-06,330503
0.202551,33.704,3.7853e-06,335150
0.203555,34.074,3.58332e-06,343694
0.204556,34.6,3.52936e-06,366242
0.205555,34.926,3.75119e-06,371082
0.206563,35.294,3.64799e-06,378740
0.207558,35.764,3.6265e-06,389590
0.208556,36.104,3.56603e-06,393397
0.209571,36.608,3.56139e-06,403875
0.210577,36.946,3.59989e-06,409842
0.211569,37.288,3.67588e-06,416685
0.212567,37.63,3.59059e-06,425065
0.213574,38.422,3.70463e-06,439796
0.214574,38.8,3.3961e-06,450994
0.215581,39.23,3.90276e-06,459265
0.216586,39.756,3.52861e-06,477348
0.217582,40.29,3.48409e-06,489421
0.218585,40.69,3.87426e-06,497509
0.219589,41.06,3.40524e-06,501298
0.220584,41.644,3.7313e-06,516845
0.221593,42.092,3.73338e-06,531244
0.222582,42.562,3.29714e-06,536413
0.223593,43.14,3.88009e-06,559966
0.224605,43.676,3.63888e-06,575764
0.225594,44.14,3.36687e-06,589482
0.226602,44.704,3.93283e-06,632042
0.227606,45.348,3.49461e-06,648003
0.228608,45.98,3.70165e-06,674540
0.229603,46.53,3.57642e-06,687525
0.23061,46.96,3.71889e-06,698095
0.231614,47.376,3.47223e-06,703419
0.232607,47.966,3.56665e-06,710780
0.233615,48.424,3.80078e-06,724212
0.234617,49.096,3.52492e-06,744515
0.235619,49.768,3.54355e-06,763987
0.236621,50.474,3.78461e-06,791609
0.237624,51.232,3.64592e-06,807431
0.238624,51.966,3.42582e-06,829688
0.239621,52.454,3.78465e-06,855070
0.24064,53.22,3.60522e-06,876152
0.241633,53.858,3.21154e-06,887953
0.242623,54.392,4.32641e-06,901289
0.24364,55.226,3.17103e-06,935679
0.244622,55.912,3.62136e-06,967596
0.24565,56.798,3.68478e-06,983811
0.246636,57.552,3.39289e-06,1.01256e+06
0.247642,58.376,3.81416e-06,1.03282e+06
0.248644,59.074,3.59643e-06,1.05507e+06
0.249664,59.664,3.41387e-06,1.06869e+06
0.250629,60.53,3.65781e-06,1.11138e+06
0.251653,61.528,3.50824e-06,1.15174e+06
0.252652,62.058,3.7395e-06,1.17167e+06
0.25366,63.06,3.70567e-06,1.20475e+06
0.254654,63.772,3.4745e-06,1.22916e+06
0.255659,64.408,3.76621e-06,1.24502e+06
0.256667,65.442,3.5887e-06,1.27535e+06
0.257659,66.108,3.60758e-06,1.29374e+06
0.258656,67.24,3.91702e-06,1.3386e+06
0.259666,68.15,3.32082e-06,1.36461e+06
0.260663,69.294,3.73599e-06,1.40681e+06
0.261676,70.034,3.70881e-06,1.43626e+06
0.262673,70.794,3.47697e-06,1.46797e+06
0.26367,71.766,3.73714e-06,1.49956e+06
0.264677,72.726,3.63317e-06,1.5307e+06
0.26568,73.74,3.57248e-06,1.56927e+06
0.266685,74.562,3.64478e-06,1.59243e+06
0.267684,75.396,3.66366e-06,1.61665e+06
0.268685,76.342,3.60852e-06,1.64375e+06
0.269682,77.488,3.55268e-06,1.70389e+06
0.27069,78.462,3.74858e-06,1.76694e+06
0.27169,79.534,3.61152e-06,1.81159e+06
0.2727,80.774,3.69928e-06,1.85151e+06
0.273694,81.912,3.55537e-06,1.89762e+06
0.274693,83.252,3.70869e-06,1.95726e+06
0.275701,84.444,3.56896e-06,2.01154e+06
0.276698,85.668,3.70143e-06,2.04585e+06
0.277708,86.774,3.62042e-06,2.0711e+06
0.278705,88.024,3.50965e-06,2.10249e+06
0.279708,89.59,3.83121e-06,2.15437e+06
0.280709,90.804,3.51305e-06,2.21598e+06
0.281712,91.688,3.65539e-06,2.24517e+06
0.282713,92.95,3.66022e-06,2.27803e+06
0.283714,94.41,3.51904e-06,2.31331e+06
0.28471,95.548,3.72192e-06,2.34769e+06
0.285713,96.976,3.56344e-06,2.38721e+06
0.286726,98.148,3.51519e-06,2.44697e+06
0.287722,99.334,3.54185e-06,2.50366e+06
0.288725,100.572,3.80955e-06,2.55165e+06
0.289721,101.99,3.57961e-06,2.60968e+06
0.290722,103.124,3.55292e-06,2.66628e+06
0.291739,104.75,3.56568e-06,2.7371e+06
0.292736,106.496,3.67227e-06,2.84977e+06
0.293734,108.466,3.54431e-06,2.94516e+06
0.294736,110.03,3.76575e-06,3.01101e+06
0.295742,111.542,3.58138e-06,3.06357e+06
0.296739,113.528,3.57238e-06,3.15157e+06
0.297746,114.922,3.72509e-06,3.20099e+06
0.298747,116.292,3.48544e-06,3.24617e+06
0.29975,118.048,3.7372e-06,3.3027e+06
0.30075,120.112,3.56803e-06,3.37151e+06
0.301746,121.646,3.70527e-06,3.43244e+06
0.30276,123.49,3.58949e-06,3.54661e+06
0.303753,125.458,3.45616e-06,3.62147e+06
0.304761,127.836,3.89226e-06,3.67592e+06
0.30576,129.702,3.2587e-06,3.75071e+06
0.306753,131.352,3.84452e-06,3.79419e+06
0.307762,133.21,3.54343e-06,3.85422e+06
0.308759,135.75,3.5717e-06,3.99323e+06
0.309769,137.794,3.72087e-06,4.10045e+06
0.310767,139.844,3.59426e-06,4.20803e+06
0.311769,141.884,3.6285e-06,4.31215e+06
0.312769,144.224,3.64576e-06,4.38193e+06
0.313775,146.406,3.63708e-06,4.49702e+06
0.314772,148.622,3.60443e-06,4.59011e+06
0.315778,151.388,3.60259e-06,4.6849e+06
0.316786,154.144,3.5702e-06,4.75846e+06
0.31778,156.662,3.74071e-06,4.85463e+06
0.318786,158.766,3.6342e-06,4.97072e+06
0.319786,161.9,3.54665e-06,5.08306e+06
0.320783,164.936,3.70415e-06,5.1654e+06
0.321792,167.506,3.68588e-06,5.23729e+06
0.32279,169.874,3.57354e-06,5.35189e+06
0.323795,172.984,3.69537e-06,5.47279e+06
0.324802,175.84,3.63375e-06,5.57599e+06
0.325805,179.576,3.50783e-06,5.74029e+06
0.326796,182.602,3.7737e-06,5.92481e+06
0.327807,186.188,3.60461e-06,6.09798e+06
0.328797,189.01,3.33652e-06,6.26676e+06
0.32981,192.512,3.91343e-06,6.40043e+06
0.330807,194.922,3.34829e-06,6.5411e+06
0.33181,198.008,4.10458e-06,6.61311e+06
0.332844,201.516,3.25689e-06,6.82075e+06
0.333818,204.996,3.10095e-06,6.88084e+06
0.334814,208.404,3.62731e-06,7.04357e+06
0.335818,212.26,3.28341e-06,7.11905e+06
0.336821,215.202,3.7915e-06,7.23855e+06
0.337825,218.696,3.58526e-06,7.45287e+06
0.338825,222.666,3.61376e-06,7.51958e+06
0.339837,226.98,3.64429e-06,7.65765e+06
0.340827,230.004,3.53435e-06,7.75977e+06
0.341833,233.754,3.81936e-06,7.82922e+06
0.342836,238.004,3.35951e-06,8.09996e+06
0.343832,242.796,3.8174e-06,8.26513e+06
0.34484,246.804,3.46911e-06,8.40022e+06
0.345834,250.18,3.67545e-06,8.59595e+06
0.346849,253.978,3.72678e-06,8.74318e+06
0.347834,257.83,3.52339e-06,8.89913e+06
0.348837,262,3.75754e-06,9.10708e+06
0.349847,268.15,3.52894e-06,9.18155e+06
0.350847,273.714,3.59597e-06,9.29774e+06
0.351853,278.028,3.67854e-06,9.48445e+06
0.352855,282.488,3.6027e-06,9.61006e+06
0.353852,286.842,3.61741e-06,9.68591e+06
0.354859,291.09,3.63699e-06,9.94427e+06
0.355858,295.446,3.70673e-06,1.01757e+07
0.356858,300.618,3.55922e-06,1.03146e+07
0.357862,306.87,3.57972e-06,1.04352e+07
0.358863,311.042,3.77029e-06,1.05174e+07
0.35987,316.698,3.48782e-06,1.05334e+07
0.360868,322.244,3.63773e-06,1.06614e+07
0.361876,327.748,3.77482e-06,1.07501e+07
0.362876,331.576,3.49399e-06,1.08511e+07
0.363874,336.362,3.61897e-06,1.09714e+07
0.364876,340.946,3.84626e-06,1.11902e+07
0.365879,346.896,3.402e-06,1.12866e+07
0.366874,352.038,3.73951e-06,1.14307e+07
0.367888,358.386,3.67104e-06,1.15249e+07
0.368881,365.854,3.43034e-06,1.16768e+07
0.369889,371.948,3.82149e-06,1.19582e+07
0.370894,376.686,3.64768e-06,1.20889e+07
0.371884,383.742,3.5498e-06,1.21513e+07
0.372893,389.268,3.68839e-06,1.22301e+07
0.373896,394.042,3.66075e-06,1.22744e+07
0.374906,401.294,3.59642e-06,1.24507e+07
0.375902,406.074,3.70014e-06,1.24893e+07
0.3769,412.006,3.52042e-06,1.26756e+07
0.37791,417.464,3.66923e-06,1.29514e+07
0.37891,422.266,3.84402e-06,1.30796e+07
0.379906,429.1,3.61542e-06,1.29712e+07
0.380908,435.3,3.60398e-06,1.31297e+07
0.381912,441.012,3.7015e-06,1.31149e+07
0.382913,448.298,3.50542e-06,1.30304e+07
0.38392,455.494,3.74958e-06,1.28986e+07
0.384916,462.21,3.57456e-06,1.31002e+07
0.385918,467.326,3.5928e-06,1.30696e+07
0.38692,474.22,3.77518e-06,1.30004e+07
0.387923,480.444,3.54426e-06,1.30003e+07
0.388927,488.25,3.58015e-06,1.29069e+07
0.389932,494.83,3.64274e-06,1.27292e+07
0.390926,503.404,3.61888e-06,1.24857e+07
0.391931,512.422,3.6516e-06,1.22886e+07
0.392932,519.19,3.56046e-06,1.21881e+07
0.393939,526.246,3.65575e-06,1.21926e+07
0.394932,532.382,3.47956e-06,1.20814e+07
0.395941,539.586,3.75049e-06,1.22399e+07
0.396943,546.494,3.57517e-06,1.23062e+07
0.397942,552.862,3.56202e-06,1.21695e+07
0.398941,559.058,3.80485e-06,1.2203e+07
0.399939,566.24,3.30593e-06,1.21659e+07
0.400942,573.612,3.6282e-06,1.20382e+07
0.401956,579.976,3.59102e-06,1.20229e+07
0.402948,586.784,3.52718e-06,1.20673e+07
0.403959,593.774,3.71588e-06,1.1876e+07
0.404957,601.242,3.53751e-06,1.17798e+07
0.405953,607.348,3.66343e-06,1.19104e+07
0.406955,614.834,3.56576e-06,1.18478e+07
0.407962,622.156,3.59035e-06,1.17199e+07
0.408966,630.278,3.61849e-06,1.16345e+07
0.409966,637.606,3.73076e-06,1.16075e+07
0.410968,645.696,3.56274e-06,1.15177e+07
0.411967,653.666,3.5795e-06,1.12828e+07
0.412974,661.59,3.71465e-06,1.10767e+07
0.413978,668.156,3.28045e-06,1.09584e+07
0.414971,676.242,3.78561e-06,1.05633e+07
0.415984,683.692,3.84087e-06,1.03898e+07
0.416967,690.35,3.24538e-06,1.04224e+07
0.417987,698.54,3.98967e-06,1.01791e+07
0.41899,706.136,3.3562e-06,1.0053e+07
0.419983,714.856,3.64971e-06,9.68629e+06
0.420998,722.956,3.72351e-06,9.41542e+06
0.421986,730.78,3.41466e-06,9.09796e+06
0.42299,738.514,3.93569e-06,8.86036e+06
0.424,746.19,3.29615e-06,8.76188e+06
0.424992,754.132,3.66106e-06,8.6418e+06
0.426005,761.94,3.87391e-06,8.38981e+06
0.427,769.582,3.35881e-06,8.16914e+06
0.428002,778.382,3.80136e-06,7.7685e+06
0.428998,785.76,3.66026e-06,7.73147e+06
0.430009,793.166,3.3395e-06,7.66237e+06
0.431015,802.04,3.75538e-06,7.4727e+06
0.432014,808.852,3.713e-06,7.54074e+06
0.433013,815.682,3.48759e-06,7.26732e+06
0.434014,823.266,3.75258e-06,7.13495e+06
0.435019,830.216,3.61462e-06,7.00074e+06
0.436015,837.904,3.65777e-06,6.91333e+06
0.437022,845.218,3.62683e-06,6.83201e+06
0.438021,852.246,3.58864e-06,6.65609e+06
0.439029,859.274,3.6075e-06,6.67774e+06
0.440022,866.148,3.58132e-06,6.5444e+06
0.441029,874.018,3.72004e-06,6.24498e+06
0.442033,881.97,3.54846e-06,5.87053e+06
0.443026,890.066,3.6442e-06,5.75776e+06
0.444038,897.91,3.66699e-06,5.51992e+06
0.445037,906.184,3.53049e-06,5.39324e+06
0.446038,914.524,3.63663e-06,5.1668e+06
0.447046,921.466,3.64478e-06,5.04137e+06
0.448044,929.064,3.54993e-06,4.84179e+06
0.449044,935.926,3.70918e-06,4.71897e+06
0.450052,942.964,3.63234e-06,4.60455e+06
0.451049,950.24,3.5235e-06,4.47311e+06
0.452053,958.192,3.64576e-06,4.29529e+06
0.453054,964.72,3.70584e-06,4.25731e+06
0.454056,971.154,3.61337e-06,4.18059e+06
0.455057,978.176,3.73778e-06,4.1269e+06
0.456056,985.454,3.53318e-06,4.09702e+06
0.457065,992.872,3.74322e-06,3.92433e+06
0.458063,999.744,3.52575e-06,3.87397e+06
0.459061,1006.8,3.73552e-06,3.82052e+06
0.460069,1013.14,3.63822e-06,3.74096e+06
0.461071,1019.9,3.45032e-06,3.63013e+06
0.462073,1027,3.74221e-06,3.55266e+06
0.463076,1033.58,3.74055e-06,3.50336e+06
0.464071,1040.08,3.58614e-06,3.46175e+06
0.465077,1047.6,3.59717e-06,3.33667e+06
0.466079,1054.42,3.69761e-06,3.28055e+06
0.467079,1060.46,3.5853e-06,3.24515e+06
0.468086,1067.4,3.68637e-06,3.14652e+06
0.469082,1073.9,3.6379e-06,3.07972e+06
0.470085,1080.81,3.6075e-06,2.99064e+06
0.47109,1087.14,3.66785e-06,2.90787e+06
0.472092,1093.53,3.59219e-06,2.87396e+06
0.473098,1100.35,3.60057e-06,2.77837e+06
0.474094,1107.44,3.59535e-06,2.6709e+06
0.475096,1114.01,3.70323e-06,2.60475e+06
0.4761,1120.99,3.52496e-06,2.56023e+06
0.477102,1126.98,3.6832e-06,2.55655e+06
0.478105,1133.27,3.7257e-06,2.54484e+06
0.479105,1139.92,3.47242e-06,2.49887e+06
0.480103,1146.45,3.84243e-06,2.40192e+06
0.481111,1152.79,3.43074e-06,2.34359e+06
0.482104,1158.94,3.55454e-06,2.34654e+06
0.483126,1165.54,3.74028e-06,2.34037e+06
0.484115,1171.58,3.37759e-06,2.34673e+06
0.485111,1177.59,4.12659e-06,2.29243e+06
0.486122,1183.85,3.20876e-06,2.28003e+06
0.487116,1189.82,3.65982e-06,2.19268e+06
0.488131,1195.69,3.7594e-06,2.17111e+06
0.489121,1201.51,3.40502e-06,2.11854e+06
0.490129,1208.02,3.78233e-06,2.04703e+06
0.491132,1214.26,3.5636e-06,2.02846e+06
0.492132,1220.62,3.62709e-06,1.98516e+06
0.493131,1225.79,3.56462e-06,1.97149e+06
0.494134,1231.93,3.75937e-06,1.95829e+06
0.495138,1238.03,3.65255e-06,1.89117e+06
0.496136,1243.93,3.78681e-06,1.8194e+06
0.497132,1249.98,3.58836e-06,1.76243e+06
0.49815,1255.68,2.92449e-06,1.71358e+06
0.499185,1261.76,3.0321e-06,1.67117e+06
0.500133,1267.1,5.16734e-06,1.6192e+06
0.501109,1273.14,3.027e-06,1.61173e+06
0.502146,1279.36,2.97881e-06,1.60417e+06
0.503162,1285.5,3.64885e-06,1.57626e+06
0.504159,1290.72,3.75664e-06,1.57484e+06
0.505156,1295.91,3.64599e-06,1.58759e+06
0.506161,1300.89,3.75428e-06,1.601e+06
0.507163,1306.51,3.5838e-06,1.57475e+06
0.508163,1311.97,3.64161e-06,1.54032e+06
0.509163,1317.97,3.56026e-06,1.41165e+06
0.510166,1323.33,3.8042e-06,1.38414e+06
0.511174,1328.73,3.41479e-06,1.36111e+06
0.512165,1333.99,3.76558e-06,1.35102e+06
0.513179,1339.58,3.65174e-06,1.32594e+06
0.514173,1344.86,3.20719e-06,1.31112e+06
0.515184,1350.1,4.12348e-06,1.31168e+06
0.51618,1355.18,3.3784e-06,1.29981e+06
0.517169,1360.24,3.73302e-06,1.27175e+06
0.518192,1365.89,3.55065e-06,1.23028e+06
0.519184,1370.83,3.44249e-06,1.19948e+06
0.520192,1376.09,3.8296e-06,1.15768e+06
0.521189,1381.22,3.48558e-06,1.12059e+06
0.52219,1386.26,3.73143e-06,1.12276e+06
0.523193,1392.01,3.67995e-06,1.07996e+06
0.524196,1397.01,3.54822e-06,1.05254e+06
0.525199,1401.86,3.69183e-06,1.04589e+06
0.526201,1406.91,3.61134e-06,1.01825e+06
0.527197,1411.92,3.6017e-06,985460
0.528203,1416.99,3.60708e-06,983991
0.529205,1421.43,3.64983e-06,983921
0.530211,1425.63,3.59851e-06,971024
0.531213,1430.17,3.64325e-06,969245
0.532209,1434.76,3.6896e-06,941014
0.533216,1439.42,3.58245e-06,937857
0.534216,1444.03,3.69587e-06,926815
0.535217,1448.66,3.60259e-06,913395
0.536224,1453.27,3.58678e-06,892539
0.537218,1458.02,3.73376e-06,872698
0.538222,1462.47,3.77081e-06,855377
0.539224,1467.44,3.44855e-06,812997
0.540226,1471.78,3.65531e-06,819060
0.541234,1476.31,3.75084e-06,807011
0.542232,1480.94,3.51405e-06,802206
0.54323,1485.31,3.74693e-06,770884
0.544239,1490.34,3.53518e-06,770794
0.545238,1494.79,3.72481e-06,752216
0.546239,1499.25,3.59599e-06,754049
0.547241,1503.53,3.70119e-06,731301
0.548243,1508.15,3.65521e-06,708908
0.549245,1512.62,3.52346e-06,689666
0.550244,1516.65,3.62103e-06,675127
0.55125,1520.71,3.71298e-06,661977
0.552251,1524.98,3.55936e-06,654958
0.553248,1529.52,3.60965e-06,646091
0.554257,1533.61,3.67482e-06,641189
0.555258,1537.54,3.52061e-06,617128
0.556257,1541.57,3.64475e-06,596072
0.557269,1545.75,3.63866e-06,588632
0.558262,1549.93,3.55242e-06,594569
0.559266,1553.65,3.70727e-06,594279
0.560273,1557.49,3.5826e-06,586895
0.561267,1561.58,3.60476e-06,578996
0.562274,1565.45,3.56225e-06,572346
0.563273,1569.17,3.62484e-06,555709
0.56428,1573.33,3.65827e-06,541535
0.565276,1577.41,3.61274e-06,536259
0.566281,1581.11,3.74435e-06,533964
0.567282,1585.19,3.51131e-06,534210
0.568281,1588.93,3.70609e-06,530615
0.56928,1592.66,3.75494e-06,514265
0.570287,1596.53,3.33424e-06,503312
0.571297,1600.2,3.65978e-06,488355
0.572294,1603.89,3.79543e-06,485927
0.573295,1607.61,3.32853e-06,475443
0.574291,1611.16,3.87325e-06,474137
0.575303,1614.58,3.67104e-06,471446
0.576295,1618.23,3.2835e-06,462481
0.577305,1621.9,3.94681e-06,446487
0.578309,1625.38,3.42023e-06,442644
0.579297,1629.05,3.71361e-06,434859
0.580312,1632.69,3.64471e-06,429412
0.581305,1636.08,3.3698e-06,430537
0.582309,1639.56,3.97059e-06,422501
0.583328,1643.13,3.25055e-06,415770
0.584312,1646.37,3.84795e-06,403750
0.585324,1649.76,3.78033e-06,400216
0.586317,1653.23,3.29532e-06,391125
0.587321,1656.42,3.70228e-06,383000
0.588329,1659.5,3.59843e-06,375231
0.589327,1662.87,3.56288e-06,364584
0.59033,1666.15,3.7135e-06,356359
0.591329,1669.36,3.65253e-06,349584
0.592333,1672.56,3.57401e-06,350807
0.59334,1675.69,3.56874e-06,349517
0.594342,1678.6,3.67415e-06,341064
0.595339,1681.78,3.52897e-06,332252
0.596336,1685.09,3.74068e-06,323953
0.597347,1688.25,3.5219e-06,324356
0.598339,1691.23,3.58519e-06,320996
0.599353,1694.64,3.59904e-06,317787
0.600356,1697.58,3.32373e-06,308035
0.601354,1700.62,3.80535e-06,306512
0.602353,1703.69,3.56105e-06,299194
0.603353,1706.64,3.5796e-06,293569
0.604355,1709.61,3.74301e-06,283909
0.605363,1712.56,3.48421e-06,284665
0.606356,1715.35,3.6523e-06,279659
0.607364,1717.95,3.53914e-06,277589
0.608365,1720.63,3.66802e-06,271731
0.609369,1723.52,3.59905e-06,268075
0.610363,1726.21,3.65281e-06,260413
0.611368,1728.77,3.56285e-06,262607
0.612372,1731.67,3.55203e-06,252083
0.613375,1734.36,3.75706e-06,247004
0.614377,1737.46,3.60347e-06,243506
0.615379,1739.97,3.56137e-06,242165
0.616375,1742.46,3.73534e-06,237698
0.617382,1745.13,3.51141e-06,236363
0.618383,1747.91,3.70206e-06,233221
0.619387,1750.39,3.55731e-06,231891
0.620389,1752.89,3.65246e-06,230281
0.621385,1755.6,3.81635e-06,225758
0.622385,1758.21,3.69555e-06,221590
0.623395,1760.57,3.50447e-06,220052
0.624393,1762.94,3.71036e-06,211562
0.62539,1765.61,3.60188e-06,212409
0.626399,1768.04,3.65072e-06,209177
0.627403,1770.38,3.69298e-06,204938
0.628411,1772.73,3.54885e-06,204883
0.629401,1775.11,3.64139e-06,195789
0.630406,1777.49,3.83598e-06,191173
0.631414,1779.84,3.41062e-06,187897
0.632407,1781.93,3.66909e-06,187735
0.633421,1784.38,3.73754e-06,180696
0.634416,1786.98,3.40686e-06,178338
0.635419,1789.38,3.82921e-06,171412
0.636421,1791.38,3.63081e-06,169634
0.637419,1793.53,3.49024e-06,168913
0.638419,1795.63,3.75036e-06,164694
0.639428,1797.68,3.64911e-06,160495
0.640425,1799.86,3.49278e-06,158555
0.641432,1802.31,3.76973e-06,158293
0.642433,1804.65,3.60779e-06,155364
0.643437,1806.86,3.55582e-06,152766
0.644437,1809.06,3.71312e-06,148508
0.645436,1811.23,3.63946e-06,144203
0.646444,1813.33,3.654e-06,140852
0.64744,1815.46,3.60507e-06,137322
0.648442,1817.52,3.67714e-06,136003
0.649448,1819.4,3.61138e-06,135280
0.650448,1821.4,3.51752e-06,135870
0.651458,1823.38,3.76005e-06,137016
0.652461,1825.32,3.51793e-06,138277
0.653447,1827.12,3.7341e-06,137508
0.654461,1828.99,3.6727e-06,137553
0.655455,1830.98,3.48345e-06,135482
0.656463,1832.65,3.80258e-06,134180
0.657459,1834.48,3.35527e-06,134445
0.658463,1836.33,3.79777e-06,132303
0.659468,1838.17,3.51248e-06,130219
0.660458,1840.21,3.65951e-06,130474
0.66147,1842.04,3.5861e-06,129873
0.66247,1843.85,3.60851e-06,127200
0.663475,1845.6,3.81254e-06,124938
0.664477,1847.49,3.26135e-06,122739
0.665481,1849.12,3.60162e-06,118400
0.666478,1850.76,3.08196e-06,117896
0.667451,1852.45,3.2349e-06,116766
0.668485,1854.27,4.04452e-06,116860
0.669488,1856.14,3.32519e-06,113786
0.670485,1857.82,3.92868e-06,112726
0.671498,1859.53,3.33109e-06,114202
0.672488,1861.1,3.59881e-06,112629
0.673499,1862.68,3.7537e-06,113311
0.67449,1864.14,3.5125e-06,114307
0.675493,1865.84,3.60055e-06,109825
0.6765,1867.46,3.70459e-06,107104
0.677505,1869.12,3.57497e-06,107582
0.678503,1870.72,3.66411e-06,108274
0.679512,1872.36,3.70955e-06,104745
0.680509,1873.9,3.54225e-06,100904
0.681509,1875.3,3.6308e-06,101159
0.682516,1876.8,3.74275e-06,101375
0.683509,1878.34,3.57182e-06,101058
0.684517,1879.67,3.6099e-06,100211
0.685523,1881,3.63212e-06,99346
0.68652,1882.45,3.63023e-06,99075.5
0.687526,1883.87,3.6522e-06,98049.3
0.688527,1885.37,3.63721e-06,95864.3
0.689528,1886.72,3.60548e-06,94354.8
0.690526,1888.15,3.76163e-06,93345
0.691536,1889.64,3.54453e-06,91162.6
0.692533,1891,3.56105e-06,88200
0.693542,1892.37,3.85654e-06,87536.3
0.694535,1893.6,3.27661e-06,85292.2
0.695534,1894.87,3.88564e-06,84127.1
0.696542,1896.29,3.47982e-06,82994.9
0.697535,1897.53,3.58866e-06,83544.4
0.698549,1898.89,3.68581e-06,82273.7
0.699545,1900.09,3.57348e-06,80158.6
0.700545,1901.51,3.74942e-06,78992.9
0.701548,1902.74,3.4832e-06,78937.7
0.702549,1903.92,3.73706e-06,78787.1
0.703556,1905.23,3.56949e-06,75854
0.704553,1906.43,3.56762e-06,74726.8
0.705559,1907.62,3.7485e-06,74677.8
0.706561,1908.77,3.57473e-06,74877.6
0.707559,1909.92,3.6485e-06,72560.8
0.708557,1911.1,3.56905e-06,70230.2
0.709573,1912.31,3.54525e-06,70278.6
0.710574,1913.55,3.57395e-06,69241.7
0.71157,1914.57,3.81083e-06,68148.7
0.712574,1915.52,3.53137e-06,67406.8
0.713569,1916.6,3.51878e-06,66566.2
0.714582,1917.65,3.5745e-06,65336
0.715585,1918.79,3.71076e-06,63322.4
0.716582,1919.85,3.50393e-06,61809.7
0.717582,1921.05,3.64577e-06,62749.9
0.718583,1922.05,3.66778e-06,62518.8
0.719587,1923.07,3.48873e-06,61287.7
0.720587,1924.13,3.83469e-06,58747.8
0.72159,1925.09,3.50044e-06,58411.3
0.722587,1926.1,3.61646e-06,58638.6
0.723597,1927.21,3.70598e-06,57162.1
0.724594,1928.23,3.58525e-06,56970
0.725602,1929.12,3.70121e-06,56174
0.726601,1930.09,3.56684e-06,55950.6
0.727595,1931.08,3.69942e-06,54298.5
0.728605,1931.89,3.61321e-06,53242.5
0.729605,1932.76,3.7379e-06,52706.2
0.730613,1933.57,3.56295e-06,52222.8
0.73161,1934.61,3.60917e-06,49637
0.732611,1935.47,3.6603e-06,48670.4
0.73361,1936.28,3.65424e-06,48287.9
0.734615,1937.2,3.58298e-06,47971.2
0.735619,1938.01,3.635e-06,47122.9
0.736625,1938.79,3.7415e-06,46426.1
0.737622,1939.66,3.47915e-06,45912.5
0.738619,1940.38,3.7078e-06,44796.3
0.739633,1941.25,3.74227e-06,43216.7
0.740629,1942.09,3.323e-06,42093.3
0.741639,1942.99,3.90208e-06,41734
0.742636,1943.83,3.63088e-06,41583.2
0.743628,1944.66,3.58227e-06,41244.8
0.744636,1945.44,3.7518e-06,40623
0.745641,1946.19,3.47942e-06,39892.3
0.746635,1946.91,3.68795e-06,39699.8
0.747644,1947.72,3.75102e-06,39084.8
0.748642,1948.51,3.47705e-06,39349
0.749666,1949.14,3.65647e-06,39193.6
0.750631,1949.88,3.44237e-06,38116.3
0.751651,1950.51,3.5954e-06,37289
0.752653,1951.23,3.81825e-06,36218.6
0.753659,1951.92,3.37753e-06,36256.5
0.754645,1952.48,3.68937e-06,36450.9
0.755673,1953.14,3.62017e-06,36265.5
0.756655,1953.82,3.16059e-06,36354.5
0.757672,1954.44,4.31296e-06,35909
0.758662,1955.05,3.23344e-06,35095.9
0.759655,1955.69,3.58716e-06,34901.3
0.760674,1956.31,3.77859e-06,34677
0.761671,1956.99,3.46513e-06,33206
0.762672,1957.72,3.60629e-06,32563.9
0.763674,1958.34,3.78452e-06,32290.5
0.764676,1959,3.55873e-06,31136
0.765678,1959.69,3.49065e-06,29419.3
0.76668,1960.33,3.80987e-06,29049.9
0.767688,1961,3.57303e-06,28960
0.768681,1961.52,3.45744e-06,28504.9
0.769685,1962.12,3.71966e-06,28355.6
0.770692,1962.72,3.59342e-06,27996.8
0.771688,1963.32,3.70172e-06,27360.4
0.772689,1963.91,3.46523e-06,27022.6
0.773693,1964.46,3.94976e-06,26918.4
0.774701,1965.02,3.35714e-06,26786.8
0.77569,1965.58,3.63162e-06,26124.1
0.776702,1966.15,3.86443e-06,25516.3
0.777713,1966.79,3.31546e-06,24138.4
0.778702,1967.38,3.71644e-06,22995.8
0.779711,1967.87,3.74758e-06,22531.3
0.780706,1968.33,3.40784e-06,22118.2
0.78171,1968.91,3.86467e-06,21299
0.782713,1969.47,3.49266e-06,21054.5
0.783709,1970.05,3.53058e-06,20388.6
0.784715,1970.55,3.88949e-06,19973.5
0.785721,1971.03,3.40923e-06,19900.7
0.786721,1971.47,3.66551e-06,19918.4
0.787728,1971.94,3.59761e-06,19269.1
0.788726,1972.37,3.68899e-06,19787.1
0.789718,1972.83,3.58663e-06,19661.9
0.790724,1973.31,3.57484e-06,19052.6
0.791739,1973.74,3.57125e-06,18939.7
0.792737,1974.2,3.61731e-06,18640.6
0.793732,1974.7,3.63964e-06,18217.8
0.79474,1975.15,3.74906e-06,17744.4
0.795739,1975.63,3.55312e-06,17147.1
0.79674,1976.01,3.54782e-06,17194.9
0.797744,1976.5,3.80043e-06,16801
0.798754,1976.94,3.3888e-06,16596.4
0.79976,1977.38,3.60932e-06,16579.3
0.800767,1977.87,3.70783e-06,16110.6
0.801751,1978.28,3.43713e-06,15537.7
0.802753,1978.69,3.72203e-06,15402.6
0.803757,1979.08,3.54663e-06,14856.5
0.804758,1979.45,3.60177e-06,14761.8
0.805759,1979.76,3.52941e-06,14302.2
0.806761,1980.17,3.73238e-06,13939.2
0.807765,1980.55,3.58217e-06,13491.8
0.808762,1980.88,3.63112e-06,13400.3
0.809767,1981.26,3.70975e-06,13063.2
0.81077,1981.61,3.51638e-06,13210.5
0.811767,1981.96,3.70639e-06,12939
0.812775,1982.31,3.66247e-06,12648.9
0.81377,1982.66,3.44576e-06,12320.5
0.814775,1982.97,3.90517e-06,11955.5
0.815782,1983.29,3.3553e-06,11840.5
0.816783,1983.61,3.76163e-06,11458.5
0.817784,1983.9,3.62799e-06,11382.6
0.81878,1984.26,3.60431e-06,11024.2
0.819789,1984.58,3.65311e-06,11022
0.820789,1984.89,3.57764e-06,10828.2
0.821792,1985.16,3.76487e-06,10627.9
0.822795,1985.44,3.50449e-06,10433.4
0.823784,1985.77,3.57471e-06,9889.09
0.824801,1986.03,3.77785e-06,9561.61
0.8258,1986.29,3.39265e-06,9321.78
0.826795,1986.55,4.01524e-06,9211.85
0.827803,1986.86,3.36171e-06,9079.63
0.828798,1987.13,3.56198e-06,8834.55
0.829813,1987.42,3.73705e-06,8593.64
0.830807,1987.65,3.33065e-06,8131.45
0.831808,1987.87,3.92249e-06,7873.29
0.832818,1988.09,3.54908e-06,7642.13
0.833797,1988.34,3.42243e-06,7534.52
0.834819,1988.56,3.62496e-06,7482.95
0.835825,1988.82,3.60461e-06,7274.51
0.836824,1989.11,3.57678e-06,7062.5
0.837822,1989.3,3.65611e-06,7109.4
0.838826,1989.53,3.70302e-06,6858.55
0.839832,1989.74,3.44959e-06,6769.15
0.840823,1989.93,3.64677e-06,6632.82
0.841833,1990.16,3.84378e-06,6659.83
0.842833,1990.39,3.26814e-06,6382.95
0.843833,1990.59,3.97369e-06,6271.13
0.844845,1990.82,3.52196e-06,6131.07
0.845833,1991.03,3.38943e-06,5976.42
0.846845,1991.25,4.03262e-06,5781.75
0.847843,1991.47,3.42749e-06,5550.42
0.848837,1991.68,3.63712e-06,5342.44
0.849852,1991.89,3.73201e-06,5174.95
0.850846,1992.07,3.38401e-06,5087.69
0.85185,1992.25,3.75606e-06,5012.74
0.852856,1992.42,3.59407e-06,4803.96
0.853851,1992.62,3.63324e-06,4688.27
0.854861,1992.77,3.57103e-06,4591.09
0.855857,1992.93,3.71811e-06,4409.41
0.856855,1993.13,3.61154e-06,4303.06
0.857859,1993.28,3.38589e-06,4208.36
0.858863,1993.46,3.91797e-06,4068.35
0.859869,1993.57,3.28305e-06,4038.41
0.86086,1993.75,3.72768e-06,3899.75
0.861882,1993.87,3.71075e-06,3794.55
0.862869,1994.05,3.4014e-06,3586.65
0.863872,1994.22,3.87679e-06,3515.8
0.864878,1994.35,3.57771e-06,3413.14
0.865879,1994.46,3.56744e-06,3328.28
0.866881,1994.62,3.67604e-06,3243.8
0.867885,1994.78,3.61254e-06,3118.67
0.868879,1994.9,3.51786e-06,3091.8
0.869892,1995.02,3.77118e-06,2977.71
0.870892,1995.14,3.55386e-06,2854.92
0.871887,1995.25,3.70029e-06,2806.74
0.872895,1995.43,3.56707e-06,2622.55
0.873893,1995.57,3.63644e-06,2566.82
0.874909,1995.69,3.68372e-06,2466.95
0.875897,1995.81,3.56669e-06,2421.57
0.876907,1995.91,3.67948e-06,2328.95
0.87791,1996,3.49663e-06,2281
0.87891,1996.08,3.95359e-06,2254.47
0.879904,1996.18,3.55079e-06,2229.16
0.880909,1996.3,3.57388e-06,2221.4
0.881913,1996.4,3.7976e-06,2182.39
0.882913,1996.48,3.40939e-06,2150.8
0.883915,1996.56,3.75511e-06,2086.95
0.884924,1996.65,3.58687e-06,2012.34
0.885913,1996.74,3.57364e-06,1951.23
0.886918,1996.84,3.79383e-06,1849.88
0.88792,1996.94,3.5622e-06,1765.32
0.888927,1997.02,3.59342e-06,1683.71
0.889929,1997.14,3.51545e-06,1628.92
0.890927,1997.23,3.82767e-06,1590.55
0.891928,1997.32,3.45137e-06,1568.44
0.892931,1997.41,3.70506e-06,1521.3
0.893942,1997.49,3.54852e-06,1422.97
0.894932,1997.56,3.58947e-06,1398.95
0.895944,1997.65,3.65565e-06,1341.14
0.896938,1997.71,3.61671e-06,1280.53
0.897945,1997.77,3.60737e-06,1262.55
0.898948,1997.83,3.70265e-06,1263.89
0.899952,1997.89,3.59949e-06,1223.73
0.90095,1997.99,3.62107e-06,1148.98
0.901951,1998.07,3.54912e-06,1115.41
0.902952,1998.14,3.69443e-06,1051.63
0.903957,1998.22,3.55199e-06,1002.36
0.904955,1998.31,3.63292e-06,934.182
0.905959,1998.38,3.74711e-06,907.312
0.906956,1998.43,3.43967e-06,876.688
0.907965,1998.48,3.72616e-06,858.758
0.908963,1998.54,3.48438e-06,844.118
0.909967,1998.6,3.76706e-06,788
0.910972,1998.64,3.59238e-06,759.478
0.911963,1998.69,3.58563e-06,730.568
0.912974,1998.74,3.69235e-06,687.718
0.913979,1998.79,3.47208e-06,660.102
0.914974,1998.82,3.70867e-06,627.072
0.915981,1998.85,3.86092e-06,591.142
0.916969,1998.88,3.30912e-06,572.038
0.917983,1998.94,3.81519e-06,555.078
0.918986,1999.01,3.54492e-06,513.968
0.919983,1999.03,3.40508e-06,516.55
0.92099,1999.06,4.00784e-06,507.318
0.921995,1999.1,3.38198e-06,481
0.922978,1999.12,3.56092e-06,463.558
0.924004,1999.14,3.7043e-06,449.632
0.924996,1999.17,3.27734e-06,441.208
0.926001,1999.21,4.01358e-06,412.102
0.927006,1999.24,3.3539e-06,415.718
0.927995,1999.27,3.64067e-06,411.622
0.929005,1999.29,3.66904e-06,408.102
0.930008,1999.32,3.47345e-06,402.438
0.931017,1999.36,3.59898e-06,393.478
0.93201,1999.41,3.74884e-06,368.582
0.933018,1999.44,3.56945e-06,349.432
0.934015,1999.46,3.51754e-06,340.2
0.935018,1999.49,3.70499e-06,326.902
0.936021,1999.5,3.73376e-06,304.998
0.937023,1999.52,3.43337e-06,292.838
0.938018,1999.54,3.71465e-06,290.2
0.939032,1999.55,3.57402e-06,285.75
0.940023,1999.56,3.53076e-06,278.952
0.941031,1999.58,3.70993e-06,263.472
0.94203,1999.6,3.64635e-06,258
0.94303,1999.63,3.61064e-06,231.062
0.944032,1999.64,3.54334e-06,224.632
0.945039,1999.66,3.74612e-06,195.552
0.946042,1999.68,3.49038e-06,184.8
0.947041,1999.69,3.58247e-06,173.328
0.948045,1999.71,3.7887e-06,165.782
0.949049,1999.73,3.58838e-06,147.008
0.950048,1999.75,3.61612e-06,138.742
0.95105,1999.77,3.74861e-06,121.462
0.952052,1999.78,3.46522e-06,119.238
0.953047,1999.79,3.78826e-06,116.368
0.954065,1999.8,3.61111e-06,112
0.955056,1999.81,3.59016e-06,104.95
0.95606,1999.82,3.7152e-06,98.512
0.957064,1999.83,3.53037e-06,94.55
0.958062,1999.84,3.70869e-06,85.832
0.959068,1999.86,3.6568e-06,76.918
0.960067,1999.87,3.63689e-06,71.062
0.961073,1999.89,3.48511e-06,60.95
0.962069,1999.91,3.56565e-06,48.582
0.963076,1999.92,4.01151e-06,40.8
0.964073,1999.93,3.2441e-06,36.262
0.965071,1999.93,3.86364e-06,34.55
0.966091,1999.93,3.55486e-06,32.822
0.967073,1999.94,3.35683e-06,29.318
0.968088,1999.95,4.00774e-06,27.542
0.969085,1999.95,3.22954e-06,25.75
0.970079,1999.96,3.88224e-06,22.118
0.971097,1999.96,3.56101e-06,19.352
0.972086,1999.97,3.39036e-06,18.422
0.973096,1999.97,3.90248e-06,17.488
0.974101,1999.97,3.40571e-06,14.662
0.975092,1999.98,3.54886e-06,10.758
0.976101,1999.98,3.78705e-06,9.8
0.977107,1999.98,3.4515e-06,7.872
0.978101,1999.99,3.64131e-06,5.928
0.979106,1999.99,3.70922e-06,4.95
0.980111,1999.99,3.55958e-06,4.95
0.981104,1999.99,3.56538e-06,2.982
0.982113,2000,3.59322e-06,1.992
0.983118,2000,3.6139e-06,1.992
0.984117,2000,3.62687e-06,1.992
0.985109,2000,3.72342e-06,0
0.98612,2000,3.59475e-06,0
0.987121,2000,3.44006e-06,0
0.988125,2000,3.78613e-06,0
0.98912,2000,3.47399e-06,0
0.990128,2000,3.80169e-06,0
0.991129,2000,3.30535e-06,0
0.992129,2000,4.19832e-06,0
0.993148,2000,3.14562e-06,0
0.994111,2000,2.94654e-06,0
0.995151,2000,5.26833e-06,0
0.996155,2000,1.33686e-06,0
0.997071,2000,2.4895e-06,0
0.998221,2000,8.75684e-07,0
0.999115,2000,7.92026e-08,0
1,2000,0,0
0.296299,113.81,1.78597,1.59681e+06
6.56098,-1,-1,-1
