0,1,0,0
0.00118204,2.018,1.86328e-08,8.838
0.00212768,2.058,6.03704e-08,27.318
0.00307331,2.126,1.25958e-07,55.062
0.00408567,2.216,4.16236e-06,88.672
0.00519286,2.332,8.12858e-07,120.888
0.00614663,2.45,5.03832e-07,143.75
0.0070974,2.536,8.02355e-07,150.352
0.00810462,2.644,3.14354e-06,152.632
0.00916804,2.764,2.64064e-06,152.152
0.0101584,2.856,1.34308e-06,143.632
0.0111248,2.942,1.53839e-06,135.318
0.0121236,3.014,2.5555e-06,124.902
0.0131529,3.052,2.86519e-06,118.648
0.0141601,3.116,2.03358e-06,115.272
0.0151454,3.152,1.93265e-06,120.448
0.0161396,3.212,2.32552e-06,125.528
0.0171552,3.256,2.65545e-06,135.232
0.0181605,3.336,2.2775e-06,169.552
0.0191552,3.398,2.11219e-06,185.798
0.0201543,3.454,2.26979e-06,205.942
0.0211585,3.518,2.51236e-06,244.838
0.0221684,3.57,2.40436e-06,246.55
0.0231679,3.632,2.19639e-06,252.288
0.0241627,3.684,2.26793e-06,258.072
0.025165,3.754,2.37921e-06,276.742
0.0261721,3.798,2.41768e-06,276.598
0.0271773,3.852,2.19828e-06,303.048
0.0281749,3.92,2.29025e-06,300.8
0.0291749,3.988,2.39897e-06,315.928
0.0301815,4.026,2.41237e-06,318.662
0.0311834,4.096,2.20939e-06,319.392
0.0321791,4.14,2.25517e-06,326.2
0.0331843,4.214,2.39521e-06,354.102
0.034189,4.274,2.44853e-06,355.462
0.0351909,4.336,2.27291e-06,355.552
0.0361885,4.388,2.20789e-06,376.728
0.0371955,4.466,2.35823e-06,396.422
0.0381898,4.514,2.39641e-06,408.902
0.0391984,4.562,2.33525e-06,415.078
0.0402021,4.636,2.27056e-06,417.752
0.041195,4.698,2.24126e-06,417.398
0.042204,4.784,2.36483e-06,444.672
0.0431992,4.838,2.3276e-06,465.878
0.0442092,4.886,2.42702e-06,478.502
0.0452087,4.954,2.23596e-06,491.942
0.0462129,5.038,2.28533e-06,560.278
0.04721,5.084,2.32195e-06,574.472
0.0482157,5.132,2.44358e-06,583.288
0.0492199,5.214,2.30614e-06,594.102
0.0502161,5.25,2.21848e-06,593.75
0.0512199,5.324,2.34265e-06,633.512
0.0522203,5.388,2.38167e-06,644.728
0.0532298,5.434,2.32942e-06,646.822
0.0542288,5.516,2.20848e-06,714.872
0.0552246,5.594,2.38426e-06,750.582
0.0562321,5.644,2.40576e-06,818.632
0.0572321,5.68,2.29069e-06,870.8
0.0582373,5.768,2.21644e-06,891.088
0.0592372,5.83,2.38735e-06,926.55
0.0602405,5.896,2.42968e-06,956.592
0.0612405,5.944,2.31919e-06,954.432
0.0622424,6.014,2.21281e-06,960.902
0.0632461,6.094,2.35344e-06,1104.58
0.0642475,6.146,2.41356e-06,1146.34
0.0652494,6.198,2.3213e-06,1189.4
0.0662537,6.274,2.28967e-06,1219.46
0.0672499,6.34,2.25966e-06,1254.2
0.0682527,6.432,2.35519e-06,1278.69
0.0692598,6.502,2.41013e-06,1277
0.0702616,6.59,2.33909e-06,1356.95
0.0712626,6.676,2.22599e-06,1389.51
0.0722607,6.756,2.30946e-06,1442.23
0.0732621,6.828,2.45335e-06,1427.21
0.07427,6.924,2.35281e-06,1659.11
0.0752691,6.99,2.23278e-06,1720.95
0.0762644,7.066,2.26298e-06,1730.82
0.0772686,7.188,2.36953e-06,1802.33
0.0782724,7.276,2.32179e-06,1865.91
0.0792752,7.404,2.32719e-06,1934.39
0.0802804,7.476,2.36373e-06,1974.71
0.0812813,7.556,2.26173e-06,2015.43
0.0822751,7.634,2.19902e-06,2078.02
0.0832832,7.738,2.47579e-06,2150.68
0.0842921,7.816,2.4509e-06,2173.07
0.0852949,7.896,2.13712e-06,2196.59
0.0862826,7.972,2.08526e-06,2217.61
0.0872911,8.05,2.49821e-06,2385.75
0.0882986,8.146,2.52152e-06,2414.34
0.0893038,8.232,2.16348e-06,2457.09
0.0902958,8.324,2.13644e-06,2615.51
0.0912939,8.434,2.36155e-06,2744.82
0.0923066,8.564,2.49503e-06,3002.95
0.0933066,8.634,2.27078e-06,3046.02
0.0943066,8.72,2.23069e-06,3216.8
0.0953037,8.798,2.29319e-06,3196.6
0.0963075,8.892,2.40602e-06,3266.17
0.0973146,8.966,2.35546e-06,3310.42
0.0983155,9.11,2.31885e-06,3462.95
0.0993193,9.192,2.31341e-06,3539.57
0.100315,9.264,2.25364e-06,3543.15
0.101315,9.372,2.38854e-06,3642.81
0.102325,9.436,2.37068e-06,3624.95
0.103326,9.52,2.2835e-06,3858.8
0.104322,9.604,2.21933e-06,3887.59
0.105323,9.686,2.3753e-06,3865.7
0.10633,9.83,2.43095e-06,3872.55
0.107335,9.91,2.32438e-06,3930.95
0.108336,9.996,2.21793e-06,3949.99
0.109334,10.07,2.32786e-06,3930.55
0.11034,10.176,2.42213e-06,4082.51
0.111352,10.278,2.34956e-06,4212.36
0.112347,10.39,2.25767e-06,4306.95
0.113345,10.478,2.20319e-06,4362.76
0.114344,10.582,2.37953e-06,4445.64
0.115353,10.694,2.43276e-06,4600.18
0.116354,10.822,2.28148e-06,4667.16
0.117354,10.946,2.24295e-06,4959.54
0.118354,11.05,2.34908e-06,5129.75
0.119355,11.172,2.4077e-06,5237.21
0.120363,11.278,2.29322e-06,5386.36
0.121357,11.396,2.23324e-06,5449.59
0.122361,11.51,2.42058e-06,5598.95
0.123361,11.7,2.35561e-06,5981
0.124367,11.822,2.27019e-06,6063.16
0.125367,11.964,2.21673e-06,6535.35
0.126374,12.078,2.36495e-06,6583.96
0.127372,12.188,2.35197e-06,7046.33
0.128376,12.33,2.33568e-06,7564.55
0.129374,12.464,2.30462e-06,7766.35
0.13038,12.544,2.29567e-06,7824.03
0.131377,12.692,2.29571e-06,8284.57
0.132382,12.836,2.36839e-06,8590.55
0.133382,13.028,2.33839e-06,8821.61
0.134391,13.162,2.30299e-06,9271.88
0.135387,13.302,2.28677e-06,9827.4
0.13639,13.474,2.37002e-06,10182.7
0.137394,13.598,2.32024e-06,10240.2
0.138398,13.784,2.31459e-06,10704.7
0.139399,13.97,2.29824e-06,11054.6
0.140399,14.162,2.37864e-06,11391.9
0.141403,14.328,2.27072e-06,11666.2
0.142409,14.464,2.33645e-06,11870.4
0.143398,14.546,2.29051e-06,11949.9
0.144409,14.684,2.34349e-06,11936.1
0.145407,14.888,2.33075e-06,12375.7
0.146408,15.072,2.3057e-06,12501.4
0.147414,15.254,2.25994e-06,13090.7
0.148411,15.41,2.33892e-06,13461
0.149416,15.584,2.40072e-06,14319.5
0.150419,15.836,2.35048e-06,14926.6
0.151425,15.998,2.26012e-06,15307
0.152421,16.166,2.25818e-06,15785.2
0.153428,16.32,2.40793e-06,15914.8
0.154428,16.544,2.3474e-06,16164
0.155433,16.71,2.28222e-06,16604.9
0.156427,16.904,2.2704e-06,17273.4
0.157432,17.066,2.41237e-06,17272.8
0.158436,17.262,2.32215e-06,17236.7
0.159439,17.436,2.28895e-06,17479
0.160437,17.666,2.3171e-06,17825.2
0.16144,17.834,2.41178e-06,18151.2
0.162449,17.996,2.34866e-06,18220
0.163444,18.154,2.22111e-06,18309.1
0.164442,18.38,2.30386e-06,19173.8
0.165451,18.636,2.47999e-06,20009.8
0.166454,18.88,2.32628e-06,21576.8
0.167449,19.168,2.24657e-06,22713.9
0.168454,19.358,2.24039e-06,23190.9
0.169455,19.638,2.49233e-06,24365.5
0.170465,19.79,2.33938e-06,25104.9
0.171464,20.014,2.25102e-06,25292.9
0.172458,20.288,2.23275e-06,25898.5
0.173465,20.566,2.49493e-06,26296.8
0.174472,20.85,2.31899e-06,28025.8
0.175465,21.066,2.21201e-06,29480.8
0.176469,21.384,2.29904e-06,31064.3
0.177471,21.652,2.43914e-06,32401.4
0.178479,21.934,2.30226e-06,33804.8
0.179472,22.21,2.21756e-06,34430.9
0.180477,22.474,2.32281e-06,34878.7
0.181475,22.818,2.39871e-06,35252.4
0.182487,23.13,2.26404e-06,36718.5
0.183483,23.45,2.29149e-06,39215.8
0.184488,23.71,2.35308e-06,40007
0.185496,24.062,2.36972e-06,40767.1
0.186491,24.316,2.23756e-06,41742.1
0.187493,24.664,2.28616e-06,43279.6
0.188495,24.998,2.39919e-06,44247
0.189502,25.2,2.36117e-06,45120
0.190501,25.462,2.22897e-06,45926.3
0.191497,25.964,2.2592e-06,49151.4
0.192501,26.26,2.41096e-06,50132.2
0.193506,26.696,2.38097e-06,53243.8
0.194509,27.062,2.31774e-06,55301.1
0.195506,27.384,2.22589e-06,56996.3
0.196509,27.766,2.34675e-06,57953.6
0.19751,28.188,2.37622e-06,60544.3
0.198523,28.518,2.42211e-06,62218.8
0.199531,28.856,2.18151e-06,63811.6
0.200517,29.23,2.16118e-06,65902.6
0.201514,29.646,2.26979e-06,66364.3
0.202517,29.934,2.39544e-06,67810.8
0.203529,30.3,2.34937e-06,69885
0.204526,30.844,2.24146e-06,72681.8
0.205527,31.118,2.33505e-06,73032
0.206529,31.532,2.37645e-06,74928.5
0.207535,31.97,2.27612e-06,77600.6
0.208532,32.536,2.31504e-06,84404.4
0.209536,33.018,2.35793e-06,92412.8
0.21054,33.554,2.40831e-06,96935.5
0.211543,33.972,2.21541e-06,97981.6
0.212542,34.464,2.29092e-06,102248
0.213544,34.918,2.37189e-06,103882
0.214547,35.428,2.42085e-06,109560
0.215549,35.89,2.26837e-06,114669
0.21655,36.288,2.27201e-06,117493
0.21755,36.718,2.30771e-06,118813
0.218556,37.466,2.3978e-06,123040
0.21956,38.092,2.34656e-06,128626
0.220562,38.796,2.32636e-06,141269
0.221564,39.424,2.26701e-06,145282
0.222566,39.96,2.31966e-06,149941
0.223561,40.642,2.28292e-06,156763
0.224568,41.364,2.37133e-06,165070
0.225567,41.898,2.38202e-06,170116
0.226571,42.526,2.28326e-06,176443
0.227573,43.492,2.24603e-06,184333
0.228576,44.232,2.344e-06,191223
0.229579,45.046,2.38696e-06,203650
0.230587,45.634,2.31902e-06,209066
0.231584,46.562,2.28392e-06,224743
0.232584,47.334,2.33228e-06,236823
0.233583,48.436,2.28379e-06,252737
0.234587,49.17,2.37929e-06,258515
0.235585,50.19,2.38309e-06,275079
0.236594,51.136,2.31591e-06,280989
0.237593,51.958,2.14155e-06,294654
0.238588,52.94,2.32751e-06,313384
0.239595,54.222,2.49303e-06,347724
0.240604,55.376,2.40926e-06,373415
0.241603,56.426,2.09326e-06,396910
0.242595,57.494,2.23098e-06,423409
0.243603,58.69,2.51921e-06,446491
0.244611,60.026,2.44337e-06,472385
0.245612,61.588,2.15364e-06,494105
0.246603,62.706,2.1377e-06,530726
0.247605,63.964,2.38192e-06,545733
0.248614,65.154,2.31724e-06,562347
0.24962,66.522,2.07583e-06,587687
0.250616,67.816,2.10471e-06,610403
0.251623,69.404,2.30739e-06,658600
0.252632,70.674,2.31856e-06,679400
0.25363,72.184,2.21928e-06,699669
0.254624,73.886,2.27446e-06,738939
0.255632,75.324,2.42373e-06,765296
0.256631,77.254,2.35498e-06,815213
0.257637,79.284,2.25538e-06,872118
0.258632,81.228,2.27817e-06,939736
0.259636,83.476,2.44405e-06,1.00469e+06
0.260642,85.164,2.30611e-06,1.0276e+06
0.261641,87.446,2.27971e-06,1.08366e+06
0.262641,89.412,2.28476e-06,1.10642e+06
0.263643,91.362,2.41474e-06,1.1536e+06
0.26465,93.618,2.29755e-06,1.24833e+06
0.265648,95.738,2.27968e-06,1.27618e+06
0.26665,98.048,2.27175e-06,1.35382e+06
0.267651,100.062,2.43551e-06,1.41028e+06
0.268658,102.652,2.36142e-06,1.47276e+06
0.269659,104.698,2.24405e-06,1.532e+06
0.270658,107.492,2.25446e-06,1.62598e+06
0.271654,110.276,2.37299e-06,1.70743e+06
0.272663,113.386,2.40519e-06,1.78336e+06
0.273672,116.966,2.21903e-06,1.92346e+06
0.274666,120.698,2.20154e-06,2.11703e+06
0.275663,124.022,2.39707e-06,2.2189e+06
0.276673,127.584,2.43106e-06,2.37635e+06
0.277676,130.458,2.30486e-06,2.43087e+06
0.278678,133.394,2.21485e-06,2.57175e+06
0.279676,136.442,2.37525e-06,2.67464e+06
0.280681,140.652,2.38712e-06,2.86997e+06
0.281682,144.688,2.34014e-06,3.00213e+06
0.282684,148.29,2.24433e-06,3.1591e+06
0.283685,152.13,2.33505e-06,3.29371e+06
0.284692,156.366,2.35901e-06,3.4512e+06
0.285681,160.666,2.33774e-06,3.55066e+06
0.286694,165.55,2.2306e-06,3.70281e+06
0.287694,171.856,2.32187e-06,3.93646e+06
0.288692,178.106,2.32629e-06,4.23789e+06
0.289701,182.832,2.41512e-06,4.45436e+06
0.2907,188.148,2.25668e-06,4.62382e+06
0.291702,193.166,2.28058e-06,4.71535e+06
0.292704,199.018,2.36389e-06,5.1322e+06
0.293706,204.676,2.42058e-06,5.23358e+06
0.294707,211.03,2.30863e-06,5.56748e+06
0.295711,217.48,2.22168e-06,5.72135e+06
0.296706,222.73,2.34676e-06,5.91843e+06
0.297715,229.732,2.38645e-06,6.21785e+06
0.298716,237.63,2.31991e-06,6.32404e+06
0.299726,246.272,2.24476e-06,6.66883e+06
0.300717,252.532,2.28345e-06,6.86965e+06
0.301722,260.13,2.45148e-06,7.17105e+06
0.302725,268.246,2.36601e-06,7.42792e+06
0.303724,276.072,2.21854e-06,7.63219e+06
0.304726,287.71,2.23546e-06,8.17702e+06
0.305729,296.774,2.50844e-06,8.4201e+06
0.306733,305.48,2.36953e-06,8.68497e+06
0.307731,314.826,2.1957e-06,8.9476e+06
0.308728,323.616,2.22665e-06,9.42919e+06
0.309732,332.82,2.44209e-06,9.83229e+06
0.310741,343.938,2.41494e-06,1.03058e+07
0.311741,354.716,2.18053e-06,1.06327e+07
0.312738,365.906,2.22492e-06,1.10424e+07
0.313744,377.876,2.40366e-06,1.13342e+07
0.314747,388.908,2.42809e-06,1.16362e+07
0.315752,398.95,2.26179e-06,1.19884e+07
0.316751,410.632,2.25488e-06,1.19935e+07
0.317751,421.428,2.3001e-06,1.20752e+07
0.318755,435.948,2.41874e-06,1.21137e+07
0.319761,446.928,2.36044e-06,1.24404e+07
0.320764,459.778,2.27848e-06,1.24732e+07
0.321758,471.342,2.20281e-06,1.24407e+07
0.322763,487.03,2.34304e-06,1.22043e+07
0.323764,500.176,2.46758e-06,1.23686e+07
0.324771,516.808,2.361e-06,1.21983e+07
0.325767,532.748,2.12977e-06,1.19052e+07
0.32677,546.876,2.31e-06,1.19147e+07
0.32777,561.304,2.46255e-06,1.18883e+07
0.328774,575.47,2.43526e-06,1.17188e+07
0.329785,589.998,2.08796e-06,1.15588e+07
0.330787,604.94,2.39851e-06,1.11639e+07
0.331759,617.172,2.15958e-06,1.11443e+07
0.332782,630.254,2.13144e-06,1.11224e+07
0.333808,643.154,2.06916e-06,1.08809e+07
0.334777,657.338,2.52823e-06,1.03844e+07
0.335777,673.132,2.12086e-06,9.73417e+06
0.336798,687.404,2.17266e-06,9.20558e+06
0.337793,701.994,2.4686e-06,8.70228e+06
0.338795,715.42,2.45321e-06,8.43198e+06
0.339798,730,2.22878e-06,7.90727e+06
0.3408,744.472,2.20277e-06,7.44501e+06
0.341797,756.718,2.34847e-06,7.13777e+06
0.342804,769.22,2.52384e-06,6.95985e+06
0.343813,781.466,2.26033e-06,6.79442e+06
0.344809,792.728,2.20124e-06,6.50122e+06
0.345809,806.652,2.28711e-06,6.21774e+06
0.346811,820.724,2.47477e-06,5.34992e+06
0.34782,832.162,2.34824e-06,5.23948e+06
0.348816,843.528,2.22509e-06,5.04458e+06
0.349818,856.598,2.23941e-06,4.91647e+06
0.350818,868.634,2.39494e-06,4.32756e+06
0.351826,879.492,2.42296e-06,4.01349e+06
0.352827,891.78,2.27839e-06,3.7428e+06
0.353824,904.052,2.22599e-06,3.58849e+06
0.354825,915.232,2.34054e-06,3.52572e+06
0.355831,925.844,2.42675e-06,3.462e+06
0.356834,935.54,2.27636e-06,3.40306e+06
0.35783,946.022,2.242e-06,3.21724e+06
0.358831,958.062,2.32544e-06,3.02863e+06
0.359839,969.088,2.4286e-06,2.87923e+06
0.360838,979.436,2.24451e-06,2.81275e+06
0.361844,990.186,2.27324e-06,2.62863e+06
0.362843,1000.04,2.36474e-06,2.51615e+06
0.363852,1011.04,2.37918e-06,2.39964e+06
0.364849,1020.17,2.23333e-06,2.30556e+06
0.365845,1030.82,2.31306e-06,2.24433e+06
0.366851,1040.25,2.3849e-06,2.2154e+06
0.367854,1050.75,2.30852e-06,2.10098e+06
0.368857,1060.24,2.25326e-06,1.98928e+06
0.369852,1069.88,2.33373e-06,1.91721e+06
0.370865,1079.49,2.35683e-06,1.77256e+06
0.371862,1089.71,2.30083e-06,1.75524e+06
0.372863,1099.34,2.25935e-06,1.70232e+06
0.37386,1108.55,2.36279e-06,1.66198e+06
0.374871,1117.43,2.30882e-06,1.60108e+06
0.375872,1126.58,2.27722e-06,1.60143e+06
0.376874,1135.5,2.24382e-06,1.4974e+06
0.377869,1144.63,2.39863e-06,1.43352e+06
0.378881,1153.65,2.33221e-06,1.42212e+06
0.379879,1162.34,2.32709e-06,1.38938e+06
0.380884,1171.68,2.32027e-06,1.34712e+06
0.381883,1180.88,2.35095e-06,1.27823e+06
0.382885,1189.13,2.31646e-06,1.20118e+06
0.383888,1197.03,2.30486e-06,1.17283e+06
0.384887,1205.92,2.36441e-06,1.17508e+06
0.385891,1214.26,2.33676e-06,1.16825e+06
0.38689,1221.93,2.24263e-06,1.1159e+06
0.387892,1230.26,2.31251e-06,1.09944e+06
0.388895,1238.16,2.42699e-06,1.07081e+06
0.3899,1246.2,2.36549e-06,1.04698e+06
0.390899,1254.76,2.24002e-06,1.03303e+06
0.391897,1262.03,2.24709e-06,1.01754e+06
0.392905,1269.09,2.44343e-06,989521
0.393907,1276.38,2.38985e-06,951579
0.394908,1283.73,2.27225e-06,962750
0.39591,1290.61,2.24864e-06,962529
0.396912,1298.75,2.39551e-06,903620
0.39792,1305.93,2.36668e-06,869523
0.398916,1313.23,2.24052e-06,856194
0.399907,1320.17,2.11471e-06,841254
0.400907,1327.2,2.3638e-06,829831
0.401928,1333.99,2.48487e-06,814993
0.402929,1340.92,2.33743e-06,806168
0.40393,1348.04,2.18625e-06,783659
0.404922,1354.42,2.23222e-06,766782
0.405926,1360.84,2.46981e-06,749476
0.406936,1367.17,2.3686e-06,735842
0.407935,1373.49,2.23099e-06,727113
0.408932,1380.27,2.24697e-06,702832
0.409938,1387.15,2.40226e-06,677238
0.410939,1393.52,2.34241e-06,640851
0.411946,1399.51,2.28818e-06,630187
0.41294,1406.08,2.35007e-06,621891
0.413952,1411.94,2.27818e-06,614058
0.414947,1418.4,2.27621e-06,594500
0.415945,1424.44,2.30003e-06,571221
0.41695,1430.47,2.44329e-06,553250
0.41796,1436.05,2.29708e-06,546018
0.418955,1442.64,2.19593e-06,550637
0.419953,1448.18,2.30259e-06,536901
0.420958,1453.71,2.47678e-06,529074
0.421967,1459.48,2.31373e-06,509213
0.422964,1465.18,2.19815e-06,489842
0.423962,1470.45,2.29785e-06,498554
0.424967,1475.92,2.44435e-06,488987
0.425974,1481.08,2.33354e-06,481921
0.426976,1486.61,2.21815e-06,476775
0.427962,1491.94,2.2633e-06,468197
0.428977,1497.37,2.37537e-06,470026
0.429985,1502.64,2.33836e-06,466179
0.430977,1508.18,2.23682e-06,451479
0.43198,1512.75,2.34197e-06,432580
0.432984,1518.01,2.40677e-06,423921
0.433987,1522.73,2.31381e-06,415735
0.434987,1527.76,2.23557e-06,408143
0.435986,1532.46,2.37952e-06,401114
0.436994,1537.23,2.41231e-06,393754
0.437996,1542.31,2.21094e-06,386447
0.438992,1547.39,2.2677e-06,381077
0.439997,1552.12,2.47806e-06,364027
0.441002,1556.8,2.39221e-06,356797
0.442003,1561.16,2.13287e-06,355177
0.443001,1565.68,2.27319e-06,356513
0.443996,1570.37,2.43979e-06,342305
0.445009,1575.09,2.45206e-06,336611
0.446013,1579.58,2.17829e-06,331132
0.447008,1584.02,2.26427e-06,319676
0.448017,1588.44,2.3973e-06,319877
0.449019,1592.78,2.39735e-06,316589
0.450021,1597.07,2.25457e-06,319515
0.451019,1601.2,2.30355e-06,320471
0.452025,1605.21,2.36327e-06,311435
0.453023,1609.18,2.29375e-06,298487
0.454028,1613.4,2.36961e-06,290046
0.455028,1617.7,2.30438e-06,294191
0.456028,1621.74,2.35259e-06,292793
0.457037,1625.38,2.25659e-06,286686
0.458031,1629.57,2.37597e-06,278982
0.459039,1633.63,2.28913e-06,279189
0.460039,1637.59,2.3302e-06,279105
0.461044,1641.64,2.3617e-06,271733
0.46205,1645.36,2.2876e-06,268963
0.463044,1648.92,2.28833e-06,267622
0.464044,1652.46,2.32844e-06,262812
0.465048,1656.32,2.4113e-06,259698
0.466056,1660.04,2.30846e-06,260325
0.467047,1663.6,2.22473e-06,250172
0.468053,1667.52,2.35069e-06,252837
0.469058,1671.37,2.39293e-06,248002
0.47006,1674.63,2.32929e-06,246447
0.471058,1678.16,2.20037e-06,235609
0.472057,1681.34,2.36647e-06,232362
0.473064,1684.63,2.39421e-06,228847
0.474073,1688.07,2.29086e-06,226802
0.475069,1691.66,2.18503e-06,225921
0.476061,1694.99,2.3416e-06,225245
0.477071,1698.32,2.46049e-06,217958
0.478079,1701.56,2.33955e-06,216307
0.479078,1704.75,2.18497e-06,217440
0.480069,1707.78,2.2596e-06,218355
0.481079,1711.08,2.49112e-06,212842
0.482087,1714.32,2.33544e-06,215749
0.483086,1717.32,2.23244e-06,212741
0.484082,1720.52,2.22829e-06,207277
0.485084,1723.6,2.43711e-06,208060
0.486091,1726.44,2.40185e-06,205381
0.487094,1729.41,2.30604e-06,198877
0.488093,1732.08,2.24433e-06,195285
0.489091,1734.78,2.33518e-06,191425
0.490102,1737.79,2.37275e-06,194084
0.491099,1740.45,2.3509e-06,191740
0.492106,1743.58,2.28039e-06,190777
0.493097,1746.35,2.20141e-06,196885
0.494118,1749.05,2.4346e-06,191260
0.495099,1751.8,2.11815e-06,186475
0.496123,1754.48,2.51184e-06,183017
0.497103,1757.18,1.82624e-06,177867
0.498137,1759.95,2.8407e-06,175560
0.499115,1762.55,1.76562e-06,177170
0.500134,1765.22,3.28024e-06,172404
0.501122,1767.74,1.7745e-06,171963
0.5021,1770.3,2.80489e-06,172567
0.503134,1772.95,1.8427e-06,168535
0.504114,1775.46,2.48698e-06,168280
0.505137,1778.05,2.14049e-06,168493
0.506119,1780.55,2.42413e-06,166806
0.507139,1782.98,2.20524e-06,162258
0.508131,1785.44,2.27508e-06,162019
0.509137,1787.77,2.35378e-06,159455
0.510134,1790.07,2.37576e-06,156557
0.511145,1792.48,2.34166e-06,154835
0.512143,1794.61,2.24065e-06,154777
0.513143,1796.72,2.29805e-06,156284
0.514145,1798.93,2.40739e-06,152402
0.515152,1801,2.44325e-06,147933
0.516155,1803.13,2.22725e-06,144634
0.51715,1805.35,2.23035e-06,142298
0.51815,1807.33,2.33685e-06,138701
0.519157,1809.58,2.48953e-06,134376
0.520167,1811.79,2.26086e-06,135293
0.521158,1813.77,2.18424e-06,131872
0.522158,1815.64,2.34433e-06,131211
0.523166,1817.61,2.45464e-06,132029
0.524175,1819.68,2.33842e-06,132348
0.525167,1821.63,2.18765e-06,131111
0.526163,1823.58,2.29386e-06,127295
0.527172,1825.46,2.39585e-06,125588
0.52818,1827.51,2.36635e-06,123069
0.529179,1829.27,2.19515e-06,121096
0.530176,1831.17,2.33487e-06,121015
0.531178,1833.07,2.39277e-06,119956
0.532183,1835.07,2.34703e-06,119467
0.533189,1837.2,2.23053e-06,115247
0.53418,1839.19,2.31162e-06,111866
0.535188,1840.99,2.40503e-06,109195
0.536192,1842.75,2.32701e-06,108459
0.537192,1844.43,2.28991e-06,105359
0.538186,1846.13,2.29187e-06,106219
0.539193,1847.78,2.3555e-06,106953
0.540198,1849.63,2.32827e-06,105122
0.541198,1851.16,2.2909e-06,103071
0.542206,1852.94,2.38015e-06,100457
0.543199,1854.46,2.25492e-06,101026
0.544208,1856.23,2.35169e-06,100827
0.545208,1857.89,2.31312e-06,99366.5
0.546208,1859.5,2.36755e-06,96347
0.547214,1861.06,2.3007e-06,94275.3
0.548211,1862.86,2.36671e-06,91531.5
0.549218,1864.32,2.29755e-06,89988.1
0.550216,1865.95,2.2481e-06,89781.8
0.551218,1867.41,2.40368e-06,86663.1
0.55222,1868.88,2.40282e-06,86882
0.553229,1870.45,2.26338e-06,84335.9
0.554224,1871.98,2.17727e-06,82334.8
0.555228,1873.49,2.46136e-06,81002.9
0.556241,1875.09,2.44204e-06,80730.9
0.557235,1876.76,2.27264e-06,78298.2
0.558233,1878.28,2.13584e-06,76317.7
0.559234,1879.71,2.39631e-06,76092.1
0.560239,1880.97,2.46893e-06,75238.7
0.561244,1882.47,2.26584e-06,74076.6
0.562241,1883.76,2.21493e-06,73863.7
0.563243,1885.21,2.4163e-06,72599.8
0.564251,1886.62,2.37389e-06,71578.3
0.56525,1887.93,2.23089e-06,70050.5
0.56625,1889.15,2.31617e-06,69191
0.567253,1890.37,2.4087e-06,67297.1
0.568256,1891.71,2.33889e-06,67044.1
0.569259,1893.06,2.23503e-06,64792
0.570252,1894.3,2.34531e-06,63642.6
0.571259,1895.58,2.37449e-06,63048.1
0.572275,1896.79,2.26082e-06,61054.1
0.57326,1897.99,2.21598e-06,60358
0.574262,1899.22,2.33338e-06,59386.9
0.575269,1900.39,2.44775e-06,59082.5
0.576274,1901.53,2.29448e-06,59938.4
0.577273,1902.57,2.19909e-06,59318.7
0.57827,1903.79,2.31963e-06,57228.1
0.579278,1904.98,2.46983e-06,56412.8
0.580284,1906.22,2.30108e-06,57281.2
0.581281,1907.35,2.19882e-06,57597.8
0.582277,1908.41,2.30013e-06,57494.8
0.583286,1909.47,2.43263e-06,57482.6
0.584292,1910.51,2.30118e-06,57089
0.585289,1911.62,2.28226e-06,56502.3
0.586284,1912.63,2.28324e-06,54748.6
0.587297,1913.76,2.34373e-06,54439.2
0.588291,1914.82,2.28244e-06,54731.2
0.589297,1915.89,2.347e-06,54004.5
0.590299,1917,2.40691e-06,52533
0.591304,1918.03,2.24264e-06,51966.5
0.592301,1919.02,2.23039e-06,51191.7
0.5933,1919.98,2.36934e-06,50175.8
0.59431,1921.09,2.47051e-06,50530.1
0.595314,1922.03,2.2324e-06,49868.7
0.596307,1923,2.18558e-06,50311
0.597307,1923.9,2.3342e-06,49144.6
0.598308,1924.81,2.4872e-06,48070.3
0.59933,1925.72,2.38202e-06,46397.7
0.600329,1926.56,2.11566e-06,46187.1
0.601321,1927.38,2.24699e-06,45591.6
0.602317,1928.19,2.37288e-06,45155.6
0.603324,1929.16,2.39681e-06,44152.6
0.604327,1930.11,2.24975e-06,44118.9
0.605328,1930.95,2.26983e-06,42357.5
0.606329,1931.79,2.38942e-06,41110.4
0.607332,1932.54,2.44638e-06,40670.2
0.608339,1933.42,2.24537e-06,40059.6
0.609337,1934.28,2.23531e-06,39109.2
0.610336,1935.04,2.36757e-06,39338.1
0.611341,1935.83,2.42553e-06,38708.6
0.612344,1936.64,2.31387e-06,38439.5
0.613346,1937.36,2.2451e-06,38256.6
0.614345,1938.19,2.33553e-06,37689
0.615349,1938.99,2.36254e-06,38155
0.616348,1939.76,2.30468e-06,38343.7
0.617352,1940.47,2.32225e-06,37750.4
0.618354,1941.29,2.35058e-06,37401.4
0.619352,1942.09,2.31396e-06,36615.3
0.620358,1942.83,2.32511e-06,36275.2
0.621355,1943.54,2.33391e-06,35970.3
0.622368,1944.31,2.39903e-06,35763.7
0.623363,1945.03,2.2428e-06,34641.6
0.624364,1945.7,2.27236e-06,34169.4
0.625365,1946.39,2.31502e-06,33674.7
0.626376,1947.05,2.36459e-06,33028.8
0.627374,1947.66,2.25903e-06,32511.9
0.628374,1948.4,2.29899e-06,32665.8
0.629371,1949.08,2.35773e-06,31897.6
0.630385,1949.74,2.33221e-06,31560.7
0.631379,1950.39,2.2523e-06,31441.4
0.632383,1950.97,2.31076e-06,31522.5
0.633386,1951.49,2.38427e-06,30994.9
0.634391,1952.06,2.31177e-06,30891.1
0.635387,1952.73,2.23458e-06,30023.6
0.636385,1953.31,2.38524e-06,29345.7
0.637394,1953.94,2.36632e-06,29244.4
0.638393,1954.48,2.26836e-06,28782.8
0.639398,1955.01,2.24974e-06,27765.9
0.640397,1955.56,2.42927e-06,27525.4
0.641405,1956.15,2.32165e-06,27542.3
0.642407,1956.67,2.24214e-06,26602.2
0.643402,1957.26,2.28063e-06,26312.7
0.644405,1957.87,2.42937e-06,25757.8
0.645411,1958.52,2.33822e-06,25126.8
0.646413,1959.09,2.22919e-06,24989.8
0.647409,1959.69,2.27471e-06,24783.3
0.648411,1960.22,2.42053e-06,23876.7
0.649419,1960.75,2.39896e-06,23382.7
0.650418,1961.24,2.24194e-06,23236.7
0.65142,1961.78,2.22292e-06,22996.7
0.652417,1962.26,2.34698e-06,22618.7
0.653426,1962.78,2.47513e-06,22618.7
0.654427,1963.24,2.29125e-06,22148.2
0.655427,1963.71,2.19424e-06,21797.8
0.656423,1964.22,2.26191e-06,21394.7
0.657433,1964.67,2.52351e-06,21009.2
0.658439,1965.13,2.34935e-06,20593.3
0.659436,1965.62,2.20479e-06,20379.3
0.660439,1966.14,2.22752e-06,19965.5
0.661442,1966.64,2.44826e-06,19878.6
0.662443,1967.1,2.47634e-06,19807.4
0.663438,1967.58,2.16722e-06,19921.8
0.664459,1967.99,2.11558e-06,19959
0.66546,1968.44,2.54555e-06,19837.2
0.666429,1968.81,2.05805e-06,19741.6
0.667455,1969.2,2.14196e-06,19404.8
0.668478,1969.59,2.16505e-06,19210.6
0.66945,1970.05,2.38334e-06,19112.8
0.670451,1970.47,2.09286e-06,18864.6
0.671463,1970.89,2.43809e-06,18878.5
0.672466,1971.27,2.46403e-06,18496.1
0.673466,1971.72,2.31079e-06,18427.2
0.67447,1972.11,2.13309e-06,17987.7
0.675465,1972.51,2.35662e-06,17997
0.676472,1972.87,2.46821e-06,17619.8
0.677473,1973.27,2.3434e-06,17441.6
0.678478,1973.62,2.20558e-06,17307.8
0.679472,1974.03,2.27871e-06,17214.4
0.680476,1974.41,2.3518e-06,17098.6
0.681481,1974.81,2.41859e-06,16981.6
0.682485,1975.19,2.30497e-06,17199.7
0.683485,1975.58,2.25621e-06,16442.1
0.684485,1976.01,2.2557e-06,16185.9
0.68549,1976.33,2.42874e-06,15698.9
0.686493,1976.67,2.40821e-06,15476.2
0.687498,1977,2.21961e-06,15106
0.688495,1977.32,2.18079e-06,14654.8
0.689495,1977.7,2.41897e-06,14427
0.690504,1978.01,2.44314e-06,13991
0.691509,1978.35,2.22355e-06,13571.1
0.692506,1978.68,2.1957e-06,13339.5
0.693503,1978.98,2.37024e-06,13145.9
0.694507,1979.28,2.50868e-06,13177.7
0.69551,1979.61,2.23624e-06,13003.4
0.696513,1979.89,2.22003e-06,12823.7
0.697512,1980.23,2.36732e-06,12755.5
0.698514,1980.51,2.44856e-06,12599
0.69952,1980.84,2.28236e-06,12054.6
0.70051,1981.1,2.23784e-06,11924.6
0.701521,1981.37,2.31867e-06,11696.5
0.702522,1981.65,2.38313e-06,11627.8
0.70353,1981.95,2.34779e-06,11359.5
0.704525,1982.21,2.22401e-06,11044.4
0.705529,1982.46,2.3084e-06,10696.4
0.70653,1982.74,2.42033e-06,10523.2
0.707533,1983,2.35958e-06,10300
0.708535,1983.29,2.28797e-06,10180.1
0.709536,1983.53,2.25948e-06,9998.66
0.710536,1983.76,2.41951e-06,9906.23
0.711544,1984.05,2.32489e-06,9448.85
0.712542,1984.28,2.32589e-06,9251.91
0.713542,1984.56,2.22583e-06,9091.43
0.714555,1984.75,2.33611e-06,9030.74
0.715544,1984.96,2.35444e-06,8771.2
0.716552,1985.15,2.33874e-06,8566.45
0.717552,1985.37,2.24314e-06,8446.81
0.718554,1985.6,2.33687e-06,8289.8
0.719555,1985.84,2.38908e-06,8155.2
0.720561,1986.06,2.37586e-06,8058.2
0.721559,1986.29,2.21205e-06,8142.95
0.72256,1986.51,2.30052e-06,7978.97
0.723564,1986.71,2.43456e-06,7874.1
0.724574,1986.94,2.39308e-06,7652.2
0.72557,1987.17,2.2024e-06,7653.89
0.726564,1987.4,2.21942e-06,7476
0.727574,1987.63,2.40202e-06,7416.55
0.728583,1987.81,2.36964e-06,7480.33
0.729579,1988.04,2.25514e-06,7401.2
0.730577,1988.25,2.24852e-06,7378.74
0.731579,1988.43,2.35628e-06,7228.26
0.732585,1988.61,2.43587e-06,7086.73
0.733586,1988.85,2.27313e-06,6921.14
0.734589,1989.02,2.27964e-06,6877.87
0.735587,1989.22,2.2994e-06,6831.24
0.736593,1989.37,2.41551e-06,6766.81
0.737596,1989.56,2.27921e-06,6671.2
0.738596,1989.76,2.28199e-06,6526.68
0.739594,1989.95,2.30632e-06,6543.75
0.7406,1990.11,2.44547e-06,6424.17
0.741605,1990.3,2.27718e-06,6327
0.742599,1990.46,2.25203e-06,6056.12
0.743606,1990.63,2.36306e-06,6008.55
0.744605,1990.75,2.41838e-06,5983.75
0.745613,1990.87,2.26944e-06,5938.02
0.746606,1991.02,2.21897e-06,5858.84
0.747604,1991.16,2.31057e-06,5694.52
0.748613,1991.29,2.2996e-06,5460.53
0.74962,1991.44,2.09536e-06,5453.2
0.750617,1991.61,2.07982e-06,5316.73
0.751622,1991.77,2.33038e-06,5271.62
0.752631,1991.88,2.39688e-06,5262.04
0.753634,1992.02,2.1376e-06,5211.87
0.754624,1992.12,2.15276e-06,5106.31
0.755625,1992.26,2.4469e-06,5112.2
0.756634,1992.42,2.51528e-06,4858.11
0.757642,1992.57,2.23321e-06,4778.69
0.758633,1992.7,2.09553e-06,4721.79
0.759633,1992.82,2.41024e-06,4657.16
0.760641,1992.98,2.48873e-06,4580.76
0.761648,1993.09,2.32937e-06,4460.58
0.762643,1993.19,2.14845e-06,4381.57
0.763643,1993.31,2.3149e-06,4334.95
0.764651,1993.4,2.37242e-06,4290.39
0.76565,1993.53,2.37914e-06,4212.55
0.766653,1993.64,2.29519e-06,4227.75
0.767653,1993.76,2.32989e-06,4094.15
0.768653,1993.86,2.28264e-06,3969.48
0.769649,1993.96,2.31127e-06,3886.28
0.770657,1994.07,2.38857e-06,3730.55
0.771661,1994.18,2.34249e-06,3663.16
0.772664,1994.26,2.25172e-06,3560.68
0.773666,1994.37,2.28636e-06,3542.55
0.774669,1994.47,2.37625e-06,3460.49
0.775668,1994.58,2.37205e-06,3420.11
0.776675,1994.72,2.28468e-06,3339.67
0.77767,1994.81,2.3206e-06,3291.57
0.778672,1994.92,2.26629e-06,3213.11
0.779674,1995.02,2.32521e-06,3105.87
0.780676,1995.11,2.34462e-06,2991.73
0.781681,1995.2,2.40515e-06,2943.19
0.782687,1995.29,2.30761e-06,2805.37
0.783687,1995.38,2.27232e-06,2832.04
0.784688,1995.47,2.26574e-06,2754.66
0.785689,1995.56,2.41894e-06,2665.2
0.786692,1995.65,2.3725e-06,2581.14
0.787695,1995.74,2.29241e-06,2491.23
0.788693,1995.84,2.21897e-06,2469.2
0.789696,1995.93,2.40789e-06,2422.55
0.7907,1996.03,2.3568e-06,2357.49
0.791705,1996.11,2.30999e-06,2315.73
0.792701,1996.21,2.28364e-06,2276.37
0.793708,1996.29,2.37802e-06,2215.78
0.794709,1996.38,2.33526e-06,2144.27
0.795711,1996.46,2.23722e-06,2110.12
0.796707,1996.55,2.35392e-06,1983.75
0.797719,1996.62,2.40034e-06,1967.31
0.798723,1996.69,2.2642e-06,1880.18
0.799719,1996.77,2.16183e-06,1817.62
0.800706,1996.86,2.18361e-06,1791.63
0.801714,1996.91,2.41009e-06,1772.58
0.802726,1996.97,2.37321e-06,1720.42
0.803728,1997.04,2.35186e-06,1702.12
0.80473,1997.11,2.22183e-06,1700.5
0.805727,1997.17,2.31541e-06,1669.22
0.80673,1997.28,2.38235e-06,1514.8
0.807736,1997.33,2.41296e-06,1445.22
0.80874,1997.41,2.26218e-06,1416.77
0.809736,1997.44,2.2276e-06,1397.08
0.810735,1997.49,2.36175e-06,1382.95
0.811741,1997.54,2.39837e-06,1346.35
0.812744,1997.6,2.28567e-06,1321.59
0.813746,1997.64,2.23856e-06,1324.63
0.81474,1997.69,2.37169e-06,1317.33
0.815748,1997.76,2.34946e-06,1268.68
0.816753,1997.83,2.29215e-06,1257.21
0.817749,1997.88,2.26225e-06,1154.31
0.818761,1997.92,2.40155e-06,1119.96
0.819759,1997.97,2.32068e-06,1113.49
0.820764,1998.02,2.21201e-06,1091.71
0.821757,1998.06,2.3085e-06,1051.08
0.822765,1998.1,2.43836e-06,1013.8
0.823768,1998.14,2.29744e-06,1000.75
0.824771,1998.17,2.21315e-06,1000.55
0.825765,1998.21,2.32175e-06,978.368
0.826771,1998.26,2.4947e-06,943.718
0.827778,1998.31,2.22674e-06,959.328
0.828772,1998.37,2.2505e-06,916.55
0.829772,1998.4,2.34099e-06,881.592
0.830782,1998.43,2.48915e-06,868.262
0.831782,1998.47,2.23343e-06,824.422
0.832787,1998.51,2.2559e-06,790.902
0.833782,1998.56,2.33335e-06,749.432
0.834785,1998.6,2.46969e-06,727.798
0.835794,1998.62,2.30181e-06,697.558
0.836792,1998.67,2.22506e-06,666.55
0.837788,1998.7,2.34427e-06,650.598
0.838796,1998.74,2.40809e-06,636.678
0.839799,1998.78,2.31817e-06,599.238
0.840798,1998.82,2.29135e-06,559.158
0.8418,1998.85,2.32871e-06,549.142
0.842805,1998.88,2.41165e-06,534.312
0.843809,1998.92,2.26357e-06,513.638
0.844804,1998.94,2.28314e-06,498.432
0.845808,1998.96,2.34389e-06,481.352
0.846809,1998.99,2.4074e-06,465.968
0.847815,1999.01,2.25741e-06,459.968
0.848812,1999.03,2.26136e-06,457.488
0.849818,1999.06,2.3455e-06,436.432
0.85082,1999.08,2.39824e-06,429.638
0.851825,1999.1,2.34428e-06,422.592
0.852823,1999.13,2.26396e-06,403.288
0.853828,1999.15,2.30358e-06,401.142
0.854829,1999.18,2.3287e-06,384.438
0.855827,1999.21,2.33904e-06,369.528
0.856838,1999.24,2.28978e-06,358.152
0.857827,1999.26,2.32799e-06,346.2
0.858834,1999.28,2.27452e-06,338.358
0.859838,1999.31,2.37923e-06,330.568
0.860837,1999.34,2.29549e-06,315.552
0.861838,1999.35,2.31697e-06,306.048
0.862843,1999.37,2.32137e-06,300.022
0.863847,1999.38,2.36697e-06,295.8
0.86485,1999.39,2.28475e-06,289.382
0.865845,1999.4,2.29787e-06,286.198
0.866855,1999.42,2.34006e-06,281.958
0.867854,1999.44,2.36929e-06,273.318
0.868859,1999.46,2.29324e-06,268.278
0.869856,1999.48,2.29661e-06,260.838
0.870862,1999.49,2.29988e-06,252.982
0.87186,1999.51,2.3359e-06,238.95
0.872865,1999.54,2.35165e-06,226.2
0.873862,1999.56,2.36468e-06,221.078
0.87487,1999.57,2.20951e-06,216.262
0.875869,1999.58,2.27513e-06,211.472
0.876876,1999.6,2.35826e-06,204.392
0.877875,1999.61,2.4214e-06,191.168
0.878879,1999.61,2.23385e-06,190.728
0.879873,1999.62,2.29563e-06,187.558
0.880882,1999.64,2.4113e-06,177.478
0.881882,1999.66,2.34498e-06,166.832
0.882882,1999.67,2.24259e-06,164.888
0.883882,1999.69,2.28132e-06,155.702
0.884883,1999.69,2.43055e-06,152.95
0.885893,1999.69,2.3803e-06,150.182
0.886891,1999.71,2.20437e-06,145.782
0.887889,1999.72,2.2549e-06,141.238
0.888885,1999.72,2.34529e-06,135.912
0.889896,1999.74,2.41611e-06,129.152
0.890903,1999.74,2.33541e-06,125.718
0.891901,1999.75,2.21714e-06,123.75
0.892902,1999.75,2.32231e-06,123.248
0.893906,1999.76,2.42961e-06,119.2
0.894913,1999.77,2.37464e-06,114.008
0.895914,1999.78,2.21716e-06,110.672
0.89691,1999.79,2.28442e-06,108.368
0.897912,1999.8,2.36694e-06,102.598
0.898921,1999.81,2.38956e-06,100.182
0.899921,1999.81,2.25675e-06,97.702
0.900917,1999.82,2.30892e-06,90.512
0.901921,1999.83,2.31825e-06,83.208
0.902922,1999.83,2.35361e-06,81.222
0.903929,1999.84,2.41176e-06,79.878
0.904933,1999.85,2.29592e-06,77.142
0.90593,1999.85,2.22154e-06,75.048
0.90693,1999.86,2.26966e-06,72.918
0.90793,1999.86,2.49764e-06,72.2
0.908943,1999.87,2.36529e-06,65.062
0.909941,1999.88,2.12653e-06,62.038
0.910933,1999.89,2.16407e-06,57.382
0.911938,1999.9,2.5231e-06,56.592
0.912945,1999.9,2.49857e-06,53.392
0.913954,1999.91,2.0823e-06,50.95
0.914942,1999.91,2.14141e-06,50.128
0.915944,1999.91,2.44259e-06,49.302
0.916953,1999.92,2.47169e-06,44.8
0.917961,1999.92,2.20398e-06,44.8
0.918955,1999.92,2.26956e-06,43.112
0.919956,1999.93,2.36332e-06,39.408
0.920961,1999.93,2.32325e-06,36.822
0.921964,1999.93,2.32229e-06,36.822
0.922968,1999.94,2.37452e-06,35.952
0.923972,1999.94,2.26179e-06,33.078
0.924967,1999.94,2.22545e-06,33.078
0.925966,1999.94,2.35602e-06,32.2
0.926974,1999.94,2.45156e-06,29.318
0.927976,1999.94,2.30707e-06,29.318
0.928974,1999.94,2.22435e-06,26.432
0.929975,1999.94,2.34022e-06,26.432
0.930977,1999.95,2.4098e-06,25.542
0.931984,1999.95,2.35506e-06,25.542
0.932987,1999.95,2.26115e-06,23.75
0.933983,1999.95,2.28349e-06,22.848
0.934987,1999.95,2.31815e-06,22.848
0.935989,1999.96,2.41656e-06,19.2
0.93699,1999.96,2.35476e-06,18.278
0.937994,1999.96,2.21411e-06,17.352
0.938996,1999.97,2.31805e-06,15.488
0.939996,1999.97,2.43101e-06,14.55
0.940999,1999.97,2.38526e-06,12.662
0.941999,1999.98,2.21723e-06,11.712
0.943004,1999.98,2.29427e-06,10.758
0.944004,1999.98,2.40317e-06,10.758
0.945012,1999.98,2.37558e-06,9.8
0.946008,1999.98,2.2081e-06,7.872
0.947007,1999.98,2.33495e-06,7.872
0.948016,1999.99,2.38213e-06,6.902
0.949017,1999.99,2.33746e-06,4.95
0.95002,1999.99,2.21796e-06,4.95
0.951016,1999.99,2.30673e-06,4.95
0.952021,1999.99,2.4455e-06,3.968
0.953026,1999.99,2.31794e-06,3.968
0.954024,1999.99,2.28832e-06,2.982
0.955028,1999.99,2.22737e-06,2.982
0.956027,1999.99,2.42292e-06,2.982
0.957037,1999.99,2.32345e-06,2.982
0.958032,1999.99,2.36713e-06,2.982
0.959041,2000,2.24716e-06,1.992
0.960034,2000,2.26492e-06,1.992
0.961038,2000,2.33241e-06,1.992
0.962047,2000,2.40025e-06,1.992
0.963041,2000,2.36164e-06,1.992
0.964048,2000,2.20453e-06,0.998
0.965046,2000,2.27203e-06,0.998
0.966047,2000,2.44793e-06,0.998
0.967052,2000,2.39242e-06,0.998
0.968057,2000,2.25966e-06,0
0.969053,2000,2.2111e-06,0
0.970055,2000,2.40955e-06,0
0.971062,2000,2.39654e-06,0
0.972061,2000,2.28613e-06,0
0.973059,2000,2.20129e-06,0
0.974064,2000,2.42057e-06,0
0.975071,2000,2.37878e-06,0
0.976074,2000,2.26693e-06,0
0.977068,2000,2.19233e-06,0
0.978068,2000,2.40113e-06,0
0.979078,2000,2.52003e-06,0
0.980082,2000,2.26712e-06,0
0.981081,2000,2.10893e-06,0
0.982076,2000,2.27296e-06,0
0.983081,2000,2.66622e-06,0
0.984097,2000,2.33173e-06,0
0.985091,2000,1.91171e-06,0
0.986076,2000,2.01947e-06,0
0.987084,2000,2.8895e-06,0
0.988113,2000,2.57817e-06,0
0.989112,2000,1.50796e-06,0
0.990078,2000,1.30507e-06,0
0.991068,2000,2.66847e-06,0
0.992132,2000,3.19154e-06,0
0.993139,2000,7.7354e-07,0
0.99409,2000,4.65821e-07,0
0.995044,2000,8.02944e-07,0
0.996151,2000,4.23571e-06,0
0.997163,2000,1.07325e-07,0
0.998109,2000,4.77001e-08,0
0.999054,2000,1.1925e-08,0
1,2000,0,0
0.286669,166.542,0.0843145,2.91856e+06
5.78254,-1,-1,-1
