0,1,0,0
0.00125446,2.02,2.67648e-07,9.8
0.00209943,2.054,1.35087e-06,29.542
0.00331845,2.118,4.37402e-06,70.038
0.0041902,2.156,2.52181e-06,83.832
0.00520041,2.218,1.06661e-05,127.238
0.00625419,2.292,5.29725e-06,171.368
0.00719145,2.366,6.30766e-06,222.022
0.00823024,2.436,8.42791e-06,250.952
0.00922426,2.51,6.58607e-06,266.95
0.0102243,2.588,7.30208e-06,303.128
0.0112373,2.672,7.73558e-06,328.208
0.0122301,2.738,7.11178e-06,342.678
0.0132258,2.818,7.31315e-06,412.438
0.0142427,2.9,7.2764e-06,457
0.0152348,2.972,6.89051e-06,455.608
0.0162412,3.048,7.47169e-06,488.848
0.0172555,3.116,7.24028e-06,529.272
0.0182402,3.178,7.11945e-06,609.158
0.0192452,3.238,7.79732e-06,698.678
0.0202486,3.308,6.85606e-06,720.568
0.0212406,3.374,7.05226e-06,777.062
0.0222601,3.424,7.82872e-06,814.112
0.0232588,3.5,6.54799e-06,883
0.024247,3.574,7.8177e-06,930.262
0.0252662,3.646,7.32684e-06,1068.34
0.0262486,3.708,6.64893e-06,1193.37
0.0272642,3.788,8.23118e-06,1325.53
0.0282619,3.83,6.77396e-06,1378.55
0.0292616,3.892,7.60339e-06,1586.17
0.0302749,3.942,7.10122e-06,1657.32
0.0312699,4.004,7.34291e-06,1849.99
0.0322785,4.08,7.00881e-06,1930.8
0.0332679,4.154,7.37183e-06,2019.14
0.0342859,4.212,7.36225e-06,2119.53
0.0352717,4.272,6.81719e-06,2257.01
0.0362808,4.34,7.95001e-06,2390.2
0.03729,4.402,6.74667e-06,2478.2
0.0382806,4.446,7.37777e-06,2505.54
0.039292,4.522,7.63433e-06,2620.76
0.040282,4.578,6.64596e-06,2695.96
0.0412937,4.656,7.78288e-06,2828.83
0.0422942,4.698,7.10906e-06,2957.4
0.0432917,4.764,7.6821e-06,3274.15
0.0443016,4.818,6.92492e-06,3486.44
0.045289,4.882,7.19296e-06,3632.04
0.046303,4.948,7.64217e-06,3682.65
0.0473071,4.996,6.97881e-06,3765.99
0.0483051,5.058,7.40153e-06,3909.32
0.0493119,5.128,7.38712e-06,3987.81
0.0503,5.188,7.38522e-06,4080.33
0.0513057,5.23,7.18248e-06,4256.55
0.0523141,5.302,7.42402e-06,4395.4
0.0533181,5.378,7.05912e-06,4587.56
0.0543146,5.47,7.56274e-06,4764.55
0.0553162,5.528,7.11535e-06,4880.61
0.0563154,5.612,7.48035e-06,4950.73
0.0573275,5.708,7.31354e-06,5183.37
0.0583194,5.788,7.16947e-06,5339.53
0.0593299,5.832,7.39076e-06,5431.89
0.0603298,5.884,7.05678e-06,5547.27
0.0613295,5.96,7.55378e-06,5703.2
0.0623362,6.036,6.93229e-06,5867.35
0.0633302,6.114,7.56715e-06,6136.5
0.0643385,6.186,7.42927e-06,6333.7
0.0653333,6.262,7.1664e-06,6476.68
0.0663416,6.344,7.21096e-06,6848.83
0.0673457,6.434,7.27259e-06,6956.82
0.0683495,6.518,7.23015e-06,7142.84
0.0693396,6.608,7.26753e-06,7389.17
0.0703494,6.682,7.39277e-06,7602.44
0.0713527,6.762,7.09136e-06,7630.68
0.0723543,6.832,7.33094e-06,7809.89
0.0733557,6.93,7.40949e-06,8154.55
0.0743506,6.996,6.97288e-06,8367.99
0.0753546,7.068,7.38406e-06,8753.69
0.0763705,7.152,7.52719e-06,8832.45
0.0773737,7.232,6.95294e-06,9049.09
0.078355,7.33,7.23227e-06,9202.55
0.0793737,7.442,7.73481e-06,9731.32
0.0803699,7.518,6.58937e-06,9888.84
0.0813655,7.588,7.7097e-06,10129.1
0.0823833,7.648,7.28693e-06,10230
0.0833772,7.714,6.63025e-06,10520.1
0.0843735,7.808,8.10796e-06,10797.6
0.0853887,7.878,6.68293e-06,10997.6
0.0863792,7.958,7.49248e-06,11286.1
0.0873874,8.032,7.49495e-06,11627.5
0.0883817,8.09,6.9125e-06,11753
0.0893889,8.186,7.69134e-06,12035.7
0.0903898,8.26,7.21687e-06,12710.2
0.0913938,8.364,7.20417e-06,12989.8
0.0923928,8.436,7.53217e-06,13073
0.0933953,8.538,7.06083e-06,13444.3
0.0943999,8.612,7.06632e-06,13560.7
0.0954034,8.698,7.54104e-06,13627.4
0.0964039,8.804,7.14732e-06,13852.8
0.0973972,8.908,7.27801e-06,14367.8
0.098412,9.018,7.54595e-06,14512.8
0.0994022,9.094,6.74603e-06,14672.6
0.100393,9.156,7.74406e-06,14771.8
0.101415,9.258,6.87628e-06,15179.7
0.102406,9.33,7.16783e-06,15488.6
0.103427,9.408,7.43111e-06,15692.8
0.104416,9.53,7.04416e-06,15972.5
0.105414,9.614,7.5402e-06,16420.5
0.106426,9.69,7.38383e-06,16663
0.107423,9.778,7.05069e-06,16866.4
0.108429,9.876,7.4067e-06,17676.3
0.109425,10,7.42687e-06,19410
0.11042,10.122,7.22545e-06,20545.6
0.111426,10.25,6.93385e-06,21145.7
0.112433,10.35,7.57225e-06,21713.7
0.113445,10.43,6.90064e-06,22210.6
0.11444,10.526,7.5234e-06,22642.7
0.115446,10.618,7.31337e-06,23074
0.116438,10.708,7.04886e-06,23871.4
0.117447,10.83,7.57789e-06,24440.5
0.118452,10.954,6.9788e-06,25141.9
0.119442,11.106,7.31697e-06,26221.4
0.120456,11.212,7.33176e-06,26855.5
0.121452,11.312,7.39443e-06,27477.3
0.122447,11.432,7.20142e-06,27704.7
0.123448,11.552,7.2123e-06,28469.6
0.124467,11.688,7.22759e-06,28669.3
0.125441,11.788,7.13239e-06,29469.5
0.126464,11.892,7.46725e-06,30002.2
0.127459,12.038,6.78118e-06,30048.3
0.12846,12.132,7.71029e-06,30567.3
0.129474,12.258,7.04941e-06,31575.7
0.130466,12.34,7.20143e-06,31922.2
0.131484,12.532,7.74581e-06,33374.5
0.132473,12.61,6.78899e-06,33643
0.133472,12.706,7.60086e-06,34237.8
0.134485,12.842,7.17678e-06,34968.5
0.135476,12.956,7.10498e-06,34977
0.136485,13.134,7.45066e-06,36468
0.137481,13.26,7.17442e-06,37470.2
0.138483,13.37,7.43774e-06,38088.6
0.139498,13.452,7.14005e-06,38825.8
0.140487,13.564,7.2567e-06,39907
0.141492,13.652,7.57902e-06,40383.4
0.1425,13.746,6.83341e-06,40946.7
0.143507,13.874,7.42679e-06,41425.1
0.144497,13.982,7.36331e-06,41724.8
0.145503,14.116,7.17024e-06,42695.3
0.146503,14.22,7.32609e-06,43713.8
0.147505,14.358,7.39819e-06,45042.9
0.148503,14.474,7.09412e-06,45422.7
0.149498,14.552,7.19039e-06,46125.6
0.15051,14.68,7.47229e-06,46858.8
0.15151,14.84,7.15972e-06,48129.2
0.152518,14.96,7.43234e-06,49407.2
0.153517,15.124,7.14531e-06,50108.3
0.154521,15.29,7.36095e-06,52174.9
0.155519,15.404,7.20202e-06,52910.4
0.156514,15.494,7.22872e-06,53545
0.157523,15.604,7.3761e-06,54233.6
0.158528,15.718,7.07909e-06,55143.2
0.159535,15.896,7.48278e-06,57200.6
0.160528,16.1,7.54655e-06,59223
0.161526,16.216,7.12503e-06,59680.7
0.162537,16.31,7.21106e-06,60165
0.163542,16.452,7.53917e-06,62849.8
0.16453,16.548,7.19441e-06,63489.8
0.16553,16.7,7.15369e-06,64465
0.166572,16.82,7.17099e-06,65017.8
0.167545,16.934,7.05308e-06,65686.8
0.168541,17.076,7.28859e-06,67067.1
0.169552,17.184,7.29176e-06,67979.1
0.170551,17.388,7.13868e-06,72046.7
0.171553,17.53,7.07559e-06,73670.5
0.172565,17.676,7.5046e-06,74485.5
0.173561,17.842,7.14107e-06,76494.5
0.174555,17.988,7.39557e-06,77127.9
0.175559,18.14,7.30262e-06,77416.2
0.176564,18.272,7.00202e-06,78461
0.177561,18.4,7.13607e-06,80086
0.178571,18.542,7.57739e-06,82264.1
0.179572,18.738,7.26805e-06,87070.7
0.180566,18.916,7.55823e-06,92224.5
0.181572,19.052,7.51783e-06,93068.6
0.182576,19.206,7.20119e-06,95073.8
0.183573,19.384,6.96096e-06,95648.3
0.184575,19.562,7.5637e-06,97443.1
0.185586,19.694,7.1537e-06,97750.2
0.18658,19.93,7.05687e-06,99874.6
0.187596,20.064,7.92514e-06,101886
0.188594,20.426,6.74876e-06,122484
0.189578,20.558,7.44044e-06,124511
0.190605,20.728,7.19387e-06,126775
0.19159,20.886,7.2781e-06,128199
0.19259,21.046,7.62816e-06,128996
0.193596,21.168,6.86794e-06,130830
0.194605,21.418,7.55172e-06,132740
0.195605,21.59,7.19954e-06,133517
0.1966,21.74,7.06938e-06,135594
0.197601,21.916,7.30822e-06,138842
0.198608,22.076,7.16325e-06,139709
0.199587,22.254,7.3144e-06,140337
0.200586,22.492,6.88153e-06,142185
0.201608,22.692,7.509e-06,145161
0.202611,22.802,7.12805e-06,146535
0.203618,23.022,7.70798e-06,148761
0.204617,23.262,6.85759e-06,150589
0.205614,23.494,7.55489e-06,153569
0.206634,23.772,6.95745e-06,156120
0.207618,24.002,7.18352e-06,160303
0.208621,24.188,7.84601e-06,162382
0.209629,24.332,6.70045e-06,163345
0.210634,24.544,7.61072e-06,164892
0.211638,24.716,7.19197e-06,171100
0.212632,24.922,7.25024e-06,174944
0.21364,25.07,7.34744e-06,176185
0.214623,25.272,7.14285e-06,181489
0.215643,25.48,7.45802e-06,189955
0.216646,25.702,7.33428e-06,192399
0.217645,25.946,7.05352e-06,195908
0.218641,26.22,7.72506e-06,200044
0.219648,26.524,6.94462e-06,206751
0.220637,26.806,7.37398e-06,210574
0.221659,26.996,7.26772e-06,213250
0.222632,27.194,6.60662e-06,216806
0.223661,27.568,7.66946e-06,226299
0.224662,27.782,7.03736e-06,230447
0.225652,27.978,7.60495e-06,231847
0.226663,28.226,7.27929e-06,238003
0.227664,28.404,7.093e-06,239924
0.228674,28.564,7.42559e-06,245431
0.22966,28.808,7.26728e-06,251536
0.230669,29.076,7.33683e-06,254411
0.231679,29.304,7.08118e-06,258086
0.23267,29.556,7.39028e-06,266783
0.233678,29.746,7.52037e-06,273233
0.234673,30.06,6.85552e-06,277328
0.235687,30.366,7.52112e-06,284014
0.236684,30.592,7.19457e-06,286723
0.237681,30.936,7.48919e-06,296292
0.238684,31.156,7.16506e-06,299854
0.239687,31.398,7.20343e-06,303542
0.240694,31.696,7.25827e-06,308660
0.241692,31.908,7.22086e-06,312200
0.242692,32.236,7.48623e-06,326300
0.243697,32.46,7.10346e-06,329968
0.244684,32.766,7.21536e-06,336782
0.245703,32.948,7.55008e-06,340975
0.246697,33.146,6.78462e-06,343682
0.247696,33.394,7.56852e-06,347353
0.248712,33.638,6.93483e-06,351253
0.249735,33.938,6.8515e-06,359981
0.250674,34.172,7.36657e-06,363977
0.251715,34.416,6.77513e-06,368331
0.252713,34.76,7.2778e-06,381741
0.253724,35.004,7.47841e-06,385880
0.25472,35.25,6.87091e-06,391514
0.255721,35.45,7.60848e-06,397390
0.256723,35.68,7.26481e-06,400915
0.25772,36.112,7.16435e-06,407292
0.25873,36.404,7.35604e-06,414582
0.25972,36.638,7.20613e-06,419515
0.260732,36.92,7.2095e-06,430625
0.261732,37.154,7.14679e-06,435481
0.262739,37.42,7.56273e-06,444992
0.263729,37.594,7.03709e-06,448049
0.264728,37.862,7.34868e-06,456409
0.265741,38.092,7.02867e-06,461292
0.266754,38.368,7.4154e-06,464700
0.267746,38.602,7.23408e-06,471088
0.268742,38.944,7.23425e-06,479462
0.269748,39.416,7.30706e-06,487737
0.270756,39.78,7.21992e-06,498904
0.271742,40.056,7.26153e-06,504386
0.272764,40.404,7.28028e-06,513504
0.273756,40.66,7.05307e-06,518054
0.27476,40.896,7.39736e-06,525893
0.275756,41.274,7.5522e-06,533463
0.276762,41.708,7.00626e-06,550015
0.277758,42.086,7.20089e-06,559525
0.278775,42.584,7.38115e-06,565395
0.279769,42.968,6.98291e-06,572561
0.280771,43.32,7.56642e-06,576267
0.281778,43.636,7.03854e-06,580870
0.282773,43.996,7.38051e-06,589778
0.283784,44.384,7.33854e-06,599754
0.284775,44.628,7.22651e-06,606183
0.285774,44.872,7.19202e-06,613704
0.286789,45.08,7.32153e-06,617669
0.287786,45.454,7.22729e-06,628048
0.288781,45.736,7.27565e-06,633169
0.289781,46.216,7.40223e-06,642907
0.290795,46.698,7.21602e-06,660103
0.291798,47.04,7.30436e-06,663633
0.292798,47.314,7.48676e-06,674560
0.293795,47.808,7.17571e-06,689794
0.294799,48.246,7.21901e-06,699863
0.295805,48.726,7.28427e-06,707923
0.296804,49.078,7.30846e-06,717204
0.297809,49.462,7.46239e-06,722298
0.298804,49.834,7.02395e-06,730253
0.299806,50.298,7.29442e-06,736373
0.300811,50.666,7.31911e-06,746865
0.301807,51.09,7.19896e-06,761701
0.302814,51.402,7.21043e-06,767860
0.303815,51.872,7.31821e-06,798238
0.304821,52.342,7.31048e-06,818217
0.305821,52.818,7.2417e-06,829860
0.306822,53.294,7.02401e-06,836170
0.307824,53.756,7.36989e-06,845166
0.308825,54.356,7.29052e-06,868233
0.309826,54.862,7.29121e-06,883847
0.310826,55.2,7.20975e-06,892486
0.311833,55.736,7.32355e-06,907771
0.312828,56.208,7.37105e-06,919172
0.313837,56.516,7.32161e-06,937659
0.314834,56.95,7.13044e-06,950630
0.315837,57.618,7.55377e-06,971158
0.316851,58.028,6.85461e-06,980302
0.317841,58.534,7.37528e-06,988980
0.31886,59.03,7.52645e-06,1.00133e+06
0.319844,59.432,6.76558e-06,1.01712e+06
0.320842,59.888,8.0811e-06,1.02939e+06
0.321861,60.504,6.92099e-06,1.05731e+06
0.322837,61.026,6.96274e-06,1.07378e+06
0.323862,61.458,7.53668e-06,1.08184e+06
0.324869,61.998,6.85502e-06,1.10039e+06
0.325858,62.578,7.18226e-06,1.11283e+06
0.326866,63.14,7.74597e-06,1.12894e+06
0.327859,63.562,6.7828e-06,1.14389e+06
0.32885,64.332,7.28677e-06,1.17344e+06
0.329879,65.014,7.44998e-06,1.18589e+06
0.330861,65.568,6.70085e-06,1.205e+06
0.33188,66.234,8.30862e-06,1.23065e+06
0.332919,66.846,6.34099e-06,1.25438e+06
0.333883,67.448,6.27759e-06,1.2713e+06
0.33487,68.014,7.04317e-06,1.28602e+06
0.335883,68.51,7.07016e-06,1.29937e+06
0.336873,69.166,7.22482e-06,1.33942e+06
0.337885,69.798,7.47172e-06,1.35808e+06
0.338892,70.568,6.88998e-06,1.40458e+06
0.339899,71.026,7.9698e-06,1.43144e+06
0.340884,71.818,6.85821e-06,1.45613e+06
0.34189,72.502,7.79964e-06,1.47893e+06
0.342903,73.112,6.77449e-06,1.51296e+06
0.343889,73.784,7.40936e-06,1.53722e+06
0.344911,74.504,7.33118e-06,1.57307e+06
0.345903,75.536,6.9967e-06,1.60375e+06
0.346902,76.384,7.42037e-06,1.63072e+06
0.3479,76.898,7.0875e-06,1.64107e+06
0.348904,77.6,7.5234e-06,1.66729e+06
0.349913,78.286,7.09404e-06,1.68355e+06
0.350908,78.842,7.09203e-06,1.69713e+06
0.351918,79.414,7.6848e-06,1.71632e+06
0.352912,80.316,6.65124e-06,1.75998e+06
0.35391,81.016,7.85581e-06,1.79232e+06
0.354926,81.87,6.98504e-06,1.81005e+06
0.355913,82.592,7.25401e-06,1.83458e+06
0.356928,83.418,7.44441e-06,1.87556e+06
0.357919,84.218,7.03282e-06,1.89809e+06
0.358935,84.872,7.67239e-06,1.91848e+06
0.359928,85.598,6.91227e-06,1.95296e+06
0.360931,86.38,7.95367e-06,1.9742e+06
0.361943,87.176,6.66416e-06,2.00504e+06
0.362927,88.058,7.37222e-06,2.049e+06
0.363945,88.774,7.39997e-06,2.06072e+06
0.36493,89.356,7.00248e-06,2.08289e+06
0.365941,90.148,7.39304e-06,2.10724e+06
0.366935,90.688,7.34375e-06,2.12204e+06
0.367952,91.438,7.45068e-06,2.14919e+06
0.368946,92.074,7.11854e-06,2.17252e+06
0.369947,92.844,7.64811e-06,2.2008e+06
0.370953,93.658,7.14803e-06,2.23505e+06
0.371948,94.874,7.24707e-06,2.27141e+06
0.372959,95.71,7.47082e-06,2.30615e+06
0.373955,96.534,6.91637e-06,2.34655e+06
0.374976,97.478,7.74281e-06,2.38082e+06
0.375959,98.096,6.95228e-06,2.3978e+06
0.376963,98.826,7.20526e-06,2.42321e+06
0.377972,99.656,7.39736e-06,2.46456e+06
0.378967,100.612,7.18247e-06,2.48896e+06
0.379965,101.616,7.39464e-06,2.54951e+06
0.380977,102.3,7.25517e-06,2.58902e+06
0.381967,103.022,6.89567e-06,2.60706e+06
0.38298,103.958,7.65685e-06,2.63353e+06
0.383985,104.818,6.88882e-06,2.64698e+06
0.384964,105.818,7.29601e-06,2.6816e+06
0.385983,106.926,7.58278e-06,2.7328e+06
0.386982,107.706,6.91902e-06,2.77154e+06
0.387983,108.56,7.54911e-06,2.81567e+06
0.389003,109.796,6.96187e-06,2.87381e+06
0.389993,110.84,7.2861e-06,2.92557e+06
0.390993,111.924,7.57108e-06,2.97944e+06
0.391996,112.978,7.23964e-06,3.01232e+06
0.392999,113.978,7.1788e-06,3.04793e+06
0.394004,115.048,7.75622e-06,3.094e+06
0.394998,116.084,6.71698e-06,3.12982e+06
0.396003,117.182,8.06319e-06,3.16248e+06
0.397008,118.152,7.04279e-06,3.19625e+06
0.398,119.16,7.07562e-06,3.22806e+06
0.398999,120.252,7.29567e-06,3.28262e+06
0.400001,121.614,6.95043e-06,3.36652e+06
0.401004,122.976,6.93285e-06,3.42894e+06
0.40201,124.048,7.49208e-06,3.47237e+06
0.403016,124.988,7.24545e-06,3.5093e+06
0.404015,125.832,7.48692e-06,3.52689e+06
0.405012,126.906,7.45879e-06,3.58844e+06
0.406012,127.768,6.60561e-06,3.62813e+06
0.407019,128.876,7.93547e-06,3.66787e+06
0.408035,130.548,6.91903e-06,3.73059e+06
0.40902,131.794,7.0755e-06,3.78538e+06
0.410032,133.402,7.88803e-06,3.83989e+06
0.411029,134.246,6.83345e-06,3.87918e+06
0.412027,135.284,7.51072e-06,3.906e+06
0.413046,136.24,7.29945e-06,3.94377e+06
0.414028,137.558,7.12528e-06,3.98554e+06
0.415038,138.722,7.43307e-06,4.03207e+06
0.41604,139.9,7.16178e-06,4.09942e+06
0.417024,141.096,7.47219e-06,4.14648e+06
0.418055,142.574,7.17924e-06,4.23618e+06
0.419045,143.83,7.14532e-06,4.28589e+06
0.420045,144.594,7.57051e-06,4.32803e+06
0.421057,145.984,7.0878e-06,4.36911e+06
0.422053,147.198,7.2075e-06,4.44711e+06
0.423055,148.706,7.44356e-06,4.49034e+06
0.424053,150.072,7.27253e-06,4.55792e+06
0.425058,151.34,7.2616e-06,4.60063e+06
0.426062,152.368,7.33442e-06,4.64631e+06
0.427064,154.288,7.33836e-06,4.71287e+06
0.42807,155.838,7.34509e-06,4.73431e+06
0.42905,157.258,7.18806e-06,4.79491e+06
0.43007,158.622,7.27354e-06,4.85913e+06
0.431073,160.148,7.37868e-06,4.93134e+06
0.432072,161.716,7.30215e-06,4.97466e+06
0.433069,163.476,7.2934e-06,5.0569e+06
0.43408,165.086,7.11328e-06,5.10127e+06
0.435076,166.226,7.31109e-06,5.13746e+06
0.436084,167.56,7.38077e-06,5.18511e+06
0.437081,168.948,7.37878e-06,5.21395e+06
0.43808,170.74,7.30756e-06,5.26347e+06
0.439088,172.144,7.20815e-06,5.3071e+06
0.440082,173.696,7.27029e-06,5.38693e+06
0.441081,175.466,7.12187e-06,5.43443e+06
0.442096,177.154,7.09141e-06,5.49954e+06
0.443085,179.138,7.28634e-06,5.57831e+06
0.444101,180.99,7.74432e-06,5.64759e+06
0.445096,182.894,6.67171e-06,5.75143e+06
0.446095,184.486,7.95809e-06,5.87628e+06
0.447108,185.98,6.89311e-06,5.95197e+06
0.448091,187.352,7.02859e-06,5.99686e+06
0.449116,189.306,7.74709e-06,6.05469e+06
0.450116,190.578,6.85227e-06,6.12616e+06
0.451104,192.366,7.62641e-06,6.15719e+06
0.452115,194.884,7.24113e-06,6.30107e+06
0.453113,196.466,7.05742e-06,6.39647e+06
0.454124,198.296,7.72689e-06,6.4589e+06
0.455118,200.218,6.77342e-06,6.54455e+06
0.456115,201.88,7.36128e-06,6.62652e+06
0.457132,203.916,7.53288e-06,6.69782e+06
0.458122,205.694,6.94167e-06,6.80574e+06
0.459115,207.578,7.70312e-06,6.86359e+06
0.460136,209.198,7.00353e-06,6.92024e+06
0.461131,211.074,7.11374e-06,6.99585e+06
0.462129,213.706,7.78922e-06,7.03573e+06
0.463143,215.888,6.97043e-06,7.08609e+06
0.464132,217.622,7.15395e-06,7.14657e+06
0.46514,219.204,7.57278e-06,7.21631e+06
0.466141,220.836,6.98236e-06,7.27157e+06
0.467134,222.638,7.34555e-06,7.34549e+06
0.468151,224.682,7.4987e-06,7.41107e+06
0.469142,226.25,6.91557e-06,7.48075e+06
0.470151,228.662,7.65487e-06,7.52658e+06
0.471163,230.426,6.9395e-06,7.58055e+06
0.472152,232.404,7.20382e-06,7.65349e+06
0.473156,234.18,7.66054e-06,7.72783e+06
0.474156,236.668,6.90435e-06,7.78717e+06
0.475158,238.704,7.63342e-06,7.83375e+06
0.476169,241.298,7.35274e-06,7.91698e+06
0.477152,243.388,6.99649e-06,8.00926e+06
0.478167,245.606,7.7228e-06,8.07615e+06
0.479168,247.99,6.73401e-06,8.1388e+06
0.480165,249.92,7.36966e-06,8.23508e+06
0.481175,252.136,7.26209e-06,8.28369e+06
0.482172,254.418,7.53992e-06,8.34037e+06
0.483176,256.326,7.35268e-06,8.43813e+06
0.484177,259.2,7.4107e-06,8.63024e+06
0.485179,261.624,7.13884e-06,8.73808e+06
0.486177,264.644,6.95622e-06,8.72383e+06
0.487186,266.258,7.361e-06,8.82021e+06
0.48819,268.422,7.17255e-06,8.8799e+06
0.489175,270.662,7.40804e-06,8.98389e+06
0.490196,273.338,7.2944e-06,9.03308e+06
0.491189,275.27,7.08611e-06,9.11255e+06
0.492198,278.334,7.4905e-06,9.19856e+06
0.493188,280.528,7.25434e-06,9.27209e+06
0.494203,283.73,7.26609e-06,9.32939e+06
0.495196,285.992,6.98314e-06,9.37491e+06
0.496195,288.142,8.29619e-06,9.4349e+06
0.497197,290.284,6.22476e-06,9.49586e+06
0.498203,292.886,5.86987e-06,9.62344e+06
0.49928,295.408,5.81375e-06,9.70131e+06
0.500201,298.19,9.08095e-06,9.74667e+06
0.501139,300.218,5.77367e-06,9.81315e+06
0.502215,302.762,6.1144e-06,9.8755e+06
0.503221,305.08,6.36656e-06,9.92478e+06
0.504223,307.26,8.1415e-06,1e+07
0.505222,310.192,7.00624e-06,1.00762e+07
0.506215,312.696,7.24912e-06,1.01667e+07
0.50723,315.254,7.20605e-06,1.0285e+07
0.50822,317.764,7.4988e-06,1.03429e+07
0.509229,320.49,6.99306e-06,1.03392e+07
0.510222,324.798,7.33498e-06,1.03249e+07
0.511243,327.27,7.44754e-06,1.03776e+07
0.512228,329.28,7.19286e-06,1.04333e+07
0.513233,332.232,7.35407e-06,1.04969e+07
0.514241,335.514,7.01197e-06,1.04594e+07
0.515239,338.076,7.12847e-06,1.05484e+07
0.516241,341.158,7.28608e-06,1.06084e+07
0.517242,343.752,7.37103e-06,1.06774e+07
0.518246,346.56,7.49837e-06,1.0764e+07
0.519244,349.764,7.24677e-06,1.08148e+07
0.520254,353.318,7.42455e-06,1.08426e+07
0.52125,356.362,6.67504e-06,1.08917e+07
0.522252,359.658,7.73293e-06,1.09234e+07
0.523266,363.1,7.00348e-06,1.0981e+07
0.524249,366.044,7.28242e-06,1.09903e+07
0.52526,369,7.62314e-06,1.10083e+07
0.526262,372.626,6.97182e-06,1.11209e+07
0.527262,375.288,7.61448e-06,1.124e+07
0.528266,378.698,7.28648e-06,1.13967e+07
0.529255,382.204,6.94624e-06,1.14403e+07
0.530267,385.756,7.70633e-06,1.1417e+07
0.531276,388.994,6.90455e-06,1.14391e+07
0.532267,391.52,7.49072e-06,1.14991e+07
0.533284,394.988,7.34545e-06,1.15929e+07
0.534277,398.49,6.96137e-06,1.14531e+07
0.535278,401.39,7.51506e-06,1.14909e+07
0.536286,403.896,7.21014e-06,1.15107e+07
0.537276,407.044,6.90367e-06,1.16126e+07
0.538289,410.17,7.86917e-06,1.16246e+07
0.539287,413.682,7.06965e-06,1.17033e+07
0.540282,416.946,6.9396e-06,1.17813e+07
0.541303,420.182,7.78384e-06,1.18215e+07
0.542296,423.74,6.9192e-06,1.1788e+07
0.543287,426.554,7.46822e-06,1.18887e+07
0.544303,429.856,7.39081e-06,1.1991e+07
0.545301,432.97,6.75121e-06,1.20027e+07
0.546295,435.972,7.67489e-06,1.20661e+07
0.547305,438.684,7.07481e-06,1.2157e+07
0.548303,442.378,7.12678e-06,1.20879e+07
0.549314,445.128,7.65077e-06,1.21722e+07
0.550302,448.588,6.80921e-06,1.21045e+07
0.551302,452.086,7.7291e-06,1.22068e+07
0.552327,455.646,7.02085e-06,1.22046e+07
0.55331,459.564,6.89827e-06,1.22301e+07
0.554323,463.168,7.96536e-06,1.21039e+07
0.555322,467.222,6.72564e-06,1.21715e+07
0.556317,471.272,7.67728e-06,1.20914e+07
0.557333,475.576,7.34096e-06,1.2044e+07
0.558322,479.302,7.16424e-06,1.20808e+07
0.559337,483.554,7.1304e-06,1.21471e+07
0.560337,486.978,7.30842e-06,1.21781e+07
0.56133,490.508,7.19349e-06,1.21564e+07
0.562338,493.298,7.29332e-06,1.22751e+07
0.563338,496.966,7.32644e-06,1.21979e+07
0.564334,501.754,7.41253e-06,1.21074e+07
0.565342,504.716,7.26783e-06,1.20834e+07
0.566338,507.838,7.1162e-06,1.21897e+07
0.567349,512.1,7.25514e-06,1.22383e+07
0.568346,515.09,7.28964e-06,1.22964e+07
0.569345,518.53,7.37155e-06,1.23866e+07
0.570348,521.73,7.21977e-06,1.254e+07
0.571368,525.12,7.18367e-06,1.26133e+07
0.572348,529.018,7.26952e-06,1.2541e+07
0.573354,532.746,7.29956e-06,1.25282e+07
0.574357,536.17,7.3501e-06,1.25673e+07
0.57536,539.884,7.30274e-06,1.23952e+07
0.576365,543.836,7.22782e-06,1.22578e+07
0.577363,546.948,7.48769e-06,1.2276e+07
0.578365,550.37,7.20464e-06,1.23348e+07
0.579361,554.53,7.08797e-06,1.22045e+07
0.580373,557.088,7.50101e-06,1.23104e+07
0.581373,561.208,7.18771e-06,1.21499e+07
0.582363,564.87,7.14602e-06,1.22492e+07
0.583394,569.356,7.54183e-06,1.22061e+07
0.584378,572.984,7.11039e-06,1.21896e+07
0.58538,575.936,7.50629e-06,1.22294e+07
0.58639,579.922,7.06053e-06,1.21625e+07
0.587372,584.108,7.33657e-06,1.21494e+07
0.588391,587.788,7.51709e-06,1.19565e+07
0.589389,591.632,6.79642e-06,1.18453e+07
0.590386,595.422,7.86102e-06,1.17679e+07
0.591398,599.902,7.21188e-06,1.156e+07
0.592383,604.106,6.95297e-06,1.14522e+07
0.593399,608.186,7.89432e-06,1.14746e+07
0.594406,612.094,6.67085e-06,1.14545e+07
0.595407,616.532,7.42713e-06,1.13146e+07
0.596403,620.77,7.45165e-06,1.11966e+07
0.597402,624.796,7.25071e-06,1.11063e+07
0.598409,628.412,7.38924e-06,1.10208e+07
0.599414,632.636,6.92551e-06,1.09157e+07
0.600417,636.714,6.9224e-06,1.08464e+07
0.601419,640.552,7.39732e-06,1.07863e+07
0.602418,645.044,7.04022e-06,1.07125e+07
0.60341,648.154,6.96528e-06,1.07617e+07
0.604416,652.126,8.05333e-06,1.0785e+07
0.60542,655.22,6.72067e-06,1.08605e+07
0.606414,659.258,7.73492e-06,1.08122e+07
0.607419,663.916,7.21021e-06,1.05818e+07
0.608423,667.314,7.24716e-06,1.05955e+07
0.609425,671.22,7.54739e-06,1.05305e+07
0.610425,675.092,7.28854e-06,1.03931e+07
0.611415,678.67,6.93549e-06,1.04356e+07
0.612435,682.17,7.58518e-06,1.04091e+07
0.613436,686.918,6.90073e-06,1.03877e+07
0.614435,690.766,7.56862e-06,1.03808e+07
0.615454,695.036,7.34583e-06,1.03163e+07
0.616433,699.068,6.8913e-06,1.0265e+07
0.617438,702.386,7.64034e-06,1.02461e+07
0.618451,706.512,6.95769e-06,1.0205e+07
0.619441,711.182,7.20679e-06,1.02161e+07
0.620453,715.514,7.41596e-06,1.01357e+07
0.621451,719.408,7.23184e-06,1.01432e+07
0.622446,723.664,7.359e-06,1.00067e+07
0.623455,727.91,7.24894e-06,9.85976e+06
0.624459,731.476,6.9533e-06,9.84913e+06
0.625442,735.224,7.70023e-06,9.83854e+06
0.626463,739.62,6.90845e-06,9.64917e+06
0.62746,743.536,7.41723e-06,9.59709e+06
0.62847,746.632,7.27062e-06,9.61112e+06
0.629465,750.816,7.12061e-06,9.63315e+06
0.630471,754.736,7.57871e-06,9.63967e+06
0.631472,758.612,7.10301e-06,9.47481e+06
0.632466,762.794,7.40925e-06,9.3428e+06
0.633483,766.432,7.35077e-06,9.3531e+06
0.634477,770.924,7.42112e-06,9.27581e+06
0.635489,775.62,6.95085e-06,9.15856e+06
0.636474,780.272,7.41098e-06,9.03167e+06
0.637491,784.842,7.33872e-06,8.89698e+06
0.638475,789.002,6.63691e-06,8.72203e+06
0.639487,793.358,7.90364e-06,8.7455e+06
0.64049,797.678,6.88538e-06,8.71923e+06
0.641483,801.572,7.66639e-06,8.75883e+06
0.6425,805.626,6.99621e-06,8.7913e+06
0.643491,809.04,7.56058e-06,8.72031e+06
0.644505,813.418,7.16917e-06,8.69534e+06
0.645492,817.502,7.03826e-06,8.64717e+06
0.646508,821.856,7.86792e-06,8.57494e+06
0.647507,826.176,6.65085e-06,8.40047e+06
0.6485,830.354,7.66751e-06,8.42995e+06
0.649511,834.596,7.11045e-06,8.39393e+06
0.650506,838.974,7.19242e-06,8.34404e+06
0.651514,843.05,7.504e-06,8.34087e+06
0.652519,846.852,7.09129e-06,8.33053e+06
0.653516,851.31,7.46464e-06,8.20008e+06
0.654516,855.976,6.9436e-06,8.02403e+06
0.655507,860.492,7.40095e-06,7.99366e+06
0.656529,864.654,7.36552e-06,7.96075e+06
0.657515,869.192,6.75691e-06,7.83322e+06
0.658528,872.95,7.73894e-06,7.86382e+06
0.659534,876.902,6.8655e-06,7.83833e+06
0.660519,881.354,7.94331e-06,7.78235e+06
0.661526,886.14,6.88141e-06,7.53811e+06
0.662533,889.782,7.55926e-06,7.51301e+06
0.663545,894.11,7.28349e-06,7.46974e+06
0.664535,898.774,7.06589e-06,7.29279e+06
0.665548,903.304,6.96047e-06,7.24699e+06
0.666535,907.744,6.28027e-06,7.24426e+06
0.667499,912.056,6.27232e-06,7.18785e+06
0.668538,916.346,8.16993e-06,7.19199e+06
0.669557,920.086,6.63986e-06,7.17312e+06
0.670539,924.5,7.45686e-06,7.13917e+06
0.671568,928.632,7.29394e-06,7.15628e+06
0.67256,933.504,6.76262e-06,7.08532e+06
0.673552,937.68,7.69242e-06,6.98348e+06
0.67456,941.962,7.2177e-06,6.89057e+06
0.675549,946.162,6.80701e-06,6.89858e+06
0.676556,950.41,7.51278e-06,6.86292e+06
0.677581,954.644,6.94518e-06,6.88529e+06
0.678557,958.758,6.81607e-06,6.80388e+06
0.679576,963.19,8.131e-06,6.67562e+06
0.680575,967.236,6.82018e-06,6.61998e+06
0.681558,971.006,7.5179e-06,6.60468e+06
0.682577,975.044,7.40961e-06,6.5581e+06
0.683567,979.12,6.9025e-06,6.51871e+06
0.684581,983.338,7.48077e-06,6.45223e+06
0.685584,987.832,7.19556e-06,6.44789e+06
0.686581,991.88,7.32488e-06,6.397e+06
0.68759,996.178,7.38105e-06,6.33299e+06
0.688585,1000.25,7.30412e-06,6.2688e+06
0.689592,1004.19,7.18865e-06,6.19614e+06
0.690593,1008.16,7.32289e-06,6.17803e+06
0.691593,1012.68,7.28746e-06,6.04164e+06
0.692594,1017.41,7.38366e-06,5.99024e+06
0.693596,1021.34,6.97651e-06,5.9589e+06
0.694597,1025.82,7.26542e-06,5.92729e+06
0.695597,1030.44,7.28161e-06,5.8895e+06
0.696603,1034.81,7.29874e-06,5.85192e+06
0.697604,1038.97,7.20208e-06,5.84162e+06
0.698611,1043.68,7.26411e-06,5.58972e+06
0.699607,1047.5,7.20475e-06,5.58907e+06
0.700612,1051.37,7.35637e-06,5.54481e+06
0.701614,1055.53,6.95908e-06,5.54877e+06
0.70261,1060.3,7.53573e-06,5.48505e+06
0.703614,1064.35,7.33253e-06,5.40951e+06
0.704613,1068.26,7.19407e-06,5.39731e+06
0.705619,1072.32,7.27868e-06,5.3708e+06
0.706623,1076.63,7.14367e-06,5.30012e+06
0.70762,1080.64,7.44721e-06,5.31128e+06
0.70862,1084.32,7.29281e-06,5.28277e+06
0.709623,1088.89,7.20397e-06,5.26643e+06
0.710637,1092.57,7.39878e-06,5.2374e+06
0.711637,1096.84,7.27878e-06,5.19749e+06
0.712632,1101.08,7.19865e-06,5.19175e+06
0.713629,1105.28,7.28429e-06,5.18077e+06
0.714644,1110.27,7.23054e-06,5.11211e+06
0.715643,1113.91,7.19071e-06,5.08946e+06
0.716635,1118.11,7.35385e-06,5.0499e+06
0.717645,1122.7,7.42474e-06,5.07356e+06
0.71864,1126.94,7.03752e-06,5.0335e+06
0.719647,1131.05,7.58606e-06,4.97715e+06
0.720649,1134.94,6.99312e-06,5.00683e+06
0.721643,1138.63,7.36452e-06,5.0132e+06
0.72266,1143.13,7.18403e-06,4.96986e+06
0.723656,1147.47,7.01365e-06,4.9257e+06
0.724662,1151.78,7.539e-06,4.896e+06
0.725658,1156.41,7.415e-06,4.83072e+06
0.726662,1160.97,7.00461e-06,4.77866e+06
0.727654,1165.73,7.31737e-06,4.73035e+06
0.728676,1170.33,7.27592e-06,4.6956e+06
0.729662,1174.56,7.2136e-06,4.63897e+06
0.73067,1179.16,7.30311e-06,4.57705e+06
0.731676,1183.25,7.28993e-06,4.5474e+06
0.732672,1187.47,7.24878e-06,4.53699e+06
0.733664,1191.78,7.39629e-06,4.48764e+06
0.734677,1195.88,7.03766e-06,4.45733e+06
0.73569,1199.78,7.37318e-06,4.4523e+06
0.736689,1204.14,7.04822e-06,4.38935e+06
0.737679,1208.61,7.59494e-06,4.36641e+06
0.738686,1212.89,7.12252e-06,4.2685e+06
0.739686,1217.07,7.29469e-06,4.20855e+06
0.740698,1220.68,7.14293e-06,4.20742e+06
0.741689,1225.09,7.41885e-06,4.16614e+06
0.742698,1228.88,7.13742e-06,4.15695e+06
0.743695,1232.97,7.26777e-06,4.14124e+06
0.744697,1237.24,7.61013e-06,4.11459e+06
0.745698,1240.94,6.91124e-06,4.10874e+06
0.746694,1245.12,7.49518e-06,4.08713e+06
0.747705,1249.64,7.32926e-06,4.09561e+06
0.748703,1253.93,6.64297e-06,3.99529e+06
0.749744,1258.92,7.45005e-06,3.87927e+06
0.750683,1262.56,6.84052e-06,3.83135e+06
0.751706,1266.66,6.99448e-06,3.77202e+06
0.752722,1270.49,7.58781e-06,3.74695e+06
0.753721,1274.7,6.76421e-06,3.7399e+06
0.754715,1278.87,7.45462e-06,3.70297e+06
0.755734,1283.1,7.26318e-06,3.63631e+06
0.756721,1287.74,7.09979e-06,3.575e+06
0.757726,1292.12,7.48606e-06,3.5377e+06
0.758726,1296.54,7.24409e-06,3.53573e+06
0.759724,1300.81,7.24749e-06,3.50936e+06
0.760731,1305.29,7.14811e-06,3.46645e+06
0.761734,1309.67,7.22258e-06,3.44696e+06
0.762737,1313.89,7.46587e-06,3.42812e+06
0.763734,1318.24,7.12501e-06,3.39855e+06
0.764731,1322.23,7.56689e-06,3.34222e+06
0.765746,1326.59,6.83382e-06,3.33104e+06
0.76674,1330.36,7.50724e-06,3.34189e+06
0.767749,1334.67,7.32982e-06,3.31708e+06
0.768739,1338.86,7.09583e-06,3.27995e+06
0.769749,1343.09,7.32205e-06,3.2815e+06
0.770758,1347.33,7.3316e-06,3.23481e+06
0.771744,1351.53,7.39387e-06,3.18973e+06
0.772754,1355.72,7.0603e-06,3.15787e+06
0.773755,1359.72,7.25478e-06,3.12471e+06
0.774766,1363.96,7.66707e-06,3.07257e+06
0.775756,1367.87,6.99795e-06,3.02052e+06
0.776757,1372.14,7.74033e-06,2.97735e+06
0.777786,1376.34,6.60276e-06,2.96556e+06
0.778759,1380.38,7.32456e-06,2.96027e+06
0.779781,1384.32,7.37305e-06,2.96042e+06
0.780771,1388.66,6.94479e-06,2.90455e+06
0.781777,1392.42,7.67098e-06,2.87295e+06
0.782773,1396.26,7.06577e-06,2.8605e+06
0.783772,1400.23,7.27651e-06,2.84367e+06
0.784775,1404.2,7.45577e-06,2.79552e+06
0.785795,1408.76,7.09188e-06,2.76837e+06
0.786778,1412.94,7.35019e-06,2.7092e+06
0.787786,1416.98,7.2455e-06,2.66481e+06
0.78878,1420.71,7.20621e-06,2.62066e+06
0.789784,1424.64,7.62189e-06,2.57523e+06
0.790789,1428.99,6.69194e-06,2.52789e+06
0.791797,1433.18,7.88273e-06,2.47568e+06
0.7928,1437.04,7.21071e-06,2.44657e+06
0.793784,1440.69,7.02977e-06,2.42078e+06
0.794804,1444.56,7.49254e-06,2.38744e+06
0.795801,1448.41,6.97557e-06,2.37958e+06
0.7968,1452.73,7.64917e-06,2.34694e+06
0.797807,1456.75,7.1081e-06,2.32516e+06
0.79881,1460.6,7.49446e-06,2.32579e+06
0.799832,1464.77,6.89523e-06,2.29438e+06
0.800831,1468.83,7.38066e-06,2.27901e+06
0.801811,1472.68,7.07932e-06,2.25926e+06
0.802817,1476.92,7.31788e-06,2.20895e+06
0.803818,1480.83,7.10466e-06,2.18821e+06
0.804814,1485.03,7.15509e-06,2.15344e+06
0.805813,1489.26,7.56905e-06,2.12261e+06
0.806822,1493.66,6.84506e-06,2.07834e+06
0.807828,1497.78,7.67468e-06,2.0881e+06
0.808828,1501.9,7.21708e-06,2.0564e+06
0.809813,1506.19,7.18898e-06,2.03129e+06
0.81084,1510.15,7.47158e-06,2.02344e+06
0.811825,1513.89,6.76247e-06,2.01776e+06
0.812822,1517.93,7.89788e-06,1.98652e+06
0.813838,1521.79,7.07857e-06,1.9613e+06
0.814832,1525.59,7.14177e-06,1.94726e+06
0.815843,1529.29,7.52389e-06,1.91619e+06
0.816845,1533.6,7.02452e-06,1.87233e+06
0.817842,1537.5,7.08776e-06,1.84049e+06
0.818846,1541.27,7.46195e-06,1.80848e+06
0.819852,1545.41,7.53318e-06,1.79679e+06
0.820846,1549.63,7.24469e-06,1.78772e+06
0.821847,1553.48,7.61222e-06,1.74571e+06
0.822857,1557.36,7.1947e-06,1.71534e+06
0.823854,1561.27,7.00143e-06,1.693e+06
0.824859,1565.22,7.27532e-06,1.66551e+06
0.825863,1569.39,7.4233e-06,1.61675e+06
0.826857,1573.64,7.13521e-06,1.5817e+06
0.827854,1577.69,7.50536e-06,1.56495e+06
0.828865,1581.14,7.09721e-06,1.5408e+06
0.829867,1585.27,7.11923e-06,1.53266e+06
0.830867,1588.89,7.26063e-06,1.50852e+06
0.831877,1592.82,7.32422e-06,1.47857e+06
0.832873,1596.38,6.97229e-06,1.4652e+06
0.833846,1599.8,7.10949e-06,1.44595e+06
0.834888,1603.81,7.12846e-06,1.41723e+06
0.835889,1607.38,7.18756e-06,1.41306e+06
0.836877,1610.82,7.48511e-06,1.40066e+06
0.837882,1614.82,7.21891e-06,1.38543e+06
0.838892,1618.89,7.07141e-06,1.37432e+06
0.83989,1622.48,7.59268e-06,1.34855e+06
0.840883,1626.25,7.50219e-06,1.35138e+06
0.84189,1630.01,7.09434e-06,1.33642e+06
0.842895,1633.77,7.40557e-06,1.31058e+06
0.843904,1637.51,7.25294e-06,1.30048e+06
0.844899,1641.02,7.1975e-06,1.28266e+06
0.845897,1644.47,7.31908e-06,1.27099e+06
0.846901,1648.29,7.06621e-06,1.25465e+06
0.8479,1651.7,7.46038e-06,1.23661e+06
0.848908,1655.2,7.10175e-06,1.22043e+06
0.849908,1658.73,7.44757e-06,1.21984e+06
0.85092,1662.48,7.15232e-06,1.20942e+06
0.851915,1665.84,7.1073e-06,1.1833e+06
0.852913,1669.7,7.41198e-06,1.16493e+06
0.853915,1673.2,7.35415e-06,1.15501e+06
0.854915,1676.62,7.13316e-06,1.14516e+06
0.855921,1680.79,7.39053e-06,1.11742e+06
0.856911,1684.95,7.42735e-06,1.10623e+06
0.857918,1688.63,6.86384e-06,1.07369e+06
0.858926,1692.15,7.59425e-06,1.06699e+06
0.859931,1695.77,7.29663e-06,1.04711e+06
0.860921,1699.11,7.13362e-06,1.0387e+06
0.861936,1702.86,7.43314e-06,1.01555e+06
0.862937,1706.19,7.18095e-06,1.00723e+06
0.863933,1709.91,7.5104e-06,1.00763e+06
0.864942,1713.49,7.12041e-06,979711
0.865934,1716.77,7.20878e-06,971344
0.866946,1720.14,7.62475e-06,958965
0.867945,1723.76,6.78078e-06,927071
0.868934,1727.21,7.73467e-06,910504
0.869952,1730.87,7.29087e-06,892711
0.870944,1734.25,7.09309e-06,881005
0.871959,1737.81,7.70265e-06,862961
0.872959,1741.04,6.82352e-06,859096
0.873954,1744.54,7.50652e-06,848090
0.874978,1748.09,7.15997e-06,851355
0.875951,1751.67,7.24166e-06,841006
0.87697,1755.07,7.15946e-06,830155
0.877971,1758.62,7.2702e-06,813242
0.878966,1762.09,7.37358e-06,814474
0.879962,1765.41,7.31912e-06,787959
0.880976,1768.63,7.34856e-06,775435
0.881966,1772.29,6.90691e-06,748806
0.882971,1775.41,7.62669e-06,751055
0.88398,1778.65,6.94805e-06,739884
0.884972,1782.02,7.32974e-06,726530
0.885979,1784.95,7.46777e-06,714432
0.886974,1788.44,6.9347e-06,697153
0.887985,1791.55,7.49921e-06,684716
0.888992,1794.78,6.99026e-06,670165
0.889998,1797.76,7.18102e-06,659954
0.890993,1801.11,7.37768e-06,652026
0.891989,1804.47,7.37967e-06,639478
0.892995,1807.45,6.99026e-06,627080
0.893993,1810.63,7.33406e-06,622816
0.895004,1813.59,7.5739e-06,607791
0.896003,1816.37,7.03253e-06,596176
0.896991,1819.51,7.46683e-06,588503
0.898012,1822.46,7.25207e-06,582724
0.899003,1825.14,6.80956e-06,578293
0.900025,1828.15,7.79169e-06,551450
0.901016,1831.66,6.66536e-06,534048
0.902006,1834.79,7.59479e-06,520580
0.903021,1838.11,7.27665e-06,518969
0.904014,1841.07,7.20864e-06,508199
0.905015,1843.99,7.49402e-06,496912
0.906018,1846.89,7.11863e-06,492594
0.907023,1849.75,7.02129e-06,477282
0.908025,1852.8,7.52693e-06,461219
0.909024,1855.44,7.16826e-06,447151
0.910028,1858.33,7.17508e-06,446085
0.911029,1861.28,7.73579e-06,431949
0.912036,1863.81,6.87034e-06,420276
0.913031,1866.37,7.55041e-06,411988
0.914039,1869.18,7.52829e-06,401339
0.915029,1871.84,6.63977e-06,393422
0.916045,1874.44,8.17596e-06,385831
0.917041,1876.8,6.6277e-06,375306
0.918035,1879.42,7.20262e-06,365782
0.919053,1882.02,7.76947e-06,351882
0.920048,1884.48,6.64123e-06,345567
0.921044,1886.94,7.6484e-06,337280
0.922063,1889.72,7.30499e-06,320374
0.923044,1892.1,6.94135e-06,310731
0.924048,1894.49,7.49837e-06,300769
0.925064,1896.87,7.41259e-06,296443
0.926068,1899.31,6.9766e-06,288015
0.927062,1901.54,7.4281e-06,285760
0.928064,1904.12,7.32354e-06,280408
0.929065,1906.63,7.10006e-06,274441
0.930069,1909.26,7.41735e-06,269760
0.931079,1911.51,7.2479e-06,262881
0.932069,1913.75,7.32047e-06,253069
0.933072,1915.83,7.24353e-06,248287
0.934077,1918.03,7.2129e-06,238950
0.935085,1920.2,7.2015e-06,237957
0.93608,1922.29,7.43823e-06,224527
0.937088,1924.51,7.57058e-06,214219
0.938082,1926.63,6.95553e-06,202704
0.939089,1928.93,7.60151e-06,197830
0.940088,1930.94,7.02803e-06,195296
0.941088,1932.74,7.40522e-06,194322
0.942099,1934.79,7.07948e-06,192140
0.943091,1936.91,7.34273e-06,181059
0.944103,1939.27,7.41589e-06,172695
0.945102,1941.35,7.10682e-06,165234
0.946104,1943.42,7.5633e-06,152028
0.9471,1945.46,7.04507e-06,146534
0.948104,1947.51,7.39479e-06,142387
0.949113,1949.17,7.23103e-06,137552
0.950118,1951.16,7.41223e-06,132661
0.951106,1952.96,7.38157e-06,125301
0.952113,1954.83,7.4912e-06,118203
0.953111,1956.41,6.9567e-06,116711
0.954115,1958.04,7.66921e-06,116101
0.955129,1959.95,7.15769e-06,107504
0.956117,1961.55,6.91468e-06,104416
0.957126,1963.44,7.68025e-06,96427.2
0.958124,1965.09,7.14915e-06,91107.3
0.959124,1966.54,7.73819e-06,88726.1
0.960136,1968.22,6.62952e-06,82216.9
0.961126,1969.75,7.69865e-06,78122.7
0.962138,1971.09,7.37601e-06,73504.1
0.963128,1972.55,6.72153e-06,71423.9
0.964137,1973.72,7.9658e-06,68674.8
0.965146,1974.99,6.83214e-06,66884
0.966132,1976.3,7.4272e-06,62142.6
0.96715,1977.45,7.31718e-06,58685.7
0.96814,1978.74,7.13466e-06,55473.2
0.969148,1979.88,7.24765e-06,53193.3
0.970143,1981.02,7.10328e-06,48225.7
0.971157,1982.18,7.59743e-06,45973.1
0.972156,1983.37,6.68781e-06,42916.3
0.973154,1984.41,8.28769e-06,40709
0.97417,1985.45,6.64903e-06,38103.6
0.975152,1986.37,7.33221e-06,35301.1
0.976171,1987.53,7.87068e-06,33562.5
0.977159,1988.44,6.60943e-06,30269.4
0.978158,1989.28,7.75151e-06,29258.8
0.979178,1990.1,7.13435e-06,26888.6
0.98017,1990.9,6.81944e-06,24560.2
0.981173,1991.69,7.79668e-06,22968.6
0.982178,1992.49,7.16111e-06,20521
0.983163,1993.15,7.23923e-06,19560.3
0.984177,1993.89,7.56839e-06,18690.2
0.985183,1994.53,6.918e-06,16966.4
0.986175,1995.08,7.20777e-06,15154
0.987192,1995.64,7.36383e-06,13528.6
0.988188,1996.28,7.14329e-06,11013.7
0.989181,1996.67,7.61726e-06,10065.2
0.990194,1997.08,7.42248e-06,8903.64
0.991194,1997.56,6.42492e-06,6981.32
0.992188,1997.92,8.62229e-06,6073.96
0.993227,1998.19,6.32285e-06,5042.95
0.994164,1998.42,5.01601e-06,4249.64
0.995218,1998.81,1.12383e-05,3187.7
0.996228,1999.07,2.16867e-06,2294.55
0.9971,1999.22,4.29723e-06,1967.8
0.998319,1999.33,1.29511e-06,1573.22
0.999164,1999.37,1.18955e-07,1432.81
1,1999.38,0,1431.56
0.367745,84.226,4.3942,902433
10.0734,-1,-1,-1
