0,1,0,0
0.00131082,2.016,1.4272e-07,7.872
0.0021847,2.032,3.96445e-07,15.488
0.00310465,2.06,6.20717e-06,32.2
0.00434525,2.104,4.18727e-06,52.592
0.00524328,2.162,2.28352e-06,77.878
0.00616324,2.2,5.20286e-06,92
0.00723618,2.264,1.21602e-05,111.152
0.00828191,2.318,5.6418e-06,126.438
0.00922001,2.356,5.69848e-06,134.632
0.0102126,2.402,8.78142e-06,144.198
0.0112589,2.5,8.86956e-06,165
0.0122562,2.55,7.0537e-06,165.75
0.0132318,2.62,7.3215e-06,171.8
0.0142365,2.662,8.49217e-06,177.878
0.0152598,2.7,8.15553e-06,173
0.0162525,2.768,7.41666e-06,173.088
0.0172467,2.834,7.88546e-06,189.222
0.0182557,2.904,8.36947e-06,189.392
0.0192555,2.946,7.7648e-06,187.542
0.0202542,2.99,7.94491e-06,184.95
0.0212614,3.04,8.00672e-06,181.2
0.0222637,3.074,7.96826e-06,190.262
0.023265,3.128,8.11367e-06,199.808
0.0242714,3.176,7.80264e-06,202.512
0.0252624,3.212,7.91579e-06,189.528
0.0262698,3.258,8.00896e-06,197.718
0.0272771,3.286,7.93754e-06,196.102
0.0282689,3.324,7.85505e-06,209.512
0.0292701,3.364,8.09241e-06,215.752
0.0302784,3.388,7.87081e-06,222.728
0.0312823,3.444,7.75384e-06,253.432
0.0322811,3.476,8.10268e-06,270.712
0.0332911,3.506,8.10617e-06,280.982
0.0342862,3.546,7.603e-06,297.942
0.0352788,3.572,7.98285e-06,314.408
0.0362905,3.616,8.17481e-06,350.272
0.0372981,3.656,7.77765e-06,372.832
0.0382933,3.69,7.84628e-06,384.95
0.039297,3.744,8.01876e-06,435.232
0.0402976,3.796,8.02424e-06,489.192
0.0413033,3.832,8.05206e-06,531.888
0.0423027,3.872,7.94756e-06,547.808
0.0433058,3.914,7.84502e-06,583.302
0.044308,3.966,8.24928e-06,666.422
0.0453101,4.028,7.66486e-06,761.608
0.0463063,4.088,7.93529e-06,810.128
0.0473093,4.156,8.25412e-06,851.832
0.0483184,4.19,7.70211e-06,852.95
0.049311,4.244,7.61494e-06,854.232
0.0503098,4.294,8.28752e-06,875.782
0.051326,4.342,8.09595e-06,908.518
0.0523237,4.404,7.61559e-06,928.392
0.0533179,4.446,7.90186e-06,975.542
0.0543245,4.492,8.09146e-06,998.968
0.0553312,4.538,7.76985e-06,1058.28
0.0563298,4.598,7.86418e-06,1106.2
0.057331,4.648,8.08476e-06,1140.05
0.0583323,4.696,8.01989e-06,1165.79
0.0593372,4.734,7.92604e-06,1181.62
0.0603375,4.77,7.8508e-06,1220.55
0.0613379,4.82,7.91155e-06,1245.8
0.0623454,4.856,8.01609e-06,1253.63
0.0633449,4.924,8.08833e-06,1315.11
0.0643454,4.964,7.66411e-06,1345.35
0.0653423,5.002,8.00992e-06,1345
0.066354,5.046,7.96591e-06,1365.94
0.0673571,5.092,7.95883e-06,1421.77
0.068355,5.152,7.91743e-06,1418.45
0.0693598,5.196,8.09684e-06,1468.79
0.0703549,5.25,7.95914e-06,1565.75
0.0713502,5.32,8.08235e-06,1600.8
0.0723609,5.372,7.6228e-06,1598.81
0.0733657,5.408,7.92776e-06,1624.77
0.0743628,5.446,8.20429e-06,1653.54
0.0753701,5.472,7.74566e-06,1650.61
0.0763688,5.504,7.84234e-06,1702.99
0.0773657,5.554,8.34824e-06,1747.54
0.0783723,5.606,7.85175e-06,1745.38
0.0793762,5.644,7.62507e-06,1808.63
0.0803784,5.686,8.35786e-06,1851.7
0.0813788,5.742,7.69233e-06,1905.72
0.0823854,5.792,7.98269e-06,1970.37
0.0833847,5.826,7.76543e-06,2033.86
0.0843793,5.898,8.20942e-06,2093.8
0.0853849,5.936,7.91883e-06,2121.95
0.0863941,5.986,7.70863e-06,2196.9
0.0873822,6.042,7.91365e-06,2216.12
0.0884011,6.088,8.29634e-06,2286.13
0.0894006,6.136,7.87729e-06,2400.75
0.0903931,6.2,7.60428e-06,2452
0.0913865,6.244,8.0194e-06,2574.23
0.0924072,6.286,8.34933e-06,2656.1
0.0934049,6.326,7.72997e-06,2695.86
0.0944018,6.364,7.70633e-06,2721.75
0.095397,6.426,8.25517e-06,2774.26
0.096414,6.472,7.90363e-06,2836.61
0.097418,6.52,7.76864e-06,2930.8
0.0984159,6.578,8.00724e-06,2951.96
0.0994169,6.646,7.92767e-06,3056.34
0.100408,6.682,7.99402e-06,3114.44
0.101421,6.724,7.76744e-06,3139.91
0.102425,6.79,8.14236e-06,3260.95
0.103426,6.846,7.84541e-06,3359.14
0.104431,6.904,7.91444e-06,3337.39
0.105414,6.976,8.05656e-06,3731.71
0.106431,7.044,7.87086e-06,3965.03
0.107433,7.088,7.90587e-06,4110.13
0.108434,7.12,7.82651e-06,4100.8
0.109442,7.164,8.17154e-06,4220.55
0.110433,7.2,7.92307e-06,4226
0.111457,7.252,7.617e-06,4298.25
0.112435,7.32,7.88293e-06,4322.8
0.113445,7.368,8.08587e-06,4388.29
0.114452,7.426,7.82921e-06,4650.26
0.115447,7.47,7.90156e-06,4842.55
0.116454,7.544,8.13326e-06,5034.03
0.117455,7.596,7.88636e-06,5076.39
0.118454,7.65,7.8511e-06,5197.75
0.119462,7.744,8.31748e-06,5335.23
0.12046,7.784,7.57676e-06,5410.67
0.121463,7.828,7.75849e-06,5483.21
0.122457,7.886,8.3241e-06,5564.5
0.123476,7.956,7.99689e-06,5761.03
0.124476,8.032,7.47763e-06,5755.49
0.125456,8.092,7.85292e-06,5803.77
0.126466,8.14,8.28174e-06,6058.2
0.127474,8.18,7.86311e-06,6327.8
0.128472,8.244,7.81115e-06,6412.23
0.129474,8.304,7.96362e-06,6591.79
0.130471,8.354,8.25875e-06,6738.34
0.131483,8.398,7.87177e-06,6717.8
0.132487,8.476,7.64295e-06,6856.71
0.133477,8.532,7.8337e-06,6936.49
0.13449,8.582,8.21064e-06,6949.64
0.13549,8.65,7.83857e-06,7249.75
0.136491,8.716,7.85989e-06,7263.67
0.137491,8.782,7.89899e-06,7369.24
0.138499,8.872,8.16732e-06,7549.81
0.139495,8.9,8.13261e-06,7557
0.140496,8.998,7.66997e-06,7781
0.141493,9.062,7.80027e-06,7761.08
0.142485,9.108,8.43586e-06,7788.17
0.143497,9.152,7.814e-06,7878.45
0.144496,9.198,7.33511e-06,7987.4
0.145501,9.254,8.43136e-06,8080.74
0.146518,9.312,7.9792e-06,8349.33
0.147519,9.4,7.48566e-06,8368
0.148511,9.45,8.12699e-06,8415.75
0.14952,9.524,8.06349e-06,8558.71
0.150514,9.596,7.94014e-06,8642.39
0.151517,9.662,7.9446e-06,8765.88
0.152522,9.726,8.02534e-06,8901.46
0.153523,9.786,7.9856e-06,9052.1
0.154523,9.858,8.01181e-06,9316.92
0.155536,9.92,7.57291e-06,9696.8
0.15652,9.968,8.07954e-06,9731.49
0.157541,10.02,8.3138e-06,9779.8
0.158543,10.096,7.56584e-06,10151.4
0.159525,10.156,7.23282e-06,10307.8
0.160538,10.206,8.79901e-06,10383.8
0.161559,10.266,7.73671e-06,10655.6
0.162537,10.33,7.01176e-06,10794.6
0.163539,10.374,8.19263e-06,10987.1
0.164547,10.432,8.69575e-06,11206.7
0.16555,10.52,7.25338e-06,11254.8
0.166552,10.566,7.40055e-06,11542.8
0.167569,10.622,8.32093e-06,11895.6
0.168554,10.662,8.36962e-06,11969.9
0.169568,10.712,7.50095e-06,12194.5
0.170549,10.826,7.53323e-06,12563.9
0.17156,10.918,8.39428e-06,12895.6
0.172566,10.99,8.37852e-06,13302.9
0.173563,11.064,7.29619e-06,13570
0.174558,11.152,8.00426e-06,13864.4
0.175564,11.204,8.3067e-06,13813.2
0.176574,11.304,7.78055e-06,14083.8
0.177573,11.372,7.75765e-06,14440.8
0.178577,11.446,8.18328e-06,14543.5
0.179572,11.492,7.97062e-06,14725
0.180579,11.55,7.94961e-06,14879.8
0.18158,11.646,7.77281e-06,15008.3
0.182576,11.738,7.86422e-06,15368.7
0.183586,11.812,7.97836e-06,15504.3
0.184589,11.858,8.01705e-06,15702.9
0.185589,11.966,7.92208e-06,15982.4
0.186584,12.056,7.90263e-06,16202.4
0.187593,12.148,8.041e-06,16335
0.188597,12.23,8.0332e-06,16438.6
0.189596,12.3,7.76907e-06,16777
0.190596,12.378,8.06128e-06,16767.6
0.1916,12.466,8.04927e-06,16968.4
0.192602,12.59,7.71314e-06,17701
0.1936,12.67,7.91982e-06,17892.5
0.194611,12.74,8.16673e-06,18126.2
0.195608,12.796,7.62249e-06,18341.2
0.196608,12.876,7.9213e-06,18536.3
0.197616,12.974,8.58753e-06,19182.7
0.198615,13.054,7.41958e-06,19369.5
0.199636,13.142,7.7742e-06,19474.9
0.200602,13.206,8.04541e-06,19677.8
0.201632,13.322,8.24171e-06,20217.2
0.202625,13.39,7.35344e-06,20435
0.203614,13.458,7.9205e-06,20662.1
0.20463,13.532,8.41489e-06,20910.5
0.205638,13.634,7.68416e-06,21112
0.206632,13.714,7.58942e-06,21090.1
0.20763,13.81,8.45391e-06,21422.9
0.208643,13.926,7.87256e-06,21544.3
0.20964,13.996,7.5086e-06,21786
0.210629,14.08,8.07528e-06,22396.8
0.21165,14.176,8.20318e-06,22380.5
0.212648,14.262,7.73469e-06,22340.7
0.213636,14.348,7.69567e-06,22607.4
0.214643,14.466,8.32437e-06,23672.4
0.215651,14.536,8.22287e-06,23912.4
0.216655,14.616,7.38097e-06,23958.3
0.217653,14.694,8.07098e-06,24128.2
0.218664,14.814,8.61642e-06,24415.7
0.21967,14.886,7.52342e-06,24750.5
0.220652,15.034,7.74616e-06,26060.4
0.221654,15.104,8.46382e-06,26202.6
0.222666,15.226,7.81984e-06,26771.5
0.223664,15.364,7.74457e-06,28163.8
0.224663,15.468,8.15626e-06,28282.5
0.225668,15.524,8.01255e-06,28476.7
0.226667,15.634,7.67817e-06,29024
0.227677,15.732,8.17173e-06,29092.1
0.228671,15.852,7.95678e-06,29087
0.229685,15.904,7.58418e-06,29245.4
0.230665,15.974,7.96282e-06,29418.7
0.231683,16.08,8.12327e-06,30462.8
0.232685,16.192,8.08702e-06,30971.6
0.233686,16.304,7.38471e-06,31771.8
0.234689,16.432,8.141e-06,32108.7
0.235684,16.498,8.59982e-06,32567
0.2367,16.65,7.56947e-06,34269.8
0.237686,16.724,7.50362e-06,34813.9
0.238701,16.802,8.67583e-06,34993.4
0.239698,16.898,8.02105e-06,35251.8
0.2407,16.976,7.18764e-06,35599.7
0.241693,17.076,8.42465e-06,36247.1
0.242705,17.204,8.22484e-06,36819.2
0.243707,17.284,7.48776e-06,37271.7
0.244702,17.396,7.98836e-06,37579.6
0.245711,17.528,8.28641e-06,38050.6
0.246717,17.626,7.84806e-06,38833.1
0.247717,17.734,8.09354e-06,39415.6
0.248728,17.814,7.85352e-06,40171.7
0.249727,17.942,7.45148e-06,40835.3
0.250708,18.03,7.62269e-06,41130.5
0.251711,18.168,7.70559e-06,41749.9
0.252709,18.354,7.90639e-06,44356.3
0.25372,18.44,8.23054e-06,44587.2
0.254731,18.596,7.81443e-06,48560.4
0.255725,18.762,7.75034e-06,51550.7
0.256733,18.876,8.16758e-06,52564.3
0.25774,19.01,8.0406e-06,54461
0.258737,19.162,7.88082e-06,57387.9
0.259737,19.29,7.82221e-06,57971
0.260742,19.468,8.33191e-06,58744.5
0.261734,19.562,7.94214e-06,59191.1
0.262741,19.694,7.6322e-06,60532.2
0.263743,19.802,8.04271e-06,62311.4
0.264756,19.864,8.08063e-06,63154.8
0.265754,19.992,7.83104e-06,63918
0.266756,20.116,7.77574e-06,64821.3
0.26775,20.226,8.27304e-06,65391.5
0.268754,20.378,7.90186e-06,68259.6
0.269762,20.468,8.04566e-06,68454.5
0.270754,20.578,7.79168e-06,69728
0.271763,20.696,7.88114e-06,69983.8
0.272764,20.84,8.17599e-06,72551.2
0.273769,20.952,7.88034e-06,73020.8
0.274765,21.072,7.55258e-06,73045.4
0.275766,21.208,8.04618e-06,73300.4
0.276782,21.336,8.28235e-06,74761.6
0.27777,21.494,7.62294e-06,75627
0.278774,21.624,7.85188e-06,76371.3
0.279765,21.776,8.26287e-06,77518.9
0.28078,21.892,7.88457e-06,77974.2
0.281783,21.974,7.86174e-06,78598.7
0.282783,22.086,7.97559e-06,79689.3
0.283779,22.182,7.94182e-06,79916.4
0.284782,22.438,8.12139e-06,81059.1
0.285774,22.556,7.69478e-06,81965.4
0.286784,22.728,7.7494e-06,83195
0.287791,22.896,8.18796e-06,84394.6
0.288789,22.982,7.72005e-06,84858.8
0.289802,23.124,7.99211e-06,86458.3
0.2908,23.326,8.27756e-06,88531.9
0.291808,23.49,7.40638e-06,92225
0.292796,23.618,7.80435e-06,92696
0.293801,23.714,8.58118e-06,93502.1
0.294819,23.816,7.92732e-06,94373.1
0.295806,24.046,7.25522e-06,95897.9
0.296805,24.242,8.16349e-06,97815.7
0.297816,24.396,8.56402e-06,99353.6
0.298819,24.59,7.57259e-06,101587
0.299807,24.788,7.40537e-06,104888
0.30081,24.962,8.47506e-06,105768
0.301831,25.098,7.92749e-06,106204
0.302821,25.332,7.81456e-06,109061
0.30382,25.502,7.84561e-06,111227
0.304822,25.588,8.03787e-06,111887
0.30583,25.79,8.17984e-06,113939
0.306836,26.004,7.87119e-06,114524
0.307824,26.19,7.7022e-06,115181
0.308834,26.388,8.07995e-06,115765
0.30984,26.514,8.35861e-06,116871
0.31085,26.662,7.76247e-06,118460
0.311839,26.902,7.51411e-06,123420
0.312836,27.08,8.27393e-06,123969
0.313853,27.314,8.31343e-06,126704
0.314855,27.488,7.23492e-06,128035
0.315846,27.726,7.86504e-06,130595
0.316854,27.876,8.60045e-06,132104
0.317861,28.098,7.77731e-06,134106
0.318849,28.31,7.48471e-06,139797
0.319849,28.464,8.16401e-06,141726
0.320867,28.568,8.02613e-06,142761
0.321862,28.858,7.94532e-06,145533
0.322861,29.064,7.90048e-06,147474
0.323877,29.222,7.74592e-06,149690
0.324866,29.416,8.0203e-06,150723
0.325866,29.648,8.45305e-06,153544
0.326878,29.826,7.47457e-06,154672
0.327878,30.026,7.69121e-06,156971
0.328867,30.166,8.3166e-06,160807
0.329879,30.298,8.37619e-06,161719
0.330866,30.628,7.16747e-06,168049
0.331871,30.82,7.06287e-06,172950
0.332896,31.022,7.41172e-06,174677
0.333922,31.306,7.01463e-06,180584
0.334925,31.566,7.27288e-06,183259
0.335898,31.756,8.41644e-06,183496
0.336881,32.03,7.85691e-06,188151
0.337892,32.288,8.1256e-06,191021
0.338903,32.498,7.97475e-06,192539
0.339893,32.738,7.43465e-06,198067
0.340896,32.902,7.93123e-06,198352
0.341903,33.138,8.78319e-06,201879
0.342912,33.318,7.34681e-06,203032
0.3439,33.516,7.47668e-06,206321
0.344894,33.676,8.47853e-06,208610
0.345924,33.846,7.97781e-06,210665
0.346908,34.118,7.25917e-06,213432
0.347911,34.404,8.29045e-06,218438
0.348923,34.584,8.16362e-06,219451
0.349923,34.776,7.78117e-06,221531
0.350916,35.176,7.85763e-06,227469
0.35193,35.394,7.97235e-06,230465
0.352908,35.616,7.85466e-06,231576
0.353931,35.826,8.15267e-06,235938
0.354928,36.124,7.66084e-06,238978
0.355931,36.514,7.89217e-06,250605
0.356936,36.81,8.30527e-06,255863
0.35794,37.1,7.76803e-06,260477
0.358933,37.33,7.71738e-06,263845
0.359934,37.528,8.20024e-06,268841
0.360948,37.892,7.90468e-06,272266
0.361939,38.14,7.87683e-06,275476
0.362948,38.442,8.04601e-06,280475
0.363957,38.762,7.92513e-06,284455
0.364947,39.06,7.85089e-06,290762
0.365953,39.358,8.07484e-06,293981
0.366952,39.55,7.78491e-06,295720
0.367944,39.724,7.88822e-06,297082
0.368955,40.01,8.01398e-06,302373
0.369958,40.26,7.98938e-06,306320
0.370954,40.592,7.89062e-06,311389
0.371965,40.868,7.98407e-06,316139
0.37296,41.072,7.92988e-06,318897
0.373974,41.384,8.02362e-06,321674
0.374975,41.786,7.66489e-06,337374
0.37596,42.01,7.90611e-06,340485
0.376968,42.36,8.13398e-06,347561
0.377976,42.594,7.80168e-06,349631
0.37897,42.906,7.93704e-06,354523
0.379979,43.244,7.93486e-06,362486
0.380973,43.656,8.13185e-06,370933
0.381976,43.968,7.89185e-06,379869
0.382983,44.252,8.05629e-06,383748
0.383982,44.558,7.87839e-06,387391
0.384987,44.908,8.07982e-06,396366
0.385999,45.17,8.06221e-06,403351
0.386995,45.49,7.69535e-06,405949
0.387991,45.776,8.17022e-06,408433
0.388998,46.18,8.11523e-06,414984
0.390007,46.578,7.47758e-06,422242
0.390995,46.906,8.08673e-06,428913
0.392,47.252,8.27939e-06,432614
0.393012,47.782,7.85897e-06,441309
0.393998,48.11,7.45074e-06,445011
0.395009,48.52,8.4276e-06,466751
0.396013,48.894,8.20509e-06,475063
0.397013,49.16,7.19198e-06,477631
0.397998,49.442,8.08857e-06,485369
0.399031,49.712,8.30984e-06,490173
0.400009,50.012,7.41501e-06,500132
0.401031,50.274,7.56277e-06,504645
0.402021,50.538,8.28044e-06,512300
0.403029,50.99,8.0167e-06,555155
0.404028,51.334,7.72983e-06,566839
0.405029,51.68,8.02602e-06,578699
0.406029,52.014,7.97406e-06,585455
0.40703,52.33,8.03765e-06,589227
0.408036,52.864,7.92147e-06,596013
0.409037,53.264,7.79526e-06,614175
0.410034,53.71,7.9659e-06,623439
0.41104,54.062,8.02685e-06,626863
0.412047,54.754,8.05069e-06,644239
0.413053,55.026,8.00054e-06,648991
0.414045,55.324,7.81967e-06,654358
0.415049,55.96,8.18312e-06,664437
0.416052,56.414,8.22197e-06,672603
0.417052,56.812,7.362e-06,680790
0.418045,57.26,8.33755e-06,686410
0.419063,58.03,8.08024e-06,714579
0.420061,58.426,7.62978e-06,724828
0.421043,58.812,7.75998e-06,737814
0.422073,59.456,8.40732e-06,753336
0.423072,59.784,7.55316e-06,758853
0.42406,60.138,7.82647e-06,766791
0.425069,60.646,8.33224e-06,781132
0.426079,61.09,7.71259e-06,786475
0.427064,61.694,7.75926e-06,811146
0.428074,62.054,8.03136e-06,819550
0.429075,62.5,7.75452e-06,828939
0.430072,62.994,7.71213e-06,857163
0.431075,63.372,8.28691e-06,860329
0.432085,63.94,7.69094e-06,869474
0.433082,64.504,7.79516e-06,889515
0.434087,65.042,8.18803e-06,899268
0.435089,65.512,8.07551e-06,911351
0.436087,65.988,7.53962e-06,920272
0.437093,66.57,8.23453e-06,933827
0.438097,67.146,8.12899e-06,959294
0.439102,67.734,7.69164e-06,977046
0.44009,68.464,7.96916e-06,1.00694e+06
0.441105,68.948,8.26947e-06,1.01754e+06
0.442107,69.572,7.57435e-06,1.05258e+06
0.443093,69.974,8.01398e-06,1.06264e+06
0.444109,70.478,8.13357e-06,1.07431e+06
0.445123,71.01,7.63425e-06,1.08726e+06
0.446108,71.856,7.90143e-06,1.10502e+06
0.44711,72.306,8.00027e-06,1.11389e+06
0.448112,73.026,7.99659e-06,1.13036e+06
0.449114,73.292,7.8995e-06,1.13585e+06
0.450121,73.858,7.75709e-06,1.15713e+06
0.451114,74.698,8.20177e-06,1.18049e+06
0.452122,75.316,7.92257e-06,1.19597e+06
0.453125,75.898,7.62685e-06,1.2092e+06
0.45412,76.33,8.36004e-06,1.22021e+06
0.455143,76.98,7.81732e-06,1.24017e+06
0.456125,77.638,7.71428e-06,1.2696e+06
0.457126,78.064,7.95915e-06,1.28969e+06
0.458142,78.816,8.32982e-06,1.31186e+06
0.459143,79.67,7.75995e-06,1.34186e+06
0.460134,80.332,7.6922e-06,1.37985e+06
0.461131,80.88,8.25462e-06,1.40377e+06
0.462153,81.556,8.11322e-06,1.42899e+06
0.46315,82.322,7.49862e-06,1.44769e+06
0.464139,83.022,7.88229e-06,1.46369e+06
0.465148,83.67,8.48119e-06,1.49398e+06
0.466153,84.432,7.84294e-06,1.52006e+06
0.467151,85.004,7.53259e-06,1.53752e+06
0.46815,85.744,8.13459e-06,1.55328e+06
0.469159,86.344,8.25103e-06,1.58051e+06
0.470158,87.002,7.58579e-06,1.58981e+06
0.471152,88.02,7.8784e-06,1.61981e+06
0.472161,88.814,8.16272e-06,1.6515e+06
0.47317,89.558,8.15768e-06,1.67556e+06
0.474174,90.054,7.68461e-06,1.69323e+06
0.475167,90.854,7.72165e-06,1.71098e+06
0.476161,91.45,8.4608e-06,1.72234e+06
0.477183,92.216,8.09696e-06,1.74608e+06
0.478174,93.414,7.18845e-06,1.79524e+06
0.479161,94.352,8.30749e-06,1.81478e+06
0.480182,94.922,8.55103e-06,1.83583e+06
0.481182,95.906,7.18926e-06,1.85831e+06
0.482171,96.58,8.01228e-06,1.87641e+06
0.483184,97.396,8.39313e-06,1.90164e+06
0.48419,98.148,7.53914e-06,1.92092e+06
0.485185,99.262,7.94207e-06,1.96022e+06
0.486196,100.178,8.28077e-06,1.99674e+06
0.487192,101.146,7.7316e-06,2.04123e+06
0.488184,102.24,7.85543e-06,2.09415e+06
0.489199,103.52,8.13123e-06,2.14469e+06
0.490202,104.138,7.71671e-06,2.16442e+06
0.491198,105.034,8.15832e-06,2.21374e+06
0.492201,105.658,7.97241e-06,2.24752e+06
0.493203,106.502,7.94375e-06,2.28633e+06
0.494193,107.204,7.7995e-06,2.29931e+06
0.495224,107.998,8.45897e-06,2.33448e+06
0.496188,108.866,6.93881e-06,2.36428e+06
0.497236,110.262,7.4989e-06,2.40793e+06
0.498155,111.256,7.40706e-06,2.4413e+06
0.49924,112.068,5.947e-06,2.47919e+06
0.50021,113.006,1.13745e-05,2.50431e+06
0.501197,114.386,5.98474e-06,2.53797e+06
0.502282,115.716,7.42104e-06,2.55937e+06
0.503201,116.472,7.45305e-06,2.5818e+06
0.504249,117.48,7.08831e-06,2.60574e+06
0.505212,118.454,8.33164e-06,2.64377e+06
0.506244,119.694,7.80538e-06,2.70082e+06
0.507234,121.066,7.91787e-06,2.76566e+06
0.508236,122.256,8.0176e-06,2.81223e+06
0.509239,123.612,8.04965e-06,2.87018e+06
0.510235,124.74,7.71632e-06,2.92402e+06
0.511238,125.782,8.15336e-06,2.96409e+06
0.512253,127.046,7.81463e-06,3.00315e+06
0.513245,128.606,7.74976e-06,3.11099e+06
0.514241,130.466,8.31294e-06,3.17871e+06
0.515252,132.056,7.88934e-06,3.24158e+06
0.516247,133.16,7.58457e-06,3.28022e+06
0.517253,134.238,8.43951e-06,3.34028e+06
0.518266,135.63,7.93717e-06,3.40384e+06
0.519255,137.144,7.17422e-06,3.46751e+06
0.520255,138.384,8.59466e-06,3.50575e+06
0.521276,139.802,8.23755e-06,3.5568e+06
0.522263,140.94,7.2097e-06,3.58662e+06
0.523254,142.476,8.11255e-06,3.65688e+06
0.524276,143.738,8.41067e-06,3.71541e+06
0.52527,144.852,7.81542e-06,3.73789e+06
0.526263,146.53,7.68273e-06,3.7785e+06
0.527267,148.072,8.08045e-06,3.83058e+06
0.528276,149.28,8.21558e-06,3.89143e+06
0.529285,150.364,7.9077e-06,3.95404e+06
0.530279,151.806,7.53374e-06,3.99653e+06
0.531278,153.382,8.25786e-06,4.05411e+06
0.532287,154.904,8.12548e-06,4.15052e+06
0.533286,156.262,7.5058e-06,4.25103e+06
0.534284,157.922,7.83146e-06,4.31225e+06
0.535288,158.876,8.48864e-06,4.36499e+06
0.536298,160.736,7.88465e-06,4.48946e+06
0.537287,161.758,7.50412e-06,4.52397e+06
0.538283,163.164,8.06691e-06,4.54381e+06
0.539306,165.088,8.27958e-06,4.60025e+06
0.540303,166.214,7.7089e-06,4.65347e+06
0.541294,167.918,7.75371e-06,4.70181e+06
0.542295,169.614,8.31221e-06,4.83121e+06
0.543311,171.108,7.98458e-06,4.8582e+06
0.544312,173.396,7.73447e-06,5.0177e+06
0.545294,175.206,7.81042e-06,5.14519e+06
0.546317,177.126,8.30308e-06,5.21896e+06
0.547312,178.828,7.59632e-06,5.26e+06
0.548315,180.956,7.94918e-06,5.33121e+06
0.549323,182.826,8.18349e-06,5.4294e+06
0.550316,185.242,7.74621e-06,5.52855e+06
0.551323,186.754,7.90632e-06,5.60242e+06
0.552325,188.28,7.95532e-06,5.67131e+06
0.553327,190.422,8.03985e-06,5.76888e+06
0.554329,192.978,7.8493e-06,5.85785e+06
0.555313,194.992,7.60276e-06,5.9049e+06
0.556328,196.804,8.20718e-06,6.0308e+06
0.557344,198.998,7.97847e-06,6.17507e+06
0.55833,201.108,7.56792e-06,6.22162e+06
0.559332,202.73,8.28227e-06,6.32139e+06
0.560347,205.06,7.94773e-06,6.43177e+06
0.561335,206.994,7.73306e-06,6.47738e+06
0.56234,208.85,8.13699e-06,6.54637e+06
0.563344,210.712,8.18467e-06,6.626e+06
0.56435,213.186,7.56578e-06,6.74077e+06
0.565348,215.044,8.09073e-06,6.78995e+06
0.56635,217.478,8.16591e-06,6.88483e+06
0.567354,220.348,7.77258e-06,6.92464e+06
0.568352,222.678,7.73028e-06,7.01695e+06
0.569362,225.872,8.29207e-06,7.27588e+06
0.570365,228.72,7.65638e-06,7.39111e+06
0.571362,230.85,7.78234e-06,7.44473e+06
0.572363,232.97,8.08674e-06,7.50277e+06
0.573373,236.062,7.69583e-06,7.68012e+06
0.574358,239.27,7.72701e-06,7.77736e+06
0.575368,242.406,8.37675e-06,7.97124e+06
0.576377,244.288,7.78797e-06,8.03793e+06
0.577365,246.846,7.56251e-06,8.05433e+06
0.578364,249.412,8.43639e-06,8.19193e+06
0.579394,251.418,7.69293e-06,8.24338e+06
0.580376,254.17,7.67362e-06,8.33279e+06
0.581374,257.256,8.1141e-06,8.37181e+06
0.582392,259.568,8.30583e-06,8.49863e+06
0.583385,262.224,7.33281e-06,8.68693e+06
0.584385,264.342,8.21055e-06,8.78445e+06
0.585388,266.866,8.12082e-06,8.93094e+06
0.586392,269.046,7.87836e-06,9.00465e+06
0.587384,271.618,8.00127e-06,9.23042e+06
0.58839,274.316,7.99603e-06,9.28982e+06
0.589397,277.598,8.02685e-06,9.54408e+06
0.590403,280.59,7.98816e-06,9.59165e+06
0.5914,283.048,7.77657e-06,9.67807e+06
0.592401,285.804,7.94298e-06,9.84277e+06
0.593407,289.162,8.01301e-06,9.97229e+06
0.594408,291.494,7.9949e-06,1.00468e+07
0.595408,293.822,8.06844e-06,1.01379e+07
0.596409,296.252,7.68576e-06,1.01842e+07
0.597408,298.468,8.04197e-06,1.03136e+07
0.598416,300.564,8.30326e-06,1.03593e+07
0.599406,303.37,7.51112e-06,1.03545e+07
0.600428,306.748,7.42649e-06,1.03896e+07
0.601406,309.096,8.2994e-06,1.05185e+07
0.602439,313.022,8.07505e-06,1.0674e+07
0.603424,315.89,7.21976e-06,1.07223e+07
0.604424,318.73,8.17895e-06,1.06986e+07
0.605428,321.168,8.41701e-06,1.08272e+07
0.606438,324.188,7.48171e-06,1.0808e+07
0.607425,327.89,7.86788e-06,1.09576e+07
0.608437,331.456,8.29306e-06,1.0969e+07
0.609442,334.094,8.09651e-06,1.09753e+07
0.61043,338.64,7.48917e-06,1.10663e+07
0.611439,342.502,8.1366e-06,1.10621e+07
0.612446,345.896,8.16023e-06,1.11345e+07
0.613442,350.58,7.70737e-06,1.11503e+07
0.614438,353.95,8.05337e-06,1.12436e+07
0.61545,357.614,8.02274e-06,1.12642e+07
0.616455,361.202,7.90434e-06,1.13206e+07
0.617454,365.144,8.05752e-06,1.1333e+07
0.618461,370.342,7.85559e-06,1.14598e+07
0.619464,374.632,8.1067e-06,1.15639e+07
0.620458,377.7,7.95452e-06,1.17753e+07
0.621467,382.45,7.91096e-06,1.18026e+07
0.622461,386.08,7.81555e-06,1.20458e+07
0.623469,389.23,8.15969e-06,1.2263e+07
0.624477,393.498,7.84973e-06,1.23286e+07
0.625462,396.558,7.70573e-06,1.23912e+07
0.626463,400.744,8.00024e-06,1.2487e+07
0.627477,404.022,7.91337e-06,1.24554e+07
0.628472,407.87,8.01755e-06,1.24229e+07
0.629483,410.83,7.88833e-06,1.24666e+07
0.630479,415.278,7.99451e-06,1.25836e+07
0.631481,419.856,8.04104e-06,1.269e+07
0.632493,423.272,7.87572e-06,1.28817e+07
0.633485,427.816,7.79179e-06,1.29537e+07
0.634484,432.306,8.0656e-06,1.29429e+07
0.63549,436.56,7.80305e-06,1.28939e+07
0.63648,441.366,7.97667e-06,1.29406e+07
0.637489,445.422,7.99913e-06,1.3086e+07
0.638498,449.916,7.85797e-06,1.32145e+07
0.639489,454.48,7.8967e-06,1.32424e+07
0.640503,458.406,8.21624e-06,1.34077e+07
0.641504,463.842,7.67632e-06,1.35618e+07
0.642497,469.684,7.77267e-06,1.35431e+07
0.643501,473.678,8.2959e-06,1.35629e+07
0.644506,478.136,7.87067e-06,1.35632e+07
0.645508,483.402,7.72983e-06,1.34764e+07
0.646506,487.44,8.11504e-06,1.35397e+07
0.647529,492.206,7.85364e-06,1.35634e+07
0.648507,495.908,7.98769e-06,1.35193e+07
0.649521,500.19,7.86091e-06,1.36059e+07
0.650514,504.448,7.69909e-06,1.34499e+07
0.651514,508.444,8.23287e-06,1.34005e+07
0.652526,512.436,8.26047e-06,1.34609e+07
0.653529,516.928,7.23493e-06,1.34183e+07
0.654513,521.082,7.97235e-06,1.35455e+07
0.655543,525.472,8.49123e-06,1.36086e+07
0.656537,530.756,7.51715e-06,1.35334e+07
0.657525,536.068,7.32746e-06,1.34585e+07
0.658534,540.284,8.72521e-06,1.34899e+07
0.659541,545.304,7.9132e-06,1.34681e+07
0.660544,549.71,7.4573e-06,1.35248e+07
0.661533,556.002,7.95951e-06,1.31103e+07
0.662545,561.316,8.08375e-06,1.30053e+07
0.663556,566.44,7.98197e-06,1.28553e+07
0.664539,570.652,8.58554e-06,1.28328e+07
0.665511,575.252,7.21396e-06,1.26664e+07
0.666515,579.596,6.94473e-06,1.26427e+07
0.667541,583.618,7.51044e-06,1.2612e+07
0.668566,588.186,7.17677e-06,1.26842e+07
0.669571,592.694,7.23925e-06,1.27324e+07
0.670558,599.868,8.34228e-06,1.22839e+07
0.67157,606.408,8.32394e-06,1.20854e+07
0.672559,610.892,7.72951e-06,1.20657e+07
0.673559,615.308,7.49219e-06,1.20402e+07
0.674571,619.886,8.39011e-06,1.21401e+07
0.675571,625.73,8.00056e-06,1.2e+07
0.67656,630.53,7.82517e-06,1.17886e+07
0.677576,635.954,7.84507e-06,1.16877e+07
0.678575,641.748,7.90052e-06,1.13931e+07
0.67957,646.39,8.07854e-06,1.13971e+07
0.680588,652.314,8.21898e-06,1.13675e+07
0.681588,656.692,7.48787e-06,1.139e+07
0.682576,661.804,7.78929e-06,1.12966e+07
0.683583,666.336,8.63153e-06,1.1346e+07
0.684591,671.284,7.84162e-06,1.14865e+07
0.685582,676.33,7.26033e-06,1.14057e+07
0.686584,681.132,8.32443e-06,1.13579e+07
0.687601,686.168,8.25279e-06,1.13552e+07
0.688598,691.548,7.55007e-06,1.10852e+07
0.689587,696.356,7.74773e-06,1.11011e+07
0.690597,701.356,8.34754e-06,1.11421e+07
0.691603,706.766,8.09351e-06,1.09778e+07
0.692613,711.8,7.75882e-06,1.08919e+07
0.693601,716.24,7.83364e-06,1.07172e+07
0.694607,720.748,8.10612e-06,1.07043e+07
0.695614,725.81,8.07512e-06,1.05505e+07
0.696617,731.236,7.88694e-06,1.03654e+07
0.697616,735.914,7.76599e-06,1.03496e+07
0.698606,741.738,7.90055e-06,1.02493e+07
0.699627,746.724,8.52676e-06,1.01579e+07
0.70063,751.504,7.41423e-06,1.01674e+07
0.701618,755.598,7.53802e-06,1.01449e+07
0.702621,760.524,8.53311e-06,1.01757e+07
0.703632,766.366,8.22253e-06,1.00007e+07
0.704631,771.36,7.28068e-06,1.00174e+07
0.705618,776.024,7.85226e-06,1.00983e+07
0.706636,780.808,8.57701e-06,1.01707e+07
0.707641,786.308,7.84506e-06,1.01541e+07
0.708629,790.82,7.4405e-06,1.02098e+07
0.709637,795.948,8.22676e-06,1.01454e+07
0.710635,800.306,7.98941e-06,1.01519e+07
0.711648,805.9,7.74959e-06,9.92747e+06
0.712646,811.356,8.17292e-06,9.81334e+06
0.713653,817.584,7.76411e-06,9.5999e+06
0.714663,822.764,7.69039e-06,9.46464e+06
0.715655,827.664,8.11546e-06,9.41292e+06
0.716657,832.46,7.95382e-06,9.41111e+06
0.717654,836.66,7.98631e-06,9.44342e+06
0.718654,841.898,7.81743e-06,9.46308e+06
0.719657,846.902,7.84299e-06,9.501e+06
0.720672,851.988,8.29646e-06,9.43853e+06
0.721663,857.144,7.86979e-06,9.44435e+06
0.722667,862.978,7.59834e-06,9.16599e+06
0.723655,868.35,8.24851e-06,8.96732e+06
0.724671,873.596,8.0763e-06,8.76337e+06
0.725672,878.68,7.59568e-06,8.64187e+06
0.726668,883.416,7.86069e-06,8.4908e+06
0.727673,889.73,8.15134e-06,8.49683e+06
0.728674,894.622,7.90678e-06,8.35507e+06
0.729683,900.408,7.81676e-06,8.25084e+06
0.730675,904.794,7.98889e-06,8.24264e+06
0.731683,910.276,7.89731e-06,7.9998e+06
0.732687,915.216,8.30492e-06,7.95414e+06
0.73368,920.25,7.80395e-06,7.94543e+06
0.734683,925.998,7.80946e-06,7.90149e+06
0.735681,932.058,8.05541e-06,7.697e+06
0.736694,937.574,8.11135e-06,7.57535e+06
0.737696,942.148,7.60555e-06,7.52911e+06
0.738703,947.742,7.93993e-06,7.48739e+06
0.739695,952.55,8.36594e-06,7.49612e+06
0.7407,957.282,7.8479e-06,7.50325e+06
0.7417,962.938,7.85467e-06,7.45112e+06
0.742697,968.394,8.05799e-06,7.34837e+06
0.743704,973.668,8.15317e-06,7.28306e+06
0.744712,978.456,7.6931e-06,7.19514e+06
0.745706,983.6,7.86598e-06,7.18345e+06
0.746717,991.126,8.23362e-06,6.84575e+06
0.747728,996.74,7.96002e-06,6.80294e+06
0.748726,1001.67,7.74195e-06,6.78437e+06
0.749729,1007.21,7.56623e-06,6.69165e+06
0.75071,1012.36,7.4504e-06,6.66005e+06
0.751709,1017.87,7.87471e-06,6.63789e+06
0.75272,1024.07,8.0022e-06,6.38783e+06
0.75372,1028.17,7.80568e-06,6.39228e+06
0.754726,1033.47,8.25996e-06,6.35526e+06
0.755735,1038.82,7.98975e-06,6.36453e+06
0.75673,1044.02,7.46875e-06,6.28048e+06
0.757732,1049.07,8.22755e-06,6.11879e+06
0.758744,1054.4,8.46228e-06,6.14413e+06
0.759737,1060.04,7.13967e-06,6.11462e+06
0.760739,1065.03,8.00468e-06,6.01451e+06
0.761736,1070.6,8.69548e-06,5.84315e+06
0.762751,1076.8,7.54818e-06,5.66369e+06
0.763737,1081.81,7.56442e-06,5.65275e+06
0.764753,1086.69,8.58935e-06,5.65729e+06
0.765748,1092.06,8.12677e-06,5.58946e+06
0.766751,1098.62,7.43053e-06,5.47571e+06
0.767752,1102.95,8.0637e-06,5.41562e+06
0.768754,1108.6,8.1111e-06,5.33406e+06
0.769772,1113.29,8.00407e-06,5.29253e+06
0.770752,1118.06,7.54952e-06,5.26249e+06
0.771766,1123.32,7.9525e-06,5.2153e+06
0.77276,1128.81,8.16253e-06,5.12992e+06
0.77377,1133.5,7.64444e-06,5.11243e+06
0.774769,1138.87,8.00642e-06,5.09197e+06
0.775773,1143.97,8.15493e-06,5.08858e+06
0.776773,1149.32,7.73876e-06,4.99048e+06
0.777771,1154.13,7.8057e-06,4.94394e+06
0.778783,1159.16,8.40818e-06,4.92735e+06
0.779785,1164.91,7.73649e-06,4.93167e+06
0.780767,1170.26,7.54861e-06,4.84696e+06
0.781772,1175.33,8.58436e-06,4.80076e+06
0.782783,1180.22,8.07906e-06,4.7721e+06
0.783782,1185.27,7.38585e-06,4.72564e+06
0.784786,1191.44,8.20202e-06,4.60074e+06
0.785794,1196.91,8.34563e-06,4.57746e+06
0.786801,1202.61,7.68005e-06,4.48438e+06
0.787789,1207.55,7.75029e-06,4.47891e+06
0.788787,1212.49,8.21878e-06,4.43861e+06
0.789808,1217.61,8.03759e-06,4.42589e+06
0.790797,1222.11,7.49658e-06,4.34462e+06
0.791794,1227.68,7.87398e-06,4.35089e+06
0.792807,1232.77,8.40666e-06,4.31819e+06
0.793805,1237.45,7.58226e-06,4.27906e+06
0.794799,1243.35,7.68194e-06,4.19039e+06
0.795807,1249.08,8.41176e-06,4.15134e+06
0.796823,1254.06,7.92724e-06,4.15122e+06
0.797812,1259.2,7.32297e-06,4.12254e+06
0.798804,1264.26,8.33095e-06,4.08044e+06
0.799835,1269.64,8.00226e-06,4.04495e+06
0.800801,1274.41,7.70592e-06,4.01729e+06
0.801822,1279.37,7.48898e-06,3.98842e+06
0.802821,1284.96,8.54417e-06,3.93936e+06
0.803829,1290.05,7.89205e-06,3.96789e+06
0.804829,1295.22,7.65062e-06,3.92535e+06
0.805826,1300.88,8.17499e-06,3.79626e+06
0.806836,1306.16,7.90708e-06,3.70442e+06
0.807835,1311.08,7.70158e-06,3.68984e+06
0.808837,1316,8.07207e-06,3.67235e+06
0.809841,1320.42,8.04628e-06,3.65559e+06
0.810841,1325.62,7.75248e-06,3.60055e+06
0.81184,1330.89,8.04173e-06,3.5573e+06
0.812844,1336.75,8.05733e-06,3.47631e+06
0.813853,1342.2,7.90913e-06,3.45222e+06
0.814848,1347.65,7.89105e-06,3.38833e+06
0.815848,1352.72,7.98474e-06,3.38975e+06
0.816851,1358.01,7.99332e-06,3.32222e+06
0.817861,1362.95,7.86359e-06,3.33247e+06
0.818857,1368.24,7.79658e-06,3.25532e+06
0.819858,1373.18,7.931e-06,3.21517e+06
0.820865,1378.74,7.9634e-06,3.18639e+06
0.82186,1383.53,8.21432e-06,3.19816e+06
0.822864,1388.96,7.76828e-06,3.15577e+06
0.823863,1393.74,7.74498e-06,3.1327e+06
0.824873,1398.97,8.35546e-06,3.05199e+06
0.825879,1403.83,8.06378e-06,3.04909e+06
0.826874,1408.92,7.24345e-06,3.00891e+06
0.827871,1413.96,8.35148e-06,3.00681e+06
0.828877,1419.1,8.38458e-06,3.0099e+06
0.829888,1424.28,7.56021e-06,2.98723e+06
0.830868,1428.73,7.46506e-06,2.97431e+06
0.831883,1433.74,8.3835e-06,2.93361e+06
0.832868,1438.68,8.34784e-06,2.8784e+06
0.833885,1443.85,7.47651e-06,2.86065e+06
0.834887,1449.16,7.22123e-06,2.7953e+06
0.83589,1454.06,8.69434e-06,2.78109e+06
0.836898,1459.01,8.24139e-06,2.75769e+06
0.837899,1463.81,6.99528e-06,2.75159e+06
0.838878,1468.67,7.7201e-06,2.70634e+06
0.839899,1473.73,8.76717e-06,2.67566e+06
0.840912,1478.9,7.24857e-06,2.65968e+06
0.841894,1483.71,7.64135e-06,2.59087e+06
0.842896,1488.5,8.29044e-06,2.57821e+06
0.843917,1493.69,8.055e-06,2.53035e+06
0.844901,1498.57,7.61391e-06,2.47961e+06
0.845914,1503.81,8.0174e-06,2.46047e+06
0.846914,1508.65,7.90962e-06,2.45667e+06
0.847915,1513.65,8.09508e-06,2.43134e+06
0.84892,1519.28,7.88745e-06,2.44446e+06
0.849923,1524.13,7.91235e-06,2.39249e+06
0.850916,1528.72,8.07968e-06,2.38805e+06
0.851926,1533.44,8.14294e-06,2.33245e+06
0.852918,1538.25,7.41423e-06,2.34165e+06
0.853919,1543.35,8.0442e-06,2.33694e+06
0.854936,1548.17,8.40623e-06,2.32433e+06
0.855941,1553.23,7.36299e-06,2.28469e+06
0.85694,1558.13,7.86647e-06,2.22596e+06
0.857952,1562.97,8.36342e-06,2.19008e+06
0.858944,1567.85,7.80623e-06,2.17102e+06
0.859941,1571.87,7.67253e-06,2.1429e+06
0.860942,1576.39,8.08294e-06,2.10937e+06
0.861938,1581.02,8.14463e-06,2.0714e+06
0.862946,1585.91,7.93722e-06,2.03425e+06
0.863946,1590.62,7.82784e-06,2.00158e+06
0.864947,1595.07,7.8096e-06,1.97269e+06
0.865947,1599.61,8.22064e-06,1.95135e+06
0.86696,1603.91,7.85726e-06,1.92134e+06
0.86795,1608.57,7.66751e-06,1.9232e+06
0.868954,1613.22,7.84876e-06,1.88781e+06
0.869966,1618.07,8.25453e-06,1.84518e+06
0.870963,1622.52,7.99957e-06,1.84211e+06
0.871965,1626.96,7.7884e-06,1.82717e+06
0.872963,1631.94,7.83172e-06,1.77317e+06
0.873971,1635.95,8.32214e-06,1.73695e+06
0.874981,1640.77,7.84075e-06,1.69839e+06
0.875961,1645.33,7.49526e-06,1.668e+06
0.876961,1649.76,7.95267e-06,1.62817e+06
0.877979,1654.63,8.31651e-06,1.56125e+06
0.878974,1659.07,7.79659e-06,1.52896e+06
0.879977,1663.41,7.55765e-06,1.50428e+06
0.880975,1667.92,8.31634e-06,1.48844e+06
0.881983,1672.56,7.86861e-06,1.46788e+06
0.882982,1676.99,7.89578e-06,1.44328e+06
0.883983,1681.08,8.1422e-06,1.40665e+06
0.88499,1685.55,7.89599e-06,1.38697e+06
0.885985,1690.08,7.82846e-06,1.36371e+06
0.886992,1694.86,8.09971e-06,1.33493e+06
0.888002,1699.26,7.92408e-06,1.32027e+06
0.88898,1703.49,7.6024e-06,1.27955e+06
0.890004,1707.65,7.90551e-06,1.25899e+06
0.890995,1712.22,8.1907e-06,1.21507e+06
0.892003,1716.78,7.85668e-06,1.19507e+06
0.893004,1721.42,7.88444e-06,1.16654e+06
0.894006,1725.75,7.86633e-06,1.15805e+06
0.895022,1729.8,8.02391e-06,1.15319e+06
0.896006,1733.59,7.93322e-06,1.14132e+06
0.897011,1737.95,7.82629e-06,1.10173e+06
0.898012,1742,8.10555e-06,1.10607e+06
0.899016,1746.07,7.77949e-06,1.08123e+06
0.900029,1750.09,7.98367e-06,1.04929e+06
0.90102,1754.33,7.99536e-06,1.01619e+06
0.902021,1758.35,7.97354e-06,1.0027e+06
0.903019,1762.84,7.74816e-06,976607
0.904023,1767.37,7.90735e-06,970407
0.90504,1771.76,8.2617e-06,943292
0.906035,1775.75,7.7304e-06,919426
0.907032,1779.48,7.74284e-06,907505
0.90803,1783.59,8.31169e-06,882855
0.90905,1787.13,8.06755e-06,862957
0.910044,1790.91,7.63575e-06,851971
0.911036,1794.96,7.88613e-06,847415
0.912036,1798.88,8.27795e-06,829006
0.913055,1802.86,7.92708e-06,814156
0.914043,1806.34,7.71118e-06,823682
0.915052,1810.33,7.91305e-06,799810
0.916058,1814.13,8.1883e-06,781251
0.917052,1818.1,7.84293e-06,761395
0.918052,1821.59,7.95374e-06,749177
0.919058,1825.63,7.68358e-06,737393
0.920059,1829.03,8.3478e-06,731463
0.921061,1832.61,7.63848e-06,714891
0.922065,1836.27,7.84716e-06,715950
0.923071,1839.53,8.36614e-06,703632
0.924068,1842.92,7.83646e-06,684551
0.925067,1846.54,7.75372e-06,653646
0.926074,1849.73,8.19155e-06,634246
0.927071,1853.17,7.96112e-06,618725
0.928076,1856.58,7.67056e-06,594098
0.929087,1859.92,8.0319e-06,578953
0.930082,1863.54,7.94806e-06,563190
0.931077,1866.91,8.08697e-06,527891
0.932082,1870.39,7.89656e-06,516989
0.93308,1873.48,7.98537e-06,494591
0.934083,1877.1,8.00231e-06,480816
0.935095,1879.91,8.02102e-06,463715
0.936092,1883.05,7.66681e-06,451157
0.937092,1886.09,8.11492e-06,451518
0.938092,1889.48,8.00726e-06,435185
0.939099,1892.54,7.9345e-06,420900
0.940099,1895.58,7.84833e-06,416138
0.9411,1898.45,7.87554e-06,404028
0.942105,1901.75,8.04091e-06,390656
0.943106,1904.91,8.11454e-06,382427
0.944107,1908.16,7.85188e-06,372081
0.945106,1910.95,7.72038e-06,365149
0.946112,1913.77,8.10618e-06,351745
0.947119,1916.56,7.91505e-06,337621
0.948113,1919.62,7.59554e-06,326130
0.949111,1922.56,8.04825e-06,304303
0.950127,1924.92,8.25314e-06,294240
0.951126,1927.78,7.60785e-06,284468
0.952119,1930.1,7.72684e-06,270971
0.953128,1932.68,8.25836e-06,259380
0.954131,1935.21,7.90066e-06,249602
0.955127,1937.88,7.69353e-06,234188
0.956129,1940.62,8.23797e-06,224837
0.957131,1943.19,7.85523e-06,213901
0.958134,1945.45,7.97335e-06,202736
0.959134,1947.8,8.00461e-06,194095
0.960139,1950.03,8.01523e-06,186993
0.96114,1952.22,8.06264e-06,176865
0.962144,1954.44,7.81804e-06,170491
0.963139,1956.65,7.75931e-06,166426
0.964146,1958.87,8.21497e-06,158145
0.965158,1961.02,7.98109e-06,150446
0.966151,1962.99,7.61942e-06,142458
0.967146,1964.98,8.1059e-06,135796
0.968156,1967.02,8.07101e-06,128021
0.969155,1968.78,7.77688e-06,122490
0.970159,1970.55,7.878e-06,113710
0.971167,1972.29,8.0938e-06,110904
0.972168,1973.81,7.83255e-06,104146
0.97316,1975.84,7.9558e-06,93195.9
0.974167,1977.55,7.9992e-06,86173.8
0.975175,1979.06,7.89987e-06,83337.3
0.976166,1980.37,7.836e-06,78456
0.977172,1981.87,8.0809e-06,73628.5
0.978173,1983.19,7.95849e-06,66969.7
0.979176,1984.59,8.05187e-06,60328.8
0.980183,1985.98,7.90139e-06,53630.8
0.981181,1987.03,7.74542e-06,51912.5
0.982181,1988.1,8.4464e-06,47344.6
0.98319,1989.4,7.8658e-06,39072.4
0.984184,1990.55,7.37648e-06,35995.5
0.985177,1991.48,8.15132e-06,32910.8
0.9862,1992.6,8.56639e-06,27090.4
0.987205,1993.55,7.36112e-06,23671.5
0.988181,1994.39,6.90895e-06,19587.4
0.989178,1995.2,8.9124e-06,17499.4
0.990224,1996.05,9.00113e-06,13849.7
0.991217,1996.69,5.55065e-06,11320.2
0.992155,1997.22,5.37958e-06,9462.36
0.993201,1997.73,1.26025e-05,7680.55
0.994274,1998.1,5.25119e-06,6329.8
0.995194,1998.4,1.91879e-06,5328.2
0.996092,1998.59,4.13692e-06,4906.95
0.997332,1998.87,6.47751e-06,4097.29
0.998252,1999,2.53725e-07,3023
0.999126,1999.05,6.34311e-08,2924.85
1,1999.12,0,2372.31
0.501007,112.338,3.33352,1.36377e+06
12.9105,-1,-1,-1
