0,1,0,0
0.00121277,2.18,6.70749e-06,101.8
0.0021873,2.444,5.18427e-06,231.432
0.00317013,2.756,4.52724e-06,412.232
0.00416236,3.078,4.496e-06,549.958
0.00516452,3.372,4.52476e-06,742.808
0.00617317,3.686,4.35724e-06,989.702
0.00717371,3.974,4.25804e-06,1274.66
0.00817684,4.256,4.45899e-06,1503.23
0.00917958,4.514,4.51697e-06,1826.9
0.0101814,4.776,4.60641e-06,2144.91
0.0111881,5.064,4.54556e-06,2583.95
0.0121859,5.354,4.6127e-06,3050.34
0.0131841,5.596,4.6234e-06,3376.39
0.014189,5.838,4.58914e-06,3805.88
0.0151836,6.098,4.64768e-06,4220.2
0.016197,6.38,4.74925e-06,4655.8
0.0171937,6.66,4.58331e-06,5250.2
0.0181967,6.944,4.45975e-06,5838.43
0.0191947,7.234,4.42961e-06,6327.62
0.0202049,7.496,4.60311e-06,7012.99
0.0212032,7.762,4.62102e-06,7708.68
0.0222062,8.022,4.71955e-06,8304.76
0.0232053,8.342,4.78684e-06,9132.52
0.0242092,8.724,4.60439e-06,9999.91
0.0252096,9.002,4.38652e-06,10503
0.0262049,9.328,4.55073e-06,11194.2
0.0272192,9.636,4.62732e-06,12315.8
0.0282209,9.932,4.43091e-06,13625.7
0.0292181,10.296,4.38381e-06,14832.2
0.0302179,10.612,4.469e-06,15900.7
0.0312343,10.964,4.3639e-06,17421.4
0.0322323,11.29,4.42025e-06,18690.9
0.0332356,11.618,4.24435e-06,19970
0.0342274,11.904,4.18349e-06,21061.4
0.0352254,12.24,4.2573e-06,22419.2
0.0362309,12.606,4.47101e-06,23661.4
0.0372308,12.962,4.41447e-06,24762.3
0.0382288,13.306,4.54338e-06,26446.2
0.0392349,13.726,4.70801e-06,29039.5
0.0402407,14.108,4.87939e-06,31326.2
0.0412475,14.502,4.87063e-06,33643
0.0422484,14.878,4.6773e-06,35667.6
0.0432534,15.404,4.5253e-06,40058.4
0.0442517,15.844,4.46415e-06,43559.8
0.0452463,16.254,4.65415e-06,45532.7
0.0462494,16.662,4.69944e-06,48209.9
0.0472576,17.064,4.40479e-06,50682
0.048257,17.522,4.467e-06,53160.8
0.0492625,17.966,4.42865e-06,55110.4
0.0502641,18.392,4.46962e-06,58983.2
0.051261,18.934,4.31794e-06,61178.8
0.0522575,19.348,4.42303e-06,63687.4
0.0532586,19.792,4.65576e-06,66054.4
0.0542704,20.326,4.6328e-06,71889.9
0.0552753,20.886,4.41344e-06,76606.5
0.0562765,21.352,4.31046e-06,79474
0.0572763,21.736,4.34623e-06,82215.2
0.0582772,22.234,4.38641e-06,84815.6
0.0592844,22.856,4.2352e-06,90001.6
0.0602831,23.554,4.3358e-06,100106
0.0612923,24.11,4.3056e-06,104151
0.0622935,24.742,4.20407e-06,110566
0.06329,25.256,4.43783e-06,116691
0.0642943,25.978,4.6057e-06,125043
0.0652918,26.518,4.55114e-06,130455
0.0662979,27.238,4.54103e-06,138443
0.0672938,27.906,4.62489e-06,145237
0.0682918,28.448,4.51525e-06,151606
0.0692966,28.98,4.50321e-06,159564
0.0703011,29.574,4.27348e-06,166536
0.0712998,30.14,4.34192e-06,170852
0.072306,30.974,4.51741e-06,180611
0.0733098,31.794,4.59963e-06,192504
0.0743093,32.522,4.40987e-06,202779
0.0753059,33.27,4.3538e-06,210339
0.0763055,34.26,4.30828e-06,232084
0.0773062,35.036,4.47156e-06,242403
0.0783123,35.828,4.66882e-06,255711
0.0793189,36.586,4.68376e-06,268457
0.0803222,37.346,4.7721e-06,279223
0.0813295,38.352,4.65884e-06,309146
0.0823319,39.124,4.68054e-06,323290
0.0833327,40.136,4.3639e-06,336543
0.0843306,40.918,4.3626e-06,351550
0.0853309,41.724,4.40112e-06,361476
0.086336,42.566,4.30727e-06,377633
0.087336,43.472,4.30224e-06,390053
0.0883378,44.28,4.31058e-06,402937
0.0893368,45.306,4.42909e-06,417872
0.0903333,46.13,4.62969e-06,430047
0.0913436,47.156,4.7018e-06,448226
0.092342,48.11,4.77778e-06,460863
0.0933514,49.372,4.54329e-06,489333
0.0943505,50.166,4.02397e-06,506245
0.0953388,51.504,4.01603e-06,522403
0.0963496,52.6,4.27874e-06,545814
0.0973521,53.476,4.29473e-06,558721
0.0983567,54.546,4.33636e-06,577886
0.0993628,55.798,4.38505e-06,601451
0.100369,56.862,4.36587e-06,615283
0.101372,58.402,4.41353e-06,650820
0.102364,59.694,4.17609e-06,675590
0.103371,61.008,4.16279e-06,702020
0.104364,62.526,4.04725e-06,746811
0.105362,63.986,4.21708e-06,767377
0.106368,65.83,4.43628e-06,814449
0.107374,67.098,4.47262e-06,828458
0.108382,68.372,4.30918e-06,855287
0.109381,69.694,4.25583e-06,879050
0.110383,71.054,4.21221e-06,909612
0.111387,72.402,4.26832e-06,938554
0.112385,73.806,4.23528e-06,967386
0.113388,75.392,4.24176e-06,1.01079e+06
0.114387,76.642,4.23318e-06,1.04097e+06
0.115389,78.184,4.40298e-06,1.06089e+06
0.116387,79.804,4.57571e-06,1.09672e+06
0.117394,81.496,4.38174e-06,1.13832e+06
0.118399,82.782,4.35289e-06,1.16947e+06
0.119397,84.176,4.27161e-06,1.20139e+06
0.120396,85.424,4.21924e-06,1.22629e+06
0.121399,86.912,4.42931e-06,1.26367e+06
0.122409,88.742,4.3928e-06,1.30322e+06
0.123411,90.518,4.46556e-06,1.34355e+06
0.124415,91.858,4.45429e-06,1.38085e+06
0.125415,93.744,4.4086e-06,1.41414e+06
0.126415,95.484,4.52022e-06,1.44793e+06
0.127415,97.042,4.39328e-06,1.46923e+06
0.128421,98.804,4.41481e-06,1.50126e+06
0.129416,100.908,4.27746e-06,1.53954e+06
0.130416,102.852,4.39986e-06,1.5576e+06
0.131421,104.438,4.56232e-06,1.59571e+06
0.132428,106.158,4.43706e-06,1.62654e+06
0.133425,108.148,4.40972e-06,1.66905e+06
0.13443,109.9,4.35542e-06,1.70943e+06
0.135432,111.758,4.24869e-06,1.75941e+06
0.136426,113.994,4.16672e-06,1.79947e+06
0.137428,115.832,4.40027e-06,1.83554e+06
0.138436,118.466,4.58968e-06,1.90785e+06
0.13944,120.458,4.4948e-06,1.95772e+06
0.140449,122.424,4.59182e-06,1.99542e+06
0.141452,124.202,4.48296e-06,2.02005e+06
0.142452,126.622,4.53246e-06,2.07176e+06
0.143458,128.316,4.61326e-06,2.09685e+06
0.144458,130.248,4.37912e-06,2.13826e+06
0.145451,132,4.48631e-06,2.17199e+06
0.146455,134.208,4.40484e-06,2.21902e+06
0.147458,136.464,4.42911e-06,2.26062e+06
0.148459,138.496,4.42656e-06,2.30353e+06
0.149458,140.72,4.57932e-06,2.34384e+06
0.15046,143.078,4.54926e-06,2.38446e+06
0.151461,145.248,4.5423e-06,2.44023e+06
0.152467,147.156,4.19702e-06,2.4803e+06
0.153465,149.284,4.06287e-06,2.50928e+06
0.154468,151.56,4.38611e-06,2.54826e+06
0.155482,153.808,4.44714e-06,2.58047e+06
0.156472,155.596,4.31251e-06,2.60914e+06
0.15747,157.838,4.34398e-06,2.63846e+06
0.158473,160.024,4.48542e-06,2.66693e+06
0.159478,162.092,4.59393e-06,2.69854e+06
0.160483,164.306,4.89416e-06,2.73919e+06
0.161482,166.284,4.65269e-06,2.78583e+06
0.162486,168.462,4.52288e-06,2.80167e+06
0.163493,170.534,4.44776e-06,2.83876e+06
0.164496,172.686,4.48554e-06,2.88799e+06
0.165503,175.566,4.2014e-06,2.87798e+06
0.166498,177.448,3.98101e-06,2.89683e+06
0.167498,179.986,4.1541e-06,2.88175e+06
0.1685,181.848,4.4259e-06,2.90994e+06
0.169499,183.748,4.70613e-06,2.93301e+06
0.170505,186.252,4.70243e-06,2.96266e+06
0.171509,188.334,4.46578e-06,2.99633e+06
0.172512,190.394,4.42716e-06,3.02473e+06
0.173512,192.486,4.35871e-06,3.04587e+06
0.174512,194.95,4.28996e-06,3.0948e+06
0.175507,197.146,4.39734e-06,3.12936e+06
0.176514,199.278,4.50233e-06,3.15026e+06
0.17752,201.636,4.44095e-06,3.16561e+06
0.17852,203.802,4.49282e-06,3.21536e+06
0.179515,206.252,4.5313e-06,3.23147e+06
0.180524,208.588,4.74288e-06,3.28239e+06
0.18153,210.68,4.58317e-06,3.3051e+06
0.182536,213.186,4.45184e-06,3.34284e+06
0.183535,215.492,4.45315e-06,3.37922e+06
0.184534,217.596,4.48488e-06,3.39755e+06
0.185529,219.788,4.39217e-06,3.46e+06
0.186541,222.536,4.4465e-06,3.45312e+06
0.187541,224.718,4.19644e-06,3.458e+06
0.188535,227.036,4.12134e-06,3.45982e+06
0.189537,229.55,4.20574e-06,3.48749e+06
0.190535,232.202,4.23489e-06,3.48938e+06
0.19154,234.526,4.46764e-06,3.51988e+06
0.192549,237.346,4.5987e-06,3.53645e+06
0.193554,239.41,4.5694e-06,3.57443e+06
0.194553,241.862,4.29539e-06,3.58769e+06
0.195551,244.56,4.39307e-06,3.58311e+06
0.196555,247.058,4.57674e-06,3.59829e+06
0.19756,249.446,4.43614e-06,3.63214e+06
0.198564,252.206,4.28385e-06,3.64327e+06
0.199566,254.32,4.15644e-06,3.67216e+06
0.200566,256.606,4.27456e-06,3.69768e+06
0.201561,259.232,4.60349e-06,3.67206e+06
0.20257,261.714,4.59894e-06,3.64074e+06
0.203563,264.322,4.47507e-06,3.66328e+06
0.204565,267.11,4.37598e-06,3.64329e+06
0.205567,269.772,4.44143e-06,3.61067e+06
0.206576,271.882,4.53799e-06,3.64069e+06
0.207581,273.984,4.43349e-06,3.67351e+06
0.208578,276.472,4.35247e-06,3.68046e+06
0.209586,278.976,4.30042e-06,3.68748e+06
0.210581,281.68,4.33003e-06,3.67721e+06
0.211581,284.526,4.31241e-06,3.6675e+06
0.212581,286.806,4.60434e-06,3.6886e+06
0.213589,289.104,4.77358e-06,3.69357e+06
0.214594,291.628,4.60687e-06,3.66317e+06
0.215594,294.18,4.58596e-06,3.68883e+06
0.216607,296.664,4.46199e-06,3.69781e+06
0.217609,299.19,4.2259e-06,3.68176e+06
0.218601,302.37,4.49059e-06,3.63475e+06
0.219604,305.456,4.287e-06,3.61808e+06
0.220606,308.19,4.3228e-06,3.64944e+06
0.221608,311.102,4.5028e-06,3.64424e+06
0.222612,313.65,4.4515e-06,3.68627e+06
0.223618,316.156,4.41429e-06,3.73195e+06
0.224615,318.992,4.3965e-06,3.69739e+06
0.225617,321.91,4.25514e-06,3.70739e+06
0.226614,324.41,4.20573e-06,3.70224e+06
0.227614,326.736,4.21646e-06,3.71401e+06
0.228618,329.828,4.29108e-06,3.69202e+06
0.229616,332.546,4.28391e-06,3.69348e+06
0.230619,335.09,4.3857e-06,3.67916e+06
0.231616,337.896,4.57114e-06,3.66973e+06
0.232625,341.174,4.74684e-06,3.62445e+06
0.233631,343.902,4.58998e-06,3.59103e+06
0.234633,346.75,4.37698e-06,3.58133e+06
0.235635,349.482,4.30243e-06,3.55094e+06
0.236642,351.9,4.43885e-06,3.56159e+06
0.23764,354.44,4.13373e-06,3.54442e+06
0.238643,357.802,4.09948e-06,3.45204e+06
0.239639,360.186,4.17085e-06,3.47172e+06
0.240643,362.532,4.41632e-06,3.48181e+06
0.241645,365.326,4.48139e-06,3.46156e+06
0.242646,367.966,4.69608e-06,3.46063e+06
0.243657,370.366,4.54241e-06,3.47524e+06
0.244659,373.078,4.51324e-06,3.45237e+06
0.245659,375.702,4.55478e-06,3.46253e+06
0.24666,378.14,4.68906e-06,3.45768e+06
0.247659,380.568,4.70672e-06,3.47591e+06
0.248662,382.868,4.7161e-06,3.44914e+06
0.249658,385.33,4.68461e-06,3.46436e+06
0.250665,388.102,4.64252e-06,3.45645e+06
0.251663,391.084,4.69481e-06,3.42894e+06
0.252666,393.834,4.77927e-06,3.42259e+06
0.253668,396.158,4.48023e-06,3.42825e+06
0.254663,398.512,4.2625e-06,3.41413e+06
0.255664,400.97,4.53392e-06,3.42499e+06
0.256678,404.142,4.61872e-06,3.38628e+06
0.257686,406.678,4.31395e-06,3.39244e+06
0.258677,409.332,4.19475e-06,3.41647e+06
0.259673,412.124,4.48275e-06,3.41417e+06
0.260679,414.896,4.57886e-06,3.40357e+06
0.26168,417.554,4.56578e-06,3.42194e+06
0.262692,419.726,4.59956e-06,3.44903e+06
0.263689,422.378,4.41492e-06,3.44752e+06
0.264694,425.25,4.2466e-06,3.36472e+06
0.265696,427.646,4.20054e-06,3.34903e+06
0.266695,430.216,4.4414e-06,3.32571e+06
0.267699,432.922,4.49681e-06,3.3235e+06
0.268704,435.892,4.26504e-06,3.26575e+06
0.269702,438.704,4.38285e-06,3.27299e+06
0.270705,441.206,4.59746e-06,3.27605e+06
0.271709,443.894,5.07088e-06,3.29548e+06
0.272709,446.592,4.95144e-06,3.2955e+06
0.27372,448.878,4.27675e-06,3.3065e+06
0.274714,451.212,4.37019e-06,3.31474e+06
0.275712,453.718,4.653e-06,3.32906e+06
0.276714,456.328,4.63444e-06,3.31856e+06
0.277718,458.78,4.25365e-06,3.32983e+06
0.278715,461.382,4.36985e-06,3.31296e+06
0.279719,464.062,4.5738e-06,3.32107e+06
0.280727,466.708,4.58252e-06,3.32137e+06
0.28173,469.252,4.55378e-06,3.31954e+06
0.282734,471.784,4.27307e-06,3.32263e+06
0.283738,474.23,4.27066e-06,3.32736e+06
0.284732,476.606,4.26847e-06,3.33915e+06
0.285722,479.092,4.70467e-06,3.34299e+06
0.286739,481.754,4.7101e-06,3.36351e+06
0.287748,484.4,4.31855e-06,3.37716e+06
0.288742,487.324,4.36853e-06,3.35921e+06
0.289743,490.054,4.42316e-06,3.34078e+06
0.290743,492.61,4.38316e-06,3.34292e+06
0.291748,495.102,4.39594e-06,3.35759e+06
0.292745,497.548,4.47883e-06,3.3561e+06
0.293751,500.63,4.38492e-06,3.29752e+06
0.294755,503.156,4.49024e-06,3.30261e+06
0.295755,505.926,4.52764e-06,3.3113e+06
0.296757,508.748,4.30795e-06,3.30686e+06
0.297758,511.39,4.35526e-06,3.30386e+06
0.298765,514.108,4.49948e-06,3.28842e+06
0.299768,516.6,4.4816e-06,3.28403e+06
0.300769,519.27,4.39774e-06,3.30025e+06
0.301769,522.124,4.41651e-06,3.29411e+06
0.302767,524.924,4.75376e-06,3.28391e+06
0.303776,527.626,4.68346e-06,3.29444e+06
0.304773,530.42,4.31337e-06,3.27689e+06
0.305771,532.988,4.23562e-06,3.28633e+06
0.306772,535.888,3.99068e-06,3.29558e+06
0.307767,538.44,4.03373e-06,3.30102e+06
0.308778,541.154,4.26817e-06,3.32247e+06
0.309786,543.89,4.22749e-06,3.30929e+06
0.310791,546.69,4.28532e-06,3.29122e+06
0.311789,549.19,4.35368e-06,3.27897e+06
0.312781,551.816,4.41891e-06,3.2753e+06
0.313781,554.47,4.44765e-06,3.27646e+06
0.314792,557.244,4.34953e-06,3.27957e+06
0.315795,559.8,4.31833e-06,3.27737e+06
0.316796,562.558,4.41115e-06,3.27053e+06
0.317799,565.06,4.61548e-06,3.27725e+06
0.318805,567.758,4.44761e-06,3.26387e+06
0.319805,570.282,4.5505e-06,3.28397e+06
0.320808,573.286,4.67674e-06,3.26224e+06
0.321809,575.798,4.65814e-06,3.25656e+06
0.322804,578.398,4.3974e-06,3.22419e+06
0.323807,581.008,4.29472e-06,3.23065e+06
0.324811,583.668,4.45702e-06,3.23134e+06
0.325811,586.56,4.40321e-06,3.20942e+06
0.326814,589.09,4.19331e-06,3.20803e+06
0.327817,591.69,4.33807e-06,3.20994e+06
0.328819,594.536,4.41648e-06,3.21223e+06
0.329815,597.186,4.68592e-06,3.21054e+06
0.330829,599.848,4.72975e-06,3.20603e+06
0.331832,602.674,4.5694e-06,3.20432e+06
0.332824,605.382,4.5569e-06,3.16548e+06
0.333843,608.254,4.52269e-06,3.15783e+06
0.334826,610.912,4.36648e-06,3.15542e+06
0.335831,613.692,4.37814e-06,3.13874e+06
0.336831,616.202,4.34432e-06,3.14949e+06
0.337829,618.846,4.52616e-06,3.14033e+06
0.338834,621.326,4.90065e-06,3.15087e+06
0.33984,624.138,4.8935e-06,3.14263e+06
0.340845,626.928,4.69882e-06,3.1116e+06
0.341845,629.578,4.37413e-06,3.10446e+06
0.342843,632.52,4.30585e-06,3.099e+06
0.343847,635.228,4.5349e-06,3.07803e+06
0.344848,638.142,4.5114e-06,3.07168e+06
0.345852,640.832,4.39968e-06,3.0791e+06
0.346854,643.618,4.30249e-06,3.05477e+06
0.347857,646.48,4.33565e-06,3.03255e+06
0.348858,649.292,4.27722e-06,3.02862e+06
0.349859,652.206,4.24851e-06,2.92965e+06
0.350855,655.068,4.22813e-06,2.93978e+06
0.351862,657.87,4.30385e-06,2.93049e+06
0.352863,660.766,4.39025e-06,2.9229e+06
0.353873,663.456,4.6252e-06,2.92181e+06
0.354872,666.328,4.56878e-06,2.90543e+06
0.35587,669.02,4.6082e-06,2.90995e+06
0.356873,671.636,4.8896e-06,2.91298e+06
0.35788,674.374,4.55822e-06,2.88461e+06
0.35887,677.094,4.28122e-06,2.88347e+06
0.359873,679.976,4.36433e-06,2.87362e+06
0.360879,682.646,4.30394e-06,2.87493e+06
0.36188,685.232,4.40061e-06,2.88105e+06
0.362881,688.096,4.34291e-06,2.85198e+06
0.363886,691.01,4.74008e-06,2.81469e+06
0.364894,693.774,4.54774e-06,2.82617e+06
0.365893,696.492,4.26204e-06,2.8212e+06
0.3669,699.214,4.1682e-06,2.81238e+06
0.3679,702.08,4.10878e-06,2.77939e+06
0.368898,704.65,4.22875e-06,2.78374e+06
0.369902,707.636,4.23219e-06,2.75704e+06
0.370897,710.174,4.26422e-06,2.74621e+06
0.371897,712.958,4.66218e-06,2.7257e+06
0.372912,715.58,4.90693e-06,2.71646e+06
0.373912,718.19,5.08977e-06,2.69547e+06
0.374914,721.036,4.91044e-06,2.68848e+06
0.375914,723.938,4.79614e-06,2.6797e+06
0.376913,727.12,4.68824e-06,2.67503e+06
0.377913,729.894,4.54243e-06,2.67247e+06
0.378916,732.566,4.46314e-06,2.67486e+06
0.379921,735.284,4.19898e-06,2.67118e+06
0.380922,737.876,4.02253e-06,2.66782e+06
0.381921,740.61,4.29921e-06,2.66167e+06
0.382926,743.362,4.34497e-06,2.63102e+06
0.383931,745.924,4.47151e-06,2.62227e+06
0.38494,748.704,4.32671e-06,2.61241e+06
0.385933,751.322,4.46493e-06,2.60101e+06
0.386938,754.144,4.56599e-06,2.60499e+06
0.38794,756.982,4.53982e-06,2.60064e+06
0.388944,759.846,4.44501e-06,2.59006e+06
0.389948,762.546,4.29398e-06,2.58757e+06
0.390948,765.276,4.34945e-06,2.59232e+06
0.391939,768.16,4.42283e-06,2.57513e+06
0.392946,771.044,4.56179e-06,2.55996e+06
0.39395,773.708,4.65187e-06,2.5632e+06
0.394953,776.468,4.66355e-06,2.56502e+06
0.395957,779.162,4.49077e-06,2.56088e+06
0.396954,781.686,4.39003e-06,2.5731e+06
0.39796,784.448,4.19075e-06,2.56411e+06
0.398954,787.17,4.4372e-06,2.54704e+06
0.399953,790.024,4.46323e-06,2.53866e+06
0.400955,792.63,4.24847e-06,2.54094e+06
0.401955,795.488,4.50868e-06,2.51538e+06
0.402959,798.31,4.76871e-06,2.51944e+06
0.403965,801.056,4.68993e-06,2.50236e+06
0.404977,803.772,4.49089e-06,2.49332e+06
0.405978,806.488,4.17508e-06,2.48262e+06
0.406968,809.204,4.29763e-06,2.47551e+06
0.407972,811.864,4.43566e-06,2.48376e+06
0.408969,814.754,4.32953e-06,2.46557e+06
0.409973,817.408,4.43729e-06,2.46934e+06
0.410976,819.994,4.38398e-06,2.46898e+06
0.411987,822.87,4.28216e-06,2.46092e+06
0.412988,825.56,4.20391e-06,2.45275e+06
0.41399,828.414,4.24991e-06,2.45591e+06
0.414995,831.134,4.36119e-06,2.45961e+06
0.415998,833.9,4.1174e-06,2.47379e+06
0.416991,836.554,4.01321e-06,2.47122e+06
0.417995,839.584,4.23357e-06,2.45815e+06
0.419002,842.176,4.3318e-06,2.45305e+06
0.419999,845.02,4.41693e-06,2.45319e+06
0.421009,847.72,4.31844e-06,2.4472e+06
0.422009,850.546,4.16633e-06,2.43672e+06
0.423009,853.684,4.09822e-06,2.43082e+06
0.424002,856.308,4.27234e-06,2.41769e+06
0.425008,859.018,4.37422e-06,2.42552e+06
0.426005,861.82,4.31498e-06,2.41175e+06
0.42701,864.694,4.69152e-06,2.40397e+06
0.428019,867.39,4.62585e-06,2.40648e+06
0.429021,870.268,4.46811e-06,2.39684e+06
0.430018,873.118,4.41338e-06,2.37887e+06
0.431023,876.104,4.34675e-06,2.3623e+06
0.432026,878.668,4.3484e-06,2.35306e+06
0.43303,881.496,4.38933e-06,2.33818e+06
0.434033,884.426,4.2597e-06,2.33171e+06
0.435037,887.154,4.05354e-06,2.33088e+06
0.436026,889.8,4.09355e-06,2.31432e+06
0.437034,892.62,4.39568e-06,2.31104e+06
0.438033,895.264,4.23417e-06,2.31577e+06
0.439036,897.978,4.16273e-06,2.31716e+06
0.440042,901.03,4.25419e-06,2.31631e+06
0.441039,903.884,4.25552e-06,2.30402e+06
0.442047,906.738,4.28543e-06,2.28411e+06
0.443046,909.348,4.22531e-06,2.28969e+06
0.444052,912.382,4.20544e-06,2.27107e+06
0.445049,915.106,4.11071e-06,2.26391e+06
0.446045,917.922,4.14185e-06,2.26421e+06
0.447057,920.684,4.36294e-06,2.26492e+06
0.448052,923.5,4.28445e-06,2.26942e+06
0.449055,926.32,4.49252e-06,2.28124e+06
0.450055,928.932,4.43341e-06,2.27649e+06
0.451055,931.54,4.4642e-06,2.28003e+06
0.45206,934.41,4.57007e-06,2.27069e+06
0.45306,936.96,4.40827e-06,2.2737e+06
0.454065,939.72,4.50677e-06,2.26406e+06
0.455071,942.666,4.39215e-06,2.24969e+06
0.456068,945.39,4.40389e-06,2.23329e+06
0.457066,948.298,4.64137e-06,2.22296e+06
0.458077,950.942,4.83966e-06,2.23808e+06
0.459076,953.636,4.66869e-06,2.24227e+06
0.460083,956.46,4.6243e-06,2.24e+06
0.461087,958.94,4.54452e-06,2.21998e+06
0.462087,961.64,4.54443e-06,2.2064e+06
0.463088,964.33,4.6324e-06,2.21116e+06
0.464093,967.1,4.65299e-06,2.1897e+06
0.465095,969.716,4.66611e-06,2.17396e+06
0.466102,972.534,4.66111e-06,2.17036e+06
0.467099,975.246,4.39138e-06,2.15508e+06
0.468098,978.142,4.44641e-06,2.14536e+06
0.469096,980.844,4.27388e-06,2.14267e+06
0.4701,983.774,4.28898e-06,2.14441e+06
0.471105,986.316,4.25288e-06,2.14508e+06
0.472104,989.12,4.29641e-06,2.14385e+06
0.473111,991.894,4.648e-06,2.14125e+06
0.474117,994.746,4.47727e-06,2.13246e+06
0.47511,997.488,4.47525e-06,2.12299e+06
0.476116,1000.1,4.3527e-06,2.11016e+06
0.477118,1003.09,4.38119e-06,2.10294e+06
0.478121,1005.77,4.29567e-06,2.09589e+06
0.47912,1008.63,4.4578e-06,2.09475e+06
0.480119,1011.3,4.50379e-06,2.10159e+06
0.481127,1014.08,4.44331e-06,2.09983e+06
0.482122,1016.81,4.33066e-06,2.10333e+06
0.483121,1019.5,4.1913e-06,2.09214e+06
0.484115,1022.15,4.25932e-06,2.08768e+06
0.485123,1024.82,4.45335e-06,2.08519e+06
0.486125,1027.49,4.39906e-06,2.07813e+06
0.487133,1030.33,4.39975e-06,2.0654e+06
0.488137,1033.13,4.58984e-06,2.05127e+06
0.489144,1035.88,4.4222e-06,2.05688e+06
0.490144,1038.69,4.28146e-06,2.06151e+06
0.491146,1041.2,4.38876e-06,2.06475e+06
0.492148,1043.8,4.58036e-06,2.06988e+06
0.493149,1046.49,4.65738e-06,2.06129e+06
0.494148,1049,4.78572e-06,2.06232e+06
0.495151,1051.81,4.69668e-06,2.06784e+06
0.496152,1054.52,4.55372e-06,2.07016e+06
0.497153,1057.32,4.48617e-06,2.04924e+06
0.498159,1060.15,4.33103e-06,2.0538e+06
0.499144,1062.65,4.40848e-06,2.06252e+06
0.500151,1065.47,6.13887e-06,2.05797e+06
0.501179,1068.09,4.31991e-06,2.04324e+06
0.502163,1070.77,4.45058e-06,2.03153e+06
0.50317,1073.65,4.46313e-06,2.01366e+06
0.50417,1076.55,4.598e-06,2.01732e+06
0.505172,1079.27,4.79889e-06,1.99825e+06
0.506175,1081.99,4.82092e-06,1.99884e+06
0.507173,1084.76,4.56421e-06,1.99389e+06
0.508175,1087.47,4.56077e-06,1.98558e+06
0.509177,1090.13,4.26378e-06,1.97663e+06
0.510179,1092.85,4.30697e-06,1.96987e+06
0.511179,1095.44,4.47412e-06,1.95974e+06
0.512186,1098.33,4.56267e-06,1.94562e+06
0.51319,1101.06,4.48419e-06,1.93542e+06
0.514198,1103.8,4.53723e-06,1.93008e+06
0.515199,1106.71,4.56114e-06,1.92838e+06
0.516207,1109.36,4.37024e-06,1.9339e+06
0.517202,1112.1,4.21754e-06,1.92028e+06
0.5182,1114.71,4.41162e-06,1.91113e+06
0.519195,1117.58,4.42718e-06,1.9085e+06
0.520204,1120.2,4.49025e-06,1.90491e+06
0.521202,1122.95,4.40908e-06,1.90238e+06
0.522202,1125.76,4.28622e-06,1.88559e+06
0.523204,1128.46,4.32303e-06,1.87914e+06
0.524206,1131.25,4.43989e-06,1.8654e+06
0.525212,1133.94,4.52638e-06,1.8669e+06
0.526205,1136.66,4.45245e-06,1.85851e+06
0.527211,1139.06,4.55262e-06,1.84829e+06
0.528218,1141.84,4.27743e-06,1.83923e+06
0.529218,1144.46,4.29048e-06,1.83569e+06
0.530223,1147.21,4.32266e-06,1.82264e+06
0.531227,1149.88,4.28678e-06,1.81704e+06
0.532225,1152.52,4.4767e-06,1.81047e+06
0.533224,1155.09,4.38191e-06,1.80696e+06
0.53422,1157.76,4.57053e-06,1.81286e+06
0.535228,1160.52,4.59402e-06,1.80361e+06
0.536229,1163.09,4.62801e-06,1.80195e+06
0.537235,1165.78,4.58015e-06,1.79424e+06
0.538236,1168.62,4.46773e-06,1.78431e+06
0.539236,1171.24,4.60617e-06,1.78152e+06
0.54024,1173.99,4.68282e-06,1.77179e+06
0.541247,1176.71,4.7124e-06,1.76538e+06
0.542246,1179.28,4.91076e-06,1.75773e+06
0.543256,1181.96,4.62151e-06,1.75737e+06
0.544255,1184.73,4.42004e-06,1.75571e+06
0.545251,1187.54,4.44764e-06,1.74633e+06
0.546258,1190.2,4.57422e-06,1.73739e+06
0.547263,1192.74,4.47397e-06,1.72836e+06
0.548263,1195.32,4.64479e-06,1.72092e+06
0.549268,1198.12,4.51196e-06,1.72191e+06
0.550267,1200.83,4.49684e-06,1.71806e+06
0.551268,1203.75,4.48411e-06,1.7089e+06
0.552271,1206.38,4.28533e-06,1.70718e+06
0.553266,1209.07,4.36039e-06,1.69693e+06
0.554278,1211.56,4.1268e-06,1.68953e+06
0.555274,1214.1,4.12646e-06,1.67216e+06
0.556271,1216.89,4.22356e-06,1.67417e+06
0.557277,1219.5,4.25607e-06,1.67249e+06
0.558275,1222.35,4.39304e-06,1.67522e+06
0.559284,1224.99,4.3045e-06,1.66576e+06
0.560281,1227.77,4.19869e-06,1.66361e+06
0.561287,1230.63,4.16563e-06,1.66014e+06
0.56229,1233.4,4.32717e-06,1.6531e+06
0.563288,1236.28,4.38093e-06,1.6413e+06
0.564296,1238.71,4.02324e-06,1.63069e+06
0.565285,1241.53,4.10253e-06,1.62366e+06
0.56629,1244.35,4.24294e-06,1.61172e+06
0.567293,1247.03,4.3524e-06,1.60469e+06
0.568297,1249.67,4.30246e-06,1.58448e+06
0.5693,1252.31,4.32618e-06,1.58285e+06
0.570305,1254.94,4.49066e-06,1.56814e+06
0.571301,1257.59,4.6167e-06,1.56695e+06
0.572303,1260.27,4.69378e-06,1.55772e+06
0.573312,1262.91,4.62785e-06,1.54705e+06
0.574318,1265.61,4.35082e-06,1.54173e+06
0.575315,1268.13,4.3939e-06,1.5371e+06
0.576321,1270.76,4.20249e-06,1.53033e+06
0.577314,1273.25,4.13194e-06,1.52613e+06
0.578313,1275.76,4.10567e-06,1.52171e+06
0.579313,1278.43,4.28308e-06,1.52176e+06
0.580323,1281.14,4.41964e-06,1.52053e+06
0.58132,1283.86,4.2812e-06,1.50918e+06
0.582327,1286.32,4.24511e-06,1.50099e+06
0.583331,1288.95,4.01488e-06,1.49366e+06
0.584325,1291.54,4.19903e-06,1.48523e+06
0.585328,1294.13,4.33575e-06,1.48143e+06
0.586333,1296.65,4.27848e-06,1.47181e+06
0.587335,1299.17,4.17654e-06,1.46509e+06
0.588336,1301.79,4.34653e-06,1.46098e+06
0.589346,1304.59,4.5128e-06,1.45306e+06
0.59035,1306.98,4.47149e-06,1.44455e+06
0.591353,1309.63,4.40294e-06,1.44338e+06
0.592351,1312.27,4.5181e-06,1.44866e+06
0.593355,1315,4.27161e-06,1.44081e+06
0.594344,1317.67,4.23469e-06,1.43232e+06
0.595346,1320.28,4.54006e-06,1.42763e+06
0.596358,1322.94,4.79441e-06,1.42466e+06
0.597363,1325.41,4.76687e-06,1.42958e+06
0.598368,1328.08,4.49742e-06,1.42368e+06
0.599368,1330.59,4.24923e-06,1.42098e+06
0.600369,1333.13,4.40484e-06,1.42677e+06
0.601368,1335.78,4.38913e-06,1.42693e+06
0.602363,1338.32,4.17246e-06,1.42253e+06
0.603368,1340.94,4.48231e-06,1.41201e+06
0.604365,1343.58,4.5127e-06,1.40231e+06
0.60537,1346.28,4.70359e-06,1.401e+06
0.606372,1348.72,4.63143e-06,1.39174e+06
0.607377,1351.33,4.49988e-06,1.38536e+06
0.608384,1353.75,4.40318e-06,1.38425e+06
0.609374,1356.41,4.26999e-06,1.37988e+06
0.610375,1359.11,4.28457e-06,1.37668e+06
0.611379,1361.8,4.42527e-06,1.36211e+06
0.612383,1364.27,4.51721e-06,1.35861e+06
0.613384,1366.75,4.55611e-06,1.34932e+06
0.61439,1369.19,4.38909e-06,1.3446e+06
0.615383,1371.62,4.25087e-06,1.3407e+06
0.616392,1374.39,4.44463e-06,1.32985e+06
0.617397,1376.76,4.3712e-06,1.32485e+06
0.618402,1379.29,4.23344e-06,1.32507e+06
0.619401,1381.95,4.00908e-06,1.322e+06
0.620402,1384.36,4.34288e-06,1.32035e+06
0.621407,1387,4.54259e-06,1.31489e+06
0.62241,1389.49,4.61012e-06,1.31545e+06
0.62341,1391.93,4.76769e-06,1.31003e+06
0.624408,1394.46,4.82273e-06,1.29429e+06
0.625408,1396.92,4.88144e-06,1.2861e+06
0.626411,1399.48,5.05501e-06,1.27519e+06
0.627411,1401.94,4.78996e-06,1.27209e+06
0.628425,1404.47,4.60052e-06,1.26584e+06
0.629425,1407.04,4.24161e-06,1.25832e+06
0.630421,1409.49,4.14172e-06,1.25267e+06
0.631425,1411.74,4.21652e-06,1.25038e+06
0.632423,1414.18,4.07357e-06,1.24194e+06
0.633423,1416.52,4.18972e-06,1.23865e+06
0.63443,1419.04,4.33851e-06,1.23259e+06
0.635429,1421.51,4.6663e-06,1.22838e+06
0.636437,1424.17,4.78805e-06,1.22397e+06
0.637442,1426.69,4.40402e-06,1.20719e+06
0.638443,1429.17,4.4264e-06,1.20704e+06
0.639444,1431.63,4.40658e-06,1.20149e+06
0.64045,1434.24,4.46285e-06,1.19183e+06
0.641453,1436.78,4.41336e-06,1.18968e+06
0.642442,1439.16,4.62349e-06,1.1794e+06
0.64345,1441.78,4.87662e-06,1.17113e+06
0.644453,1444.43,4.60044e-06,1.16782e+06
0.64545,1446.95,4.57973e-06,1.16003e+06
0.646449,1449.58,4.60587e-06,1.15174e+06
0.647459,1452.14,4.38151e-06,1.14462e+06
0.64846,1454.75,4.30299e-06,1.13073e+06
0.649467,1457.26,4.31415e-06,1.11384e+06
0.650463,1459.74,4.20405e-06,1.10277e+06
0.651465,1462.21,4.37231e-06,1.09319e+06
0.652466,1464.71,4.30705e-06,1.0862e+06
0.653469,1467.1,4.31874e-06,1.08553e+06
0.65447,1469.48,4.47614e-06,1.08263e+06
0.655475,1471.91,4.58539e-06,1.07401e+06
0.656475,1474.42,4.49881e-06,1.07162e+06
0.65748,1476.87,4.298e-06,1.06379e+06
0.658478,1479.18,4.46171e-06,1.05952e+06
0.659478,1481.9,4.70827e-06,1.04758e+06
0.660483,1484.32,4.97833e-06,1.04277e+06
0.661489,1486.73,4.84134e-06,1.03754e+06
0.662494,1489.35,4.55132e-06,1.02587e+06
0.663491,1491.78,4.35404e-06,1.01947e+06
0.664492,1494.28,4.3833e-06,1.00773e+06
0.665497,1496.79,4.35184e-06,992968
0.666479,1499.14,4.73921e-06,983151
0.667498,1501.43,4.46551e-06,981593
0.66849,1503.71,4.52876e-06,973772
0.669494,1506.22,4.75498e-06,967531
0.670508,1508.38,4.63341e-06,973037
0.671504,1510.75,4.37582e-06,973437
0.672506,1513.08,4.28209e-06,970386
0.673509,1515.51,4.24177e-06,962877
0.674511,1517.96,4.45302e-06,956637
0.675511,1520.42,4.4251e-06,949044
0.676515,1522.78,4.33441e-06,940723
0.677519,1525.21,4.47775e-06,929153
0.678514,1527.52,4.73344e-06,924757
0.679515,1529.84,4.58223e-06,913729
0.680517,1532.32,4.45695e-06,908123
0.681518,1534.73,4.40494e-06,900334
0.682523,1537.34,4.483e-06,891620
0.683526,1539.66,4.34615e-06,890304
0.684527,1541.9,4.30646e-06,884719
0.685531,1544.24,4.42792e-06,877578
0.686542,1546.62,4.54003e-06,864692
0.687541,1548.99,4.42503e-06,865785
0.688534,1551.26,4.24481e-06,866293
0.689532,1553.51,4.19118e-06,863609
0.690537,1555.74,4.18252e-06,857281
0.691545,1558.02,4.22692e-06,850171
0.692556,1560.31,3.97917e-06,842546
0.693551,1562.57,4.07549e-06,842081
0.694552,1565.05,4.26497e-06,837436
0.69555,1567.21,4.42276e-06,835244
0.696547,1569.54,4.68656e-06,821428
0.697555,1571.8,4.61935e-06,821658
0.698554,1573.97,4.34805e-06,816363
0.699553,1576.25,4.40716e-06,818456
0.700555,1578.64,4.47869e-06,812690
0.701558,1580.84,4.36401e-06,808940
0.702565,1583.02,4.31837e-06,803090
0.703565,1585.37,4.37674e-06,793457
0.704567,1587.73,4.51717e-06,780487
0.70557,1590.11,4.40359e-06,778534
0.706573,1592.28,4.42442e-06,769621
0.707579,1594.55,4.48813e-06,768696
0.708577,1596.9,4.39989e-06,763633
0.709582,1599.2,4.38454e-06,768167
0.710582,1601.37,4.40978e-06,767672
0.711583,1603.68,4.25232e-06,762622
0.712577,1606.06,4.37648e-06,762201
0.713586,1608.23,4.7952e-06,760607
0.714603,1610.59,4.48721e-06,755087
0.715593,1612.69,4.22099e-06,747955
0.716587,1614.91,4.23465e-06,744591
0.717591,1617.26,4.21689e-06,742386
0.718595,1619.55,4.58196e-06,738204
0.719598,1621.82,4.55606e-06,741325
0.720606,1624.08,4.51333e-06,742808
0.72161,1626.31,4.34687e-06,737615
0.722607,1628.69,4.34738e-06,733173
0.723611,1630.87,4.70625e-06,728947
0.724613,1632.93,4.62051e-06,728493
0.72561,1635.26,4.27985e-06,717198
0.726604,1637.32,4.38407e-06,715495
0.727616,1639.69,4.98592e-06,709533
0.728616,1641.85,5.00782e-06,708676
0.72962,1644.12,4.45821e-06,700951
0.730622,1646.39,4.30039e-06,688319
0.73162,1648.44,4.237e-06,684179
0.732625,1650.65,4.5276e-06,684540
0.73363,1652.9,4.3344e-06,677179
0.734629,1654.94,4.13209e-06,683424
0.73563,1656.98,4.25767e-06,679928
0.736636,1659.21,4.44992e-06,670892
0.737633,1661.32,4.57923e-06,668240
0.738644,1663.68,4.59652e-06,662947
0.739645,1665.87,4.63366e-06,660162
0.740652,1668.07,4.5082e-06,655859
0.741648,1670.11,4.17777e-06,649927
0.742639,1672.33,4.39721e-06,641685
0.743646,1674.31,4.60743e-06,640603
0.74466,1676.39,4.5099e-06,635927
0.745661,1678.43,4.39963e-06,635309
0.746657,1680.52,4.61778e-06,633651
0.747659,1682.67,4.80593e-06,632770
0.748662,1684.76,4.77381e-06,628426
0.74966,1686.97,4.73347e-06,616631
0.750667,1689.06,4.61757e-06,608875
0.751663,1691.16,4.65468e-06,602573
0.752666,1693.31,4.69391e-06,593001
0.753664,1695.39,4.58563e-06,589085
0.754666,1697.55,4.45863e-06,579890
0.755665,1699.59,4.51775e-06,573319
0.756668,1701.62,4.56552e-06,568406
0.757679,1703.58,4.66833e-06,561798
0.75868,1705.67,4.49859e-06,551802
0.759682,1707.7,4.3522e-06,549413
0.760686,1709.69,4.10653e-06,544111
0.761682,1711.7,4.06267e-06,537815
0.762685,1713.68,4.16753e-06,532320
0.763683,1715.82,4.40355e-06,528927
0.764689,1717.9,4.29713e-06,531374
0.765692,1720.04,4.37857e-06,528095
0.766694,1722.05,4.61454e-06,521944
0.7677,1724.12,4.77798e-06,513183
0.768709,1726.07,4.54775e-06,510248
0.769706,1728.11,4.45978e-06,504431
0.770709,1730.18,4.28841e-06,500593
0.771706,1732.23,4.24706e-06,493375
0.772711,1734.22,4.22078e-06,489018
0.773711,1736.23,4.23558e-06,489199
0.774708,1738.19,4.23291e-06,485298
0.77571,1740.36,4.35777e-06,482329
0.776706,1742.31,4.42853e-06,477463
0.777713,1744.24,4.47937e-06,472963
0.778717,1746.34,4.45726e-06,465839
0.779719,1748.32,4.27686e-06,461677
0.780721,1750.35,4.29924e-06,459964
0.781723,1752.26,4.39943e-06,456634
0.782716,1754.17,4.24202e-06,453481
0.783718,1756.16,4.41129e-06,450931
0.78473,1758.15,4.54302e-06,450274
0.78573,1760.03,4.67409e-06,444359
0.786736,1761.88,4.74048e-06,438672
0.787744,1763.7,4.58429e-06,433650
0.788743,1766.04,4.30331e-06,429455
0.789744,1768.03,4.30139e-06,421339
0.790738,1770.01,4.3291e-06,411525
0.791747,1771.93,4.34331e-06,406620
0.792744,1773.77,4.46395e-06,402067
0.793749,1775.73,4.53056e-06,397864
0.794758,1777.48,4.4774e-06,396237
0.79576,1779.36,4.43862e-06,392025
0.796762,1781.49,4.52629e-06,389035
0.797755,1783.37,4.61201e-06,384283
0.798764,1785.13,4.51395e-06,380158
0.799759,1787.16,4.26111e-06,381759
0.800758,1789.01,4.11705e-06,374615
0.801761,1790.79,4.34149e-06,369014
0.802764,1792.58,4.43761e-06,364857
0.80377,1794.38,4.52012e-06,360747
0.804774,1796.13,4.31013e-06,357202
0.805771,1797.92,4.3518e-06,351440
0.806771,1799.74,4.61481e-06,344042
0.807776,1801.52,4.55621e-06,340313
0.808784,1803.44,4.47517e-06,334963
0.80979,1805.26,4.24327e-06,331295
0.810788,1807.22,4.25587e-06,324281
0.81179,1809.28,4.13173e-06,317328
0.812783,1810.87,4.19651e-06,313117
0.813783,1812.87,4.43697e-06,310578
0.814796,1814.85,4.38032e-06,305928
0.815791,1816.6,4.50347e-06,304290
0.81679,1818.35,4.38027e-06,299847
0.817789,1820.17,4.46644e-06,298116
0.818794,1821.85,4.59814e-06,290901
0.8198,1823.66,4.74643e-06,285100
0.82081,1825.36,4.50666e-06,280185
0.821805,1826.93,4.45503e-06,279463
0.822805,1828.79,4.46731e-06,275175
0.823811,1830.66,4.47074e-06,270615
0.824818,1832.27,4.38256e-06,269024
0.825813,1833.98,4.31974e-06,267700
0.826812,1835.79,4.34423e-06,261756
0.827813,1837.39,4.3908e-06,255455
0.828816,1839.11,4.41304e-06,249700
0.829819,1840.97,4.69232e-06,248796
0.830825,1842.53,4.64019e-06,247947
0.831825,1844.31,4.28805e-06,243634
0.832827,1845.98,4.01463e-06,240261
0.833826,1847.63,3.92051e-06,232564
0.834821,1849.07,4.26975e-06,233572
0.835828,1850.73,4.44793e-06,234974
0.836832,1852.39,4.45135e-06,228875
0.837838,1854.16,4.55776e-06,222434
0.838843,1855.8,4.75969e-06,220051
0.839841,1857.29,4.85855e-06,220738
0.840847,1858.92,4.53939e-06,220851
0.841851,1860.47,4.54263e-06,221044
0.842854,1862.17,4.38194e-06,217877
0.843853,1863.68,4.36773e-06,214412
0.844843,1865.16,4.38131e-06,210015
0.845854,1866.92,4.31463e-06,206697
0.846857,1868.68,4.09134e-06,203083
0.847856,1870.27,4.29976e-06,203044
0.848862,1871.73,4.56461e-06,203130
0.849863,1873.22,4.59531e-06,201994
0.850865,1874.82,4.49908e-06,197527
0.851864,1876.27,4.4872e-06,195245
0.852864,1877.88,4.34332e-06,192799
0.853868,1879.42,4.45297e-06,189722
0.854871,1880.92,4.3775e-06,188193
0.855865,1882.46,4.29583e-06,184358
0.856865,1883.98,4.6292e-06,179502
0.857871,1885.37,4.37369e-06,178599
0.85887,1886.9,4.39644e-06,176664
0.859874,1888.41,4.52665e-06,173783
0.860883,1889.86,4.47963e-06,172505
0.861887,1891.16,4.6662e-06,168748
0.862894,1892.63,4.34239e-06,165189
0.863897,1893.97,4.25698e-06,161947
0.86489,1895.43,4.28003e-06,160464
0.865893,1896.77,4.39129e-06,159457
0.866898,1898.01,4.36026e-06,154776
0.867895,1899.31,4.5103e-06,152813
0.868902,1900.7,4.58003e-06,150963
0.869907,1902,4.42171e-06,148504
0.870906,1903.23,4.32065e-06,144693
0.871902,1904.78,4.38969e-06,143625
0.872908,1906.03,4.43206e-06,143070
0.873907,1907.37,4.49557e-06,145832
0.874908,1908.77,4.42427e-06,141868
0.875908,1910.01,4.42038e-06,137101
0.876911,1911.39,4.36969e-06,137777
0.877913,1912.73,4.39973e-06,133517
0.878924,1914.04,4.44952e-06,131201
0.879927,1915.3,4.29158e-06,128559
0.880925,1916.59,4.29028e-06,126905
0.881924,1917.95,4.37568e-06,124669
0.882928,1919.12,4.47606e-06,122121
0.883935,1920.36,4.59936e-06,119949
0.884934,1921.62,4.43592e-06,117802
0.885936,1922.87,4.19656e-06,115719
0.886934,1924.03,4.26452e-06,115011
0.887938,1925.34,4.26593e-06,116427
0.888936,1926.54,4.35085e-06,111560
0.88994,1927.75,4.20768e-06,109478
0.890941,1928.95,4.17247e-06,106664
0.891941,1930.05,4.33849e-06,106402
0.892948,1931.35,4.55757e-06,105136
0.893955,1932.63,4.43946e-06,103129
0.89496,1933.81,4.17169e-06,100072
0.895959,1935.07,4.10038e-06,98522.8
0.896951,1936.25,4.18109e-06,94931.7
0.897959,1937.43,4.23417e-06,94732.3
0.898951,1938.46,4.39236e-06,92590.1
0.899954,1939.6,4.33349e-06,90379.6
0.90096,1940.78,4.3766e-06,86065.8
0.901966,1941.76,4.30477e-06,84520.7
0.902971,1942.83,4.38828e-06,82855.9
0.903973,1943.94,4.23909e-06,80674
0.904984,1945,4.03338e-06,78968
0.905972,1945.99,4.11126e-06,77610.9
0.906971,1947.05,4.64423e-06,75564.8
0.907981,1948.13,4.88421e-06,74281.8
0.908979,1949.23,4.79502e-06,71759.6
0.909989,1950.31,4.60721e-06,70591.7
0.910986,1951.28,4.41989e-06,68020.4
0.911985,1952.39,4.28996e-06,66387
0.912987,1953.39,4.31284e-06,66225.4
0.913987,1954.34,4.23212e-06,64925.9
0.914992,1955.32,4.40289e-06,64501.2
0.915992,1956.2,4.33048e-06,62711.4
0.91699,1957.22,4.37972e-06,61175.2
0.917991,1958.2,4.63218e-06,59863.4
0.918993,1959.26,4.64507e-06,58085.7
0.92,1960.19,4.73592e-06,56105.7
0.921004,1961.06,4.75625e-06,55094
0.92201,1962.04,4.67464e-06,53366.1
0.923016,1962.99,4.4639e-06,51475
0.924017,1963.8,4.41285e-06,50456.8
0.925017,1964.69,4.4333e-06,50118.2
0.926013,1965.62,4.51556e-06,49307.3
0.927013,1966.49,4.63954e-06,48481
0.928017,1967.38,4.44602e-06,46386.3
0.929023,1968.22,4.27739e-06,45858.4
0.930024,1969.11,4.3275e-06,46979.7
0.931028,1970.01,4.63482e-06,44985
0.932033,1970.89,4.62325e-06,42703.4
0.933031,1971.78,4.59735e-06,40972.4
0.934027,1972.49,4.56041e-06,39035
0.935033,1973.21,4.54173e-06,38105.5
0.93603,1974.05,4.51675e-06,37141.9
0.937035,1974.77,4.37121e-06,34638.6
0.938031,1975.67,4.16694e-06,33179.9
0.939032,1976.46,4.33805e-06,32354.4
0.940042,1977.19,4.28452e-06,31821.7
0.94104,1977.88,4.27879e-06,31368.3
0.942047,1978.6,4.3685e-06,30819.8
0.943048,1979.29,4.27546e-06,29845.4
0.944048,1979.88,4.30529e-06,29400.8
0.945049,1980.59,4.47674e-06,27829
0.946054,1981.41,4.68819e-06,26990.8
0.947066,1982.04,4.65325e-06,26286.3
0.948067,1982.74,4.44337e-06,25437.2
0.949064,1983.29,4.37187e-06,24139.8
0.950061,1984,4.442e-06,23640
0.951062,1984.51,4.38855e-06,23310.9
0.952068,1985.03,4.426e-06,22446.5
0.953067,1985.65,4.47663e-06,21977.4
0.954075,1986.21,4.8224e-06,21281.8
0.955078,1986.76,4.62227e-06,20870.7
0.956073,1987.37,4.44716e-06,19552.8
0.957071,1987.9,4.50001e-06,18747
0.958074,1988.43,4.65712e-06,17630.6
0.959075,1988.94,4.83976e-06,16429.1
0.960082,1989.5,4.85082e-06,16037
0.961088,1989.97,4.75875e-06,15693.5
0.962094,1990.41,4.56952e-06,14741.1
0.963092,1990.89,4.52741e-06,14253
0.964092,1991.35,4.45371e-06,13511.1
0.965097,1991.72,4.23737e-06,13196.4
0.966095,1992.17,4.23248e-06,12685.9
0.967087,1992.6,4.24224e-06,12084.2
0.96809,1993,4.3128e-06,11263
0.969088,1993.34,4.3521e-06,10514.8
0.970105,1993.78,4.42198e-06,10212.4
0.971105,1994.22,4.36738e-06,9594.36
0.972102,1994.67,4.46367e-06,8348.55
0.973103,1994.93,4.66271e-06,7881.69
0.974118,1995.32,4.53452e-06,7098.44
0.975113,1995.58,4.40378e-06,6825.8
0.976113,1995.91,4.62231e-06,6374.58
0.977117,1996.21,4.90712e-06,5953.53
0.978116,1996.46,4.65021e-06,5690.28
0.979119,1996.77,4.56025e-06,5180.01
0.980118,1997.02,4.51594e-06,4846.76
0.981128,1997.35,4.41092e-06,4412.05
0.982126,1997.56,4.50981e-06,4165.08
0.983129,1997.75,4.66801e-06,3887.75
0.984128,1997.99,4.71292e-06,3645.93
0.985141,1998.25,4.62518e-06,2960.74
0.986136,1998.42,4.62146e-06,2565.47
0.987141,1998.68,4.63854e-06,2297.16
0.988139,1998.91,4.58523e-06,1735.3
0.989137,1999.05,4.53515e-06,1507.75
0.990143,1999.23,4.55034e-06,1221.09
0.991145,1999.38,4.52337e-06,1039.8
0.992148,1999.47,4.40923e-06,938.662
0.993151,1999.54,4.26886e-06,860.118
0.994149,1999.63,4.4303e-06,705.062
0.995158,1999.68,4.57579e-06,673.158
0.99616,1999.74,4.51077e-06,582.678
0.997153,1999.79,4.64012e-06,504.102
0.998135,1999.84,5.48559e-06,280.552
0.99911,1999.86,7.4147e-06,249.478
1,1999.87,0,246.022
0.0680769,24.272,0.942313,121509
5.13635,-1,-1,-1
