0,1,0,0
0.00121673,2.006,5.9178e-08,2.982
0.00212928,2.038,1.81233e-07,20.278
0.00306334,2.08,2.19178e-06,38.8
0.00424249,2.164,1.96092e-06,76.552
0.00517228,2.214,9.9154e-07,94.102
0.00610518,2.286,2.14093e-06,124.102
0.00717521,2.38,5.70273e-06,151.8
0.00819863,2.484,2.66172e-06,172.872
0.00914759,2.584,2.82156e-06,187.472
0.0101635,2.65,4.43428e-06,183.75
0.011182,2.744,3.90771e-06,189.232
0.0121733,2.81,3.67902e-06,204.95
0.0131768,2.894,3.89772e-06,205.382
0.0141768,2.978,3.69542e-06,202.758
0.0151727,3.048,3.85211e-06,216.848
0.0161928,3.11,4.07907e-06,230.95
0.0171911,3.15,3.61739e-06,235.75
0.0181784,3.192,3.65551e-06,245.568
0.0191918,3.252,4.14262e-06,294.248
0.0201943,3.306,3.80927e-06,318.182
0.0211854,3.356,3.6782e-06,330.632
0.0221968,3.396,4.0604e-06,365.592
0.0231982,3.458,3.69823e-06,386.118
0.0241984,3.522,3.84858e-06,416.758
0.0252038,3.572,3.90175e-06,444.408
0.0262039,3.61,3.717e-06,460.95
0.0272028,3.642,3.83457e-06,468.918
0.0282059,3.696,4.11255e-06,481.792
0.0292138,3.75,3.70533e-06,511.75
0.0302048,3.81,3.73027e-06,520.95
0.0312103,3.864,4.04502e-06,556.752
0.0322262,3.922,3.75833e-06,637.958
0.0332148,3.966,3.63902e-06,654.422
0.0342215,4.016,4.02075e-06,661.872
0.0352209,4.07,3.99149e-06,656.55
0.0362235,4.12,3.64473e-06,686.8
0.0372273,4.18,4.05215e-06,751.8
0.0382309,4.242,3.801e-06,765.718
0.0392286,4.296,3.67607e-06,774.192
0.0402263,4.354,4.069e-06,772.342
0.0412378,4.388,3.89301e-06,770.728
0.0422318,4.442,3.59342e-06,789.318
0.0432325,4.514,3.91811e-06,816.902
0.0442465,4.548,4.05583e-06,853.848
0.04524,4.61,3.66518e-06,916.95
0.0462449,4.658,3.78152e-06,948.518
0.0472437,4.732,4.01724e-06,1032.09
0.0482518,4.796,3.84217e-06,1167.19
0.0492518,4.862,3.88952e-06,1239.48
0.0502495,4.928,3.6998e-06,1377.41
0.0512569,4.982,3.99018e-06,1408.84
0.0522533,5.044,3.85684e-06,1569.03
0.0532625,5.084,3.80815e-06,1602.47
0.0542577,5.132,3.82225e-06,1649.29
0.0552577,5.168,3.88478e-06,1675.89
0.0562633,5.222,3.95368e-06,1722.36
0.0572665,5.28,3.77272e-06,1768.8
0.0582677,5.34,3.72754e-06,1878.2
0.0592697,5.41,3.91007e-06,1922.95
0.0602722,5.466,4.09184e-06,1992.42
0.0612746,5.526,3.65061e-06,2138.66
0.0622765,5.58,3.74096e-06,2215.8
0.0632748,5.64,4.05215e-06,2299.2
0.0642834,5.688,3.84542e-06,2299.33
0.0652798,5.752,3.62015e-06,2457.25
0.0662786,5.8,3.78712e-06,2490
0.0672891,5.858,4.11056e-06,2536.92
0.0682934,5.928,3.74409e-06,2649.41
0.0692862,5.972,3.54509e-06,2729.61
0.0702881,6.034,4.14622e-06,2776.42
0.071293,6.094,3.97487e-06,2972.58
0.0722998,6.15,3.59838e-06,3103.75
0.073292,6.214,3.76155e-06,3258.1
0.0743011,6.286,4.0548e-06,3286.1
0.0753012,6.352,3.79691e-06,3510.05
0.0763032,6.45,3.73476e-06,3661.75
0.0772946,6.496,3.89753e-06,3734.99
0.0783106,6.552,3.92955e-06,3767.65
0.07931,6.596,3.80982e-06,3924.39
0.0803095,6.65,3.75396e-06,4027.75
0.0813108,6.73,4.04772e-06,4210.55
0.0823157,6.814,3.75662e-06,4585.7
0.0833195,6.898,3.73933e-06,4679.8
0.0843134,6.988,3.9594e-06,5055.93
0.0853299,7.04,3.80945e-06,5277.2
0.086322,7.092,3.66945e-06,5329.77
0.0873241,7.158,3.94755e-06,5420.52
0.0883356,7.23,4.02922e-06,5964.55
0.0893388,7.31,3.51261e-06,6074.95
0.0903229,7.366,3.90522e-06,6192.02
0.0913225,7.434,4.11398e-06,6258.82
0.0923414,7.492,3.7758e-06,6424.97
0.0933299,7.58,3.51412e-06,6487.8
0.0943337,7.674,4.12117e-06,7011.86
0.0953459,7.752,4.0423e-06,7435.25
0.0963484,7.846,3.51496e-06,7847.14
0.0973423,7.89,3.72786e-06,7888.95
0.0983479,7.96,4.16194e-06,7945.2
0.0993523,8.04,3.86239e-06,8649.2
0.100347,8.114,3.52276e-06,8782.5
0.101343,8.206,3.79553e-06,8937.78
0.102362,8.298,4.21935e-06,9064.6
0.103364,8.37,3.68636e-06,9140.55
0.104353,8.444,3.56091e-06,9269.43
0.105357,8.538,4.12002e-06,9678.28
0.106371,8.602,3.83815e-06,9767.8
0.107365,8.654,3.71749e-06,9807.14
0.108366,8.712,3.89079e-06,10010.5
0.109375,8.788,3.93543e-06,10179.5
0.110371,8.858,3.78451e-06,10256.9
0.111379,8.934,3.8063e-06,10550.8
0.112373,9.01,3.87886e-06,10950.9
0.113381,9.074,3.97334e-06,11140.3
0.114381,9.156,3.77628e-06,11361.8
0.115374,9.236,3.75075e-06,11754.2
0.116385,9.316,4.021e-06,11790.1
0.117387,9.398,3.87141e-06,12347.8
0.118387,9.484,3.63676e-06,12796.9
0.119389,9.56,3.92828e-06,12935.2
0.12039,9.656,4.00962e-06,13364.8
0.1214,9.754,3.72045e-06,14104.7
0.122395,9.856,3.71816e-06,14481.6
0.1234,9.956,4.06183e-06,14541
0.124412,10.046,3.81827e-06,14671.9
0.125399,10.146,3.67534e-06,15464.3
0.126401,10.222,3.80833e-06,15714.4
0.127409,10.3,3.9493e-06,16033
0.128409,10.4,3.68635e-06,16118
0.129413,10.52,3.88666e-06,16410.8
0.130407,10.606,3.96971e-06,16589.4
0.131416,10.694,3.7704e-06,16750.2
0.132418,10.792,3.7084e-06,16936.4
0.133408,10.902,3.95178e-06,17096.2
0.134422,11.03,3.8349e-06,17228.6
0.135424,11.154,3.78141e-06,17995.1
0.136418,11.28,3.74018e-06,18974.8
0.13743,11.384,4.12594e-06,19120.3
0.13843,11.5,3.78019e-06,19219
0.139428,11.62,3.61086e-06,19707.8
0.14043,11.722,4.12418e-06,19896.4
0.141437,11.854,3.90878e-06,20710.3
0.142425,11.928,3.59983e-06,20983.4
0.143422,12.034,3.82609e-06,21222.4
0.144443,12.124,3.98125e-06,21494.3
0.145448,12.242,3.7399e-06,21765.7
0.146443,12.324,3.74533e-06,22239.5
0.147449,12.428,4.01478e-06,22618.4
0.148453,12.554,3.80064e-06,22881.5
0.149455,12.654,3.71739e-06,22985.1
0.150444,12.718,3.87279e-06,23855.2
0.151457,12.822,3.93527e-06,24691.2
0.152458,12.944,3.88605e-06,25008.4
0.153458,13.082,3.78532e-06,25807.6
0.154454,13.22,3.81629e-06,25953.8
0.155464,13.294,4.07668e-06,26323.8
0.156465,13.382,3.76827e-06,26764
0.157465,13.494,3.75228e-06,27081
0.158463,13.6,3.99125e-06,27744
0.159472,13.718,3.98383e-06,27955.2
0.160469,13.884,3.59932e-06,28361.3
0.161472,14.054,3.82197e-06,29253.5
0.162474,14.198,4.13582e-06,29337.4
0.163482,14.318,3.69383e-06,29990.4
0.164474,14.426,3.64153e-06,30242.3
0.165473,14.512,4.08793e-06,30550.9
0.166493,14.698,3.77382e-06,31631.4
0.1675,14.812,3.49986e-06,31860.3
0.168482,14.92,3.8401e-06,32066.8
0.169493,15.074,4.13001e-06,32420.3
0.170499,15.19,3.76259e-06,33034.9
0.171493,15.368,3.68245e-06,34024.3
0.172493,15.506,3.88846e-06,35259
0.173504,15.602,4.15742e-06,35937.8
0.174502,15.708,3.63831e-06,36299.4
0.175501,15.852,3.5766e-06,36787
0.176503,16.032,4.08658e-06,39311.5
0.177511,16.192,3.95616e-06,39497.6
0.178518,16.296,3.55594e-06,40400.2
0.179508,16.468,3.7698e-06,41060.5
0.180511,16.588,4.14072e-06,41977.1
0.181521,16.746,3.81126e-06,42616.7
0.182507,16.898,3.66478e-06,43495.8
0.183515,17.098,3.90153e-06,45330.2
0.18452,17.262,4.15493e-06,46110.7
0.185526,17.39,3.68454e-06,47628.9
0.186517,17.516,3.73509e-06,48400.9
0.187531,17.724,3.99372e-06,49055.9
0.188532,17.944,3.9197e-06,50178.4
0.189527,18.132,3.67829e-06,54597.3
0.190531,18.326,3.95759e-06,56111.9
0.191535,18.46,3.84441e-06,57536.2
0.192539,18.622,3.74723e-06,59257.6
0.193537,18.752,4.00794e-06,60375.2
0.194544,18.926,3.76209e-06,60938.3
0.195539,19.198,3.75956e-06,63207.4
0.196545,19.426,3.88565e-06,64802.3
0.197549,19.614,4.02971e-06,65812.5
0.198543,19.814,3.54243e-06,69185.7
0.199569,20.002,3.82673e-06,69947
0.200544,20.144,3.92474e-06,71121.6
0.201559,20.286,3.7716e-06,71826.1
0.202553,20.446,3.69103e-06,72399.5
0.203563,20.596,4.04619e-06,73812.4
0.204567,20.796,3.89449e-06,77085.2
0.20556,21.024,3.66421e-06,78691.7
0.206566,21.164,3.97697e-06,79660.6
0.207565,21.382,3.94423e-06,80554
0.208567,21.534,3.74068e-06,81470.4
0.209569,21.832,3.79754e-06,86719.9
0.210575,22.002,4.00851e-06,88175
0.21158,22.19,3.86336e-06,89908.9
0.21258,22.466,3.68109e-06,90996.4
0.213575,22.636,3.81998e-06,92169.8
0.214582,22.806,4.02282e-06,93136.2
0.215581,23.098,3.81667e-06,95074.2
0.216584,23.3,3.60714e-06,97835
0.217585,23.616,4.02419e-06,100848
0.218595,23.872,3.84852e-06,102742
0.219592,24.204,3.71296e-06,104947
0.220592,24.376,3.84285e-06,106347
0.221591,24.674,3.8494e-06,108522
0.222596,24.886,3.78475e-06,110489
0.223601,25.102,3.95949e-06,111638
0.224601,25.396,3.73401e-06,115352
0.225605,25.596,3.81825e-06,115674
0.226608,25.826,3.99604e-06,117034
0.227615,26.176,3.84724e-06,119243
0.228609,26.448,3.82138e-06,127584
0.229609,26.734,3.83092e-06,133000
0.230605,26.97,3.78399e-06,135077
0.231615,27.204,4.0149e-06,136903
0.232616,27.41,3.80934e-06,138321
0.233621,27.666,3.65058e-06,140027
0.234618,27.93,4.05753e-06,142239
0.235623,28.164,3.85826e-06,146415
0.236627,28.412,3.68276e-06,148465
0.237623,28.632,3.98624e-06,151786
0.238631,28.864,3.87867e-06,153445
0.239633,29.196,3.77449e-06,156531
0.240629,29.462,3.8329e-06,158586
0.241633,29.762,3.90984e-06,159449
0.242639,30.036,3.72403e-06,162907
0.243639,30.354,3.83152e-06,166142
0.244643,30.638,4.00987e-06,170099
0.245649,31.096,3.67884e-06,176149
0.246646,31.35,3.95054e-06,178902
0.247652,31.722,3.97086e-06,183542
0.248667,32.264,3.59876e-06,190699
0.249653,32.538,3.60947e-06,192934
0.250648,32.816,3.77322e-06,193839
0.25164,33.188,3.746e-06,195988
0.252654,33.484,3.66628e-06,198407
0.253655,33.934,3.92269e-06,208927
0.254658,34.208,3.95189e-06,211984
0.255669,34.63,3.78599e-06,218737
0.256663,34.984,3.60061e-06,221528
0.257661,35.404,4.03765e-06,224760
0.258674,35.68,3.95642e-06,230853
0.259677,36.104,3.63207e-06,234767
0.260665,36.494,3.86952e-06,239287
0.261676,36.858,3.89128e-06,241821
0.262678,37.478,3.7427e-06,249245
0.263676,37.926,4.05506e-06,255894
0.264691,38.296,3.71228e-06,262924
0.265678,38.648,3.63021e-06,263160
0.266678,38.982,4.07401e-06,265213
0.267694,39.446,4.05645e-06,271762
0.268688,39.894,3.52249e-06,277729
0.269685,40.402,3.72966e-06,296892
0.270692,40.816,4.31164e-06,300671
0.271698,41.332,3.6947e-06,305205
0.272694,41.846,3.47599e-06,314427
0.273692,42.164,4.10977e-06,319041
0.274704,42.654,3.99833e-06,326609
0.275705,43.12,3.67241e-06,329077
0.276701,43.564,3.98171e-06,335883
0.277705,44.014,3.81355e-06,343385
0.278712,44.414,3.71259e-06,349215
0.279709,45.02,3.93228e-06,355210
0.280716,45.666,3.91455e-06,360171
0.281715,46.07,3.7468e-06,363243
0.282716,46.696,3.87938e-06,371956
0.283717,47.234,3.87571e-06,375990
0.284722,47.788,3.88274e-06,389004
0.285715,48.454,3.71189e-06,392646
0.286718,48.88,3.76601e-06,398609
0.287721,49.398,4.03064e-06,406444
0.288731,49.932,3.80789e-06,419112
0.289731,50.346,3.7567e-06,425197
0.290733,51.024,3.95374e-06,439916
0.291739,51.568,3.81993e-06,445055
0.29274,52.02,3.80178e-06,447246
0.293738,52.766,3.88873e-06,458476
0.294746,53.164,3.85878e-06,466637
0.295742,53.732,3.81729e-06,475602
0.296742,54.494,3.77184e-06,492821
0.297745,55.062,3.96547e-06,521921
0.298753,55.79,3.83967e-06,530751
0.299749,56.556,3.65094e-06,555055
0.300738,57.3,3.88729e-06,564455
0.30176,58.162,3.94539e-06,582836
0.302759,58.896,3.77848e-06,590039
0.303754,60.036,3.75458e-06,620113
0.304761,60.818,3.96163e-06,628054
0.305765,61.84,3.71438e-06,643953
0.306764,62.848,3.95844e-06,672710
0.307763,63.47,3.88371e-06,681783
0.30877,64.066,3.69489e-06,682567
0.309767,64.984,3.97179e-06,704816
0.310776,65.724,3.93779e-06,715286
0.311779,66.548,3.75612e-06,729430
0.312774,67.402,3.65438e-06,741294
0.313775,68.61,4.03583e-06,804921
0.314785,69.704,3.97735e-06,849196
0.315789,70.688,3.67352e-06,876941
0.31678,71.548,3.69978e-06,890600
0.317787,72.612,4.15275e-06,901609
0.318789,73.654,3.94176e-06,928031
0.319791,74.974,3.63331e-06,960753
0.32079,75.966,3.84649e-06,976954
0.321792,77.348,4.09271e-06,995123
0.3228,78.34,3.74693e-06,1.02386e+06
0.323797,79.572,3.71697e-06,1.06888e+06
0.324797,80.644,3.93654e-06,1.09824e+06
0.325808,82.118,3.821e-06,1.16612e+06
0.3268,83.212,3.82771e-06,1.20996e+06
0.327804,84.32,3.83803e-06,1.23325e+06
0.328811,85.832,3.84227e-06,1.2761e+06
0.329804,86.984,3.78656e-06,1.29298e+06
0.330804,88.736,3.84405e-06,1.35719e+06
0.331818,90.608,3.52632e-06,1.4079e+06
0.332823,92.432,3.27384e-06,1.46705e+06
0.333837,94.372,3.61909e-06,1.52822e+06
0.334853,96.042,3.66688e-06,1.5775e+06
0.335827,98.256,3.83881e-06,1.68362e+06
0.336824,99.908,3.98149e-06,1.74779e+06
0.337832,101.038,3.95495e-06,1.77786e+06
0.338829,102.594,3.71168e-06,1.80484e+06
0.33983,104.24,4.0063e-06,1.85809e+06
0.340838,105.95,3.93865e-06,1.93763e+06
0.341837,107.63,3.57445e-06,1.99236e+06
0.342833,108.928,4.06666e-06,2.02298e+06
0.343845,111.106,4.01552e-06,2.08991e+06
0.34484,112.788,3.55882e-06,2.12964e+06
0.345835,114.736,3.81922e-06,2.22928e+06
0.346848,116.31,4.23631e-06,2.26756e+06
0.347853,117.996,3.63749e-06,2.33432e+06
0.348845,119.668,3.7092e-06,2.3626e+06
0.349861,121.872,4.12592e-06,2.48038e+06
0.350858,124.236,3.69561e-06,2.55515e+06
0.351851,126.42,3.71178e-06,2.63693e+06
0.352851,128.628,4.07477e-06,2.74639e+06
0.353864,131.152,3.73794e-06,2.80343e+06
0.354857,133.754,3.70017e-06,2.93509e+06
0.355863,135.824,4.08791e-06,3.00789e+06
0.356873,138.826,3.80555e-06,3.15969e+06
0.357864,140.88,3.75812e-06,3.26247e+06
0.35887,143.508,3.94335e-06,3.35425e+06
0.359871,145.632,3.79838e-06,3.47823e+06
0.360872,148.24,3.84449e-06,3.57914e+06
0.361883,151.424,3.95345e-06,3.63741e+06
0.362883,153.916,3.7876e-06,3.70543e+06
0.363883,156.912,3.70526e-06,3.80877e+06
0.364878,159.58,4.17772e-06,3.91567e+06
0.365885,163.356,3.78027e-06,4.01477e+06
0.366887,166.338,3.73394e-06,4.11561e+06
0.367883,169.372,3.77089e-06,4.28636e+06
0.368887,172.994,3.96749e-06,4.4282e+06
0.369899,176.612,3.87913e-06,4.55334e+06
0.370891,180.746,3.7713e-06,4.7303e+06
0.371893,184.834,3.74433e-06,4.90564e+06
0.372898,187.95,3.94733e-06,5.11793e+06
0.373904,192.476,3.89307e-06,5.32861e+06
0.374908,196.718,3.71642e-06,5.49468e+06
0.375892,200.484,3.65013e-06,5.65137e+06
0.376901,205.344,4.06122e-06,5.85215e+06
0.377909,208.786,4.0282e-06,5.95099e+06
0.378908,212.002,3.52614e-06,6.02903e+06
0.379909,216.022,3.88131e-06,6.19347e+06
0.380911,220.77,4.09707e-06,6.30724e+06
0.381921,225.844,3.56349e-06,6.49169e+06
0.382917,229.29,3.79263e-06,6.76261e+06
0.38392,234.834,4.16907e-06,6.945e+06
0.384927,239.41,3.71103e-06,7.02642e+06
0.385917,244.224,3.54705e-06,7.24621e+06
0.386921,249.138,4.13918e-06,7.41499e+06
0.387938,253.262,3.83728e-06,7.58228e+06
0.388932,258.662,3.57862e-06,7.91189e+06
0.389928,263.892,3.90953e-06,8.25743e+06
0.39093,270.32,4.04275e-06,8.51899e+06
0.391937,276.336,3.77048e-06,8.66805e+06
0.392939,282.384,3.67933e-06,8.92003e+06
0.393937,288.284,3.77139e-06,9.19073e+06
0.39494,294.664,4.19293e-06,9.5003e+06
0.395953,301.306,3.74075e-06,9.68022e+06
0.39694,307.834,3.57635e-06,9.96911e+06
0.397937,314.402,4.06356e-06,1.01382e+07
0.398968,320.502,3.8025e-06,1.02276e+07
0.39994,326.664,3.5017e-06,1.05497e+07
0.400964,333.664,3.81628e-06,1.06737e+07
0.401953,340.598,3.97927e-06,1.06699e+07
0.402957,345.326,3.72435e-06,1.07889e+07
0.403958,350.804,3.84954e-06,1.09814e+07
0.404962,358.276,3.90376e-06,1.11919e+07
0.405961,365.724,3.89518e-06,1.13345e+07
0.406969,372.904,3.88473e-06,1.1754e+07
0.407967,380.924,3.80082e-06,1.21417e+07
0.408973,387.494,3.91767e-06,1.23402e+07
0.409974,393.484,3.96849e-06,1.25671e+07
0.410969,399.792,3.62123e-06,1.26803e+07
0.411979,406.938,3.99562e-06,1.27534e+07
0.412981,413.984,3.8922e-06,1.28238e+07
0.413983,423.088,3.71852e-06,1.28585e+07
0.414977,430.604,3.84358e-06,1.29775e+07
0.415987,437.946,3.95657e-06,1.29849e+07
0.416982,444.846,3.80838e-06,1.30596e+07
0.417989,452.634,3.78467e-06,1.31249e+07
0.418988,461.92,3.90056e-06,1.30609e+07
0.419993,470.37,3.77348e-06,1.30892e+07
0.420992,477.654,3.94173e-06,1.31479e+07
0.421995,484.532,3.76218e-06,1.32903e+07
0.423001,493.11,3.68849e-06,1.29227e+07
0.423998,502.786,3.98927e-06,1.29233e+07
0.425011,510.534,3.90457e-06,1.30407e+07
0.426002,519.138,3.66636e-06,1.30129e+07
0.427004,526.514,3.79282e-06,1.31368e+07
0.428003,535.2,4.02105e-06,1.30129e+07
0.429011,544.74,3.7211e-06,1.30485e+07
0.430008,554.768,3.64607e-06,1.30793e+07
0.431008,563.026,3.90795e-06,1.30093e+07
0.432024,571.588,3.99037e-06,1.31464e+07
0.433019,579.986,3.72539e-06,1.30113e+07
0.434016,588.832,3.69374e-06,1.29459e+07
0.43502,596.294,4.03271e-06,1.29134e+07
0.436026,605.774,3.88439e-06,1.29944e+07
0.437028,615.138,3.76511e-06,1.27918e+07
0.43802,627.578,3.84086e-06,1.23577e+07
0.439031,635.414,3.81042e-06,1.23709e+07
0.440034,644.398,3.92837e-06,1.22643e+07
0.441037,652.962,3.81277e-06,1.21276e+07
0.442038,660.704,3.72155e-06,1.20346e+07
0.443034,670.934,3.86793e-06,1.18749e+07
0.444043,681.224,3.99341e-06,1.1761e+07
0.445054,691.528,3.59344e-06,1.14033e+07
0.446041,699.376,3.80607e-06,1.1248e+07
0.447046,711.622,4.10275e-06,1.03804e+07
0.448058,720.544,3.67141e-06,1.01604e+07
0.449044,727.306,3.79372e-06,1.01801e+07
0.450052,736.412,4.02096e-06,9.76391e+06
0.451058,745.624,3.95905e-06,9.52096e+06
0.452052,754.36,3.58101e-06,9.25319e+06
0.453063,762.658,4.08128e-06,9.26186e+06
0.45406,771.65,3.88461e-06,9.20604e+06
0.455073,783.442,3.74115e-06,8.90206e+06
0.456058,790.796,4.01578e-06,8.87376e+06
0.45707,800.124,3.80939e-06,8.81781e+06
0.458071,809.44,3.7186e-06,8.38889e+06
0.459068,817.368,4.00122e-06,8.31245e+06
0.460076,826.168,3.90902e-06,7.71438e+06
0.461069,836.072,3.61861e-06,7.37083e+06
0.46207,845.356,3.81617e-06,7.06323e+06
0.463081,853.138,4.07687e-06,6.88917e+06
0.464083,860.908,3.60752e-06,6.83734e+06
0.465078,869.434,3.88319e-06,6.67338e+06
0.46608,877.754,4.06835e-06,6.55419e+06
0.467096,886.666,3.70935e-06,6.35978e+06
0.468082,895.348,3.70433e-06,6.2173e+06
0.469089,903.454,4.05894e-06,6.13635e+06
0.470098,912.272,3.85529e-06,5.7704e+06
0.471088,920.806,3.572e-06,5.30701e+06
0.472092,928.666,4.15473e-06,5.27597e+06
0.473105,937.726,3.87535e-06,5.00062e+06
0.4741,944.722,3.54736e-06,4.82569e+06
0.475102,953.328,3.98392e-06,4.61364e+06
0.476105,961.544,3.99347e-06,4.57095e+06
0.477105,970.082,3.67487e-06,4.22055e+06
0.478098,977.532,3.85906e-06,4.24325e+06
0.479112,985.206,3.90827e-06,4.06796e+06
0.480113,993.378,3.81271e-06,3.93592e+06
0.481108,1001.01,3.81422e-06,3.85196e+06
0.482115,1008.4,3.89384e-06,3.82704e+06
0.483116,1015.69,3.84264e-06,3.7629e+06
0.484113,1024.43,3.69264e-06,3.55189e+06
0.485127,1033.14,3.89823e-06,3.22506e+06
0.486125,1040.62,4.02709e-06,3.17393e+06
0.487126,1046.99,3.65373e-06,3.13502e+06
0.488128,1054.61,3.71761e-06,3.12268e+06
0.489131,1061.59,4.07675e-06,3.10933e+06
0.490135,1069.92,3.91538e-06,2.98154e+06
0.491143,1077.77,3.57419e-06,2.86792e+06
0.492131,1085.26,3.88494e-06,2.84573e+06
0.493138,1092.24,4.03003e-06,2.81468e+06
0.494147,1100.11,3.7795e-06,2.72819e+06
0.495146,1108.18,3.83812e-06,2.62102e+06
0.496124,1115.26,3.48328e-06,2.60617e+06
0.497179,1122.89,3.4456e-06,2.56471e+06
0.498111,1128.9,3.40732e-06,2.54404e+06
0.499161,1137.01,2.91587e-06,2.41907e+06
0.500142,1143.59,5.93273e-06,2.33643e+06
0.501143,1150.89,2.9396e-06,2.30401e+06
0.502193,1158.41,3.4063e-06,2.31802e+06
0.503125,1165.25,3.4688e-06,2.2809e+06
0.504181,1172.63,3.53316e-06,2.22417e+06
0.505158,1179.37,3.79602e-06,2.189e+06
0.506158,1186.86,3.81715e-06,2.17049e+06
0.507166,1193.09,4.0184e-06,2.11568e+06
0.508173,1200.08,3.90577e-06,2.02815e+06
0.509161,1207.08,3.57635e-06,1.97504e+06
0.510169,1213.85,3.91183e-06,1.96672e+06
0.511173,1221,4.07399e-06,1.90529e+06
0.512176,1227.54,3.74396e-06,1.86631e+06
0.513178,1233.93,3.65387e-06,1.84153e+06
0.514179,1240.28,4.02217e-06,1.83446e+06
0.515178,1246.4,3.89839e-06,1.81598e+06
0.516192,1252.83,3.69942e-06,1.77495e+06
0.517189,1259.64,3.84228e-06,1.71174e+06
0.518189,1265.91,3.90003e-06,1.67771e+06
0.519197,1271.93,3.80415e-06,1.63089e+06
0.520191,1277.72,3.81937e-06,1.60641e+06
0.521192,1283.26,3.90557e-06,1.58564e+06
0.522207,1289.64,3.84358e-06,1.51839e+06
0.523199,1295.45,3.66716e-06,1.49446e+06
0.5242,1301.45,4.01862e-06,1.44744e+06
0.525203,1308.1,3.98116e-06,1.39572e+06
0.526204,1313.86,3.53962e-06,1.38657e+06
0.527199,1319.87,3.88621e-06,1.35769e+06
0.528212,1325.18,4.14883e-06,1.35154e+06
0.529216,1331.84,3.57241e-06,1.31376e+06
0.530206,1337.88,3.87676e-06,1.28955e+06
0.531215,1344.02,4.04613e-06,1.27915e+06
0.532223,1350.64,3.68864e-06,1.27777e+06
0.533208,1356.48,3.70895e-06,1.25684e+06
0.534225,1362.87,4.06789e-06,1.21794e+06
0.535226,1368.13,3.87875e-06,1.18627e+06
0.536221,1373.52,3.60745e-06,1.15583e+06
0.537223,1379.36,4.06618e-06,1.11381e+06
0.538235,1385.14,3.81155e-06,1.07217e+06
0.539235,1390.92,3.62724e-06,1.02311e+06
0.540229,1395.99,3.90983e-06,1.01342e+06
0.541237,1401.63,3.98302e-06,1.01348e+06
0.542233,1407.11,3.71204e-06,989610
0.543234,1412.79,3.80796e-06,936607
0.544246,1417.96,4.00513e-06,918124
0.545231,1423.28,3.72482e-06,900821
0.546244,1428.37,3.88132e-06,880433
0.547241,1433.56,4.08207e-06,861379
0.548252,1438.65,3.57005e-06,856565
0.549246,1444.01,3.96949e-06,834225
0.550252,1449.25,4.02084e-06,824220
0.55126,1454.15,3.79158e-06,822848
0.552247,1458.84,3.67904e-06,810747
0.553258,1463.5,4.1076e-06,806127
0.554263,1467.91,3.80542e-06,781081
0.55525,1472.87,3.60936e-06,769506
0.556261,1477.63,3.99494e-06,754826
0.557271,1482.98,3.86164e-06,742375
0.558266,1487.9,3.74717e-06,718699
0.559267,1492.78,3.80775e-06,700979
0.56027,1497.34,3.91707e-06,698506
0.561273,1501.91,3.82407e-06,686051
0.562284,1506.11,3.84005e-06,676281
0.563276,1510.74,3.74204e-06,669711
0.564279,1515.34,3.88988e-06,651302
0.565284,1519.86,4.04086e-06,632355
0.566288,1524.9,3.69329e-06,625675
0.567285,1529.17,3.71795e-06,621615
0.568281,1533.44,3.99041e-06,608741
0.569297,1537.98,3.91562e-06,604343
0.570296,1542.35,3.63865e-06,596395
0.571293,1546.5,3.71587e-06,579855
0.572302,1551.03,4.03321e-06,579611
0.5733,1555.41,3.81162e-06,563557
0.574302,1559.5,3.66472e-06,549325
0.575293,1563.98,3.89969e-06,532396
0.576306,1568.18,3.98989e-06,514510
0.577303,1572.25,3.69717e-06,517263
0.578309,1576.29,3.76631e-06,520332
0.579312,1580.73,3.92735e-06,512984
0.580311,1584.71,3.76646e-06,501755
0.581316,1588.79,3.91956e-06,491232
0.582315,1592.78,3.78035e-06,485661
0.583322,1596.87,3.80215e-06,477906
0.584317,1600.79,3.95214e-06,459758
0.585328,1604.6,3.84701e-06,456684
0.586321,1608.55,3.70842e-06,439218
0.587323,1612.45,3.90745e-06,427154
0.588325,1616.23,3.98431e-06,423129
0.589335,1620.3,3.61954e-06,416300
0.59033,1623.88,3.97736e-06,420918
0.591332,1627.78,3.91141e-06,422498
0.592337,1631.86,3.80731e-06,428822
0.593335,1635.43,3.88702e-06,422484
0.594343,1639.01,3.88653e-06,411774
0.595342,1642.84,3.91257e-06,405073
0.596346,1646.46,3.84598e-06,394694
0.597347,1649.85,3.72031e-06,389767
0.598351,1653.47,3.97103e-06,390530
0.59934,1656.95,3.8041e-06,386520
0.600364,1660.69,3.49511e-06,376421
0.601336,1664.04,3.81758e-06,368441
0.602367,1667.65,4.0554e-06,361631
0.603364,1671.25,3.57699e-06,354647
0.604351,1674.62,3.75349e-06,346313
0.605364,1678.19,4.18173e-06,340928
0.606367,1681.58,3.79231e-06,335075
0.607365,1684.75,3.69358e-06,329891
0.608367,1688.13,3.75703e-06,328743
0.609374,1691.91,4.05963e-06,325602
0.610376,1695.08,3.9188e-06,322071
0.611373,1698.22,3.56462e-06,316127
0.612367,1701.19,3.83646e-06,308336
0.613383,1704.46,4.12677e-06,293904
0.614387,1707.44,3.5439e-06,288483
0.615377,1710.54,3.72045e-06,282472
0.616384,1713.81,4.1636e-06,279320
0.617388,1716.96,3.793e-06,273028
0.618383,1720.06,3.56766e-06,269882
0.619393,1723.32,4.0964e-06,268193
0.620395,1726.35,3.87576e-06,267633
0.621397,1729.43,3.53378e-06,256263
0.622395,1732.12,4.01567e-06,249684
0.623403,1735.12,4.06771e-06,242138
0.624412,1737.96,3.65979e-06,238697
0.625396,1740.89,3.72005e-06,235121
0.6264,1743.68,3.86651e-06,235295
0.627406,1746.25,3.95551e-06,233372
0.628412,1748.88,3.75649e-06,224182
0.629413,1751.87,3.76461e-06,222953
0.630405,1754.73,3.87606e-06,215987
0.631417,1757.13,3.96474e-06,215281
0.632422,1759.82,3.77111e-06,216002
0.633417,1762.54,3.73242e-06,214540
0.634419,1765.51,3.78326e-06,211169
0.635426,1768.36,4.16007e-06,210742
0.636421,1770.88,3.7105e-06,205525
0.637421,1773.53,3.78207e-06,202838
0.638421,1776.02,3.9523e-06,202989
0.639432,1778.67,3.83966e-06,198835
0.640433,1781.14,3.80673e-06,192250
0.641434,1783.8,3.9413e-06,187427
0.642441,1786.24,3.73619e-06,186114
0.643431,1788.7,3.82217e-06,180663
0.644441,1791.29,4.08323e-06,177611
0.645447,1793.72,3.68953e-06,174948
0.64644,1796.14,3.75786e-06,174110
0.647453,1798.38,4.07882e-06,170844
0.648453,1800.77,3.69625e-06,166137
0.649447,1803.06,3.70225e-06,167002
0.650443,1805.48,4.14614e-06,168403
0.651459,1807.65,3.68992e-06,166363
0.652451,1809.69,3.63031e-06,161805
0.653456,1811.8,4.24636e-06,161704
0.654469,1813.93,3.80543e-06,160415
0.655464,1815.9,3.56983e-06,155523
0.656459,1818.03,4.01176e-06,153516
0.657471,1820.18,4.05223e-06,148394
0.658467,1822.15,3.57896e-06,147720
0.659466,1824.24,3.96087e-06,146151
0.660474,1826.49,3.98788e-06,145399
0.661475,1828.41,3.71149e-06,144299
0.662473,1830.36,3.97805e-06,143764
0.66348,1832.41,4.01633e-06,140591
0.664477,1834.32,3.87194e-06,142154
0.665452,1836.1,3.68381e-06,141224
0.666467,1838.03,3.60118e-06,136236
0.667481,1839.89,3.28892e-06,133569
0.668486,1841.94,3.56271e-06,131623
0.6695,1843.8,3.86012e-06,129563
0.6705,1845.63,3.77122e-06,130402
0.671493,1847.38,3.84874e-06,128902
0.6725,1849.19,3.82739e-06,127914
0.673504,1851.15,3.80929e-06,124375
0.674496,1852.97,3.83806e-06,121441
0.675508,1854.73,3.93468e-06,119310
0.676507,1856.67,3.7111e-06,118933
0.677504,1858.34,3.74548e-06,118468
0.678513,1859.89,4.0823e-06,116083
0.679515,1861.49,3.84897e-06,115485
0.680513,1863.22,3.63335e-06,113345
0.681515,1865.04,3.92469e-06,112383
0.682517,1866.68,4.15894e-06,110897
0.683524,1868.28,3.70974e-06,108413
0.684515,1869.88,3.66697e-06,106710
0.685519,1871.72,3.96597e-06,104362
0.68653,1873.52,4.03978e-06,101547
0.68753,1875.13,3.66564e-06,102649
0.688525,1876.67,3.73891e-06,103597
0.689528,1878.21,3.9294e-06,102576
0.690537,1879.74,3.97114e-06,101457
0.691534,1881.21,3.69732e-06,99308.9
0.692541,1882.69,3.88164e-06,98765.7
0.69354,1884.17,3.94245e-06,96213.2
0.694539,1885.53,3.72891e-06,97130.6
0.695543,1887.09,3.96664e-06,95096.6
0.69655,1888.4,3.74012e-06,93861.6
0.697546,1889.83,3.7746e-06,90649.2
0.698544,1891.29,3.95146e-06,89666.1
0.699566,1892.87,3.87223e-06,88610.5
0.700555,1894.16,3.65981e-06,87151.9
0.701551,1895.55,3.84082e-06,83267.8
0.702559,1896.96,3.96294e-06,82515.4
0.703563,1898.18,3.77793e-06,81057.1
0.704563,1899.51,3.82736e-06,79128.9
0.705558,1900.85,3.85649e-06,79292.4
0.706566,1902.21,3.8844e-06,77788.4
0.707565,1903.47,3.79184e-06,78432.6
0.708565,1904.74,3.82685e-06,77297.2
0.709571,1906.04,3.94576e-06,74741.4
0.710573,1907.14,3.75127e-06,74331.5
0.711574,1908.25,3.81285e-06,71949.8
0.712583,1909.58,4.0276e-06,71317.6
0.713586,1910.7,3.76552e-06,70049.8
0.71459,1911.88,3.71404e-06,68748
0.715582,1913.06,3.88043e-06,66902.2
0.716587,1914.23,3.89057e-06,64840.5
0.717588,1915.34,3.88386e-06,64700.5
0.718589,1916.35,3.76227e-06,64557.1
0.719588,1917.47,3.90845e-06,64386.5
0.720595,1918.53,3.92997e-06,62756.5
0.721592,1919.75,3.70739e-06,61671.8
0.722599,1920.79,3.8221e-06,61050.9
0.723604,1921.88,3.97671e-06,60542.8
0.724599,1922.82,3.66676e-06,59843.8
0.7256,1923.96,4.00001e-06,61027.4
0.726612,1925.1,4.10718e-06,59406.2
0.72761,1926.22,3.47713e-06,57464.7
0.728606,1927.28,3.68732e-06,55649.7
0.729612,1928.37,4.33116e-06,56184.8
0.730619,1929.25,3.72603e-06,56300.2
0.731616,1930.24,3.5267e-06,55084.2
0.73261,1931.33,4.05852e-06,54583.9
0.733626,1932.2,4.07482e-06,53824.8
0.734626,1933.09,3.64282e-06,52592.1
0.735614,1934,3.72452e-06,51226
0.736628,1934.81,4.02709e-06,51119.7
0.737627,1935.75,3.75201e-06,50246.7
0.738629,1936.7,3.92072e-06,50664.2
0.739639,1937.64,3.85865e-06,48735.5
0.740627,1938.63,3.62511e-06,47742.8
0.74163,1939.42,3.94961e-06,47450
0.742643,1940.36,4.04079e-06,45875.5
0.743641,1941.2,3.6078e-06,44610.8
0.744636,1942.06,3.78459e-06,44303.1
0.745646,1942.9,3.93845e-06,44289.4
0.746649,1943.75,3.94194e-06,43764.7
0.74765,1944.61,3.69017e-06,43533.4
0.748664,1945.45,3.72336e-06,42965.8
0.749657,1946.29,3.75957e-06,43182.1
0.750651,1947.13,3.62289e-06,42051.1
0.751637,1947.89,3.62162e-06,41145.4
0.752653,1948.65,3.9493e-06,40214.3
0.753658,1949.29,3.93774e-06,39044.1
0.754655,1949.98,3.68984e-06,38464.8
0.755661,1950.81,4.01458e-06,38201.6
0.756666,1951.56,3.81909e-06,38147.3
0.757665,1952.23,3.73196e-06,37964.5
0.758671,1952.95,3.91887e-06,36976.8
0.759675,1953.75,3.82263e-06,36226.7
0.760671,1954.42,3.76615e-06,34478
0.761673,1955.02,3.88492e-06,34047.9
0.762681,1955.67,3.98318e-06,33794.9
0.763677,1956.38,3.67976e-06,32355.8
0.764681,1957.1,3.86956e-06,32677.4
0.765686,1957.74,4.04639e-06,32303.7
0.766683,1958.4,3.65752e-06,32274.4
0.767688,1959.1,3.80991e-06,31703.8
0.76869,1959.79,3.99043e-06,31053.8
0.769699,1960.4,3.78545e-06,31130.2
0.770695,1961.11,3.8375e-06,29510.2
0.771695,1961.71,3.81309e-06,29346.1
0.772689,1962.28,3.83106e-06,29316.8
0.773696,1962.95,4.00318e-06,28006.6
0.774699,1963.57,3.82958e-06,27292.4
0.775704,1964.15,3.74459e-06,26895
0.776703,1964.76,3.95167e-06,26433.7
0.777708,1965.31,3.78117e-06,25691.3
0.778714,1965.86,3.84563e-06,25154.9
0.779712,1966.49,3.843e-06,24378.9
0.780712,1967.01,3.70042e-06,23700.9
0.781709,1967.51,3.84295e-06,23189
0.782719,1967.93,4.03108e-06,22967.7
0.78372,1968.51,3.59906e-06,22906.9
0.784723,1969.05,3.81109e-06,22429.9
0.785723,1969.53,4.0086e-06,21914.5
0.786729,1970.05,3.83378e-06,21545.7
0.787724,1970.52,3.68274e-06,21170.8
0.788725,1970.97,3.86123e-06,21087.6
0.78973,1971.47,3.99591e-06,21182.5
0.790735,1971.98,3.81419e-06,20573.9
0.791738,1972.43,3.72938e-06,19810.4
0.792739,1972.94,3.94341e-06,19748.2
0.793738,1973.38,3.98781e-06,19347.3
0.794744,1973.79,3.65995e-06,19254.1
0.795737,1974.18,3.90803e-06,19287.1
0.796742,1974.61,4.04603e-06,18806.5
0.797751,1975.04,3.67228e-06,18229.2
0.798746,1975.45,3.79933e-06,17741.9
0.79976,1975.87,3.90891e-06,17555.3
0.800735,1976.22,3.81736e-06,17379.8
0.801762,1976.61,3.56392e-06,17252.7
0.802755,1977.06,4.01448e-06,16869.3
0.803759,1977.43,3.89224e-06,16698.7
0.804765,1977.85,3.76977e-06,15933
0.805761,1978.29,3.76515e-06,15565.4
0.806767,1978.64,4.00459e-06,15512.6
0.807766,1979.01,3.74099e-06,15196.9
0.808769,1979.41,3.85996e-06,14895.1
0.809774,1979.84,3.96401e-06,14810.6
0.810777,1980.2,3.67922e-06,14666.6
0.811772,1980.57,3.91207e-06,14430.7
0.812773,1980.95,4.00484e-06,13959.5
0.813787,1981.32,3.74137e-06,13516.4
0.814778,1981.71,3.67303e-06,13050.1
0.815784,1982.01,4.1494e-06,12851.9
0.816789,1982.37,3.90975e-06,12790
0.817797,1982.73,3.65641e-06,12798.1
0.818783,1983.08,3.80911e-06,12528
0.819793,1983.36,4.14968e-06,12321.2
0.820796,1983.65,3.78735e-06,11903.8
0.821787,1983.99,3.55811e-06,11451
0.822793,1984.32,3.94844e-06,10862.8
0.823801,1984.58,4.10092e-06,10627.8
0.824803,1984.96,3.59221e-06,10379
0.825802,1985.21,3.62713e-06,10153.5
0.8268,1985.45,4.15154e-06,9967.94
0.827811,1985.72,3.91592e-06,9821.91
0.828811,1985.94,3.67608e-06,9640.43
0.829805,1986.22,3.75592e-06,9569.8
0.830811,1986.49,4.12838e-06,9762.93
0.831822,1986.73,3.8638e-06,9543.62
0.832804,1986.92,3.51363e-06,9303.96
0.833811,1987.16,3.76884e-06,8937.2
0.834831,1987.4,4.1024e-06,8738.2
0.83583,1987.65,3.65267e-06,8684.05
0.836822,1987.91,3.68927e-06,8662.95
0.83783,1988.16,4.13147e-06,8644.52
0.838832,1988.4,3.82681e-06,8272
0.839835,1988.69,3.59597e-06,8055.33
0.840832,1988.97,3.97067e-06,7681.49
0.841841,1989.16,3.99491e-06,7457.88
0.842839,1989.38,3.74566e-06,7211.56
0.843839,1989.62,3.77139e-06,7034.27
0.844841,1989.84,4.06274e-06,6722.55
0.84585,1990.02,3.8267e-06,6712.76
0.846846,1990.25,3.76953e-06,6602.74
0.847846,1990.45,3.88007e-06,6533.54
0.848847,1990.66,3.9345e-06,6243.55
0.849861,1990.86,3.87573e-06,6067.63
0.85085,1991.09,3.71047e-06,5823.77
0.851851,1991.27,3.81031e-06,5709.46
0.852855,1991.5,4.02808e-06,5590.99
0.853861,1991.69,3.746e-06,5384.57
0.854857,1991.9,3.73521e-06,5195
0.855861,1992.1,3.99357e-06,4984.2
0.856882,1992.28,3.84021e-06,4792.36
0.857879,1992.48,3.58599e-06,4622.76
0.858867,1992.59,3.91335e-06,4572.77
0.859874,1992.73,4.11355e-06,4444.55
0.860877,1992.9,3.61246e-06,4273.39
0.861874,1993.09,3.78333e-06,4127.77
0.862874,1993.25,4.11619e-06,4114.25
0.863887,1993.44,3.74696e-06,4105.32
0.864881,1993.61,3.79008e-06,3977.38
0.865882,1993.74,3.82757e-06,3943.23
0.866896,1993.92,3.94848e-06,3856.47
0.867886,1994.08,3.72402e-06,3705.64
0.868888,1994.24,3.78149e-06,3655.2
0.869897,1994.43,3.97357e-06,3460.82
0.870891,1994.56,3.88213e-06,3399.08
0.871895,1994.72,3.69317e-06,3283.67
0.872895,1994.87,3.9459e-06,3280.02
0.873903,1994.99,3.82207e-06,3264.98
0.874905,1995.13,3.66885e-06,3223.81
0.875892,1995.25,3.82898e-06,3120.74
0.876904,1995.38,4.056e-06,3029.56
0.877909,1995.49,3.72532e-06,2912.97
0.878905,1995.59,3.71702e-06,2854.77
0.879914,1995.71,3.99459e-06,2797.78
0.880915,1995.82,3.93466e-06,2685.07
0.881918,1995.95,3.62956e-06,2610.85
0.882918,1996.08,3.85037e-06,2508.8
0.883919,1996.17,4.00806e-06,2423.21
0.88493,1996.25,3.74794e-06,2423.25
0.885923,1996.35,3.77544e-06,2351.75
0.886923,1996.46,3.95978e-06,2354.2
0.887932,1996.58,3.89254e-06,2323.96
0.888925,1996.66,3.80255e-06,2289.88
0.889933,1996.75,3.78429e-06,2204.74
0.890929,1996.84,3.93457e-06,2131.88
0.891938,1996.93,3.89536e-06,2034.82
0.89294,1996.98,3.69432e-06,1971.87
0.893933,1997.07,3.84136e-06,1902.26
0.894947,1997.16,4.13047e-06,1869.2
0.895952,1997.27,3.5534e-06,1824.55
0.896941,1997.33,3.67602e-06,1796.55
0.897943,1997.42,4.21489e-06,1715.47
0.898961,1997.5,3.79392e-06,1623
0.899957,1997.59,3.51946e-06,1576.95
0.900952,1997.68,3.85393e-06,1521.16
0.901956,1997.75,4.16231e-06,1449.25
0.902962,1997.8,3.7504e-06,1417.4
0.903956,1997.88,3.50248e-06,1395.27
0.904958,1997.95,4.04404e-06,1363.94
0.905971,1998.03,4.12256e-06,1340.66
0.906974,1998.08,3.52486e-06,1310.47
0.907963,1998.16,3.78026e-06,1250.52
0.908982,1998.24,4.10906e-06,1206.15
0.909981,1998.32,3.92666e-06,1151.16
0.910965,1998.37,3.51463e-06,1112.55
0.911969,1998.46,4.04039e-06,988.118
0.91298,1998.53,3.93518e-06,966.662
0.913982,1998.57,3.69012e-06,934.55
0.914974,1998.61,3.81003e-06,904.728
0.915991,1998.65,3.96296e-06,854.048
0.916985,1998.7,3.73929e-06,809.792
0.917988,1998.74,3.76601e-06,788.678
0.918993,1998.79,4.04002e-06,763.528
0.919995,1998.84,3.75394e-06,757.878
0.920994,1998.86,3.81118e-06,746.2
0.921994,1998.89,3.93054e-06,744.95
0.92301,1998.94,3.90924e-06,723.078
0.924001,1999.01,3.71505e-06,678.982
0.925003,1999.04,3.80506e-06,665.352
0.926003,1999.08,4.05955e-06,621.112
0.927012,1999.12,3.75816e-06,585.558
0.928004,1999.17,3.58882e-06,547.222
0.929011,1999.2,3.97012e-06,528.598
0.930016,1999.22,4.14279e-06,508.912
0.931018,1999.28,3.54635e-06,484.358
0.932011,1999.32,3.74705e-06,450.438
0.933015,1999.35,4.10503e-06,435.448
0.934026,1999.37,3.81409e-06,405.062
0.935024,1999.41,3.62111e-06,359.302
0.936021,1999.45,3.84158e-06,335.542
0.937029,1999.47,4.05684e-06,316.662
0.938028,1999.5,3.75442e-06,308.998
0.93903,1999.52,3.66012e-06,288.712
0.940032,1999.54,4.07388e-06,288.2
0.941035,1999.57,3.89703e-06,276.688
0.942036,1999.6,3.73787e-06,264.198
0.943038,1999.61,3.76318e-06,248.502
0.944041,1999.62,3.95588e-06,243.312
0.945046,1999.65,3.89088e-06,212.048
0.946047,1999.67,3.82611e-06,197.862
0.947042,1999.7,3.79861e-06,183
0.948051,1999.72,3.8378e-06,172.8
0.949047,1999.75,3.99003e-06,156.742
0.950055,1999.76,3.70929e-06,152.232
0.951052,1999.78,3.89382e-06,142.912
0.952052,1999.79,3.82389e-06,137.528
0.95306,1999.8,4.03836e-06,114
0.954059,1999.82,3.78481e-06,104.438
0.955064,1999.82,3.65737e-06,103.158
0.956058,1999.84,4.07524e-06,89.878
0.957072,1999.85,3.93015e-06,83.75
0.958072,1999.87,3.59733e-06,76.022
0.959066,1999.88,3.89994e-06,68.038
0.960078,1999.89,4.05096e-06,61.382
0.961076,1999.91,3.67182e-06,56.582
0.962073,1999.91,3.81205e-06,51.302
0.963077,1999.92,4.03742e-06,45.958
0.964081,1999.93,3.63696e-06,42.55
0.965083,1999.93,4.01536e-06,42.55
0.966083,1999.94,4.01739e-06,39.078
0.967089,1999.95,3.63577e-06,35.542
0.968078,1999.95,3.75835e-06,33.75
0.969094,1999.95,4.05308e-06,29.942
0.970099,1999.95,3.72655e-06,29.942
0.97109,1999.96,3.71325e-06,27.2
0.972098,1999.96,4.10276e-06,26.278
0.973101,1999.97,3.83298e-06,22.422
0.9741,1999.97,3.71593e-06,20.55
0.9751,1999.97,3.91147e-06,18.662
0.976106,1999.98,3.81644e-06,16.758
0.977106,1999.98,3.71436e-06,15.8
0.978107,1999.98,4.09133e-06,13.872
0.979119,1999.98,3.65569e-06,13.872
0.98011,1999.98,3.80477e-06,13.872
0.981112,1999.99,4.15359e-06,12.902
0.982126,1999.99,3.64695e-06,12.902
0.983113,1999.99,3.61935e-06,6.95
0.984111,1999.99,4.07242e-06,6.95
0.985131,1999.99,3.83708e-06,6.95
0.986127,1999.99,3.72641e-06,5.968
0.987127,1999.99,3.90292e-06,5.968
0.988131,2000,3.59112e-06,1.992
0.989122,2000,3.94771e-06,0.998
0.990141,2000,4.52654e-06,0
0.991157,2000,2.72765e-06,0
0.992106,2000,2.56477e-06,0
0.993129,2000,5.8608e-06,0
0.994199,2000,2.11273e-06,0
0.995132,2000,8.84008e-07,0
0.996062,2000,1.94105e-06,0
0.997241,2000,2.23755e-06,0
0.998175,2000,1.33151e-07,0
0.999087,2000,3.32876e-08,0
1,2000,0,0
0.35569,139.462,0.799729,2.23971e+06
7.13364,-1,-1,-1
