0,1,0,0
0.00117088,2.19,2.93992e-06,114.95
0.00214513,2.518,2.50347e-06,322.838
0.00313307,2.876,2.3184e-06,536.312
0.00412693,3.268,2.31218e-06,748.088
0.00512543,3.67,2.5981e-06,1066.55
0.0061336,4.026,2.68432e-06,1388.66
0.00713701,4.406,2.51001e-06,1824.58
0.0081421,4.738,2.41288e-06,2218.68
0.00914029,5.03,2.48207e-06,2664.55
0.010143,5.34,2.48472e-06,3144.2
0.0111469,5.644,2.3958e-06,3682.63
0.0121494,5.95,2.33238e-06,4269.75
0.0131485,6.24,2.23897e-06,4885.2
0.0141481,6.526,2.23211e-06,5532.66
0.0151513,6.87,2.4401e-06,6198.55
0.0161537,7.146,2.51666e-06,6788.34
0.017159,7.488,2.43904e-06,7440.93
0.0181586,7.756,2.44951e-06,8082.23
0.0191595,8.038,2.58098e-06,8798.28
0.0201609,8.406,2.36785e-06,9852.58
0.0211587,8.748,2.4547e-06,10654.2
0.0221667,9.032,2.4752e-06,11519.5
0.023168,9.34,2.48929e-06,12078.2
0.0241693,9.644,2.37303e-06,12816.6
0.0251709,10.01,2.31403e-06,13812.9
0.0261681,10.384,2.29354e-06,14498.3
0.027173,10.698,2.43716e-06,15355.4
0.0281756,11.036,2.5378e-06,16761.4
0.029178,11.37,2.61066e-06,18162.6
0.0301839,11.712,2.63608e-06,19270.5
0.0311896,12.144,2.51405e-06,21357.6
0.0321826,12.578,2.49493e-06,23326
0.0331906,12.972,2.523e-06,25909.6
0.0341851,13.384,2.564e-06,28222.3
0.035189,13.752,2.69652e-06,29545.2
0.0361941,14.098,2.55982e-06,31414.2
0.0371939,14.47,2.54333e-06,33800.6
0.0381969,14.874,2.61276e-06,35437.1
0.0391982,15.348,2.4974e-06,37573.4
0.0402057,15.794,2.45411e-06,39953.8
0.0412013,16.17,2.33147e-06,42038.6
0.0422038,16.6,2.25076e-06,44514
0.0432034,17.02,2.36398e-06,46453.8
0.0442068,17.468,2.5584e-06,48740.5
0.0452123,17.922,2.56592e-06,51336
0.0462162,18.426,2.49583e-06,53638.3
0.0472181,19.054,2.25867e-06,58149.5
0.0482152,19.57,2.28556e-06,63870.5
0.0492168,20.152,2.31761e-06,68748.4
0.0502198,20.714,2.38838e-06,71720.1
0.0512212,21.224,2.30155e-06,76032.9
0.0522242,21.768,2.42527e-06,80155.1
0.0532261,22.518,2.50745e-06,87374.8
0.0542306,23.188,2.50039e-06,94316.3
0.0552306,23.896,2.47095e-06,101257
0.0562332,24.54,2.51577e-06,107002
0.0572382,25.19,2.62706e-06,114047
0.0582365,26.132,2.55988e-06,124311
0.0592376,26.888,2.58349e-06,133348
0.0602473,27.576,2.39191e-06,143236
0.0612436,28.256,2.3104e-06,150431
0.0622457,29.348,2.5275e-06,171773
0.0632533,30.016,2.46989e-06,180384
0.0642501,30.716,2.38116e-06,188382
0.0652536,31.444,2.56175e-06,198083
0.0662592,32.206,2.34183e-06,208720
0.0672561,32.904,2.38411e-06,218011
0.0682542,33.62,2.55305e-06,226778
0.0692565,34.426,2.60588e-06,243002
0.0702618,35.368,2.46506e-06,260248
0.0712584,36.222,2.35031e-06,275006
0.0722624,37.014,2.35128e-06,287527
0.073261,38.04,2.36017e-06,301513
0.0742679,39.322,2.51137e-06,327195
0.0752723,40.234,2.59661e-06,344760
0.0762758,41.122,2.41272e-06,357088
0.0772788,42.122,2.42634e-06,390410
0.0782744,43.292,2.37617e-06,417579
0.0792785,44.452,2.56036e-06,441164
0.0802838,45.604,2.58181e-06,462832
0.0812848,46.67,2.59529e-06,490369
0.0822893,47.818,2.61256e-06,511112
0.0832935,48.958,2.38453e-06,546698
0.084289,50.314,2.31023e-06,577872
0.0852934,51.322,2.46345e-06,595673
0.0862987,52.384,2.43024e-06,614050
0.0872929,53.68,2.59977e-06,628957
0.0883002,55.016,2.57705e-06,661842
0.0893031,56.094,2.44903e-06,685053
0.0903053,57.298,2.51657e-06,708813
0.0913101,58.356,2.5737e-06,742461
0.0923062,59.642,2.6001e-06,761249
0.0933134,60.728,2.57137e-06,789793
0.0943098,62.044,2.44843e-06,814949
0.0953026,63.312,2.5924e-06,845687
0.0963096,64.918,2.64975e-06,910232
0.0973139,66.674,2.44496e-06,959708
0.0983146,68.448,2.35146e-06,1.00179e+06
0.0993187,70.262,2.40485e-06,1.04453e+06
0.100322,71.636,2.51377e-06,1.06255e+06
0.101324,73.16,2.48481e-06,1.10151e+06
0.102323,74.8,2.387e-06,1.14314e+06
0.10333,76.28,2.44407e-06,1.18799e+06
0.104331,77.922,2.39449e-06,1.23011e+06
0.105328,79.266,2.52138e-06,1.26094e+06
0.106333,81.186,2.50469e-06,1.31305e+06
0.107336,82.714,2.41419e-06,1.34587e+06
0.108343,84.216,2.46858e-06,1.37147e+06
0.10934,85.904,2.44805e-06,1.41223e+06
0.11034,87.746,2.40526e-06,1.45681e+06
0.111345,89.81,2.46128e-06,1.5132e+06
0.112345,92.092,2.46772e-06,1.58112e+06
0.113351,93.92,2.37292e-06,1.63383e+06
0.114348,95.896,2.45543e-06,1.67474e+06
0.115351,98.034,2.59829e-06,1.75153e+06
0.116353,99.974,2.36994e-06,1.80133e+06
0.117347,102.068,2.36831e-06,1.86255e+06
0.118354,104.178,2.48439e-06,1.9311e+06
0.119359,106.356,2.5292e-06,1.98043e+06
0.120365,108.652,2.38923e-06,2.02061e+06
0.121363,110.952,2.2781e-06,2.07802e+06
0.122361,113.114,2.27086e-06,2.13329e+06
0.12336,115.014,2.45088e-06,2.17587e+06
0.124364,117.728,2.70537e-06,2.24636e+06
0.125373,120.196,2.75043e-06,2.33737e+06
0.126378,122.43,2.5885e-06,2.39091e+06
0.127376,125.032,2.43126e-06,2.46454e+06
0.128377,127.736,2.32645e-06,2.51038e+06
0.129376,130.104,2.53364e-06,2.57271e+06
0.130379,132.126,2.65348e-06,2.61013e+06
0.131388,134.562,2.56519e-06,2.65723e+06
0.132389,137.474,2.36735e-06,2.72316e+06
0.133386,140.21,2.41265e-06,2.76595e+06
0.134391,142.556,2.38169e-06,2.81459e+06
0.13539,145.302,2.43118e-06,2.86312e+06
0.136391,148.254,2.46388e-06,2.926e+06
0.137399,150.698,2.27039e-06,2.98692e+06
0.138396,152.814,2.38827e-06,3.04159e+06
0.139402,155.212,2.47562e-06,3.11601e+06
0.140403,157.368,2.44685e-06,3.15586e+06
0.141405,159.89,2.45973e-06,3.22691e+06
0.142403,162.932,2.47424e-06,3.28988e+06
0.143409,165.632,2.37835e-06,3.36966e+06
0.144411,168.312,2.40532e-06,3.41423e+06
0.14541,170.764,2.37065e-06,3.442e+06
0.146414,173.434,2.3982e-06,3.5001e+06
0.147415,175.84,2.42049e-06,3.54307e+06
0.148421,178.396,2.38748e-06,3.6098e+06
0.149417,181.14,2.34814e-06,3.70352e+06
0.150421,184.004,2.44898e-06,3.7412e+06
0.151426,186.46,2.30251e-06,3.80102e+06
0.152425,189.292,2.25507e-06,3.85989e+06
0.153424,191.902,2.37163e-06,3.91827e+06
0.154432,195.002,2.48066e-06,3.98675e+06
0.155435,198.89,2.44143e-06,4.01037e+06
0.156436,202.02,2.27577e-06,4.04891e+06
0.157437,204.754,2.40988e-06,4.11962e+06
0.158439,207.694,2.52882e-06,4.18731e+06
0.159441,210.482,2.5332e-06,4.29171e+06
0.160441,213.892,2.59341e-06,4.33143e+06
0.161442,217.388,2.6e-06,4.36224e+06
0.162446,220.994,2.67517e-06,4.42877e+06
0.163452,224.41,2.62139e-06,4.46475e+06
0.164449,227.856,2.53536e-06,4.54132e+06
0.165452,230.95,2.5018e-06,4.58288e+06
0.166455,234.832,2.35301e-06,4.59586e+06
0.167457,237.978,2.20755e-06,4.6578e+06
0.168452,240.754,2.21312e-06,4.69016e+06
0.169458,243.492,2.46489e-06,4.72464e+06
0.170458,246.752,2.64033e-06,4.73799e+06
0.171472,250.134,2.58674e-06,4.77251e+06
0.172474,253.606,2.41713e-06,4.7997e+06
0.173467,256.952,2.40371e-06,4.83447e+06
0.174467,261.048,2.54001e-06,4.79221e+06
0.175471,264.636,2.55238e-06,4.84575e+06
0.176469,268.444,2.44697e-06,4.8705e+06
0.177474,271.372,2.44656e-06,4.88613e+06
0.178477,274.918,2.41094e-06,4.91267e+06
0.17948,278.248,2.41663e-06,4.9415e+06
0.180484,281.666,2.47819e-06,4.97927e+06
0.181482,285.244,2.45139e-06,5.00963e+06
0.182489,289.188,2.47839e-06,5.06232e+06
0.183487,292.884,2.48764e-06,5.03551e+06
0.184487,296.458,2.55199e-06,5.07244e+06
0.185492,300.182,2.68502e-06,5.10918e+06
0.186495,303.942,2.73195e-06,5.14355e+06
0.187501,307.198,2.49133e-06,5.21687e+06
0.1885,310.978,2.46722e-06,5.25437e+06
0.189503,314.534,2.36631e-06,5.26862e+06
0.190496,318.454,2.39077e-06,5.2711e+06
0.191505,322.096,2.49812e-06,5.28482e+06
0.192507,325.694,2.61835e-06,5.3307e+06
0.193506,329.706,2.64628e-06,5.32082e+06
0.194513,334.078,2.54203e-06,5.27414e+06
0.195513,337.824,2.41953e-06,5.2637e+06
0.196513,341.392,2.45461e-06,5.28832e+06
0.197514,345.614,2.46234e-06,5.29658e+06
0.198519,349.508,2.56138e-06,5.35139e+06
0.199519,354.004,2.47061e-06,5.33481e+06
0.200528,358.136,2.60478e-06,5.32934e+06
0.20153,361.876,2.63157e-06,5.32933e+06
0.202531,366.006,2.39392e-06,5.32446e+06
0.203533,369.75,2.39087e-06,5.3117e+06
0.204531,373.316,2.39158e-06,5.34405e+06
0.205534,377.064,2.53059e-06,5.37288e+06
0.206538,380.838,2.49501e-06,5.4063e+06
0.207535,384.256,2.59481e-06,5.41885e+06
0.208539,388.228,2.53242e-06,5.32066e+06
0.209544,391.938,2.49754e-06,5.37338e+06
0.210543,396.074,2.55324e-06,5.33838e+06
0.211544,399.642,2.43064e-06,5.30361e+06
0.212542,404,2.38406e-06,5.30148e+06
0.213544,407.894,2.41644e-06,5.30684e+06
0.214549,412.358,2.45502e-06,5.2258e+06
0.215554,416.266,2.65699e-06,5.23788e+06
0.21656,420.144,2.59515e-06,5.27507e+06
0.21756,424.416,2.52008e-06,5.25577e+06
0.218557,427.7,2.42597e-06,5.31108e+06
0.219558,431.386,2.45364e-06,5.31785e+06
0.220562,435.262,2.44728e-06,5.33661e+06
0.221563,439.538,2.47572e-06,5.2299e+06
0.222569,443.868,2.40966e-06,5.21118e+06
0.223567,448.958,2.38614e-06,5.1054e+06
0.224569,453.26,2.40757e-06,5.05545e+06
0.225571,457.184,2.50546e-06,5.06207e+06
0.226575,461.608,2.58819e-06,5.00844e+06
0.227581,465.812,2.43426e-06,4.95383e+06
0.228577,469.762,2.45376e-06,4.95667e+06
0.229577,474.192,2.54609e-06,4.87734e+06
0.230582,478.87,2.63824e-06,4.72573e+06
0.231588,482.956,2.57611e-06,4.76346e+06
0.23259,486.89,2.37631e-06,4.78815e+06
0.233584,491.148,2.32063e-06,4.8073e+06
0.234587,495.254,2.39378e-06,4.82539e+06
0.23559,498.966,2.48103e-06,4.83289e+06
0.236594,503.198,2.60222e-06,4.76521e+06
0.2376,507.538,2.53157e-06,4.75437e+06
0.238604,512.034,2.65384e-06,4.6137e+06
0.239608,516.05,2.42353e-06,4.61358e+06
0.240607,519.822,2.35913e-06,4.63655e+06
0.241606,523.742,2.39667e-06,4.61382e+06
0.242603,527.764,2.4127e-06,4.63951e+06
0.243606,531.826,2.38632e-06,4.56974e+06
0.244612,536.362,2.4282e-06,4.55111e+06
0.245613,541.088,2.51832e-06,4.48983e+06
0.246617,545.508,2.4243e-06,4.43557e+06
0.247622,549.64,2.43015e-06,4.42098e+06
0.24862,553.77,2.3575e-06,4.41716e+06
0.249618,557.976,2.33082e-06,4.40773e+06
0.250622,562.154,2.38693e-06,4.3969e+06
0.251618,566.194,2.61335e-06,4.40255e+06
0.252626,570.208,2.57659e-06,4.42406e+06
0.253626,574.706,2.60383e-06,4.42802e+06
0.254634,579.42,2.61347e-06,4.38967e+06
0.255638,583.904,2.39178e-06,4.35058e+06
0.256634,588.304,2.31667e-06,4.31538e+06
0.25763,592.808,2.53441e-06,4.33246e+06
0.258636,597.036,2.54915e-06,4.28879e+06
0.259642,601.818,2.51068e-06,4.25645e+06
0.260642,606.15,2.44678e-06,4.26802e+06
0.261643,610.616,2.5221e-06,4.17408e+06
0.262649,614.728,2.4568e-06,4.18104e+06
0.26365,619.25,2.41587e-06,4.11767e+06
0.264651,623.762,2.27185e-06,4.0035e+06
0.265647,628.22,2.37696e-06,3.89531e+06
0.266651,632.456,2.60241e-06,3.91542e+06
0.267655,636.506,2.59773e-06,3.90104e+06
0.268656,640.902,2.55948e-06,3.90337e+06
0.269661,645.142,2.48337e-06,3.91483e+06
0.270664,649.68,2.37207e-06,3.82688e+06
0.271664,653.71,2.31498e-06,3.83659e+06
0.272659,658.114,2.43475e-06,3.8477e+06
0.273672,662.472,2.54372e-06,3.81489e+06
0.274671,666.966,2.36841e-06,3.73113e+06
0.275669,671.54,2.45058e-06,3.67809e+06
0.276677,675.966,2.36381e-06,3.69073e+06
0.277674,680.214,2.27334e-06,3.67499e+06
0.278679,684.382,2.51196e-06,3.67199e+06
0.279684,688.714,2.43284e-06,3.64329e+06
0.280684,693.114,2.36242e-06,3.619e+06
0.281688,697.792,2.25396e-06,3.59872e+06
0.282687,702.108,2.27321e-06,3.57392e+06
0.283688,706.034,2.29236e-06,3.55555e+06
0.284684,710.39,2.38049e-06,3.55645e+06
0.285682,714.064,2.47499e-06,3.59039e+06
0.286695,718.41,2.31189e-06,3.56216e+06
0.287692,723.164,2.30387e-06,3.51468e+06
0.288698,727.568,2.46224e-06,3.50808e+06
0.289699,731.928,2.4625e-06,3.52022e+06
0.290699,736.28,2.38661e-06,3.47373e+06
0.291702,740.922,2.50315e-06,3.45e+06
0.292707,745.686,2.48836e-06,3.44277e+06
0.293706,750.312,2.45398e-06,3.39115e+06
0.294711,754.928,2.39828e-06,3.33988e+06
0.295712,759.402,2.39399e-06,3.29182e+06
0.296717,763.722,2.48216e-06,3.26548e+06
0.297719,768.004,2.45035e-06,3.23663e+06
0.298719,772.588,2.5158e-06,3.2087e+06
0.299722,776.84,2.53993e-06,3.20144e+06
0.300728,780.994,2.46843e-06,3.18537e+06
0.301733,785.502,2.43689e-06,3.1631e+06
0.302727,790.084,2.38145e-06,3.13344e+06
0.303726,794.448,2.57953e-06,3.10332e+06
0.304734,798.98,2.46667e-06,3.10902e+06
0.305732,803.292,2.39079e-06,3.12753e+06
0.306734,807.696,2.48883e-06,3.08658e+06
0.307731,812.732,2.53242e-06,3.0234e+06
0.308739,817.152,2.54405e-06,3.02311e+06
0.309743,821.682,2.49925e-06,3.0133e+06
0.310742,826.104,2.62362e-06,2.99841e+06
0.311746,830.398,2.48232e-06,2.95272e+06
0.312748,834.432,2.32472e-06,2.96584e+06
0.31375,839.036,2.35558e-06,2.9528e+06
0.314753,843.628,2.27348e-06,2.94255e+06
0.315753,848.112,2.23525e-06,2.90967e+06
0.31675,852.632,2.4603e-06,2.89994e+06
0.317753,856.718,2.53543e-06,2.90954e+06
0.318765,861.302,2.50563e-06,2.89151e+06
0.319766,865.794,2.40168e-06,2.8815e+06
0.320766,870.452,2.45482e-06,2.84435e+06
0.321767,874.838,2.45096e-06,2.83107e+06
0.322767,879.354,2.54604e-06,2.80707e+06
0.323772,883.908,2.62207e-06,2.77241e+06
0.324778,888.602,2.61625e-06,2.76527e+06
0.325779,892.886,2.56519e-06,2.75629e+06
0.326778,897.14,2.42434e-06,2.73386e+06
0.327774,901.456,2.36714e-06,2.73144e+06
0.328775,905.81,2.35899e-06,2.72932e+06
0.329779,910.222,2.44774e-06,2.70201e+06
0.33078,914.574,2.44096e-06,2.68253e+06
0.33179,919.136,2.42269e-06,2.66042e+06
0.332783,923.554,2.30274e-06,2.65692e+06
0.333802,927.954,2.27848e-06,2.64185e+06
0.334789,932.23,2.28507e-06,2.63078e+06
0.335794,936.742,2.30397e-06,2.61091e+06
0.336792,941.72,2.45724e-06,2.54466e+06
0.337796,946.51,2.50395e-06,2.53452e+06
0.338803,950.916,2.37218e-06,2.52425e+06
0.3398,955.248,2.287e-06,2.50348e+06
0.340802,959.772,2.40137e-06,2.49948e+06
0.341808,964.056,2.46945e-06,2.47363e+06
0.342808,968.282,2.38636e-06,2.46655e+06
0.343809,972.626,2.36136e-06,2.44944e+06
0.344811,976.966,2.50343e-06,2.41477e+06
0.345813,981.47,2.44486e-06,2.41937e+06
0.346816,986.062,2.54393e-06,2.36704e+06
0.347813,990.408,2.60749e-06,2.35121e+06
0.348822,994.818,2.54942e-06,2.3472e+06
0.349817,998.956,2.39711e-06,2.31431e+06
0.350817,1003.34,2.46502e-06,2.30983e+06
0.351821,1007.54,2.49878e-06,2.29567e+06
0.352824,1011.78,2.48614e-06,2.28553e+06
0.353828,1016.17,2.48584e-06,2.28985e+06
0.354833,1020.38,2.33813e-06,2.29139e+06
0.355833,1024.58,2.37676e-06,2.28081e+06
0.356833,1028.93,2.37261e-06,2.26189e+06
0.357834,1033.09,2.45795e-06,2.24437e+06
0.358838,1037.41,2.43964e-06,2.20349e+06
0.359838,1041.95,2.47274e-06,2.19494e+06
0.360843,1046.22,2.6067e-06,2.17828e+06
0.361846,1050.42,2.49323e-06,2.14384e+06
0.362845,1054.78,2.50129e-06,2.09771e+06
0.363858,1059.09,2.47857e-06,2.09569e+06
0.364855,1063.22,2.36033e-06,2.08067e+06
0.365853,1067.41,2.48513e-06,2.05015e+06
0.366856,1071.72,2.59737e-06,2.03985e+06
0.367857,1076.02,2.46354e-06,2.04418e+06
0.368854,1080.71,2.45173e-06,2.00544e+06
0.369856,1085.01,2.51645e-06,1.98574e+06
0.370863,1089.35,2.58989e-06,1.97857e+06
0.371864,1093.55,2.44305e-06,1.96836e+06
0.372863,1097.7,2.60049e-06,1.95044e+06
0.373871,1102.07,2.48662e-06,1.92763e+06
0.37487,1106.1,2.42962e-06,1.90059e+06
0.375876,1110.12,2.32283e-06,1.88344e+06
0.376874,1114.22,2.41359e-06,1.86767e+06
0.377876,1118.39,2.43994e-06,1.84915e+06
0.378883,1122.5,2.5434e-06,1.8204e+06
0.379885,1126.66,2.36921e-06,1.79987e+06
0.380881,1130.99,2.36283e-06,1.78892e+06
0.381882,1135.21,2.53149e-06,1.77444e+06
0.382889,1139.46,2.46844e-06,1.7568e+06
0.383889,1143.67,2.47364e-06,1.75173e+06
0.384895,1148.07,2.51579e-06,1.72596e+06
0.385893,1152.3,2.43832e-06,1.68985e+06
0.386894,1156.39,2.54666e-06,1.6792e+06
0.387899,1160.5,2.49968e-06,1.65992e+06
0.388901,1164.27,2.50031e-06,1.66211e+06
0.389901,1168.18,2.44855e-06,1.655e+06
0.390904,1172.52,2.43939e-06,1.65626e+06
0.391902,1176.61,2.54994e-06,1.64415e+06
0.392908,1180.76,2.44316e-06,1.6316e+06
0.393912,1184.76,2.35677e-06,1.60105e+06
0.394912,1188.56,2.26981e-06,1.59813e+06
0.395912,1192.57,2.34387e-06,1.56604e+06
0.396912,1196.61,2.45865e-06,1.52727e+06
0.397919,1200.5,2.35647e-06,1.53939e+06
0.398915,1204.17,2.39926e-06,1.52667e+06
0.39991,1208.1,2.62344e-06,1.51183e+06
0.400924,1212.19,2.55724e-06,1.49629e+06
0.401925,1216.31,2.60655e-06,1.46691e+06
0.402929,1220.3,2.61855e-06,1.46445e+06
0.403933,1224.28,2.47762e-06,1.46126e+06
0.40493,1228.23,2.46958e-06,1.43619e+06
0.405932,1232.26,2.71184e-06,1.4271e+06
0.406937,1236.29,2.68888e-06,1.38597e+06
0.407945,1240.41,2.52049e-06,1.37579e+06
0.40894,1244.31,2.47385e-06,1.36857e+06
0.409942,1248.37,2.53462e-06,1.33811e+06
0.410949,1252.2,2.39222e-06,1.33184e+06
0.411953,1255.96,2.41901e-06,1.31527e+06
0.412953,1259.75,2.43302e-06,1.30309e+06
0.413946,1263.78,2.38666e-06,1.29507e+06
0.414951,1267.84,2.56003e-06,1.27895e+06
0.415955,1271.6,2.51597e-06,1.27764e+06
0.416954,1275.17,2.55727e-06,1.27193e+06
0.417959,1278.79,2.57517e-06,1.26557e+06
0.418964,1282.45,2.47101e-06,1.25212e+06
0.419964,1286.24,2.36276e-06,1.23168e+06
0.420964,1290.14,2.48109e-06,1.21217e+06
0.421963,1293.8,2.48121e-06,1.19225e+06
0.422965,1297.83,2.60697e-06,1.17469e+06
0.423973,1301.86,2.45548e-06,1.17206e+06
0.424975,1305.81,2.33225e-06,1.15062e+06
0.425972,1309.66,2.2979e-06,1.14673e+06
0.426974,1313.49,2.41793e-06,1.135e+06
0.427979,1317.46,2.46321e-06,1.10886e+06
0.428986,1321.38,2.37977e-06,1.10147e+06
0.429983,1325.23,2.32084e-06,1.08207e+06
0.430986,1329.02,2.38142e-06,1.06859e+06
0.431988,1332.89,2.48967e-06,1.0563e+06
0.432989,1336.6,2.4056e-06,1.03646e+06
0.433988,1340.45,2.3794e-06,1.0151e+06
0.434991,1344.12,2.40901e-06,1.00815e+06
0.43599,1347.98,2.39684e-06,998216
0.436991,1351.7,2.56051e-06,988016
0.437999,1355.36,2.66237e-06,968009
0.439001,1359.17,2.58995e-06,950546
0.440002,1363.01,2.6383e-06,936220
0.441009,1366.88,2.58263e-06,919568
0.442008,1370.6,2.5532e-06,903962
0.443005,1374.59,2.56575e-06,905771
0.444011,1378.17,2.5962e-06,897118
0.445012,1381.84,2.44483e-06,892552
0.44601,1385.48,2.40499e-06,880933
0.44701,1389.05,2.47146e-06,876560
0.448014,1392.65,2.59931e-06,868792
0.44902,1396.02,2.54869e-06,863346
0.450019,1399.54,2.49696e-06,851560
0.451023,1403.05,2.49615e-06,840200
0.452024,1406.65,2.56011e-06,827516
0.453024,1410.06,2.54918e-06,822671
0.454031,1413.67,2.54538e-06,808704
0.455033,1417.19,2.35911e-06,801608
0.456036,1420.69,2.40639e-06,788348
0.457034,1424.24,2.35795e-06,789266
0.458039,1427.64,2.28884e-06,783373
0.459035,1431.13,2.30907e-06,774992
0.460039,1434.68,2.35283e-06,767490
0.461044,1438.1,2.43062e-06,757109
0.462043,1441.46,2.46819e-06,749852
0.463051,1445.05,2.48557e-06,749146
0.464052,1448.43,2.50163e-06,733975
0.465054,1451.92,2.488e-06,729911
0.466057,1455.26,2.46566e-06,716788
0.467053,1458.9,2.61402e-06,712800
0.468061,1462.22,2.44422e-06,704394
0.46906,1465.55,2.46592e-06,689498
0.47006,1468.86,2.38762e-06,688981
0.471065,1471.93,2.38095e-06,685328
0.472062,1475.26,2.53538e-06,670658
0.473068,1478.6,2.59586e-06,667628
0.474067,1481.65,2.54904e-06,662192
0.475074,1484.97,2.43896e-06,651729
0.476075,1488.12,2.41859e-06,638810
0.477076,1491.3,2.54754e-06,632242
0.478078,1494.31,2.56535e-06,626513
0.47908,1497.64,2.44808e-06,621915
0.48008,1500.89,2.42599e-06,606781
0.481081,1504.1,2.41839e-06,602724
0.482083,1507.25,2.56441e-06,592135
0.483088,1510.47,2.65003e-06,579801
0.484091,1513.35,2.64518e-06,580339
0.485092,1516.45,2.62123e-06,574192
0.486094,1519.45,2.49941e-06,567122
0.487095,1522.74,2.31793e-06,557177
0.488095,1525.95,2.47538e-06,554515
0.489103,1529.06,2.47562e-06,548211
0.490105,1532.17,2.3248e-06,545116
0.491104,1535.34,2.36013e-06,531085
0.492102,1538.13,2.33534e-06,522001
0.493106,1541.22,2.3649e-06,519872
0.494106,1544.33,2.40564e-06,507485
0.495113,1547.34,2.47688e-06,510876
0.496111,1550.26,2.45389e-06,509143
0.497117,1553.21,2.60023e-06,502631
0.49812,1556.06,2.47195e-06,500068
0.499111,1559.14,2.50624e-06,493649
0.500131,1562.11,3.60052e-06,488040
0.501132,1565.28,2.50594e-06,487475
0.502123,1568.1,2.4921e-06,480708
0.503127,1571.09,2.58508e-06,482677
0.504132,1574.16,2.43363e-06,471014
0.505131,1577.08,2.47577e-06,464101
0.506137,1579.91,2.39726e-06,458720
0.507138,1582.88,2.39031e-06,452604
0.508142,1585.78,2.35818e-06,451857
0.509139,1588.55,2.38243e-06,442576
0.510139,1591.37,2.28433e-06,440707
0.51114,1593.97,2.46862e-06,436297
0.512149,1596.77,2.44046e-06,431428
0.513148,1599.4,2.35869e-06,425776
0.514149,1602.08,2.53932e-06,417401
0.515151,1604.99,2.64835e-06,415049
0.516153,1607.72,2.64915e-06,410419
0.517155,1610.59,2.6673e-06,406771
0.518161,1613.38,2.50971e-06,402832
0.519162,1615.98,2.41161e-06,398105
0.520163,1618.64,2.42244e-06,390221
0.521163,1621.58,2.46745e-06,386412
0.522165,1624.32,2.56411e-06,378838
0.523167,1626.95,2.52639e-06,375004
0.524168,1629.73,2.41235e-06,372859
0.52517,1632.3,2.4554e-06,369313
0.526176,1635.05,2.57518e-06,363348
0.527175,1637.72,2.60325e-06,356066
0.528182,1640.39,2.5187e-06,346569
0.529179,1643.28,2.35124e-06,347550
0.530184,1645.84,2.39411e-06,347043
0.531183,1648.26,2.48592e-06,344174
0.532183,1650.9,2.49895e-06,335699
0.53319,1653.41,2.5809e-06,335445
0.534187,1655.94,2.46617e-06,335464
0.535189,1658.45,2.47767e-06,330958
0.536192,1660.99,2.48915e-06,327552
0.537193,1663.53,2.47496e-06,323206
0.5382,1666.17,2.45304e-06,315404
0.539199,1668.63,2.44705e-06,311019
0.540205,1671.13,2.37218e-06,309543
0.541208,1673.55,2.33324e-06,308002
0.542205,1675.97,2.31926e-06,301892
0.54321,1678.37,2.36312e-06,299852
0.544207,1680.76,2.38377e-06,300568
0.54521,1683.25,2.37718e-06,298771
0.546212,1685.77,2.58205e-06,293155
0.547219,1688.12,2.57374e-06,292883
0.548219,1690.39,2.54088e-06,286579
0.54922,1692.77,2.50775e-06,280380
0.550225,1695,2.5193e-06,282890
0.551223,1697.17,2.58343e-06,278482
0.552229,1699.57,2.59248e-06,276638
0.553233,1701.89,2.46081e-06,274345
0.554234,1704.11,2.42787e-06,267675
0.555232,1706.53,2.45804e-06,264618
0.556233,1708.93,2.59333e-06,264816
0.557238,1711.26,2.59191e-06,256071
0.558235,1713.58,2.51668e-06,251296
0.559235,1715.88,2.56661e-06,247600
0.560242,1718.25,2.60791e-06,239727
0.561243,1720.45,2.59543e-06,232612
0.562245,1722.88,2.65912e-06,233381
0.563253,1725.14,2.54126e-06,232859
0.564253,1727.46,2.39646e-06,231404
0.565252,1729.71,2.44929e-06,231104
0.566256,1731.86,2.38018e-06,228269
0.567254,1734.02,2.41321e-06,226919
0.568255,1736.09,2.46763e-06,227294
0.569257,1738.25,2.33506e-06,226412
0.57026,1740.35,2.31811e-06,227592
0.571257,1742.58,2.40264e-06,228306
0.572264,1744.77,2.46315e-06,224551
0.573269,1746.76,2.38068e-06,222624
0.574271,1748.72,2.25608e-06,220394
0.575268,1750.76,2.33237e-06,219694
0.576271,1752.85,2.46523e-06,217454
0.577279,1754.91,2.58105e-06,218634
0.578281,1756.93,2.46095e-06,214013
0.579279,1758.96,2.45416e-06,210433
0.580279,1760.81,2.3623e-06,206431
0.581279,1762.68,2.47519e-06,202889
0.582284,1764.78,2.55944e-06,198678
0.583289,1766.69,2.54072e-06,195751
0.584288,1768.63,2.52978e-06,193359
0.585293,1770.59,2.56766e-06,190583
0.586297,1772.53,2.40175e-06,185942
0.58729,1774.44,2.39342e-06,186049
0.58829,1776.42,2.39162e-06,183434
0.589294,1778.37,2.39422e-06,183284
0.590302,1780.33,2.4919e-06,180332
0.591303,1782.16,2.46598e-06,177819
0.592299,1784.07,2.53041e-06,177035
0.593306,1785.97,2.69673e-06,176115
0.594312,1787.69,2.72458e-06,174740
0.595313,1789.42,2.44083e-06,172148
0.596311,1791.03,2.51381e-06,171874
0.597315,1792.92,2.60549e-06,169915
0.598318,1794.77,2.56986e-06,168747
0.59932,1796.49,2.55361e-06,164595
0.600334,1798.35,2.58489e-06,163233
0.601328,1800.17,2.36679e-06,160745
0.602324,1802.04,2.39149e-06,161575
0.603332,1803.88,2.44729e-06,157882
0.604331,1805.49,2.3268e-06,154527
0.605332,1807.21,2.29771e-06,151493
0.606332,1808.97,2.35171e-06,151065
0.607336,1810.56,2.47469e-06,152549
0.608342,1812.14,2.57358e-06,151709
0.60934,1813.75,2.43142e-06,151877
0.610342,1815.43,2.43993e-06,151822
0.611343,1817.07,2.49881e-06,149319
0.612344,1818.58,2.48903e-06,147931
0.61335,1820.28,2.53012e-06,146912
0.61435,1821.9,2.43316e-06,147218
0.615348,1823.64,2.52637e-06,147935
0.616355,1825.27,2.45683e-06,147479
0.617355,1826.79,2.49069e-06,147066
0.618361,1828.31,2.51576e-06,147377
0.619363,1829.92,2.35333e-06,145065
0.620359,1831.33,2.4013e-06,143243
0.621361,1832.74,2.5049e-06,142531
0.622367,1834.32,2.42663e-06,141183
0.62337,1835.83,2.36694e-06,138312
0.624367,1837.53,2.31753e-06,137241
0.625373,1839.04,2.41091e-06,134926
0.626372,1840.55,2.5064e-06,133894
0.627381,1841.95,2.61145e-06,131562
0.628379,1843.49,2.46809e-06,129531
0.62938,1845.04,2.61362e-06,126352
0.630388,1846.59,2.51751e-06,125099
0.631389,1848.02,2.47304e-06,124306
0.632386,1849.38,2.47486e-06,122336
0.633388,1850.84,2.55344e-06,120248
0.63439,1852.28,2.46223e-06,119258
0.635389,1853.85,2.33994e-06,118416
0.636385,1855.2,2.53866e-06,116998
0.637399,1856.61,2.49205e-06,114833
0.638398,1858.01,2.48025e-06,114593
0.639401,1859.39,2.61405e-06,112757
0.640406,1860.8,2.48109e-06,111667
0.641406,1862.1,2.47963e-06,109079
0.642409,1863.54,2.45091e-06,106626
0.643411,1864.87,2.35621e-06,104770
0.64441,1866.23,2.35948e-06,103920
0.64541,1867.42,2.34294e-06,102699
0.646416,1868.71,2.49813e-06,102495
0.647419,1870.22,2.50124e-06,102467
0.648423,1871.61,2.53958e-06,101865
0.649426,1872.88,2.46381e-06,101451
0.650426,1874.13,2.42937e-06,100366
0.651422,1875.4,2.60035e-06,99412.2
0.652431,1876.61,2.56699e-06,98123.4
0.653427,1877.9,2.51897e-06,97872.2
0.65443,1879.11,2.43605e-06,97537.4
0.655433,1880.35,2.48e-06,96823.8
0.656434,1881.61,2.33786e-06,95793.4
0.657435,1882.85,2.37904e-06,94075.7
0.658435,1883.96,2.46096e-06,91835.2
0.659442,1885.05,2.37977e-06,91198.8
0.660443,1886.19,2.29638e-06,90275.6
0.66144,1887.36,2.39437e-06,89472.6
0.662448,1888.6,2.531e-06,87956.4
0.663451,1889.77,2.4397e-06,87897.6
0.66445,1891,2.31827e-06,84380
0.665454,1892.11,2.27852e-06,83938.2
0.666441,1893.26,2.35108e-06,82371.2
0.667461,1894.37,2.31786e-06,81287.1
0.668453,1895.54,2.45575e-06,80412.3
0.669464,1896.6,2.43791e-06,80568.2
0.670464,1897.7,2.45268e-06,77887
0.671468,1898.7,2.35683e-06,76813
0.672469,1899.74,2.38671e-06,75532.2
0.673465,1900.82,2.43109e-06,75312.5
0.674464,1901.86,2.5473e-06,74045.6
0.675465,1902.88,2.57908e-06,72535.6
0.676471,1903.9,2.6032e-06,72431
0.677477,1904.93,2.5301e-06,72403.4
0.678476,1906.02,2.45391e-06,72043.8
0.679478,1906.99,2.41079e-06,71479
0.680478,1908.04,2.38326e-06,70266.1
0.681478,1909,2.51422e-06,69252
0.682491,1909.88,2.5383e-06,68691.3
0.683493,1910.86,2.45003e-06,67573.6
0.684491,1911.77,2.20789e-06,66108
0.68549,1912.72,2.29871e-06,66207.9
0.686493,1913.72,2.3715e-06,65739.2
0.687496,1914.66,2.37389e-06,65662.2
0.688497,1915.54,2.54772e-06,65258.1
0.689502,1916.44,2.64668e-06,65179.2
0.6905,1917.37,2.49086e-06,65110.8
0.691504,1918.31,2.54456e-06,65016.6
0.692513,1919.25,2.48863e-06,64367.2
0.69351,1920.15,2.49143e-06,63083
0.694512,1921.02,2.37808e-06,62108.8
0.69551,1921.91,2.51208e-06,60710.6
0.696517,1922.76,2.54263e-06,60718.2
0.697517,1923.76,2.34846e-06,60271.7
0.698511,1924.67,2.44192e-06,58934.2
0.699515,1925.5,2.47376e-06,58167
0.700521,1926.44,2.5291e-06,57587.1
0.701525,1927.4,2.50418e-06,55910.2
0.702524,1928.24,2.43023e-06,54530.2
0.703526,1929.04,2.46178e-06,53724.3
0.704532,1929.76,2.38307e-06,53791.7
0.705533,1930.58,2.3943e-06,52571.5
0.706537,1931.41,2.49046e-06,51046.6
0.707536,1932.17,2.50784e-06,50355.2
0.708541,1932.9,2.50528e-06,50558.2
0.709544,1933.58,2.39633e-06,50203.6
0.710544,1934.38,2.47385e-06,49390
0.711546,1935.22,2.47686e-06,48300.9
0.712551,1936.08,2.29535e-06,47525.6
0.713549,1936.86,2.37744e-06,46982.9
0.714561,1937.62,2.46104e-06,45858.3
0.715559,1938.39,2.39091e-06,44745.2
0.716556,1939.18,2.2896e-06,44367.1
0.717556,1939.96,2.23478e-06,44443.2
0.718555,1940.64,2.27873e-06,45152.9
0.719559,1941.31,2.35239e-06,45034.2
0.72056,1942.01,2.44961e-06,43955
0.721565,1942.71,2.4779e-06,43949
0.72257,1943.43,2.25317e-06,43380.4
0.723567,1944.21,2.44918e-06,42578.4
0.724575,1944.94,2.44916e-06,41947.1
0.725573,1945.64,2.38056e-06,41714.6
0.726572,1946.33,2.5581e-06,40930.6
0.727584,1947.04,2.39353e-06,39943.2
0.728579,1947.67,2.32516e-06,39342.9
0.729579,1948.34,2.38123e-06,37966.8
0.730583,1949.06,2.49177e-06,37364.2
0.731587,1949.72,2.57393e-06,37187.9
0.732589,1950.41,2.63155e-06,36695.3
0.733593,1951.08,2.63742e-06,36154.5
0.734596,1951.7,2.34232e-06,35377.8
0.735592,1952.33,2.27611e-06,34048.9
0.736593,1952.97,2.4233e-06,33622.4
0.737594,1953.52,2.45801e-06,33420.8
0.738601,1954.16,2.53073e-06,32231.9
0.739601,1954.81,2.44908e-06,32174.3
0.740602,1955.36,2.51584e-06,31601.8
0.741607,1956.01,2.58278e-06,30479
0.742614,1956.56,2.50736e-06,30357.4
0.743609,1957.09,2.28796e-06,30154.1
0.744606,1957.68,2.39025e-06,29410.8
0.74561,1958.25,2.59531e-06,28772.7
0.746617,1958.96,2.57145e-06,28739
0.747617,1959.57,2.59963e-06,28264.8
0.748625,1960.09,2.60984e-06,27779.8
0.749621,1960.58,2.3837e-06,26754
0.750625,1961.17,2.3285e-06,26733.9
0.751624,1961.74,2.36293e-06,26323.2
0.752621,1962.32,2.42554e-06,25684.1
0.753626,1962.84,2.44671e-06,25259.2
0.754631,1963.4,2.51773e-06,25339.8
0.755631,1963.9,2.4218e-06,24617.8
0.756637,1964.41,2.44838e-06,24255.1
0.757641,1964.91,2.43814e-06,24289.3
0.758637,1965.44,2.41162e-06,23655
0.759636,1965.98,2.34648e-06,23356.8
0.760635,1966.48,2.4386e-06,22660.8
0.76164,1966.99,2.61886e-06,22678.9
0.762644,1967.46,2.53766e-06,22190.4
0.76365,1967.98,2.6123e-06,21233.7
0.764654,1968.54,2.46338e-06,21050.3
0.765656,1969.03,2.41328e-06,20843.5
0.76666,1969.49,2.32999e-06,20649
0.767654,1969.94,2.41606e-06,20324.2
0.768655,1970.37,2.58458e-06,20450.8
0.769661,1970.78,2.6387e-06,20424.7
0.770667,1971.21,2.52924e-06,19962.1
0.771666,1971.62,2.41238e-06,19413.3
0.772662,1971.99,2.45725e-06,18964.9
0.773668,1972.43,2.60322e-06,18664.7
0.774672,1972.87,2.48948e-06,17911.1
0.775675,1973.32,2.41244e-06,17680.1
0.776677,1973.7,2.3869e-06,17196.6
0.777675,1974.14,2.43667e-06,17036.2
0.778681,1974.58,2.48993e-06,16735.8
0.779682,1974.93,2.45361e-06,16622.5
0.780686,1975.24,2.48249e-06,16612.2
0.781687,1975.63,2.43321e-06,16304.5
0.782683,1976.02,2.58079e-06,16137.8
0.783684,1976.36,2.59693e-06,16061.2
0.784689,1976.74,2.61174e-06,15855.2
0.785694,1977.1,2.44732e-06,15794.6
0.7867,1977.47,2.44673e-06,15420.5
0.787702,1977.8,2.4091e-06,15083.4
0.7887,1978.17,2.46504e-06,14980.6
0.7897,1978.49,2.53859e-06,14994.9
0.790699,1978.82,2.47472e-06,14874.4
0.791705,1979.13,2.55439e-06,14882.5
0.792709,1979.46,2.59587e-06,14534.1
0.793706,1979.82,2.49687e-06,14115.1
0.79471,1980.16,2.50453e-06,14231.8
0.795712,1980.47,2.36627e-06,13818.5
0.79671,1980.85,2.39654e-06,13351
0.797712,1981.14,2.38424e-06,13235.5
0.798713,1981.45,2.6459e-06,13167.9
0.799716,1981.78,2.57564e-06,13232.4
0.800725,1982.06,2.46384e-06,13118.4
0.801725,1982.39,2.56867e-06,12746.9
0.802729,1982.75,2.45561e-06,12212.7
0.80373,1982.98,2.46708e-06,12043.9
0.80473,1983.31,2.42112e-06,11899.3
0.80573,1983.61,2.56884e-06,11536.7
0.806737,1983.94,2.65218e-06,11208.4
0.807737,1984.22,2.61854e-06,10932.7
0.808739,1984.49,2.51842e-06,10844.9
0.809748,1984.71,2.35849e-06,10693
0.81074,1984.94,2.38379e-06,10614.4
0.811744,1985.21,2.43671e-06,10396.1
0.812743,1985.47,2.49719e-06,10152.6
0.813749,1985.73,2.7445e-06,9875.01
0.814751,1985.94,2.68212e-06,9661.08
0.815757,1986.16,2.55846e-06,9555.2
0.816756,1986.42,2.46424e-06,9254.11
0.817755,1986.69,2.47759e-06,9048.57
0.818761,1986.91,2.44899e-06,8706.58
0.81976,1987.15,2.48474e-06,8363.14
0.820763,1987.39,2.44285e-06,8106.95
0.821766,1987.65,2.4238e-06,7982.05
0.822769,1987.87,2.44527e-06,7819.06
0.823774,1988.13,2.46777e-06,7762.02
0.824773,1988.3,2.58241e-06,7579
0.825776,1988.51,2.5704e-06,7370.95
0.826776,1988.71,2.37376e-06,7235.78
0.82777,1988.93,2.4015e-06,6985.69
0.828772,1989.13,2.5664e-06,6774.55
0.829785,1989.34,2.59807e-06,6638.83
0.830785,1989.51,2.45717e-06,6482.98
0.831791,1989.73,2.19368e-06,6206.09
0.832787,1989.91,2.24137e-06,6042.58
0.833788,1990.12,2.38706e-06,5845.27
0.834792,1990.29,2.49756e-06,5802.53
0.835794,1990.46,2.54164e-06,5680.03
0.836792,1990.65,2.62851e-06,5643.75
0.837797,1990.85,2.66386e-06,5460.45
0.838801,1991.04,2.61797e-06,5272.12
0.839802,1991.23,2.57348e-06,5267.62
0.840802,1991.38,2.52448e-06,5214.27
0.841804,1991.54,2.50963e-06,5100.03
0.842807,1991.7,2.36671e-06,5074.19
0.843808,1991.89,2.2943e-06,4795.73
0.844809,1992.03,2.44907e-06,4741.61
0.845812,1992.22,2.48806e-06,4530.36
0.846819,1992.38,2.35639e-06,4506.04
0.847818,1992.53,2.28557e-06,4362.55
0.848817,1992.68,2.32523e-06,4240.07
0.849822,1992.87,2.46698e-06,4088.02
0.850827,1993.03,2.34573e-06,3998.55
0.851822,1993.17,2.40703e-06,3821.22
0.852829,1993.28,2.40652e-06,3747.24
0.853829,1993.44,2.40691e-06,3742.95
0.854834,1993.57,2.37599e-06,3650.26
0.855833,1993.7,2.4332e-06,3499
0.856835,1993.81,2.42376e-06,3386.33
0.857841,1993.95,2.48901e-06,3235.75
0.858839,1994.08,2.44507e-06,3177.11
0.85984,1994.22,2.42204e-06,3070.67
0.860842,1994.37,2.44748e-06,3046.02
0.861847,1994.48,2.40155e-06,3016.76
0.862845,1994.63,2.27534e-06,2872.29
0.863853,1994.8,2.45691e-06,2748
0.864853,1994.94,2.402e-06,2766.2
0.865852,1995.04,2.3794e-06,2687.2
0.866858,1995.17,2.39716e-06,2649.86
0.867854,1995.29,2.37303e-06,2580.1
0.868855,1995.4,2.593e-06,2524.2
0.869864,1995.5,2.64513e-06,2497
0.870867,1995.59,2.52477e-06,2456.58
0.871867,1995.69,2.30689e-06,2452.95
0.872867,1995.82,2.43678e-06,2428.51
0.873866,1995.93,2.62714e-06,2383.69
0.87487,1996.02,2.7754e-06,2367.71
0.875879,1996.11,2.70689e-06,2276.95
0.876884,1996.22,2.44484e-06,2240.36
0.877882,1996.32,2.26067e-06,2135.51
0.87888,1996.44,2.3149e-06,2056.95
0.879878,1996.53,2.4041e-06,2026.42
0.880884,1996.62,2.51772e-06,1919.31
0.88189,1996.73,2.5218e-06,1869.46
0.882896,1996.82,2.40431e-06,1836.51
0.883891,1996.9,2.4394e-06,1807.8
0.884892,1997,2.59797e-06,1773
0.885895,1997.11,2.40896e-06,1707.73
0.886893,1997.2,2.38534e-06,1676.6
0.887898,1997.28,2.50457e-06,1638.36
0.888898,1997.35,2.49304e-06,1574.34
0.889903,1997.42,2.41844e-06,1517.96
0.890903,1997.49,2.44827e-06,1476.98
0.891901,1997.56,2.44649e-06,1475.08
0.892908,1997.67,2.4259e-06,1399.22
0.89391,1997.73,2.53834e-06,1337.62
0.894915,1997.81,2.45343e-06,1311.57
0.895912,1997.88,2.41435e-06,1252.8
0.896914,1997.95,2.43988e-06,1226.85
0.897921,1998.03,2.39141e-06,1194.66
0.898919,1998.1,2.49567e-06,1123.39
0.899921,1998.14,2.49291e-06,1091.63
0.900925,1998.21,2.40028e-06,1011.53
0.901929,1998.26,2.39052e-06,994.2
0.90293,1998.31,2.52074e-06,922.95
0.903934,1998.35,2.70687e-06,906.048
0.904941,1998.4,2.56346e-06,876.392
0.905934,1998.45,2.42644e-06,881.942
0.90693,1998.5,2.59917e-06,855
0.907937,1998.55,2.60408e-06,833.542
0.908933,1998.6,2.55059e-06,800
0.909938,1998.64,2.4781e-06,750.918
0.91094,1998.71,2.45446e-06,707.782
0.911943,1998.75,2.58466e-06,678.742
0.912951,1998.79,2.58011e-06,661.782
0.913945,1998.84,2.40936e-06,617.2
0.91495,1998.89,2.41531e-06,602.502
0.915954,1998.95,2.27317e-06,567.542
0.91695,1998.98,2.42285e-06,535.712
0.917954,1999.01,2.59112e-06,522.982
0.918959,1999.06,2.58553e-06,485.078
0.91996,1999.1,2.57043e-06,471
0.920965,1999.14,2.54412e-06,453.478
0.921969,1999.18,2.38484e-06,434.512
0.922965,1999.22,2.43216e-06,398.358
0.923968,1999.25,2.42416e-06,391.248
0.924971,1999.29,2.61027e-06,374.102
0.925976,1999.32,2.52622e-06,362.438
0.926982,1999.34,2.38424e-06,350.2
0.927981,1999.36,2.39112e-06,323.752
0.928985,1999.39,2.39055e-06,313.382
0.929982,1999.43,2.49534e-06,292.408
0.930987,1999.46,2.62483e-06,266.2
0.931989,1999.5,2.52147e-06,258.992
0.932987,1999.51,2.36181e-06,256.95
0.933984,1999.54,2.3758e-06,238.278
0.93499,1999.55,2.54179e-06,225.648
0.935993,1999.58,2.34889e-06,215.8
0.93699,1999.61,2.49161e-06,194.95
0.937998,1999.62,2.49296e-06,191.312
0.939,1999.65,2.29344e-06,171.75
0.939996,1999.66,2.41324e-06,155.552
0.941006,1999.68,2.59767e-06,149.158
0.942007,1999.7,2.58933e-06,138.598
0.943005,1999.72,2.5845e-06,135.672
0.94401,1999.73,2.50289e-06,131.622
0.945013,1999.75,2.47792e-06,126.248
0.946013,1999.77,2.50105e-06,115.622
0.947017,1999.77,2.53225e-06,111.462
0.948019,1999.78,2.4234e-06,109.238
0.949022,1999.8,2.2999e-06,101.192
0.950024,1999.82,2.37789e-06,85.072
0.951027,1999.82,2.31611e-06,83.158
0.952028,1999.83,2.30421e-06,79.888
0.953025,1999.84,2.27727e-06,74.518
0.954027,1999.86,2.49835e-06,69.632
0.955031,1999.87,2.54461e-06,63.288
0.956037,1999.88,2.57338e-06,59.558
0.95704,1999.88,2.35317e-06,58.038
0.95804,1999.89,2.25868e-06,56.502
0.959042,1999.89,2.33563e-06,54.95
0.960038,1999.9,2.46149e-06,52.592
0.961045,1999.9,2.53832e-06,47.392
0.962047,1999.91,2.60174e-06,46.582
0.96305,1999.91,2.55007e-06,43.302
0.964049,1999.92,2.60893e-06,41.638
0.965054,1999.92,2.68247e-06,39.112
0.966058,1999.93,2.53904e-06,36.55
0.967053,1999.93,2.55673e-06,35.688
0.968061,1999.94,2.47168e-06,32.2
0.969054,1999.94,2.54206e-06,30.432
0.97006,1999.95,2.63492e-06,28.648
0.971066,1999.96,2.61257e-06,23.032
0.972068,1999.96,2.51958e-06,20.278
0.97307,1999.96,2.43688e-06,19.352
0.974075,1999.97,2.29907e-06,17.488
0.975073,1999.97,2.34125e-06,16.55
0.976074,1999.97,2.40931e-06,16.55
0.977075,1999.97,2.47701e-06,13.608
0.978077,1999.97,2.52329e-06,12.662
0.979085,1999.98,2.44636e-06,10.758
0.980083,1999.98,2.40454e-06,9.8
0.981084,1999.98,2.57948e-06,9.8
0.982085,1999.98,2.43042e-06,9.8
0.983084,1999.98,2.42261e-06,9.8
0.98409,1999.98,2.47919e-06,8.838
0.985092,1999.99,2.39903e-06,6.902
0.986095,1999.99,2.22846e-06,5.928
0.987095,1999.99,2.24697e-06,4.95
0.988094,1999.99,2.35723e-06,2.982
0.989097,1999.99,2.42951e-06,2.982
0.9901,1999.99,2.50362e-06,2.982
0.991103,2000,2.43978e-06,1.992
0.992101,2000,2.39422e-06,0.998
0.993106,2000,2.53499e-06,0.998
0.99411,2000,2.70221e-06,0
0.995118,2000,2.57664e-06,0
0.996117,2000,2.27266e-06,0
0.99711,2000,2.31741e-06,0
0.998098,2000,2.52636e-06,0
0.999073,2000,3.1972e-06,0
1,2000,0,0
0.0715196,32.236,0.99616,224426
4.46491,-1,-1,-1
