0,1,0,0
0.00108332,2.024,1.58809e-08,11.712
0.00204815,2.062,1.68795e-06,29.078
0.0030952,2.142,1.2964e-07,64.918
0.00406003,2.264,1.35554e-06,103.152
0.00510582,2.384,3.62213e-07,126.272
0.00607284,2.52,1.14816e-06,144.8
0.0071049,2.642,7.46012e-07,146.918
0.0080844,2.748,1.0231e-06,146.248
0.00910521,2.83,9.31504e-07,132.55
0.0100944,2.894,9.84677e-07,117.382
0.0111046,2.964,1.00892e-06,99.352
0.012101,3.028,9.94308e-07,107.608
0.0131047,3.068,1.01405e-06,101.688
0.0141054,3.12,9.88279e-07,102.8
0.0151091,3.154,1.0169e-06,105.142
0.0161113,3.19,9.84157e-07,116.95
0.0171079,3.234,1.02095e-06,123.622
0.0181169,3.276,9.76682e-07,129.912
0.0191117,3.326,9.89834e-07,141.862
0.0201241,3.368,9.81554e-07,158.288
0.0211146,3.41,9.51706e-07,184.95
0.0221267,3.452,1.02332e-06,191.848
0.0231224,3.508,9.43771e-07,202.968
0.0241289,3.56,1.037e-06,209.2
0.0251265,3.594,9.54083e-07,218.582
0.0261308,3.644,1.02129e-06,226.632
0.0271302,3.71,9.6753e-07,242.95
0.0281355,3.782,1.00133e-06,253.238
0.0291349,3.85,9.73348e-07,275.75
0.0301409,3.914,1.00934e-06,275.302
0.0311409,3.956,9.71279e-07,279.032
0.0321456,4.014,1.03119e-06,304.902
0.0331437,4.07,9.70435e-07,318.55
0.0341459,4.124,1.03804e-06,346.312
0.0351463,4.184,9.84189e-07,361.072
0.0361497,4.22,9.89569e-07,351.8
0.037151,4.252,9.97817e-07,352.248
0.0381541,4.294,9.80599e-07,363.782
0.0391563,4.344,1.00869e-06,382.832
0.0401569,4.404,9.75853e-07,386.392
0.0411616,4.456,1.00338e-06,402.032
0.042161,4.504,9.80377e-07,404.992
0.0431642,4.55,1.02724e-06,421.75
0.0441654,4.594,9.81202e-07,430.582
0.0451682,4.646,1.01911e-06,422.342
0.0461711,4.692,9.86284e-07,434.568
0.0471736,4.748,1.02606e-06,434.248
0.0481751,4.8,9.85655e-07,446
0.0491755,4.85,1.03525e-06,459.75
0.050178,4.876,9.85386e-07,474.312
0.051179,4.926,1.03595e-06,476.262
0.0521815,5.006,9.81939e-07,538.982
0.0531836,5.068,1.00635e-06,575.688
0.0541846,5.106,9.60214e-07,613.382
0.0551878,5.146,9.86178e-07,614.342
0.0561897,5.182,9.6223e-07,634.438
0.0571912,5.254,9.89369e-07,642.742
0.0581937,5.32,9.72354e-07,670.8
0.0591966,5.366,1.0094e-06,662.022
0.0602009,5.422,9.7501e-07,707.958
0.0611978,5.498,1.00025e-06,728.998
0.0622053,5.55,1.00032e-06,765.75
0.0632022,5.614,9.81269e-07,786.502
0.0642078,5.684,1.02318e-06,816.072
0.0652063,5.744,9.59005e-07,829.232
0.066211,5.798,1.02683e-06,844.598
0.067212,5.846,9.53066e-07,873.142
0.0682129,5.912,1.03505e-06,878.128
0.0692201,5.978,9.58977e-07,878.758
0.0702155,6.058,1.00229e-06,895.318
0.0712254,6.138,9.8617e-07,901.478
0.0722202,6.208,9.74455e-07,958.368
0.0732251,6.276,1.02347e-06,975.912
0.074224,6.324,9.56578e-07,1003.51
0.0752286,6.35,1.02271e-06,1003.75
0.0762311,6.41,9.81504e-07,1020.95
0.077233,6.46,1.0228e-06,1014.2
0.0782352,6.514,9.84544e-07,1034.9
0.0792343,6.59,1.02847e-06,1112.95
0.080239,6.662,9.68455e-07,1211.88
0.0812366,6.734,1.02771e-06,1281.62
0.0822449,6.786,9.71115e-07,1358.1
0.0832434,6.842,1.0354e-06,1378.52
0.0842459,6.894,9.98376e-07,1393.38
0.0852447,6.982,9.90538e-07,1460.84
0.0862491,7.036,1.02654e-06,1461.35
0.0872504,7.1,9.67828e-07,1447
0.0882541,7.2,1.01309e-06,1556
0.0892544,7.266,9.51578e-07,1673.62
0.0902585,7.336,1.01432e-06,1807.55
0.0912601,7.44,9.4255e-07,1987.2
0.0922644,7.492,1.02198e-06,2036.97
0.0932645,7.56,9.4908e-07,2057.2
0.0942679,7.636,1.03838e-06,2091.75
0.0952667,7.718,9.55911e-07,2133.24
0.0962738,7.806,1.0421e-06,2278.18
0.0972727,7.862,9.49501e-07,2331.48
0.0982755,7.934,1.03623e-06,2416.82
0.099277,7.996,9.31118e-07,2455.99
0.100277,8.046,1.06859e-06,2539.94
0.101278,8.136,9.41293e-07,2664.75
0.102283,8.226,1.06635e-06,2769.46
0.103281,8.316,9.61532e-07,2902.07
0.104283,8.368,1.01444e-06,2964.29
0.105287,8.42,9.89555e-07,3019.8
0.10629,8.492,9.57554e-07,3120.97
0.10729,8.558,1.03838e-06,3145.32
0.108293,8.66,9.13273e-07,3298.2
0.109295,8.696,1.06654e-06,3301.79
0.110299,8.792,8.93069e-07,3466.37
0.111302,8.866,1.08395e-06,3546.02
0.112301,8.96,8.92617e-07,3655.2
0.113302,9.03,1.11529e-06,3764.55
0.114307,9.108,9.2685e-07,3878.17
0.115307,9.156,1.0903e-06,3889.83
0.116311,9.248,9.54139e-07,3911.25
0.117309,9.298,1.04792e-06,3914.6
0.118314,9.372,9.75808e-07,4112.81
0.119316,9.46,1.02923e-06,4294.2
0.12032,9.532,9.78372e-07,4394.49
0.12132,9.628,1.02338e-06,4412.81
0.122323,9.678,9.91158e-07,4417.16
0.123323,9.772,1.00068e-06,4560.01
0.124329,9.844,9.98025e-07,4537.83
0.125321,9.908,9.65897e-07,4585.77
0.126331,9.98,1.00312e-06,4637.8
0.12733,10.06,9.92374e-07,4768.2
0.128334,10.176,1.00868e-06,4872.51
0.129333,10.268,1.01676e-06,5078.09
0.130337,10.366,9.72772e-07,5230.02
0.131339,10.458,1.00874e-06,5344.12
0.132343,10.532,9.76515e-07,5332.49
0.133342,10.608,1.00414e-06,5475.17
0.134345,10.726,9.85196e-07,5683.46
0.135347,10.82,1.01955e-06,5653.8
0.136351,10.902,9.94435e-07,5760.2
0.13735,11.024,9.91181e-07,5823.71
0.138355,11.088,9.86341e-07,5778.13
0.139354,11.18,1.00506e-06,5927.8
0.140359,11.296,9.84099e-07,6138.19
0.141356,11.4,1.00328e-06,6426
0.142367,11.504,9.76647e-07,6608.99
0.143364,11.614,9.94895e-07,6900.5
0.144368,11.706,9.89918e-07,7213.78
0.145365,11.772,1.01595e-06,7230.01
0.146371,11.86,9.7986e-07,7500.2
0.14737,11.938,1.00993e-06,7531.08
0.148375,12.08,9.68213e-07,7730.8
0.149376,12.158,1.02294e-06,7942.52
0.15038,12.24,9.90954e-07,8099.2
0.151376,12.304,9.95861e-07,8201.79
0.152383,12.448,1.01793e-06,8525.65
0.153381,12.546,9.60395e-07,8633.94
0.154388,12.658,1.03705e-06,8798.52
0.155387,12.752,9.54853e-07,9105.25
0.156391,12.858,1.04069e-06,9138.92
0.157391,12.962,9.4933e-07,9216.28
0.158395,13.066,1.01924e-06,9260.82
0.159397,13.174,9.60949e-07,9503.86
0.160399,13.284,1.01104e-06,9525.67
0.161401,13.372,9.60459e-07,9722.81
0.162401,13.472,1.00382e-06,10026.6
0.163406,13.572,9.71238e-07,10284.4
0.164406,13.672,1.0155e-06,10372.2
0.165411,13.824,9.78997e-07,10850.5
0.166415,14.04,1.04933e-06,11191.2
0.167407,14.188,9.68293e-07,11428.3
0.16841,14.31,1.0153e-06,11627
0.169416,14.446,9.37351e-07,11961.5
0.170415,14.554,1.01899e-06,12219.5
0.171421,14.664,9.41578e-07,12385.6
0.172419,14.76,1.01248e-06,12335.2
0.173429,14.912,9.73309e-07,12486.1
0.174422,15.06,9.65524e-07,12700.2
0.175431,15.162,1.03102e-06,12745.9
0.176429,15.256,9.5352e-07,12867.2
0.177435,15.35,1.08242e-06,13039.8
0.178432,15.502,9.27328e-07,13057
0.179435,15.668,1.07803e-06,13452.9
0.180437,15.824,9.31624e-07,13684.5
0.181436,15.976,1.04211e-06,13831.7
0.182442,16.114,9.4183e-07,14340.5
0.18344,16.234,1.03405e-06,14579.6
0.184449,16.348,9.43174e-07,14711.4
0.185445,16.546,9.94564e-07,15371.9
0.186453,16.722,9.75675e-07,15976.4
0.18745,16.848,9.83982e-07,16462.4
0.188457,16.97,9.92591e-07,16660.5
0.189453,17.146,9.72811e-07,16872.3
0.190461,17.284,1.00964e-06,17031.7
0.191459,17.39,9.78049e-07,17352.9
0.192464,17.52,1.017e-06,17456.8
0.193464,17.674,9.76811e-07,17937.9
0.194469,17.804,9.95405e-07,18262.8
0.195469,17.952,9.99734e-07,19202.8
0.196471,18.064,9.64605e-07,19634
0.197472,18.286,1.04874e-06,20332.1
0.198479,18.484,9.4672e-07,21148.9
0.199468,18.61,9.73441e-07,21697
0.200472,18.766,1.01348e-06,21837.6
0.201477,18.964,9.48919e-07,22555.4
0.202483,19.144,1.0249e-06,23325.6
0.203484,19.282,9.24204e-07,23609.2
0.204487,19.436,1.05803e-06,23825
0.205492,19.614,9.38177e-07,24318.5
0.206488,19.802,1.03986e-06,24521.4
0.207496,19.976,9.92081e-07,25307.7
0.20849,20.158,9.82795e-07,26072.5
0.209499,20.362,1.02729e-06,26687.5
0.210498,20.574,9.6326e-07,26724.3
0.2115,20.78,1.04204e-06,27325.8
0.2125,20.95,9.4484e-07,27775.7
0.213503,21.146,1.03021e-06,28286.3
0.214504,21.338,9.45399e-07,28589.9
0.215509,21.542,1.04828e-06,30618.1
0.216509,21.676,9.41519e-07,31469.5
0.217511,21.904,1.05423e-06,32931.4
0.218513,22.156,9.40325e-07,32971.8
0.219514,22.348,1.04315e-06,33223.4
0.220519,22.544,9.52186e-07,33472
0.221516,22.728,1.01285e-06,34311
0.222519,22.96,9.82548e-07,35035.2
0.223521,23.14,9.69865e-07,35686.2
0.224528,23.298,1.01221e-06,35960.6
0.225526,23.446,9.50852e-07,35977.5
0.226529,23.616,1.05713e-06,36590.3
0.227531,23.864,9.40694e-07,37268.8
0.228536,24.116,1.07516e-06,38255.3
0.229536,24.326,9.32295e-07,38305.9
0.230538,24.528,1.06782e-06,38888.6
0.231543,24.822,9.25827e-07,40041.2
0.232544,25.08,1.05093e-06,40852.8
0.233544,25.222,9.38e-07,42630.4
0.234544,25.448,1.04305e-06,43093.6
0.235551,25.728,9.46382e-07,44461
0.23655,26.01,1.02907e-06,45230.9
0.237553,26.296,9.48055e-07,45956.2
0.238555,26.558,1.00741e-06,48175.3
0.239558,26.788,9.65489e-07,49643.5
0.240562,26.964,1.01485e-06,49739.4
0.241562,27.152,9.89018e-07,51014.4
0.242564,27.414,1.03102e-06,51179.3
0.243563,27.732,9.93417e-07,53042.1
0.244566,27.998,1.01989e-06,54697
0.245566,28.35,1.00746e-06,57285.7
0.246571,28.686,1.00449e-06,60347.7
0.247572,29,1.03705e-06,61898
0.248578,29.372,9.85924e-07,63312.8
0.249584,29.606,1.12468e-06,63597.4
0.250569,29.834,9.79043e-07,64205.2
0.251578,30.06,1.07764e-06,64654.2
0.25258,30.292,9.72075e-07,65259.4
0.253585,30.644,1.03871e-06,69490.6
0.254587,30.96,1.00442e-06,70185.2
0.255591,31.262,9.9311e-07,71660.7
0.256588,31.61,1.03628e-06,75464.9
0.257595,32.028,9.77317e-07,77575.6
0.258589,32.388,1.02126e-06,78462.7
0.259598,32.792,9.86429e-07,81966.4
0.260594,33.106,9.6755e-07,85727.4
0.261601,33.508,1.0036e-06,89445
0.262601,33.746,9.52577e-07,90300.7
0.263605,34.074,1.01864e-06,93664.3
0.264606,34.474,9.76842e-07,99600.7
0.265609,34.918,9.98688e-07,103710
0.266611,35.344,1.00366e-06,105937
0.267611,35.808,9.83651e-07,110896
0.268612,36.194,1.00986e-06,113042
0.269617,36.51,9.7547e-07,115781
0.270618,36.948,1.02483e-06,117717
0.271624,37.454,9.89335e-07,127152
0.272623,37.966,1.01139e-06,134290
0.273628,38.308,1.01276e-06,136683
0.274626,38.68,9.6777e-07,139553
0.275628,39.03,1.00335e-06,144737
0.276632,39.322,9.76213e-07,146103
0.277636,39.936,9.86081e-07,157338
0.278635,40.422,9.95581e-07,162518
0.279638,40.828,9.8679e-07,163707
0.280637,41.314,9.94413e-07,168614
0.281644,41.632,9.98004e-07,170736
0.282641,42.278,9.7862e-07,182986
0.283646,42.75,1.02716e-06,187942
0.284648,43.394,9.67819e-07,195761
0.285648,43.91,9.8715e-07,200583
0.28665,44.276,9.91121e-07,202104
0.287653,44.956,9.76301e-07,205863
0.288658,45.642,1.01671e-06,211637
0.289655,46.196,9.76009e-07,218247
0.290658,46.578,1.01694e-06,221956
0.291663,47.072,9.96865e-07,223767
0.292662,47.67,9.9371e-07,233421
0.293662,48.16,1.03177e-06,236073
0.294666,48.952,9.67183e-07,252825
0.295667,49.454,1.0261e-06,256754
0.296672,50.102,9.64126e-07,269900
0.297672,50.63,9.83108e-07,281939
0.298677,51.49,9.95155e-07,288709
0.299682,52.034,9.57122e-07,299968
0.300678,52.664,1.03636e-06,306458
0.301681,53.31,9.85008e-07,317995
0.302682,53.95,1.02524e-06,326178
0.303683,54.618,9.74668e-07,339382
0.304686,55.434,1.0027e-06,346741
0.305686,55.934,9.87021e-07,350053
0.306691,56.76,9.96286e-07,375287
0.307688,57.25,9.82256e-07,383320
0.308696,58.028,1.00103e-06,413308
0.309693,58.834,9.75937e-07,419575
0.310701,59.686,1.00515e-06,438976
0.3117,60.328,9.69037e-07,448020
0.312702,60.98,9.97606e-07,469042
0.313705,62.036,9.82402e-07,510091
0.314708,62.752,9.70655e-07,518391
0.315708,63.656,1.00102e-06,535089
0.316713,64.614,9.59176e-07,568509
0.317711,65.4,1.02454e-06,580900
0.318718,66.252,9.50167e-07,595692
0.319715,66.996,1.03776e-06,622100
0.320723,67.606,9.56425e-07,629797
0.32172,68.848,1.05702e-06,657400
0.322723,69.672,9.61915e-07,671434
0.323721,70.434,1.05355e-06,690925
0.324729,71.242,9.43345e-07,699616
0.325726,72.76,1.02673e-06,784087
0.326731,73.642,9.62567e-07,791299
0.327731,74.498,9.90799e-07,804603
0.328737,75.634,9.95764e-07,824718
0.329736,76.934,9.55201e-07,850081
0.330743,77.928,1.00697e-06,873857
0.331738,78.93,9.03785e-07,894439
0.332755,79.944,1.07596e-06,920006
0.333749,81.032,8.82404e-07,965263
0.334735,82.102,9.83506e-07,978792
0.335756,83.366,9.90773e-07,1.00538e+06
0.336746,84.608,9.32591e-07,1.02392e+06
0.337754,85.85,1.03807e-06,1.04152e+06
0.338753,87.104,9.24423e-07,1.05612e+06
0.339755,88.302,1.05266e-06,1.08132e+06
0.340759,89.678,9.28778e-07,1.11373e+06
0.34176,91.15,1.04461e-06,1.19051e+06
0.342763,92.598,9.36999e-07,1.26704e+06
0.343765,94.372,1.05261e-06,1.31303e+06
0.344768,95.81,9.54215e-07,1.32549e+06
0.345768,97.832,1.04572e-06,1.39568e+06
0.346772,99.428,9.53728e-07,1.46302e+06
0.347772,101.058,1.03356e-06,1.53081e+06
0.348778,102.752,9.75799e-07,1.55342e+06
0.349776,104.624,1.02366e-06,1.59294e+06
0.35078,106.988,9.98852e-07,1.67986e+06
0.35178,109.08,9.71775e-07,1.78993e+06
0.352786,110.574,1.01919e-06,1.84784e+06
0.353783,112.374,9.55556e-07,1.87513e+06
0.354789,114.724,1.05697e-06,1.96721e+06
0.355789,116.882,9.48216e-07,2.05271e+06
0.356789,119.468,1.04506e-06,2.20789e+06
0.357795,122.086,9.46538e-07,2.30394e+06
0.358794,123.684,1.03045e-06,2.36278e+06
0.359801,126.566,9.65047e-07,2.46793e+06
0.360797,129.734,1.0044e-06,2.56631e+06
0.361803,132.642,9.84407e-07,2.7666e+06
0.362801,135.434,9.84471e-07,2.98113e+06
0.363808,138.02,9.99202e-07,3.08844e+06
0.364807,141.586,9.84317e-07,3.1789e+06
0.36581,144.388,1.02164e-06,3.31235e+06
0.36681,148.192,9.69417e-07,3.43039e+06
0.367814,150.64,1.03241e-06,3.55261e+06
0.368814,153.34,9.31559e-07,3.70714e+06
0.369821,155.64,1.05289e-06,3.82426e+06
0.37082,158.12,9.30265e-07,3.92951e+06
0.371824,161.94,1.07339e-06,4.20309e+06
0.372821,165.778,9.36577e-07,4.37809e+06
0.373827,169.266,1.04497e-06,4.68939e+06
0.37483,172.904,9.51722e-07,4.87479e+06
0.375827,176.666,1.04274e-06,5.02541e+06
0.376831,180.114,9.52814e-07,5.22664e+06
0.377832,184.068,1.04608e-06,5.42626e+06
0.378835,187.326,9.72183e-07,5.65042e+06
0.379834,193.024,1.02702e-06,6.04482e+06
0.380842,197.208,9.78901e-07,6.27987e+06
0.381838,201.638,1.01864e-06,6.54947e+06
0.382846,207.216,9.90589e-07,6.95597e+06
0.38384,211.198,1.01732e-06,7.27053e+06
0.384849,216.576,1.00218e-06,7.46535e+06
0.385844,220.938,1.02167e-06,7.63134e+06
0.386855,226.628,9.82378e-07,8.21834e+06
0.38785,230.446,1.01773e-06,8.48557e+06
0.38886,237.208,9.67303e-07,8.91792e+06
0.389853,243.008,9.86006e-07,9.27534e+06
0.390862,249.514,9.7322e-07,9.69496e+06
0.39186,255.398,9.8895e-07,1.01348e+07
0.392867,260.572,9.749e-07,1.04577e+07
0.393863,267.31,9.72116e-07,1.09531e+07
0.39487,275.642,1.0082e-06,1.18332e+07
0.39587,282.184,9.5907e-07,1.21313e+07
0.396872,290.58,1.04989e-06,1.29516e+07
0.397873,298.896,9.77328e-07,1.34435e+07
0.398877,308.87,1.03251e-06,1.43892e+07
0.399877,315.754,9.57614e-07,1.49279e+07
0.40087,325.856,9.526e-07,1.56279e+07
0.401886,336.486,1.02311e-06,1.65071e+07
0.402879,345.092,9.22797e-07,1.714e+07
0.403884,353.678,1.08292e-06,1.79661e+07
0.404887,365.686,9.26933e-07,1.88794e+07
0.405886,374.766,1.05972e-06,1.99125e+07
0.406892,385.574,9.43717e-07,2.11247e+07
0.407888,394.726,1.00106e-06,2.18542e+07
0.408897,404.78,9.78735e-07,2.25578e+07
0.409895,414.476,9.63442e-07,2.32652e+07
0.410902,426.886,1.0053e-06,2.40499e+07
0.411901,437.782,9.44477e-07,2.5016e+07
0.412907,448.902,1.02653e-06,2.57818e+07
0.413907,461.564,9.5681e-07,2.67124e+07
0.414909,473.482,1.03594e-06,2.73519e+07
0.41591,487.366,9.82051e-07,2.82526e+07
0.416909,503.078,1.0151e-06,2.87037e+07
0.417913,515.68,9.9854e-07,2.95536e+07
0.418916,529.708,1.00639e-06,3.04603e+07
0.419918,544.712,9.98668e-07,3.09709e+07
0.42092,560.382,1.00268e-06,3.1557e+07
0.42192,574.822,1.0145e-06,3.24461e+07
0.422922,590.104,1.0001e-06,3.31746e+07
0.423926,604.448,1.01823e-06,3.44444e+07
0.424926,620.266,9.67258e-07,3.46596e+07
0.42593,638.798,1.0255e-06,3.54465e+07
0.426931,656.6,9.55576e-07,3.60343e+07
0.427929,673.706,1.01437e-06,3.72844e+07
0.428931,692.38,9.8085e-07,3.74163e+07
0.429936,709.768,1.00753e-06,3.7856e+07
0.430939,729.47,9.90983e-07,3.95232e+07
0.431941,750.664,9.96255e-07,3.94912e+07
0.432943,768.89,1.00318e-06,4.0037e+07
0.433946,791.684,9.82458e-07,3.98994e+07
0.434945,817.042,9.90603e-07,3.97974e+07
0.435949,836.6,1.0064e-06,4.00763e+07
0.43695,854.968,9.92675e-07,4.01462e+07
0.437952,880.334,1.00644e-06,3.93786e+07
0.438954,900.04,9.84986e-07,3.89482e+07
0.439954,923.508,9.98755e-07,3.79164e+07
0.440959,942.41,9.85805e-07,3.87503e+07
0.441962,964.462,9.91297e-07,3.82345e+07
0.442962,989.476,9.76579e-07,3.76287e+07
0.443965,1008.63,9.7353e-07,3.81217e+07
0.444962,1033.55,9.47472e-07,3.6863e+07
0.445972,1055.92,1.00592e-06,3.61923e+07
0.446969,1077.5,9.42495e-07,3.50314e+07
0.447976,1099.28,1.05747e-06,3.37391e+07
0.448975,1120.39,9.58973e-07,3.31162e+07
0.449977,1145.14,1.07008e-06,3.16539e+07
0.45098,1166.56,9.75495e-07,3.13614e+07
0.45198,1187.97,1.02543e-06,3.05459e+07
0.452982,1205.92,1.00731e-06,3.04605e+07
0.453983,1223.75,9.88304e-07,3.06095e+07
0.454986,1246.67,1.02791e-06,3.01537e+07
0.455989,1269.47,9.71823e-07,2.89919e+07
0.456992,1292.05,1.0316e-06,2.8395e+07
0.457994,1310.53,9.67016e-07,2.80557e+07
0.458993,1332.69,1.01101e-06,2.6666e+07
0.459997,1353.85,9.78092e-07,2.54397e+07
0.461,1376.56,1.00121e-06,2.42326e+07
0.462,1395.43,9.99793e-07,2.36264e+07
0.463006,1415.84,9.65652e-07,2.28135e+07
0.464004,1437.71,1.01765e-06,2.13805e+07
0.465011,1459.06,9.68163e-07,2.04882e+07
0.466008,1477.73,1.02362e-06,1.96319e+07
0.467009,1496.62,9.86628e-07,1.90043e+07
0.46801,1521.9,1.02377e-06,1.70905e+07
0.469016,1543.84,9.84193e-07,1.64798e+07
0.470013,1563.31,9.90776e-07,1.60122e+07
0.47102,1583.43,9.84333e-07,1.48267e+07
0.47202,1601.55,1.00464e-06,1.42683e+07
0.473025,1621.24,9.59341e-07,1.36868e+07
0.474026,1638.93,1.03758e-06,1.34291e+07
0.475028,1656.86,9.38731e-07,1.29363e+07
0.476026,1677.57,1.04963e-06,1.23982e+07
0.477034,1695.47,9.2764e-07,1.22503e+07
0.478029,1714.83,1.04235e-06,1.20218e+07
0.47904,1732.48,9.37034e-07,1.19922e+07
0.480033,1751,1.00939e-06,1.18141e+07
0.481044,1770.35,9.78208e-07,1.16296e+07
0.482038,1788.94,9.7219e-07,1.14435e+07
0.483047,1806.56,1.03832e-06,1.13468e+07
0.484041,1824.91,9.50145e-07,1.10662e+07
0.485047,1844.34,1.05712e-06,1.04014e+07
0.486048,1863.3,9.50729e-07,1.02005e+07
0.487052,1880.94,1.04619e-06,9.91825e+06
0.488051,1898.98,9.75478e-07,9.77787e+06
0.489053,1916.76,1.04006e-06,9.31031e+06
0.490053,1935.08,9.48455e-07,9.05092e+06
0.491058,1953.62,1.04906e-06,8.72518e+06
0.49206,1969.87,9.31652e-07,8.46588e+06
0.493064,1986.51,1.06417e-06,8.09321e+06
0.494066,2003.89,9.18199e-07,7.95536e+06
0.495068,2021.36,1.06904e-06,7.80716e+06
0.496075,2039.18,9.36179e-07,7.74408e+06
0.497079,2055.51,1.10135e-06,7.68768e+06
0.498087,2070.66,1.03244e-06,7.36081e+06
0.499091,2087.3,1.24259e-06,7.0446e+06
0.500079,2104.28,1.4488e-06,6.94678e+06
0.501064,2120.32,1.24193e-06,6.94972e+06
0.502068,2136.73,1.02131e-06,6.57615e+06
0.503076,2152.59,1.10183e-06,6.62086e+06
0.50408,2167.53,9.3268e-07,6.51426e+06
0.505088,2184.49,1.07036e-06,6.20291e+06
0.506089,2200.91,9.18921e-07,5.99527e+06
0.507092,2216.96,1.06279e-06,5.78395e+06
0.508095,2232.37,9.31905e-07,5.62467e+06
0.509098,2247.45,1.04453e-06,5.62323e+06
0.510102,2262.64,9.49029e-07,5.41793e+06
0.511103,2278.83,1.03743e-06,5.32442e+06
0.512103,2294.05,9.73302e-07,5.32146e+06
0.513104,2309.17,1.04582e-06,5.13669e+06
0.514106,2323.07,9.48556e-07,5.02682e+06
0.515108,2338.18,1.05894e-06,4.83338e+06
0.516113,2352.3,9.48974e-07,4.78948e+06
0.517109,2366.71,1.04064e-06,4.75059e+06
0.518117,2381.69,9.7209e-07,4.6561e+06
0.519112,2396.02,9.80197e-07,4.60264e+06
0.520122,2410.32,1.00959e-06,4.51125e+06
0.521115,2425.64,9.40661e-07,4.27371e+06
0.522126,2440.5,1.04268e-06,4.13543e+06
0.523122,2454.37,9.31533e-07,4.03061e+06
0.524129,2469.37,1.0477e-06,3.87185e+06
0.525127,2483.57,9.41367e-07,3.79482e+06
0.526129,2498.45,1.03262e-06,3.68224e+06
0.527131,2512.1,9.6128e-07,3.61181e+06
0.528134,2524.37,1.0021e-06,3.53907e+06
0.529135,2536.87,9.87075e-07,3.4756e+06
0.530142,2550.84,9.89524e-07,3.40351e+06
0.53114,2564.11,9.84652e-07,3.3097e+06
0.532145,2577.47,1.02299e-06,3.18482e+06
0.533146,2590.89,9.87032e-07,3.03931e+06
0.534147,2603.33,1.0228e-06,2.93181e+06
0.535144,2615.84,9.70256e-07,2.84929e+06
0.536151,2628.93,1.01506e-06,2.7568e+06
0.53715,2641.44,9.70042e-07,2.7311e+06
0.538154,2654.63,9.96027e-07,2.61501e+06
0.539156,2667.12,1.00131e-06,2.57457e+06
0.540158,2679.05,9.7546e-07,2.50732e+06
0.541162,2691.63,1.00987e-06,2.41859e+06
0.542161,2703.1,9.67591e-07,2.42195e+06
0.543164,2715.35,1.03132e-06,2.37942e+06
0.544166,2727.97,9.72886e-07,2.34486e+06
0.54517,2739.97,1.02736e-06,2.30151e+06
0.546172,2751.51,9.90698e-07,2.26712e+06
0.547174,2762.57,1.00243e-06,2.20763e+06
0.548175,2773.83,1.02683e-06,2.20295e+06
0.549176,2785.42,9.71321e-07,2.17131e+06
0.550177,2797.37,1.06909e-06,2.11188e+06
0.55118,2808.97,9.57315e-07,2.08455e+06
0.552179,2820.57,1.05397e-06,2.02477e+06
0.553186,2832.09,9.39042e-07,1.96294e+06
0.554183,2843.07,1.00379e-06,1.9207e+06
0.555193,2854.34,9.44149e-07,1.87472e+06
0.55619,2865.95,9.75322e-07,1.823e+06
0.557193,2876.84,9.75879e-07,1.74555e+06
0.558193,2888.04,9.93219e-07,1.67625e+06
0.559197,2898.79,9.85768e-07,1.59308e+06
0.560201,2909.61,9.9977e-07,1.54582e+06
0.561202,2920.09,9.83159e-07,1.50717e+06
0.562203,2930.85,1.00664e-06,1.44607e+06
0.563206,2941.62,9.89961e-07,1.41365e+06
0.564206,2951.73,1.00645e-06,1.38845e+06
0.565211,2961.24,9.88142e-07,1.36127e+06
0.566209,2970.99,9.84076e-07,1.32725e+06
0.567213,2981.58,1.00097e-06,1.32595e+06
0.568214,2991.22,9.98308e-07,1.30076e+06
0.569216,3001.31,9.88962e-07,1.28948e+06
0.570219,3011.76,1.00804e-06,1.27863e+06
0.571225,3021.41,9.78217e-07,1.27197e+06
0.572226,3031.62,1.01716e-06,1.28518e+06
0.573225,3041.86,9.53727e-07,1.19714e+06
0.574225,3051.47,1.02479e-06,1.18233e+06
0.57523,3061.11,9.67224e-07,1.18304e+06
0.576229,3070.49,1.01674e-06,1.15366e+06
0.577234,3079.43,9.98088e-07,1.16831e+06
0.578235,3088.58,1.01261e-06,1.15804e+06
0.579236,3097.21,1.00173e-06,1.13582e+06
0.580237,3106.23,9.97618e-07,1.1147e+06
0.58124,3115.25,1.00612e-06,1.09299e+06
0.582242,3124.19,9.99629e-07,1.08016e+06
0.583247,3133.25,1.01566e-06,1.0632e+06
0.584244,3141.65,9.80426e-07,1.04512e+06
0.585247,3150.28,1.0401e-06,1.01785e+06
0.586248,3158.68,9.55229e-07,1.00206e+06
0.587249,3167.5,1.03041e-06,984899
0.588254,3175.4,9.44368e-07,972894
0.589254,3184.3,1.00695e-06,961464
0.59026,3192.88,9.64442e-07,942242
0.591258,3201.62,9.77811e-07,924534
0.592266,3210.36,1.00234e-06,922431
0.593264,3218.29,9.43625e-07,906627
0.594269,3226.53,1.06098e-06,875919
0.595269,3234.32,9.2629e-07,857718
0.596271,3242.59,1.08105e-06,823019
0.597276,3250.71,9.18956e-07,824845
0.598269,3258.24,1.01947e-06,809612
0.599286,3265.9,9.48644e-07,797061
0.600278,3273.07,9.57078e-07,786724
0.601279,3280.92,1.03512e-06,766564
0.602282,3289.12,9.76529e-07,760063
0.603283,3296.48,1.04943e-06,768815
0.604285,3303.94,9.57865e-07,748234
0.605286,3311.3,1.00986e-06,735417
0.606292,3318.63,9.72535e-07,708832
0.607289,3325.76,9.7803e-07,686854
0.608295,3333.14,9.88098e-07,683341
0.609294,3340.28,9.77143e-07,654515
0.610302,3347.75,9.8572e-07,645640
0.611296,3354.84,9.72132e-07,644843
0.612305,3362.14,1.01685e-06,628187
0.6133,3368.98,9.89184e-07,621133
0.614311,3375.76,1.01916e-06,606682
0.615306,3382.41,1.00884e-06,596903
0.616314,3388.8,1.01674e-06,578993
0.61731,3395.57,9.93631e-07,572123
0.618316,3401.99,1.01777e-06,575052
0.619314,3408.56,9.79125e-07,569271
0.62032,3414.78,1.02698e-06,560393
0.621321,3421.04,9.68789e-07,556395
0.622322,3427.97,1.04617e-06,554515
0.623325,3434.38,9.50938e-07,547219
0.624328,3440.55,1.04305e-06,551028
0.625325,3446.64,9.49865e-07,543706
0.626327,3452.92,1.04812e-06,538054
0.627335,3459.39,9.33146e-07,529281
0.628331,3464.91,1.07615e-06,518549
0.629336,3470.72,9.28958e-07,501414
0.630334,3476.7,1.05209e-06,495439
0.631342,3482.42,9.32046e-07,496272
0.632341,3488.13,1.03265e-06,498650
0.633346,3493.77,9.71289e-07,485915
0.634345,3499.36,1.02266e-06,475779
0.635348,3504.81,9.84865e-07,479703
0.636347,3510.28,9.97842e-07,471763
0.637355,3515.82,9.8129e-07,466904
0.638351,3520.84,9.84941e-07,475299
0.639359,3526.25,1.00221e-06,463451
0.640354,3531.56,9.6494e-07,452617
0.641361,3536.58,1.02863e-06,457002
0.64236,3541.79,9.47457e-07,461752
0.643367,3547.01,1.04259e-06,460599
0.644366,3552.25,9.49448e-07,450929
0.645367,3557.46,1.05572e-06,447410
0.646371,3562.56,9.56936e-07,443153
0.64737,3567.3,1.0184e-06,436128
0.648375,3572.42,9.742e-07,422344
0.649376,3577.32,9.98448e-07,417595
0.650379,3581.94,1.02407e-06,407388
0.651378,3587.1,9.77025e-07,404069
0.652383,3591.87,1.03524e-06,403089
0.653384,3596.66,9.54405e-07,396272
0.654387,3601.21,1.04585e-06,387471
0.655388,3606.1,9.53224e-07,382042
0.65639,3610.61,1.05144e-06,375753
0.657393,3615.65,9.35068e-07,373076
0.658394,3620.39,1.04557e-06,363909
0.659397,3624.89,9.27108e-07,363409
0.660399,3629.27,1.05132e-06,359116
0.661403,3634.1,9.20449e-07,352387
0.6624,3638.53,1.03813e-06,353613
0.66341,3642.94,9.28248e-07,349941
0.664399,3647.05,9.88338e-07,340013
0.665421,3651.6,9.79508e-07,335888
0.666405,3655.78,8.8017e-07,331639
0.667401,3660.04,1.07735e-06,327334
0.668417,3663.97,9.08595e-07,320455
0.669413,3667.73,1.00951e-06,307109
0.670419,3671.58,9.55976e-07,306416
0.671419,3675.52,9.96421e-07,301293
0.672424,3679.47,9.93618e-07,296163
0.673424,3683.41,9.61372e-07,291003
0.674429,3687.71,1.02792e-06,281773
0.675426,3691.47,9.45462e-07,275417
0.676433,3695.34,1.05384e-06,269919
0.677433,3699.01,9.6576e-07,267057
0.678435,3702.67,1.05618e-06,263103
0.679433,3706.27,9.62091e-07,266050
0.68044,3710.04,1.03581e-06,258207
0.681437,3713.83,9.56178e-07,254330
0.682444,3717.4,1.02278e-06,245644
0.683443,3720.62,9.60797e-07,244092
0.684447,3724.06,9.9839e-07,239526
0.685448,3727.41,9.74061e-07,237167
0.68645,3730.62,9.80984e-07,237367
0.687453,3733.8,1.00112e-06,234481
0.688455,3737.34,9.68993e-07,228286
0.689455,3740.79,1.00851e-06,227498
0.690462,3744.15,9.76605e-07,226648
0.691459,3747.44,1.00215e-06,230887
0.692466,3750.79,9.8129e-07,222368
0.693465,3753.92,9.94468e-07,215286
0.694469,3756.77,9.85657e-07,214945
0.69547,3759.93,1.00167e-06,215663
0.696472,3763.23,9.73216e-07,211002
0.697474,3766.45,1.02524e-06,205812
0.698474,3769.27,9.84309e-07,202325
0.699477,3772.16,1.03563e-06,199855
0.700473,3775.15,9.56155e-07,192536
0.701478,3777.93,9.94847e-07,187643
0.702482,3780.91,9.85358e-07,184313
0.703484,3783.73,9.63239e-07,180153
0.704487,3786.39,1.02803e-06,176763
0.70549,3789.12,9.67837e-07,173816
0.706492,3791.9,1.03008e-06,171270
0.707493,3794.87,9.9351e-07,169160
0.708492,3797.5,9.93139e-07,164237
0.709497,3800.03,1.01788e-06,162644
0.7105,3802.75,9.75016e-07,162232
0.711498,3805.47,1.01922e-06,160515
0.712502,3808.06,9.77512e-07,156522
0.713506,3810.76,9.89935e-07,157659
0.714507,3813.52,9.90735e-07,156501
0.715507,3816.25,9.68101e-07,156750
0.716509,3818.8,1.02868e-06,152667
0.717514,3821.3,9.77695e-07,148645
0.718511,3823.92,9.98671e-07,146045
0.719519,3826.32,9.91788e-07,143665
0.720516,3828.69,9.87696e-07,139451
0.721521,3830.92,9.94287e-07,140511
0.722519,3833.27,9.86397e-07,137677
0.723524,3835.44,9.76533e-07,135467
0.724527,3837.74,1.00603e-06,136195
0.725529,3840.05,9.68866e-07,134408
0.726527,3842.18,1.01245e-06,132244
0.727533,3844.48,1.0093e-06,130121
0.728531,3846.52,9.88834e-07,130107
0.729537,3848.71,1.02279e-06,129580
0.730537,3850.87,9.76495e-07,127727
0.731542,3853.11,1.00658e-06,125693
0.732544,3855.21,9.87157e-07,123824
0.733544,3857.22,9.99862e-07,123694
0.734546,3859.16,1.00094e-06,121375
0.735548,3861.14,9.73686e-07,118635
0.73655,3862.88,1.01926e-06,119569
0.737554,3864.82,9.51495e-07,118086
0.738553,3866.9,1.00199e-06,115502
0.73956,3868.88,9.68206e-07,114566
0.740557,3870.82,9.86813e-07,114223
0.741566,3872.61,1.02171e-06,110981
0.74256,3874.43,9.78072e-07,112056
0.743567,3876.19,1.0346e-06,110608
0.744564,3877.9,9.96191e-07,105967
0.745568,3879.7,1.00243e-06,105504
0.74657,3881.38,1.04303e-06,105338
0.747574,3883.19,9.69211e-07,102912
0.748577,3884.93,1.08321e-06,101741
0.749586,3886.82,9.84016e-07,98594.4
0.750571,3888.49,1.11405e-06,96862.9
0.751576,3890.17,9.85457e-07,94558.6
0.752583,3892,1.03425e-06,94004
0.753583,3893.62,1.00527e-06,92441.8
0.754589,3895.28,1.00372e-06,91853.2
0.755589,3896.96,1.02207e-06,90627.2
0.756592,3898.54,9.9139e-07,89660.3
0.757591,3900.04,1.03308e-06,88699
0.758593,3901.6,9.85738e-07,87406.4
0.759593,3903.14,1.01424e-06,86720.9
0.760597,3904.62,9.63914e-07,84585.6
0.761599,3906.02,1.00971e-06,81897.7
0.762602,3907.36,9.47629e-07,79872.9
0.763605,3908.87,1.0291e-06,77797.3
0.764604,3910.19,9.45922e-07,74169.7
0.76561,3911.5,1.04357e-06,72551
0.766611,3913.01,9.39059e-07,71657.9
0.767611,3914.24,1.04982e-06,69455.7
0.768612,3915.6,9.26307e-07,70068.2
0.769617,3917,1.06593e-06,67465
0.770619,3918.36,9.32832e-07,66527.5
0.771619,3919.53,1.07376e-06,65380.5
0.772624,3920.86,9.41454e-07,64928.2
0.773626,3922.03,1.05376e-06,64959.6
0.774628,3923.36,9.50245e-07,64375.8
0.775627,3924.67,1.00989e-06,64148.6
0.776634,3925.78,9.71091e-07,63129.8
0.777636,3926.95,9.82902e-07,60620.8
0.778639,3928.14,1.01474e-06,59447.5
0.779636,3929.46,9.5196e-07,57298
0.780641,3930.69,1.04381e-06,56770.6
0.781642,3931.91,9.39372e-07,55592.1
0.782643,3933.08,1.05367e-06,54300.5
0.783646,3934.15,9.4062e-07,53053.1
0.784646,3935.3,1.04595e-06,52987
0.785651,3936.43,9.46516e-07,52166.4
0.786651,3937.52,1.03e-06,50288.9
0.787654,3938.48,9.45624e-07,48824.8
0.788655,3939.53,1.04172e-06,47036.6
0.789657,3940.46,9.62001e-07,47052.2
0.790656,3941.36,1.02498e-06,46038.6
0.791665,3942.34,9.864e-07,45330.8
0.792659,3943.38,9.91771e-07,45581.8
0.793667,3944.37,1.0422e-06,44900.8
0.794663,3945.29,9.36648e-07,44616.1
0.795668,3946.22,1.05681e-06,43408.7
0.796671,3947.12,9.2415e-07,43076
0.797672,3948.15,1.02188e-06,42474.3
0.798677,3949.02,9.49503e-07,42560.8
0.799682,3949.89,1.01681e-06,41420.9
0.800687,3950.87,9.78879e-07,40553.3
0.801675,3951.71,9.46356e-07,39515.8
0.802683,3952.59,1.04509e-06,38644.8
0.803684,3953.49,9.67347e-07,37497
0.804686,3954.35,9.97848e-07,37088
0.805686,3955.1,9.98128e-07,36802.2
0.806691,3956.01,9.77101e-07,35986
0.80769,3956.79,1.02006e-06,35309.5
0.808696,3957.61,9.77643e-07,33967
0.809693,3958.36,1.00882e-06,33189.5
0.810702,3959.14,9.69936e-07,32279.5
0.811698,3959.83,9.92279e-07,31806.5
0.812704,3960.44,9.81003e-07,31147.2
0.813702,3961.23,9.74742e-07,29767.1
0.81471,3961.97,9.93506e-07,29007.6
0.815706,3962.77,9.43706e-07,28111.5
0.816714,3963.47,1.03535e-06,28460.6
0.817712,3964.16,9.43432e-07,27893.2
0.818719,3964.88,1.04343e-06,27407.6
0.819718,3965.6,9.30996e-07,26802.2
0.82072,3966.23,1.07997e-06,26747.6
0.821723,3966.94,9.27126e-07,26386.2
0.82272,3967.52,1.07974e-06,26058.8
0.823726,3968.18,9.51224e-07,25396.4
0.824723,3968.91,1.03039e-06,25233.3
0.825732,3969.59,9.64937e-07,24547.1
0.826726,3970.22,9.71704e-07,24387.8
0.827736,3970.81,1.01095e-06,23781.6
0.828733,3971.42,9.42183e-07,22868.1
0.82974,3972.08,1.01734e-06,22817.6
0.830739,3972.71,9.37754e-07,21713.4
0.831744,3973.28,1.013e-06,20907.2
0.832748,3973.88,9.7359e-07,19836.3
0.83374,3974.36,1.04349e-06,19373.5
0.834744,3974.92,9.79291e-07,19074.5
0.835748,3975.47,1.01323e-06,18968.4
0.836749,3976,9.70779e-07,18318
0.837754,3976.59,1.00434e-06,17757.3
0.838754,3977.06,9.61881e-07,17196
0.839755,3977.58,1.01189e-06,17011.6
0.840757,3978.04,9.6186e-07,16743
0.84176,3978.44,1.02145e-06,16117.2
0.842764,3978.94,9.48392e-07,15657.3
0.843763,3979.37,1.04367e-06,16008
0.844768,3979.85,9.54962e-07,15434.4
0.845767,3980.35,1.03881e-06,14863.1
0.846774,3980.78,9.60432e-07,14369.8
0.847772,3981.19,1.01687e-06,14083.6
0.848778,3981.63,9.97732e-07,13852.6
0.849775,3981.98,9.89235e-07,13655.8
0.850779,3982.36,1.02063e-06,13544.6
0.85178,3982.76,9.68657e-07,12834.2
0.852785,3983.2,1.00981e-06,12262.8
0.853784,3983.56,9.81181e-07,12011
0.85479,3983.88,1.01574e-06,11601.3
0.855787,3984.24,9.90425e-07,11289.7
0.856791,3984.64,9.91189e-07,10801.8
0.857788,3984.95,9.74807e-07,10481.8
0.858798,3985.34,1.00132e-06,10318.2
0.859795,3985.65,9.85056e-07,10012.3
0.860801,3986.02,1.00314e-06,9781.8
0.861799,3986.32,9.88068e-07,9600.44
0.862805,3986.66,9.90704e-07,9391.55
0.863803,3987.03,9.93351e-07,9133.61
0.864808,3987.35,1.01845e-06,8995.14
0.86581,3987.63,9.84439e-07,8921.06
0.866813,3987.96,1.00338e-06,8564.12
0.867812,3988.22,9.74632e-07,8361.24
0.868816,3988.55,1.00843e-06,8087.75
0.869818,3988.84,9.73616e-07,8035.2
0.870821,3989.08,1.01448e-06,7853.64
0.871821,3989.37,1.01091e-06,7462.55
0.872825,3989.64,9.89255e-07,7126.63
0.873824,3989.92,1.0035e-06,6825.96
0.874834,3990.19,9.6687e-07,6793.7
0.875826,3990.44,9.97374e-07,6707.43
0.876832,3990.7,1.00187e-06,6444.19
0.877831,3990.9,9.91952e-07,6277
0.878834,3991.16,1.02375e-06,6154.55
0.879835,3991.38,9.78222e-07,6072.04
0.880839,3991.61,1.03032e-06,5852.5
0.881841,3991.84,9.74649e-07,5646.55
0.882845,3992.08,1.05051e-06,5510.8
0.883844,3992.33,9.50969e-07,5431.86
0.884848,3992.51,1.09192e-06,5450.93
0.885848,3992.73,9.24053e-07,5249.46
0.886853,3992.93,1.11429e-06,5141.41
0.887854,3993.13,8.90992e-07,4874.55
0.888853,3993.33,1.08172e-06,4756.89
0.889856,3993.52,8.93658e-07,4542.71
0.89086,3993.75,1.06465e-06,4342.74
0.891862,3993.96,9.15686e-07,4091.2
0.892865,3994.14,1.03616e-06,3834.92
0.893865,3994.3,9.62041e-07,3725.4
0.894868,3994.48,9.85785e-07,3614.84
0.895872,3994.66,1.02004e-06,3523.88
0.896874,3994.81,9.60691e-07,3446.33
0.897871,3994.99,1.06771e-06,3378.98
0.898876,3995.2,9.38561e-07,3294.6
0.899878,3995.37,1.07155e-06,3067.06
0.900878,3995.54,9.31591e-07,2960.28
0.901879,3995.67,1.0379e-06,2924.21
0.902882,3995.81,9.49264e-07,2834.18
0.903881,3995.92,1.04434e-06,2685.64
0.904888,3996.03,9.56036e-07,2664.42
0.905887,3996.17,1.03932e-06,2601.89
0.90689,3996.28,9.48035e-07,2527.91
0.90789,3996.39,1.02248e-06,2430.73
0.908895,3996.51,9.41138e-07,2278.97
0.909896,3996.63,1.01306e-06,2223.06
0.9109,3996.76,9.51693e-07,2059.2
0.911901,3996.89,1.01171e-06,1998.17
0.912904,3996.98,9.66541e-07,1909.8
0.913906,3997.07,1.02565e-06,1864.82
0.91491,3997.2,9.90355e-07,1760.6
0.915909,3997.32,9.95987e-07,1647.51
0.916911,3997.43,1.03163e-06,1598.82
0.91791,3997.54,9.70202e-07,1490.03
0.918918,3997.64,1.0268e-06,1453.48
0.919916,3997.72,9.7145e-07,1390.8
0.92092,3997.8,1.02837e-06,1272.79
0.92192,3997.92,9.87644e-07,1177.96
0.922922,3998.02,1.02124e-06,1111.71
0.923924,3998.1,9.80662e-07,1088.2
0.924926,3998.17,1.02389e-06,1025.86
0.925931,3998.24,9.56158e-07,979.2
0.92693,3998.31,1.02507e-06,902.568
0.927935,3998.37,9.74678e-07,900.022
0.928929,3998.43,9.84655e-07,868.262
0.929939,3998.5,1.00261e-06,802.998
0.930935,3998.57,9.58033e-07,764.822
0.931942,3998.62,1.03519e-06,743.8
0.932943,3998.66,9.53164e-07,727.552
0.933944,3998.71,1.0252e-06,700.102
0.934948,3998.77,9.59332e-07,662.55
0.935947,3998.83,1.0241e-06,624.55
0.936953,3998.91,9.81851e-07,566.582
0.937949,3998.96,9.99253e-07,546.118
0.938957,3999.02,1.0013e-06,519.872
0.939954,3999.07,9.74797e-07,506.55
0.940958,3999.14,1.00707e-06,449.632
0.941961,3999.18,9.71567e-07,437.158
0.942964,3999.22,9.88323e-07,415.238
0.943965,3999.25,9.60841e-07,397.75
0.944967,3999.3,9.86748e-07,366.192
0.94597,3999.33,9.6192e-07,353.862
0.946971,3999.36,1.00934e-06,342.918
0.947973,3999.39,9.84882e-07,328.95
0.948976,3999.41,1.03736e-06,323.128
0.949977,3999.45,9.86006e-07,299.848
0.950979,3999.49,1.03544e-06,292.902
0.95198,3999.51,9.87293e-07,286.95
0.952981,3999.55,1.02599e-06,247.848
0.953984,3999.57,9.86847e-07,234.408
0.954987,3999.61,1.01905e-06,219.382
0.955989,3999.64,9.79782e-07,201.752
0.956991,3999.65,1.02561e-06,191.448
0.957994,3999.67,9.79895e-07,178.208
0.958993,3999.7,1.00362e-06,157.398
0.959998,3999.72,9.77303e-07,147.912
0.960998,3999.74,1.01003e-06,138.2
0.962001,3999.76,9.80521e-07,134.232
0.963004,3999.77,9.96073e-07,118.008
0.964006,3999.79,9.91209e-07,112.102
0.965008,3999.81,9.81656e-07,98.328
0.96601,3999.83,1.03975e-06,91.208
0.967011,3999.84,9.69688e-07,85.2
0.96801,3999.85,1.03454e-06,81.142
0.969014,3999.86,9.71211e-07,68.2
0.970015,3999.88,1.01139e-06,60.8
0.97102,3999.89,9.72718e-07,57.728
0.97202,3999.89,1.00348e-06,56.95
0.973025,3999.9,9.66496e-07,49.392
0.974025,3999.91,1.02589e-06,45.302
0.975028,3999.93,9.52688e-07,38.55
0.976027,3999.94,1.04194e-06,33.078
0.977032,3999.94,9.43346e-07,31.318
0.978029,3999.95,1.02793e-06,28.648
0.97904,3999.96,9.5053e-07,25.032
0.980032,3999.96,9.88814e-07,19.352
0.981043,3999.97,9.88855e-07,18.422
0.982038,3999.97,9.7889e-07,16.55
0.983047,3999.97,1.02033e-06,14.662
0.984043,3999.98,9.85936e-07,13.712
0.985046,3999.98,1.01595e-06,11.8
0.986049,3999.98,9.8824e-07,11.8
0.98705,3999.98,1.01708e-06,9.872
0.988054,3999.99,9.93279e-07,6.95
0.98905,3999.99,1.01086e-06,5.968
0.99006,4000,9.83757e-07,1.992
0.99105,4000,9.31607e-07,0.998
0.992071,4000,1.02023e-06,0.998
0.99305,4000,7.36933e-07,0.998
0.994083,4000,1.14594e-06,0.998
0.995049,4000,3.43825e-07,0
0.996095,4000,1.37722e-06,0
0.99706,4000,1.17e-07,0
0.998107,4000,1.71805e-06,0
0.999071,4000,1.16676e-08,0
1,4000,0,0
0.388788,237.632,0.212599,6.51875e+06
8.22817,-1,-1,-1
