0,1,0,0
0.00112146,2.014,3.67406e-08,6.902
0.00205497,2.038,2.6288e-06,18.278
0.00314008,2.072,2.88046e-07,33.408
0.00407359,2.124,2.12733e-06,56.312
0.00515228,2.18,8.86511e-07,79.8
0.00609221,2.242,1.86394e-06,103.718
0.00715321,2.312,1.62416e-06,123.328
0.00811037,2.384,1.8155e-06,140.272
0.00914109,2.468,2.24625e-06,162.488
0.010123,2.55,1.81921e-06,161.75
0.0111389,2.628,2.26103e-06,158.808
0.0121335,2.684,1.85032e-06,158.072
0.0131426,2.736,2.2131e-06,161.152
0.0141426,2.814,1.93097e-06,165.702
0.0151428,2.888,2.15026e-06,161.728
0.0161481,2.94,2.07676e-06,172.2
0.0171461,2.984,2.11525e-06,187.872
0.0181454,3.028,2.12263e-06,191.608
0.0191498,3.074,2.07286e-06,188.262
0.0201491,3.134,2.02966e-06,198.022
0.0211558,3.162,2.15483e-06,199.878
0.0221564,3.204,1.96155e-06,209.192
0.0231612,3.24,2.25079e-06,221.2
0.0241624,3.276,1.9007e-06,225.912
0.0251577,3.306,2.30199e-06,250.182
0.0261687,3.36,1.90898e-06,291.2
0.0271623,3.392,2.26015e-06,301.168
0.0281734,3.424,1.92678e-06,310.112
0.0291629,3.454,2.17102e-06,317.942
0.0301793,3.5,1.98672e-06,325
0.0311693,3.542,2.09533e-06,358.118
0.0321821,3.584,2.11168e-06,395.472
0.0331739,3.628,2.03712e-06,438.808
0.0341818,3.67,2.21714e-06,448.55
0.0351807,3.72,2.03282e-06,456.8
0.0361796,3.762,2.12826e-06,466.678
0.0371894,3.806,2.07957e-06,490.182
0.0381869,3.856,2.02844e-06,533.632
0.0391935,3.892,2.20507e-06,550.168
0.0401884,3.944,1.97389e-06,614.432
0.0411954,3.97,2.17438e-06,620.55
0.0421975,4.03,2.00595e-06,646.55
0.0431991,4.072,2.16138e-06,695.408
0.0442021,4.116,2.04116e-06,697.272
0.0452019,4.152,2.14457e-06,716.448
0.0462062,4.208,2.06315e-06,768.368
0.0472056,4.238,2.10966e-06,768.678
0.0482117,4.28,2.11736e-06,820.8
0.0492088,4.322,2.08044e-06,821.158
0.0502091,4.36,2.13557e-06,851.2
0.0512148,4.41,2.04057e-06,896.95
0.0522168,4.458,2.13204e-06,904.118
0.0532203,4.494,2.08096e-06,918.982
0.0542197,4.554,2.07114e-06,969.542
0.055224,4.616,2.14992e-06,1012.27
0.0562216,4.656,2.05392e-06,1006.83
0.0572259,4.694,2.13053e-06,1030.18
0.0582271,4.722,2.04039e-06,1072.36
0.0592341,4.756,2.12323e-06,1088.23
0.0602321,4.798,2.05703e-06,1126.6
0.0612342,4.852,2.14593e-06,1199.05
0.0622394,4.88,2.05504e-06,1200.8
0.0632365,4.912,2.12198e-06,1204.13
0.0642395,4.956,2.09881e-06,1259.03
0.0652438,5,2.08249e-06,1286
0.066245,5.04,2.1528e-06,1323.2
0.0672497,5.08,2.00388e-06,1308.8
0.0682492,5.112,2.21601e-06,1341.73
0.0692544,5.168,2.00757e-06,1395.89
0.0702479,5.206,2.16541e-06,1431.78
0.0712612,5.268,2.06272e-06,1452.09
0.0722538,5.328,2.085e-06,1520.21
0.0732599,5.368,2.12197e-06,1532.29
0.0742571,5.406,2.02855e-06,1536.58
0.0752605,5.456,2.09977e-06,1616.03
0.0762675,5.494,2.06343e-06,1648.98
0.0772674,5.534,2.03729e-06,1680.42
0.0782694,5.566,2.15649e-06,1746.82
0.0792706,5.606,2.05026e-06,1725.38
0.0802704,5.654,2.07763e-06,1755.14
0.0812793,5.702,2.08592e-06,1768.6
0.0822791,5.766,2.01299e-06,1847.62
0.0832875,5.83,2.13579e-06,1930.55
0.0842833,5.86,2.0633e-06,1990.2
0.0852822,5.912,2.16119e-06,2042.13
0.0862878,5.976,2.10879e-06,2117.71
0.0872819,6.012,2.09791e-06,2135.93
0.0882902,6.056,2.09345e-06,2148.43
0.089286,6.082,2.0808e-06,2157.64
0.0902957,6.132,2.09826e-06,2229.29
0.0912946,6.19,2.01763e-06,2354.95
0.0922962,6.248,2.10566e-06,2387.25
0.0932992,6.29,1.99841e-06,2418.95
0.0943031,6.326,2.12345e-06,2437.86
0.0952998,6.382,1.9544e-06,2464.04
0.0963049,6.446,2.17131e-06,2525.54
0.097308,6.478,1.99393e-06,2582.76
0.0983078,6.52,2.13664e-06,2570.8
0.0993112,6.57,2.06408e-06,2612.55
0.100305,6.606,2.0964e-06,2651.38
0.101316,6.654,2.11358e-06,2673.14
0.102317,6.716,2.06505e-06,2757.67
0.103314,6.76,2.10457e-06,2777.2
0.10432,6.818,2.06936e-06,2822.44
0.105321,6.892,2.0855e-06,3084.17
0.106324,6.924,2.07291e-06,3151.11
0.107325,6.968,2.10109e-06,3211.49
0.108331,7.024,2.07965e-06,3301.71
0.109331,7.066,2.05784e-06,3358.82
0.110335,7.104,2.14062e-06,3408.59
0.111336,7.14,2.02479e-06,3412.2
0.112335,7.188,2.1307e-06,3484.33
0.113341,7.238,2.03433e-06,3534.68
0.114342,7.278,2.08711e-06,3628.36
0.115346,7.36,2.09056e-06,3653.2
0.116345,7.396,2.04594e-06,3665.59
0.117346,7.44,2.14183e-06,3753.2
0.118349,7.494,2.0548e-06,3932.98
0.119351,7.544,2.12721e-06,3972.03
0.120354,7.582,2.10243e-06,3967.64
0.121355,7.622,2.09735e-06,4061.56
0.122355,7.686,2.09506e-06,4259.7
0.123361,7.732,2.07322e-06,4328.09
0.124365,7.802,2.09004e-06,4417.4
0.125352,7.85,2.08027e-06,4447.75
0.126362,7.92,2.10453e-06,4510.8
0.127365,7.964,2.04023e-06,4537.35
0.128369,8.026,2.14124e-06,4670.66
0.129371,8.084,2.0298e-06,4754.47
0.130374,8.134,2.14226e-06,4876.02
0.131375,8.184,2.04966e-06,4853.07
0.132377,8.224,2.06933e-06,4862.91
0.133378,8.276,2.07949e-06,4933.91
0.134382,8.334,2.08288e-06,5039.22
0.135383,8.382,2.14187e-06,5042.04
0.136389,8.436,2.14047e-06,5194.95
0.137384,8.522,2.11531e-06,5306.76
0.138384,8.582,2.13705e-06,5481.64
0.139387,8.63,2.03635e-06,5520.55
0.140393,8.694,2.15104e-06,5630.18
0.141395,8.764,2.01425e-06,5714.15
0.142402,8.81,2.15211e-06,5828.95
0.143406,8.874,2.04806e-06,5921.06
0.144402,8.922,2.12251e-06,6085.96
0.145403,8.962,2.1441e-06,6132.28
0.146406,9,2.0692e-06,6136
0.147407,9.03,2.16728e-06,6190.55
0.148406,9.098,2.00108e-06,6282.2
0.149412,9.17,2.21738e-06,6460.55
0.150411,9.256,1.9879e-06,6537.23
0.151413,9.344,2.17867e-06,7020.83
0.152417,9.412,1.98097e-06,7315.13
0.153412,9.476,2.09554e-06,7498.71
0.154422,9.558,2.03511e-06,7617.32
0.155418,9.592,2.06304e-06,7708.77
0.156426,9.626,2.10757e-06,7791.06
0.157425,9.686,2.07142e-06,7915.7
0.158428,9.74,2.06785e-06,8030.2
0.159426,9.81,2.09318e-06,8104.95
0.160432,9.884,1.98508e-06,8743.27
0.161432,9.964,2.13997e-06,8921.35
0.16244,10.024,1.94812e-06,9013.71
0.16344,10.094,2.23084e-06,9212.58
0.164447,10.14,1.98265e-06,9424.2
0.165439,10.184,2.20693e-06,9471.07
0.166461,10.232,2.03137e-06,9489.09
0.167438,10.284,2.07977e-06,9511.67
0.168449,10.334,2.15296e-06,9525.22
0.169452,10.408,2.01519e-06,10014.8
0.170455,10.46,2.24209e-06,9978.2
0.171454,10.512,1.97456e-06,10250.9
0.172456,10.56,2.21123e-06,10349.2
0.173462,10.628,2.02079e-06,10540.8
0.174455,10.712,2.12872e-06,10824.5
0.175463,10.786,2.11655e-06,11138.1
0.176463,10.868,2.10308e-06,11589.3
0.177471,10.932,2.12697e-06,11629.7
0.178465,11.014,2.06063e-06,12046.9
0.179475,11.096,2.15958e-06,12193.4
0.180471,11.166,2.02782e-06,12459.2
0.181475,11.214,2.21532e-06,12476.1
0.182471,11.268,1.98173e-06,12534.1
0.183476,11.308,2.27536e-06,12496.6
0.18448,11.36,1.93386e-06,12449.2
0.185482,11.426,2.27402e-06,12474.3
0.186487,11.514,1.91322e-06,13182.9
0.187488,11.612,2.23654e-06,13468.7
0.18849,11.67,1.9111e-06,13478.5
0.189489,11.756,2.18745e-06,13630.2
0.190497,11.848,1.95184e-06,13732.4
0.191491,11.956,2.15135e-06,13953
0.192496,12.018,1.98395e-06,14208.8
0.193499,12.066,2.14218e-06,14230.8
0.194503,12.152,2.00852e-06,15012.4
0.195498,12.214,2.14662e-06,15226.1
0.196505,12.262,2.06696e-06,15434.7
0.197501,12.332,2.07206e-06,15578.9
0.198514,12.434,2.05842e-06,15704.8
0.199504,12.512,1.989e-06,16122.9
0.200501,12.61,2.11244e-06,16463
0.201517,12.672,2.08879e-06,16736.2
0.202517,12.722,2.06997e-06,16812.4
0.203516,12.808,2.05328e-06,16883.6
0.204523,12.872,2.09423e-06,16973.8
0.205521,12.986,2.08136e-06,17208.9
0.206525,13.05,2.0845e-06,17309.7
0.207525,13.11,2.10729e-06,17302.9
0.208525,13.178,2.01679e-06,17437.2
0.209529,13.23,2.14743e-06,17476.5
0.210536,13.31,2.04041e-06,17644.9
0.211534,13.412,2.16121e-06,18131.1
0.212536,13.524,2.04434e-06,18860.7
0.213538,13.6,2.11505e-06,19016
0.214538,13.692,2.04492e-06,19140.6
0.215545,13.784,2.10984e-06,19540.7
0.216548,13.868,2.04282e-06,19993.3
0.217547,13.942,2.12946e-06,20131.3
0.218553,14.034,2.08199e-06,20200.4
0.219551,14.118,2.12531e-06,20466
0.220553,14.166,2.11245e-06,20549.2
0.221552,14.296,2.11348e-06,20996.2
0.222549,14.364,2.10189e-06,21151.8
0.223559,14.428,2.08672e-06,21310.4
0.22456,14.508,2.0551e-06,21421
0.225562,14.58,2.16222e-06,21621.8
0.226567,14.648,2.03059e-06,21754
0.227561,14.738,2.15341e-06,21874.7
0.228572,14.81,2.01951e-06,21874.9
0.229568,14.914,2.12011e-06,22599.3
0.230577,14.978,2.0202e-06,22558.8
0.231576,15.066,2.09818e-06,22870.8
0.232582,15.138,2.03998e-06,23317.5
0.233579,15.224,2.06871e-06,23696.9
0.234581,15.336,2.08947e-06,24117.6
0.235584,15.428,2.06207e-06,24480.4
0.236587,15.538,2.08572e-06,24950.3
0.237588,15.616,2.05144e-06,25018.3
0.23859,15.686,2.11625e-06,25265.7
0.239592,15.78,2.04605e-06,25955.8
0.240599,15.91,2.12935e-06,26415
0.241595,16.004,2.02411e-06,26676
0.242596,16.102,2.13285e-06,26845.8
0.2436,16.188,2.09424e-06,26948.3
0.2446,16.264,2.0637e-06,27143.2
0.245603,16.356,2.1457e-06,27454.6
0.246608,16.494,2.03039e-06,27985
0.247613,16.566,2.09819e-06,28298.8
0.24862,16.672,2.07074e-06,28408.2
0.24963,16.8,2.13614e-06,28520
0.250592,16.868,2.05509e-06,28595.3
0.251606,16.97,2.12385e-06,29024.6
0.25261,17.056,2.02867e-06,29522.4
0.253618,17.14,2.1106e-06,30166.2
0.25462,17.226,2.06276e-06,30465.5
0.255624,17.308,2.14541e-06,30594.6
0.256625,17.456,2.04694e-06,30996
0.257628,17.524,2.12864e-06,31454.7
0.258629,17.604,2.06378e-06,31391.6
0.259629,17.69,2.11983e-06,31660.9
0.260633,17.76,2.05509e-06,32107.2
0.261632,17.826,2.12407e-06,32813.9
0.262637,17.968,2.01173e-06,33101.5
0.263639,18.066,2.15092e-06,33144.8
0.264644,18.178,1.99077e-06,33921.2
0.265639,18.324,2.13774e-06,34287.5
0.26665,18.408,2.036e-06,34522.8
0.267641,18.538,2.05215e-06,34922.3
0.268651,18.646,2.09473e-06,35536.3
0.269649,18.792,1.98392e-06,36536.4
0.270655,18.872,2.19296e-06,36611.8
0.271655,19.006,1.93277e-06,37919
0.272664,19.124,2.28732e-06,38320.3
0.273661,19.24,1.92115e-06,38679.2
0.274656,19.342,2.25173e-06,39256.5
0.275665,19.464,1.94181e-06,39968.4
0.276661,19.606,2.17351e-06,40987.4
0.277677,19.776,2.04093e-06,41574.9
0.278661,19.944,2.03956e-06,42680.4
0.279675,20.078,2.19578e-06,43100
0.28067,20.192,2.02527e-06,44173.6
0.281674,20.342,2.20333e-06,45196.5
0.282678,20.44,2.02254e-06,45579.2
0.283672,20.52,2.10956e-06,45456.8
0.284686,20.692,2.06477e-06,45844.6
0.285677,20.798,1.96753e-06,46154.6
0.286687,20.934,2.17442e-06,47738.8
0.287685,21.112,1.97454e-06,48835.7
0.288691,21.204,2.2429e-06,49051.2
0.289688,21.306,1.94299e-06,49242.2
0.290694,21.384,2.23418e-06,49284.3
0.2917,21.472,1.95219e-06,50448.6
0.292699,21.614,2.155e-06,50934.5
0.2937,21.838,2.0451e-06,52345.9
0.2947,21.97,2.11279e-06,52388.5
0.295702,22.062,2.05513e-06,52759.1
0.296707,22.15,2.10272e-06,53595.8
0.297709,22.3,2.0304e-06,55205
0.298711,22.436,2.12645e-06,55503
0.299716,22.532,2.04727e-06,56098.5
0.300708,22.714,2.09938e-06,57844.1
0.30172,22.85,2.06129e-06,58535.7
0.302717,22.99,2.03008e-06,58934.9
0.303724,23.128,2.15935e-06,60077.8
0.304718,23.188,1.97861e-06,60748.3
0.305722,23.356,2.2228e-06,62070.6
0.306723,23.528,1.92991e-06,63832.6
0.307726,23.63,2.17118e-06,64386.5
0.30873,23.774,1.96087e-06,64619.5
0.309727,23.87,2.11926e-06,64722.6
0.310734,23.982,2.02307e-06,66298.8
0.311737,24.106,2.08067e-06,66327.4
0.312733,24.248,2.03535e-06,67929.2
0.313741,24.442,2.12832e-06,68965.3
0.314741,24.608,2.03685e-06,69361.2
0.315744,24.872,2.17363e-06,72651.8
0.316744,25.02,2.02455e-06,73805.8
0.31775,25.12,2.22517e-06,74220.8
0.318743,25.274,1.97063e-06,75181.5
0.319753,25.364,2.27861e-06,75605.8
0.320751,25.504,1.90948e-06,76347
0.321757,25.728,2.3085e-06,83553
0.322753,25.86,1.89948e-06,84532.2
0.323761,26.03,2.29689e-06,85160.5
0.324765,26.176,1.96831e-06,86940.5
0.32576,26.288,2.16862e-06,89128.5
0.326772,26.404,2.10388e-06,90240.4
0.327763,26.578,2.0012e-06,93380
0.328772,26.692,2.22368e-06,94656.6
0.329765,26.81,1.98105e-06,95344.9
0.330778,26.958,2.21413e-06,97346.1
0.331765,27.108,1.8586e-06,97706.2
0.332797,27.29,2.26898e-06,99175
0.333783,27.462,1.85547e-06,100816
0.334765,27.63,2.12738e-06,102471
0.335789,27.81,2.10975e-06,103041
0.336783,28.078,2.09474e-06,107694
0.337784,28.266,2.0113e-06,108968
0.338795,28.504,2.12449e-06,113011
0.339792,28.646,1.93647e-06,113220
0.340796,28.748,2.16839e-06,114066
0.341797,28.894,1.99317e-06,113737
0.342797,28.998,2.13958e-06,114451
0.343802,29.172,2.04149e-06,117877
0.344802,29.338,2.12632e-06,119738
0.345807,29.49,2.01291e-06,121593
0.346802,29.62,2.08497e-06,122264
0.347809,29.756,2.00487e-06,124382
0.348808,29.898,2.15278e-06,125700
0.349817,30.038,2.01316e-06,125958
0.350809,30.142,2.16458e-06,126315
0.351818,30.368,2.04675e-06,128480
0.352818,30.544,2.14355e-06,131314
0.353819,30.826,2.08515e-06,134078
0.354822,30.976,2.16772e-06,135232
0.355823,31.12,2.08777e-06,136541
0.356825,31.36,2.1687e-06,141919
0.357825,31.54,2.0417e-06,142546
0.358831,31.784,2.13913e-06,144681
0.359832,31.952,2.00854e-06,148111
0.360836,32.236,2.1498e-06,151352
0.361838,32.458,2.04921e-06,154472
0.362841,32.642,2.19948e-06,156175
0.363839,32.922,2.04862e-06,158266
0.364842,33.138,2.20019e-06,162751
0.365841,33.446,1.99661e-06,165356
0.366841,33.704,2.15315e-06,169902
0.367845,33.918,1.99162e-06,173484
0.368847,34.116,2.14274e-06,174377
0.369852,34.36,2.0409e-06,177881
0.370852,34.566,2.10235e-06,180491
0.37186,34.884,2.09951e-06,184421
0.372855,35.102,2.02621e-06,185584
0.373866,35.342,2.14303e-06,188225
0.374869,35.626,2.01186e-06,191055
0.375859,35.794,2.22118e-06,192010
0.376863,36.03,1.92806e-06,197355
0.377868,36.246,2.25642e-06,199181
0.378871,36.456,1.94215e-06,201472
0.379869,36.616,2.25696e-06,202888
0.380875,36.828,1.97079e-06,206009
0.381873,37.136,2.21375e-06,210123
0.382877,37.366,1.96991e-06,210958
0.383875,37.604,2.19346e-06,214934
0.384879,37.782,1.97019e-06,214639
0.385879,38.02,2.17416e-06,218132
0.386887,38.436,1.98466e-06,224469
0.387887,38.722,2.17052e-06,228070
0.388896,38.924,2.05197e-06,230307
0.389892,39.08,2.08599e-06,230869
0.390887,39.242,2.0972e-06,232476
0.391899,39.56,2.07494e-06,235141
0.392895,39.804,2.06791e-06,238417
0.393905,40.044,2.11949e-06,241471
0.394896,40.324,1.97497e-06,252852
0.395908,40.574,2.16635e-06,254786
0.396905,40.912,2.00927e-06,257116
0.397907,41.208,2.17379e-06,267574
0.398914,41.45,2.05194e-06,271334
0.399911,41.672,2.03306e-06,272524
0.400902,41.944,2.0561e-06,275618
0.401921,42.316,2.09103e-06,284080
0.402915,42.626,2.04045e-06,284669
0.403922,42.922,2.09964e-06,288258
0.404917,43.23,1.98938e-06,292869
0.405925,43.51,2.10936e-06,298625
0.406922,43.896,2.00226e-06,303313
0.40793,44.214,2.0862e-06,304948
0.408932,44.408,2.054e-06,307197
0.409934,44.704,2.08126e-06,309074
0.410933,45.094,2.08144e-06,313911
0.411941,45.416,2.10299e-06,318487
0.412937,45.696,2.05006e-06,326198
0.413945,45.936,2.19003e-06,332782
0.414937,46.37,2.00906e-06,341297
0.415946,46.702,2.21028e-06,346513
0.416938,46.88,1.98951e-06,351539
0.417944,47.09,2.12001e-06,352867
0.418948,47.382,2.04388e-06,355314
0.419952,47.934,2.06758e-06,362179
0.420957,48.414,2.1088e-06,369321
0.421954,48.894,2.07226e-06,383071
0.422958,49.326,2.11679e-06,389448
0.423961,49.75,2.02284e-06,392196
0.424958,50.104,2.09e-06,396425
0.425969,50.756,2.07686e-06,414374
0.426965,51.196,2.02617e-06,425383
0.427961,51.608,2.14882e-06,432497
0.428963,52.35,2.03629e-06,452938
0.429971,52.712,2.20998e-06,463895
0.430979,52.996,2.0016e-06,467122
0.43197,53.252,2.16521e-06,472738
0.432983,53.626,2.0404e-06,477665
0.433977,53.878,2.08867e-06,482770
0.434982,54.316,2.12375e-06,497092
0.43598,54.716,2.06274e-06,505902
0.436992,55.142,2.1382e-06,518619
0.437982,55.704,2.00171e-06,538398
0.438993,56.012,2.18337e-06,551018
0.439988,56.508,1.99875e-06,559043
0.440995,57.036,2.16626e-06,577653
0.441994,57.506,1.99649e-06,587455
0.442998,57.79,2.17708e-06,590419
0.443998,58.178,2.04246e-06,605231
0.444994,58.564,2.09975e-06,615901
0.446004,58.978,2.10928e-06,624367
0.447004,59.22,2.05462e-06,626570
0.448009,59.67,2.14038e-06,629511
0.449009,60.354,2.04297e-06,645806
0.450016,60.922,2.12318e-06,651648
0.451016,61.462,2.10978e-06,674630
0.452015,61.71,2.09305e-06,680369
0.453019,62.138,2.1472e-06,691411
0.454018,62.402,2.05613e-06,702008
0.455016,62.96,2.10281e-06,712427
0.456024,63.374,2.11858e-06,721829
0.457025,63.924,2.0497e-06,733901
0.458029,64.322,2.15781e-06,754519
0.459028,64.704,1.9843e-06,760882
0.460033,65.142,2.19223e-06,778679
0.461033,65.71,2.00277e-06,784123
0.462036,66.456,2.20618e-06,807882
0.46304,67.108,1.95131e-06,824474
0.464042,67.752,2.23751e-06,837453
0.465046,68.22,1.95585e-06,849450
0.46604,68.838,2.2358e-06,866300
0.467047,69.246,2.02283e-06,875899
0.468046,69.888,2.15417e-06,890730
0.469051,70.36,2.03144e-06,901631
0.470049,70.888,2.12764e-06,909488
0.471054,71.27,2.01259e-06,920969
0.472057,71.762,2.18322e-06,939051
0.47306,72.16,1.98939e-06,954093
0.47406,72.958,2.20487e-06,973684
0.475064,73.472,2.01484e-06,989717
0.476057,74.096,2.15648e-06,1.00266e+06
0.47707,74.906,2.02695e-06,1.07373e+06
0.478062,75.462,2.08281e-06,1.07836e+06
0.479074,75.976,2.05624e-06,1.08818e+06
0.480069,76.682,2.06481e-06,1.0953e+06
0.481078,77.386,2.06194e-06,1.10909e+06
0.482076,78.114,2.14574e-06,1.13526e+06
0.483079,78.754,2.07741e-06,1.14702e+06
0.484074,79.288,2.10971e-06,1.17242e+06
0.48508,80.026,2.06656e-06,1.19929e+06
0.48608,80.576,2.0376e-06,1.21026e+06
0.487087,81.044,2.08934e-06,1.22403e+06
0.488085,81.392,1.99937e-06,1.23037e+06
0.489092,81.966,2.10296e-06,1.26309e+06
0.490092,82.88,2.07204e-06,1.29102e+06
0.491096,83.69,2.08008e-06,1.32837e+06
0.492092,84.334,2.13135e-06,1.34577e+06
0.493102,85.096,1.99256e-06,1.36738e+06
0.494096,85.87,2.06026e-06,1.39312e+06
0.495113,86.438,1.98476e-06,1.41057e+06
0.496106,87.092,1.99077e-06,1.44375e+06
0.497129,87.776,2.03458e-06,1.47338e+06
0.498124,89.024,2.09792e-06,1.51458e+06
0.499147,90.396,2.237e-06,1.64514e+06
0.500106,91.178,2.86231e-06,1.68836e+06
0.501076,92.138,2.1864e-06,1.71156e+06
0.5021,92.882,2.07426e-06,1.74018e+06
0.503095,93.802,2.01694e-06,1.7818e+06
0.504119,94.78,1.99356e-06,1.83477e+06
0.505111,95.384,1.98196e-06,1.85551e+06
0.506128,96.18,2.06023e-06,1.87548e+06
0.507122,97.23,2.00121e-06,1.92448e+06
0.508133,98.088,2.1291e-06,1.94384e+06
0.509128,99.304,2.08867e-06,1.99141e+06
0.510132,100.034,2.05713e-06,2.00479e+06
0.511132,100.886,2.10716e-06,2.04973e+06
0.512139,101.854,1.99316e-06,2.12508e+06
0.513136,103.268,2.08939e-06,2.21106e+06
0.514145,104.184,2.03844e-06,2.23334e+06
0.515144,105.016,2.07245e-06,2.25678e+06
0.51615,105.872,2.10908e-06,2.29025e+06
0.517145,107.022,2.08343e-06,2.33523e+06
0.518148,107.606,2.1353e-06,2.34554e+06
0.519146,108.574,2.06822e-06,2.38228e+06
0.520155,109.64,2.05652e-06,2.42137e+06
0.52115,111.144,2.06405e-06,2.48105e+06
0.522163,112.014,2.08239e-06,2.537e+06
0.523154,113.202,2.02771e-06,2.61354e+06
0.524167,113.87,2.15634e-06,2.65591e+06
0.52516,115.2,2.01158e-06,2.75293e+06
0.526164,116.364,2.19918e-06,2.80009e+06
0.527164,117.438,1.99077e-06,2.85096e+06
0.528168,118.36,2.17805e-06,2.89137e+06
0.52917,119.53,2.02194e-06,2.94055e+06
0.530175,120.688,2.12344e-06,2.98429e+06
0.531172,121.538,2.03536e-06,3.02583e+06
0.532179,123.076,2.15561e-06,3.11803e+06
0.533177,124.35,2.02642e-06,3.14398e+06
0.534184,125.712,2.24139e-06,3.21532e+06
0.535178,126.954,1.95423e-06,3.27455e+06
0.536182,128.576,2.23289e-06,3.35663e+06
0.537184,130.13,1.95054e-06,3.44823e+06
0.538188,131.142,2.20039e-06,3.46659e+06
0.53919,132.434,2.00628e-06,3.53526e+06
0.540192,133.71,2.18751e-06,3.61819e+06
0.541195,134.842,1.98493e-06,3.67825e+06
0.542196,136.366,2.15821e-06,3.7791e+06
0.543199,137.478,2.05405e-06,3.82388e+06
0.544201,138.854,2.11312e-06,3.90731e+06
0.545208,140.13,2.11617e-06,3.96206e+06
0.546206,141.342,2.05473e-06,4.05422e+06
0.547205,142.512,2.1468e-06,4.10088e+06
0.548209,144.012,2.09075e-06,4.15197e+06
0.549207,145.64,2.1008e-06,4.27479e+06
0.550209,146.962,2.12129e-06,4.32731e+06
0.551215,149.56,2.03992e-06,4.50358e+06
0.552216,150.92,2.13905e-06,4.55827e+06
0.55322,152.406,2.06116e-06,4.66073e+06
0.554221,153.972,2.10976e-06,4.73792e+06
0.555229,155.594,2.11531e-06,4.89134e+06
0.556226,156.914,2.03791e-06,4.91789e+06
0.557226,159.272,2.18173e-06,5.11957e+06
0.55823,161.036,1.99479e-06,5.24896e+06
0.559229,162.972,2.17203e-06,5.31342e+06
0.560236,165.366,1.99575e-06,5.44178e+06
0.561231,167.912,2.18229e-06,5.61737e+06
0.562242,169.906,2.00205e-06,5.76404e+06
0.563232,171.83,2.14076e-06,5.84102e+06
0.564244,173.664,2.06438e-06,5.92617e+06
0.565242,175.79,2.12685e-06,5.98092e+06
0.566248,177.238,2.08665e-06,6.07425e+06
0.567241,178.38,2.03825e-06,6.14727e+06
0.568255,180.466,2.16857e-06,6.33315e+06
0.569245,182.34,2.00027e-06,6.44925e+06
0.570254,184.31,2.21185e-06,6.64474e+06
0.57126,186.484,2.05412e-06,6.76505e+06
0.572263,188.712,2.15015e-06,6.93576e+06
0.573259,190.32,2.0295e-06,7.04216e+06
0.574256,192.314,2.06875e-06,7.159e+06
0.575265,194.728,2.09225e-06,7.33457e+06
0.576263,196.43,2.02228e-06,7.46423e+06
0.577266,198.504,2.1172e-06,7.60795e+06
0.57827,200.85,2.07304e-06,7.77518e+06
0.579267,202.916,2.10048e-06,7.84507e+06
0.580272,204.518,2.06663e-06,7.99718e+06
0.581276,207.552,2.03914e-06,8.26236e+06
0.58228,209.798,2.12687e-06,8.40558e+06
0.583286,212.11,1.98974e-06,8.49109e+06
0.584278,214.192,2.22122e-06,8.66129e+06
0.585287,215.848,2.00982e-06,8.78032e+06
0.586279,218.97,2.18657e-06,8.95719e+06
0.587287,221.504,2.05298e-06,9.20236e+06
0.588283,223.9,2.10405e-06,9.44478e+06
0.589291,227.086,2.08146e-06,9.56885e+06
0.590291,229.908,2.08637e-06,9.73424e+06
0.591292,232.936,2.04515e-06,9.98619e+06
0.592294,236.568,2.09205e-06,1.02406e+07
0.593302,239.794,1.99874e-06,1.0637e+07
0.594299,242.746,2.11155e-06,1.09162e+07
0.595307,246.2,1.99369e-06,1.12011e+07
0.596302,248.336,2.10034e-06,1.14106e+07
0.597309,251.268,2.04272e-06,1.15002e+07
0.598304,253.798,2.09731e-06,1.15454e+07
0.599322,256.678,2.06651e-06,1.17248e+07
0.600313,259.922,2.03991e-06,1.19639e+07
0.601309,263.412,2.03773e-06,1.23031e+07
0.602317,266.716,2.17924e-06,1.25047e+07
0.603319,270.946,2.00193e-06,1.27649e+07
0.604317,274.04,2.17e-06,1.30784e+07
0.605328,277.064,1.98063e-06,1.33766e+07
0.606319,280.028,2.12061e-06,1.35384e+07
0.607329,284.352,2.06317e-06,1.39388e+07
0.608325,287.228,2.07745e-06,1.41714e+07
0.609336,292.058,2.09541e-06,1.44789e+07
0.610333,294.972,2.09384e-06,1.46856e+07
0.611328,298.168,2.0365e-06,1.49908e+07
0.612337,302.154,2.17023e-06,1.52534e+07
0.613337,305.13,1.98135e-06,1.54886e+07
0.614345,308.486,2.16902e-06,1.56762e+07
0.615345,312.85,1.97879e-06,1.61333e+07
0.61635,317.406,2.19335e-06,1.64797e+07
0.617347,319.842,1.9688e-06,1.67043e+07
0.618351,324.352,2.21252e-06,1.70896e+07
0.619349,327.786,1.96624e-06,1.73797e+07
0.620356,332.38,2.26015e-06,1.78056e+07
0.621353,336.732,1.93457e-06,1.8213e+07
0.622356,340.092,2.25175e-06,1.86266e+07
0.623361,344.322,1.93034e-06,1.87402e+07
0.624365,350.002,2.22356e-06,1.89603e+07
0.625355,355.774,2.00262e-06,1.95049e+07
0.626358,359.852,2.14501e-06,1.98912e+07
0.627368,365.19,2.03197e-06,2.02851e+07
0.628365,370.244,2.09195e-06,2.06828e+07
0.629372,374.704,2.10691e-06,2.09355e+07
0.630372,379.054,2.03891e-06,2.11601e+07
0.631377,384.892,2.14436e-06,2.1658e+07
0.632379,389.056,1.99352e-06,2.19738e+07
0.633383,394.384,2.16161e-06,2.2514e+07
0.634383,399.356,1.99808e-06,2.29571e+07
0.635381,404.87,2.20228e-06,2.35484e+07
0.636385,410.734,2.05124e-06,2.4155e+07
0.637383,416.46,2.19739e-06,2.44911e+07
0.638386,421.924,2.04744e-06,2.48867e+07
0.639387,426.558,2.15087e-06,2.51574e+07
0.640393,432.924,2.0095e-06,2.56928e+07
0.641393,437.53,2.13713e-06,2.59486e+07
0.642399,442.374,2.04099e-06,2.6367e+07
0.643399,446.524,2.16839e-06,2.65074e+07
0.644401,451.658,2.08757e-06,2.70431e+07
0.645402,456.942,2.1594e-06,2.74495e+07
0.646406,463.154,2.08304e-06,2.77278e+07
0.647406,469.122,2.13897e-06,2.80323e+07
0.648407,477.094,2.04931e-06,2.86206e+07
0.649415,483.902,2.16611e-06,2.875e+07
0.650408,492.602,2.01383e-06,2.9607e+07
0.651416,498.634,2.14534e-06,3.00057e+07
0.652415,505.368,2.01315e-06,3.03679e+07
0.653421,512.112,2.08033e-06,3.09425e+07
0.654417,518.472,2.01735e-06,3.13028e+07
0.655422,524.294,2.12163e-06,3.1797e+07
0.656422,530.302,2.03968e-06,3.20631e+07
0.657427,537.29,2.14358e-06,3.24409e+07
0.658428,544.456,1.99156e-06,3.27995e+07
0.659428,552.356,2.17311e-06,3.32994e+07
0.660433,559.906,1.93635e-06,3.34841e+07
0.661429,567.708,2.1159e-06,3.37554e+07
0.662441,576.04,2.02571e-06,3.43122e+07
0.663441,584.316,2.0942e-06,3.44194e+07
0.664435,592.088,2.10675e-06,3.48692e+07
0.665458,599.966,2.15092e-06,3.5626e+07
0.666441,606.942,1.84328e-06,3.57798e+07
0.667427,615.33,2.24278e-06,3.58957e+07
0.668459,624.756,1.8644e-06,3.60153e+07
0.669446,633.006,2.2209e-06,3.61702e+07
0.670459,641.128,1.97232e-06,3.66171e+07
0.671452,650.334,2.2223e-06,3.70323e+07
0.672461,657.732,2.00609e-06,3.73735e+07
0.673452,665.358,2.09216e-06,3.77448e+07
0.674464,673.306,2.18471e-06,3.78535e+07
0.675458,681.974,1.95246e-06,3.82395e+07
0.676464,691.766,2.30775e-06,3.83263e+07
0.677471,700.73,1.9038e-06,3.89191e+07
0.678467,710.596,2.31144e-06,3.90923e+07
0.679473,720.474,1.91037e-06,3.96732e+07
0.680472,729.854,2.27491e-06,4.03349e+07
0.68148,742.34,1.97356e-06,4.04396e+07
0.682474,750.422,2.22556e-06,4.02972e+07
0.68348,758.202,2.02306e-06,4.05659e+07
0.68448,767.066,2.17746e-06,4.10032e+07
0.685483,774.288,2.03481e-06,4.12831e+07
0.686484,787.026,2.12568e-06,4.08142e+07
0.687491,795.362,2.0413e-06,4.09818e+07
0.688488,805.752,2.07906e-06,4.14981e+07
0.68949,817.548,2.02361e-06,4.12767e+07
0.690497,827.718,2.1267e-06,4.12415e+07
0.691494,839.182,1.95742e-06,4.11061e+07
0.692498,851.914,2.17557e-06,4.0574e+07
0.693501,862.946,1.92852e-06,4.0942e+07
0.694502,873.608,2.23176e-06,4.07016e+07
0.695506,884.442,1.98482e-06,4.08987e+07
0.6965,895.276,2.16124e-06,4.06785e+07
0.697507,905.304,2.03278e-06,4.08891e+07
0.698504,916.01,2.06127e-06,4.06615e+07
0.699516,926.318,2.10884e-06,4.06366e+07
0.700508,939.196,2.0432e-06,3.99483e+07
0.701513,949.774,2.12476e-06,3.98758e+07
0.702515,959.592,2.03129e-06,3.99761e+07
0.703517,970.266,2.10358e-06,3.9837e+07
0.704522,980.35,2.06198e-06,3.98515e+07
0.705523,991.68,2.11482e-06,3.94378e+07
0.706524,1001.28,2.03707e-06,3.90984e+07
0.707524,1012.45,2.15994e-06,3.90516e+07
0.708524,1022.53,1.94682e-06,3.88636e+07
0.70953,1034.4,2.2397e-06,3.85684e+07
0.710537,1045.79,1.94606e-06,3.80359e+07
0.711533,1056.93,2.24441e-06,3.79111e+07
0.71254,1068.16,1.97512e-06,3.74309e+07
0.713537,1079.23,2.17527e-06,3.67315e+07
0.714547,1093.26,1.96922e-06,3.64464e+07
0.715537,1103.14,2.05883e-06,3.63926e+07
0.716552,1117.38,2.11303e-06,3.59201e+07
0.717546,1128,2.01869e-06,3.60242e+07
0.71855,1138.77,2.20242e-06,3.65324e+07
0.719553,1151.49,2.02269e-06,3.64241e+07
0.72055,1163.08,2.19415e-06,3.65479e+07
0.721563,1175.89,2.04292e-06,3.63663e+07
0.722547,1186.87,2.02894e-06,3.65165e+07
0.723563,1198.49,2.17586e-06,3.65029e+07
0.724559,1209.36,1.94203e-06,3.65775e+07
0.725568,1223.82,2.26119e-06,3.61483e+07
0.726563,1234.17,1.92261e-06,3.5976e+07
0.72756,1248.74,2.27005e-06,3.5937e+07
0.728569,1260.12,1.93409e-06,3.56269e+07
0.729569,1273.25,2.18519e-06,3.59063e+07
0.730575,1285.66,1.98976e-06,3.51635e+07
0.731573,1300.01,2.08881e-06,3.46316e+07
0.732583,1313.13,2.05756e-06,3.41977e+07
0.733574,1326.43,2.02693e-06,3.37947e+07
0.734585,1337.63,2.1366e-06,3.36751e+07
0.73558,1347.33,1.98737e-06,3.36905e+07
0.736585,1358.99,2.14367e-06,3.39381e+07
0.737587,1370.81,2.01955e-06,3.38229e+07
0.738592,1382.22,2.11894e-06,3.37089e+07
0.739591,1392.22,2.05578e-06,3.33934e+07
0.740596,1405.6,2.11408e-06,3.32419e+07
0.741595,1416.6,2.06013e-06,3.26197e+07
0.742597,1429.43,2.12637e-06,3.25725e+07
0.743599,1441.45,2.04995e-06,3.22179e+07
0.7446,1454.67,2.14145e-06,3.15581e+07
0.745604,1465.71,2.05544e-06,3.19518e+07
0.746606,1477.41,2.10841e-06,3.20656e+07
0.747614,1492.12,2.02953e-06,3.08237e+07
0.748618,1505.17,2.12888e-06,3.02726e+07
0.749632,1517.12,2.08003e-06,2.9422e+07
0.750594,1528.74,2.1214e-06,2.92121e+07
0.751604,1540.62,2.05996e-06,2.8884e+07
0.752612,1552.85,2.10143e-06,2.89374e+07
0.753616,1563.63,2.03051e-06,2.86428e+07
0.754621,1576.14,2.15044e-06,2.89055e+07
0.755624,1589.36,2.07402e-06,2.79132e+07
0.756624,1600.8,2.08427e-06,2.77685e+07
0.757628,1614.83,2.14321e-06,2.7532e+07
0.758629,1627.21,2.02034e-06,2.75024e+07
0.759625,1640.06,2.13091e-06,2.74257e+07
0.760633,1652.83,2.04902e-06,2.72751e+07
0.761634,1665.66,2.11465e-06,2.64179e+07
0.762636,1678.91,2.04946e-06,2.61863e+07
0.763637,1691.19,2.08745e-06,2.60781e+07
0.76464,1703.33,2.06498e-06,2.58062e+07
0.765643,1714.59,2.09563e-06,2.57359e+07
0.766645,1728.14,2.07172e-06,2.51837e+07
0.767642,1740.59,2.03525e-06,2.49483e+07
0.768649,1751.71,2.09732e-06,2.48392e+07
0.769647,1767.01,2.01659e-06,2.32653e+07
0.770656,1783.23,2.12006e-06,2.23977e+07
0.771652,1795.61,2.02253e-06,2.21101e+07
0.772663,1807.16,2.15431e-06,2.20597e+07
0.773657,1820.75,2.03802e-06,2.16209e+07
0.774662,1833.96,2.14926e-06,2.14941e+07
0.775664,1847.66,2.06069e-06,2.00805e+07
0.776665,1859.67,2.08898e-06,1.98456e+07
0.777675,1871.32,2.11565e-06,1.95599e+07
0.778673,1884.63,2.11664e-06,1.9447e+07
0.779671,1896.95,2.11719e-06,1.92247e+07
0.780674,1908.63,2.12776e-06,1.92735e+07
0.781671,1920.69,2.08212e-06,1.92897e+07
0.782677,1933.47,2.12535e-06,1.93188e+07
0.783675,1945.43,2.04235e-06,1.89366e+07
0.784679,1959.22,2.10957e-06,1.87357e+07
0.785686,1970.54,2.05532e-06,1.84766e+07
0.786687,1982.9,2.12087e-06,1.83039e+07
0.787688,1997.28,2.04362e-06,1.81822e+07
0.78869,2008.56,2.16354e-06,1.82722e+07
0.789688,2021.35,2.03308e-06,1.81325e+07
0.790695,2034.38,2.14414e-06,1.77409e+07
0.791699,2047.16,2.01994e-06,1.7389e+07
0.792699,2058.97,2.10101e-06,1.72347e+07
0.793699,2071.33,2.09107e-06,1.71716e+07
0.794704,2084.81,2.079e-06,1.68596e+07
0.795701,2097.31,2.09024e-06,1.66563e+07
0.796708,2110.15,2.0475e-06,1.6777e+07
0.797707,2122.46,2.06993e-06,1.64834e+07
0.798708,2134.4,2.08473e-06,1.64644e+07
0.799723,2145.91,2.13594e-06,1.62866e+07
0.80072,2159.07,1.98922e-06,1.6058e+07
0.80171,2171.79,2.05453e-06,1.59179e+07
0.802723,2184.16,2.06977e-06,1.58178e+07
0.803719,2197.1,2.06244e-06,1.53315e+07
0.804727,2208.91,2.15087e-06,1.50795e+07
0.805721,2222.06,2.00132e-06,1.48494e+07
0.806725,2233.74,2.14061e-06,1.4787e+07
0.807728,2246.71,1.98621e-06,1.46745e+07
0.808733,2260.03,2.15104e-06,1.45265e+07
0.809727,2272.32,1.94616e-06,1.42567e+07
0.810735,2284.56,2.18427e-06,1.40101e+07
0.811734,2296.89,1.91174e-06,1.3602e+07
0.812736,2310.06,2.23254e-06,1.34712e+07
0.813737,2323.08,1.91495e-06,1.34011e+07
0.814743,2336.09,2.27488e-06,1.33285e+07
0.815744,2349.62,1.93636e-06,1.30784e+07
0.816748,2362.97,2.27351e-06,1.29571e+07
0.817753,2376.59,1.99103e-06,1.28303e+07
0.818749,2389.23,2.21655e-06,1.27869e+07
0.819753,2402.05,2.03176e-06,1.25725e+07
0.820749,2414.38,2.16196e-06,1.25164e+07
0.821759,2427.64,2.0594e-06,1.2189e+07
0.822753,2440.22,2.12622e-06,1.20717e+07
0.823761,2452.85,2.09476e-06,1.20029e+07
0.824761,2464.99,2.11802e-06,1.2004e+07
0.825769,2477.08,2.12773e-06,1.20345e+07
0.826763,2490.16,2.01636e-06,1.16446e+07
0.827768,2503.24,2.2115e-06,1.11837e+07
0.82877,2515.97,1.97578e-06,1.10256e+07
0.829769,2528.5,2.24124e-06,1.08423e+07
0.830772,2540.82,2.01607e-06,1.06456e+07
0.831775,2552.26,2.1451e-06,1.06593e+07
0.832786,2565.58,2.09553e-06,1.04978e+07
0.833763,2577.42,2.01387e-06,1.03691e+07
0.834785,2589.06,2.21306e-06,1.02747e+07
0.835777,2601.05,1.98152e-06,1.0084e+07
0.836784,2613.78,2.21962e-06,9.8708e+06
0.837784,2625.77,1.94598e-06,9.75417e+06
0.838793,2639.3,2.13197e-06,9.35918e+06
0.839792,2651.75,1.99599e-06,9.26239e+06
0.840798,2664.11,2.08312e-06,9.06587e+06
0.841796,2676.63,2.0747e-06,8.96238e+06
0.842799,2688.63,2.05953e-06,8.90487e+06
0.843798,2699.93,2.11203e-06,8.72151e+06
0.844806,2711.97,2.06458e-06,8.58372e+06
0.845802,2723.43,2.03244e-06,8.49681e+06
0.846812,2736.22,2.09793e-06,8.47925e+06
0.847807,2748.36,1.98269e-06,8.34821e+06
0.848812,2760.11,2.1804e-06,8.35837e+06
0.849813,2772.01,1.99316e-06,8.19075e+06
0.850812,2784.74,2.21492e-06,7.9822e+06
0.851818,2797.34,2.0087e-06,7.85777e+06
0.852817,2809.29,2.16659e-06,7.71681e+06
0.853818,2820.95,2.07574e-06,7.55131e+06
0.854822,2832.65,2.14427e-06,7.44261e+06
0.855822,2845.74,2.12376e-06,7.14444e+06
0.856819,2858.42,2.03614e-06,7.01119e+06
0.857822,2870.25,2.14471e-06,6.93359e+06
0.858829,2883.02,2.01147e-06,6.87396e+06
0.859831,2894.99,2.14723e-06,6.74162e+06
0.860838,2906.38,2.04087e-06,6.57123e+06
0.861839,2917.87,2.13647e-06,6.44934e+06
0.862841,2929.49,2.12031e-06,6.34903e+06
0.863835,2942.02,2.12804e-06,6.30414e+06
0.864841,2953.31,2.13776e-06,6.17362e+06
0.865842,2965.63,2.08232e-06,6.1408e+06
0.866847,2976.85,2.07709e-06,6.19041e+06
0.867847,2988.92,2.07326e-06,6.15376e+06
0.868849,3000.31,2.04932e-06,6.06225e+06
0.86985,3012.38,2.14467e-06,6.00178e+06
0.870853,3024.34,2.02681e-06,5.8854e+06
0.871856,3035.89,2.1441e-06,5.89038e+06
0.872859,3047.04,2.04051e-06,5.69427e+06
0.873862,3059.31,2.09775e-06,5.68949e+06
0.874873,3071.03,2.09147e-06,5.57926e+06
0.875859,3082.85,2.08526e-06,5.44631e+06
0.876863,3094.82,2.07485e-06,5.38465e+06
0.877869,3107.22,2.10008e-06,5.20387e+06
0.878869,3118.75,2.10372e-06,5.03242e+06
0.87987,3130.78,2.10181e-06,4.91602e+06
0.880873,3141.88,2.13046e-06,4.83476e+06
0.881875,3153.05,2.05098e-06,4.66741e+06
0.882878,3164.36,2.14857e-06,4.59379e+06
0.88388,3175.26,2.04548e-06,4.55722e+06
0.884878,3186.09,2.08711e-06,4.46881e+06
0.885882,3198.16,2.09204e-06,4.45671e+06
0.886883,3209.47,2.03573e-06,4.38851e+06
0.887889,3220.58,2.13208e-06,4.3763e+06
0.888888,3231.53,2.02585e-06,4.3504e+06
0.889889,3243.35,2.14152e-06,4.18731e+06
0.890893,3254.63,2.06375e-06,4.0426e+06
0.891894,3264.9,2.07535e-06,3.94943e+06
0.892899,3275.26,2.10597e-06,3.88927e+06
0.8939,3285.65,2.07368e-06,3.73594e+06
0.894903,3297.09,2.08493e-06,3.64986e+06
0.895905,3307.97,2.07176e-06,3.51828e+06
0.89691,3318.7,2.10928e-06,3.42227e+06
0.897907,3329.72,2.06272e-06,3.36994e+06
0.898908,3341.06,2.11133e-06,3.30362e+06
0.899919,3350.82,2.11111e-06,3.23389e+06
0.900913,3360.47,2.05917e-06,3.23346e+06
0.901917,3370.98,2.14326e-06,3.15989e+06
0.902916,3380.79,1.98395e-06,3.09343e+06
0.903919,3392,2.17894e-06,3.0181e+06
0.904925,3402.67,1.95585e-06,2.98791e+06
0.905921,3413,2.12475e-06,2.93454e+06
0.906925,3423.11,2.00074e-06,2.94978e+06
0.907928,3433.02,2.10558e-06,2.88159e+06
0.90893,3443.06,2.01699e-06,2.81459e+06
0.909929,3453.81,2.09735e-06,2.77946e+06
0.910938,3464.31,2.07774e-06,2.69031e+06
0.911934,3474.83,2.09546e-06,2.65851e+06
0.912942,3485.7,2.08869e-06,2.5379e+06
0.913936,3495.54,2.10919e-06,2.45329e+06
0.914942,3506.01,2.15898e-06,2.42474e+06
0.915941,3515.75,2.05834e-06,2.35984e+06
0.916937,3524.95,2.13179e-06,2.31485e+06
0.917945,3535.27,2.01374e-06,2.25806e+06
0.918945,3544.99,2.0767e-06,2.18462e+06
0.919954,3555.08,2.09067e-06,2.04198e+06
0.920954,3564.52,2.05e-06,2.02193e+06
0.921955,3573.87,2.16114e-06,1.92344e+06
0.922957,3583.32,2.03551e-06,1.84319e+06
0.923957,3592.43,2.06067e-06,1.78267e+06
0.924964,3601.25,2.10462e-06,1.71687e+06
0.925967,3610.15,2.02912e-06,1.6334e+06
0.926964,3617.97,2.12718e-06,1.59575e+06
0.92797,3626.3,2.08937e-06,1.56148e+06
0.928963,3634.78,2.0588e-06,1.53249e+06
0.929976,3643.97,2.16401e-06,1.48664e+06
0.93097,3652.96,2.00682e-06,1.44454e+06
0.931975,3661.42,2.20643e-06,1.37816e+06
0.932975,3670.13,2.00946e-06,1.31053e+06
0.933979,3678.42,2.14858e-06,1.2954e+06
0.934981,3687.6,2.09454e-06,1.2363e+06
0.935985,3695.92,2.09339e-06,1.21947e+06
0.936988,3704.84,2.12189e-06,1.17022e+06
0.937985,3712.99,2.05047e-06,1.14904e+06
0.93899,3721.26,2.14829e-06,1.14059e+06
0.939992,3728.88,2.05713e-06,1.13074e+06
0.94099,3737.03,2.1209e-06,1.10245e+06
0.941997,3745.15,2.03982e-06,1.06474e+06
0.942998,3753.16,2.13559e-06,1.05381e+06
0.944003,3760.93,2.05217e-06,1.0404e+06
0.945,3768.58,2.14919e-06,982206
0.946005,3775.91,2.07268e-06,925360
0.947004,3783,2.07518e-06,886348
0.948007,3790.41,2.13573e-06,833697
0.94901,3797.45,2.0405e-06,818336
0.950015,3804.39,2.14123e-06,762539
0.951015,3810.97,2.08541e-06,756094
0.952013,3818.04,2.1179e-06,718826
0.953019,3824.21,2.11068e-06,698712
0.954018,3830.82,2.06163e-06,655650
0.955022,3837.26,2.14371e-06,640175
0.956022,3843.6,2.04162e-06,620396
0.957025,3849.87,2.16266e-06,629371
0.958027,3856.05,1.99736e-06,636409
0.959029,3862.15,2.17988e-06,625230
0.960036,3868.39,1.9803e-06,607973
0.961031,3874.29,2.2091e-06,585646
0.962037,3880.43,2.0319e-06,528786
0.963035,3886.32,2.07233e-06,496689
0.964045,3891.76,2.13381e-06,459454
0.965044,3897.5,2.03076e-06,429171
0.966042,3902.36,2.21154e-06,411839
0.96705,3907.56,2.03674e-06,389007
0.968042,3912.73,2.10841e-06,370179
0.969055,3917.63,2.09502e-06,341895
0.970045,3922.62,1.98736e-06,321944
0.971061,3927.14,2.1664e-06,288668
0.972051,3931.5,1.92733e-06,275541
0.973062,3936.83,2.25614e-06,245348
0.974056,3940.99,1.91404e-06,232608
0.975067,3945.23,2.30404e-06,219922
0.976062,3949.47,1.90498e-06,197480
0.977063,3952.76,2.24143e-06,189915
0.978068,3956.44,1.96831e-06,179643
0.979069,3959.62,2.14181e-06,170470
0.980075,3962.92,2.04259e-06,154836
0.981075,3966.52,2.07067e-06,142925
0.982078,3969.69,2.12636e-06,132546
0.983078,3972.79,2.11713e-06,107510
0.984076,3975.59,2.06626e-06,95345
0.985082,3978.25,2.16126e-06,87478.2
0.986081,3980.87,1.91768e-06,80471.1
0.987082,3983.52,2.22628e-06,74458.8
0.98809,3986.01,1.84418e-06,64760
0.989085,3988.26,2.27537e-06,56007.2
0.990101,3989.99,1.81856e-06,46874.9
0.991083,3991.46,2.25456e-06,40270
0.992113,3993.04,1.81732e-06,31677.2
0.993071,3994.32,1.60739e-06,26509.2
0.994132,3995.63,1.89595e-06,20486.8
0.995072,3996.55,8.50789e-07,15913.5
0.99615,3997.46,2.19229e-06,10400.3
0.997084,3998.25,2.48366e-07,5738.25
0.998169,3998.59,2.72672e-06,4356.58
0.999103,3998.77,2.3514e-08,3763.46
1,3998.83,0,3666.55
0.58482,214.512,1.79653,5.32435e+06
16.9711,-1,-1,-1
