0,1,0,0
0.00108485,2.08,1.2075e-07,46.8
0.00206474,2.288,2.70993e-07,174.528
0.00305898,2.52,4.22751e-07,332.8
0.0040624,2.78,4.70787e-07,507.8
0.00506437,2.986,4.84425e-07,576.902
0.00606677,3.18,4.78978e-07,665.8
0.00706596,3.406,4.95979e-07,908.582
0.00807074,3.58,4.95371e-07,1171.8
0.00907314,3.782,4.64979e-07,1431.24
0.0100742,3.946,4.69451e-07,1707.54
0.0110738,4.156,4.89407e-07,1987.83
0.0120795,4.314,5.10682e-07,2287.7
0.0130806,4.488,4.84425e-07,2630.93
0.0140817,4.666,4.89972e-07,2955.22
0.0150854,4.876,4.79905e-07,3576.31
0.0160859,5.058,4.56928e-07,4031.32
0.0170857,5.222,4.97118e-07,4246.36
0.0180905,5.428,5.08995e-07,4712.41
0.0190912,5.624,4.88743e-07,5219.31
0.0200959,5.8,5.06698e-07,5556
0.0210947,5.996,4.74406e-07,6099.99
0.0220988,6.18,5.04979e-07,6597.8
0.0231001,6.384,5.0016e-07,7264.27
0.0241032,6.562,4.98131e-07,7793.08
0.0251058,6.738,5.11579e-07,8092.68
0.0261074,6.962,4.7503e-07,9084.28
0.0271083,7.16,4.86531e-07,9659.2
0.0281081,7.39,4.9868e-07,10545
0.0291127,7.62,4.93088e-07,11541.8
0.0301153,7.828,5.18655e-07,12359.2
0.0311181,8.032,4.80047e-07,13269.5
0.0321188,8.24,4.75729e-07,14215.2
0.0331192,8.494,4.61772e-07,15213
0.0341201,8.698,4.80473e-07,16103.4
0.035121,8.926,5.25966e-07,16932.3
0.0361286,9.164,5.11442e-07,18258.6
0.0371315,9.434,4.52083e-07,19586.8
0.0381294,9.678,4.70823e-07,20593.2
0.0391315,9.928,4.87379e-07,21599.4
0.0401359,10.15,4.97419e-07,22217.7
0.0411364,10.348,4.92071e-07,23285.4
0.0421375,10.62,4.87285e-07,24309.8
0.043141,10.846,5.14464e-07,25131.1
0.0441445,11.1,4.68649e-07,26353
0.0451445,11.352,4.53781e-07,29228
0.0461447,11.642,4.63987e-07,31164.9
0.047148,11.886,4.93013e-07,33028.5
0.0481513,12.146,4.93521e-07,35032.3
0.0491515,12.398,4.68981e-07,36791.8
0.0501537,12.728,5.22292e-07,40213
0.0511598,13.01,5.27828e-07,41845
0.0521605,13.274,4.6189e-07,43205.5
0.0531621,13.616,4.85963e-07,45406.3
0.0541625,13.89,4.70509e-07,48008.9
0.0551646,14.16,4.79611e-07,50629.2
0.0561642,14.468,4.77874e-07,52492.5
0.0571666,14.818,4.88237e-07,55778.4
0.0581699,15.14,5.14265e-07,59138.2
0.0591738,15.438,4.96013e-07,62075.1
0.0601752,15.848,4.88756e-07,66006.4
0.0611767,16.112,5.03694e-07,69217.7
0.0621778,16.414,4.85618e-07,71347.3
0.0631778,16.728,4.72511e-07,73689
0.0641818,17.098,5.09118e-07,75820.2
0.0651861,17.398,4.88833e-07,79341.8
0.0661872,17.718,4.97862e-07,82959.2
0.0671888,18.02,4.59614e-07,85711.8
0.0681879,18.334,4.75066e-07,89799.2
0.0691908,18.758,4.92169e-07,99021.7
0.0701938,19.072,5.02835e-07,102955
0.071198,19.568,4.87297e-07,112081
0.0721997,19.91,4.73833e-07,116033
0.0731983,20.276,5.03512e-07,120606
0.074203,20.644,5.01171e-07,125685
0.0752072,20.968,4.86056e-07,129773
0.0762066,21.374,4.70485e-07,134615
0.0772101,21.766,4.98326e-07,139336
0.0782101,22.116,4.89279e-07,144363
0.0792123,22.606,5.13391e-07,149423
0.0802156,23.044,5.08559e-07,153933
0.081216,23.57,4.69251e-07,160841
0.0822195,23.988,4.7296e-07,168968
0.0832208,24.44,4.80549e-07,173971
0.0842202,24.896,4.79021e-07,181757
0.0852237,25.324,5.13926e-07,189116
0.0862272,25.756,5.38265e-07,193274
0.0872317,26.206,4.54854e-07,199622
0.0882288,26.664,4.83338e-07,205968
0.0892337,27.142,4.62792e-07,211777
0.0902329,27.59,4.70703e-07,215829
0.0912349,28.032,4.96658e-07,220303
0.0922386,28.62,5.23437e-07,228756
0.0932402,29.068,4.96574e-07,235566
0.0942428,29.428,5.02903e-07,240442
0.0952447,29.866,5.24205e-07,246334
0.0962494,30.48,4.86953e-07,257199
0.0972493,31.084,4.45368e-07,267174
0.0982485,31.562,4.54728e-07,276055
0.09925,32.084,4.74324e-07,282692
0.100255,32.764,5.17272e-07,290886
0.101257,33.38,5.31549e-07,300660
0.102262,34.112,4.96803e-07,315308
0.103263,34.628,4.52891e-07,324763
0.104261,35.28,4.62543e-07,337797
0.105261,35.984,5.13351e-07,351996
0.106269,36.998,5.24136e-07,392351
0.107271,37.72,4.698e-07,412735
0.108271,38.304,4.56885e-07,425622
0.109272,38.86,4.80301e-07,441548
0.110275,39.44,4.96763e-07,453589
0.111279,39.99,4.84045e-07,465917
0.112276,40.766,4.90174e-07,492368
0.11328,41.44,5.2408e-07,519065
0.114284,42.092,5.10086e-07,534236
0.115286,42.976,5.04961e-07,568180
0.116287,43.9,4.75395e-07,583967
0.117288,44.694,4.71185e-07,598570
0.11829,45.646,5.18031e-07,645662
0.119292,46.548,5.24781e-07,668974
0.120296,47.364,4.88256e-07,691974
0.121297,48.092,4.6775e-07,715798
0.122299,48.994,5.18229e-07,736025
0.123302,49.816,4.84058e-07,763493
0.124302,50.604,4.98289e-07,783988
0.125308,51.818,4.74003e-07,867908
0.126305,52.872,4.66403e-07,928616
0.127307,54.06,4.80142e-07,980662
0.128309,55.328,4.92771e-07,1.01385e+06
0.129312,56.586,5.31499e-07,1.05893e+06
0.130318,57.602,5.00385e-07,1.09408e+06
0.131317,58.87,4.75172e-07,1.14315e+06
0.132321,60.066,4.75485e-07,1.17909e+06
0.133319,61.588,4.87814e-07,1.24634e+06
0.134322,62.706,4.60649e-07,1.27421e+06
0.135324,64,4.78474e-07,1.34335e+06
0.136325,65.478,5.07489e-07,1.41672e+06
0.13733,66.904,4.8933e-07,1.46333e+06
0.138329,68.082,5.04042e-07,1.49325e+06
0.139334,69.58,5.19587e-07,1.54549e+06
0.140334,70.95,5.12956e-07,1.59889e+06
0.141338,72.49,5.20692e-07,1.67484e+06
0.14234,73.904,4.83796e-07,1.7165e+06
0.14334,75.372,5.13183e-07,1.75344e+06
0.144344,76.884,5.08093e-07,1.81981e+06
0.145344,77.99,4.58303e-07,1.85569e+06
0.146345,79.348,4.88257e-07,1.92158e+06
0.14735,80.854,5.06379e-07,2.01498e+06
0.148351,82.13,4.6801e-07,2.09235e+06
0.149353,83.61,4.96227e-07,2.14368e+06
0.150356,85.532,4.89127e-07,2.21126e+06
0.151356,86.878,4.88253e-07,2.25799e+06
0.152358,88.666,5.09726e-07,2.36546e+06
0.15336,90.282,5.09138e-07,2.42634e+06
0.154364,91.762,5.1582e-07,2.49821e+06
0.155369,93.848,4.87237e-07,2.57188e+06
0.156367,96.22,4.72578e-07,2.70261e+06
0.157368,98.834,4.89511e-07,2.87964e+06
0.158371,100.508,5.16277e-07,2.96167e+06
0.159377,102.516,4.7813e-07,3.06739e+06
0.160374,104.584,4.73703e-07,3.16263e+06
0.161378,107.426,4.5599e-07,3.34017e+06
0.162376,109.696,4.44412e-07,3.45671e+06
0.163379,112.268,5.27311e-07,3.63406e+06
0.164384,114.742,4.94012e-07,3.75679e+06
0.165385,117.438,5.03759e-07,3.88258e+06
0.166385,119.906,4.80572e-07,3.98445e+06
0.16739,122.562,4.88438e-07,4.12007e+06
0.16839,125.046,5.12183e-07,4.28021e+06
0.169394,128.124,5.00595e-07,4.54835e+06
0.170395,131.298,4.91202e-07,4.71379e+06
0.171396,134.634,4.96861e-07,4.90189e+06
0.172399,137.622,4.97943e-07,5.04678e+06
0.173403,140.622,4.99501e-07,5.2071e+06
0.174405,144.274,4.63297e-07,5.42113e+06
0.175403,148.05,4.79928e-07,5.63985e+06
0.176405,151.808,5.01998e-07,5.83868e+06
0.177412,155.15,4.84475e-07,6.00597e+06
0.178411,159.05,4.46417e-07,6.22659e+06
0.179412,163.008,4.83201e-07,6.47987e+06
0.180414,166.722,4.87553e-07,6.70903e+06
0.181416,170.814,4.96987e-07,6.98997e+06
0.182418,174.812,4.96215e-07,7.27765e+06
0.183423,178.346,4.8221e-07,7.4517e+06
0.184424,182.76,4.86445e-07,7.75303e+06
0.185425,186.828,4.61374e-07,7.99154e+06
0.186426,191.488,4.90243e-07,8.32301e+06
0.187429,195.954,5.01116e-07,8.60161e+06
0.188431,200.2,4.71991e-07,8.81751e+06
0.189431,205.264,5.12564e-07,9.16197e+06
0.190436,209.034,5.14307e-07,9.40825e+06
0.191437,215.114,5.13313e-07,9.72526e+06
0.192443,220.564,5.02901e-07,1.00183e+07
0.193443,224.904,4.60504e-07,1.02518e+07
0.194442,229.62,4.58081e-07,1.06421e+07
0.195445,235.998,4.66724e-07,1.11169e+07
0.196444,241.86,4.92467e-07,1.14667e+07
0.197448,247.508,5.04479e-07,1.1705e+07
0.198452,253.704,5.04104e-07,1.21319e+07
0.199453,260.466,4.96346e-07,1.25274e+07
0.200457,267.054,4.85819e-07,1.28216e+07
0.201456,273.414,4.9777e-07,1.31558e+07
0.202459,280.848,5.08142e-07,1.3456e+07
0.203463,288.344,5.05044e-07,1.37965e+07
0.204463,295.168,4.70086e-07,1.41973e+07
0.205465,303.15,4.64344e-07,1.46459e+07
0.206467,311.792,4.73656e-07,1.5232e+07
0.207468,319.178,4.91813e-07,1.58776e+07
0.208472,326.986,4.97591e-07,1.63014e+07
0.209474,334.806,4.74748e-07,1.6683e+07
0.210474,342.614,4.99335e-07,1.68928e+07
0.211476,351.736,4.98509e-07,1.72474e+07
0.21248,359.348,4.89615e-07,1.75337e+07
0.213482,368.812,4.80884e-07,1.80181e+07
0.214484,376.706,4.64591e-07,1.83601e+07
0.215486,384.36,5.08642e-07,1.88118e+07
0.216488,393.946,5.00144e-07,1.94198e+07
0.21749,403.062,4.63284e-07,1.97936e+07
0.21849,413.72,4.96669e-07,2.01618e+07
0.219494,423.262,5.25901e-07,2.05976e+07
0.220498,432.572,4.75623e-07,2.08599e+07
0.221496,443.92,4.63951e-07,2.13659e+07
0.222498,456.41,5.10522e-07,2.1805e+07
0.223502,467.542,5.28929e-07,2.22572e+07
0.224503,480.72,5.08276e-07,2.28521e+07
0.225507,492.61,4.65617e-07,2.31216e+07
0.226508,506.206,4.56614e-07,2.34661e+07
0.227508,519.888,5.07343e-07,2.39962e+07
0.228511,533.01,4.91685e-07,2.43363e+07
0.229511,543.934,4.88568e-07,2.49575e+07
0.230515,555.926,5.28971e-07,2.51891e+07
0.231519,571.348,5.15462e-07,2.49364e+07
0.232521,588.24,4.70419e-07,2.50186e+07
0.233522,603.672,4.55771e-07,2.50989e+07
0.234523,616.948,4.88815e-07,2.52363e+07
0.235525,631.274,4.77508e-07,2.52322e+07
0.236528,647.59,4.61516e-07,2.53183e+07
0.237528,661.286,4.66828e-07,2.57784e+07
0.238532,675.906,5.10118e-07,2.61846e+07
0.239533,691.328,4.58208e-07,2.60354e+07
0.240533,705.112,4.90647e-07,2.61122e+07
0.241536,719.438,5.05805e-07,2.65039e+07
0.24254,734.232,4.91639e-07,2.63419e+07
0.243541,752.8,5.16623e-07,2.5706e+07
0.244544,767.048,5.24009e-07,2.56107e+07
0.245548,780.778,4.94456e-07,2.56341e+07
0.246549,795.362,4.58116e-07,2.57298e+07
0.247549,811.824,4.77103e-07,2.54536e+07
0.248549,827.04,5.21049e-07,2.5228e+07
0.249554,841.788,5.13076e-07,2.53538e+07
0.25056,858.734,4.4726e-07,2.47698e+07
0.251556,874.022,4.55483e-07,2.48945e+07
0.252558,890.264,4.75498e-07,2.48036e+07
0.25356,904.906,4.96237e-07,2.45373e+07
0.254564,920.6,5.02871e-07,2.43487e+07
0.255567,939.764,4.78187e-07,2.33152e+07
0.256567,955.28,4.66655e-07,2.26754e+07
0.257568,971.07,4.92414e-07,2.20866e+07
0.25857,990.066,5.34924e-07,2.11051e+07
0.259575,1007.27,5.07162e-07,2.06093e+07
0.260577,1024.92,4.75989e-07,2.00316e+07
0.261578,1040.39,4.72551e-07,1.98598e+07
0.262578,1058.06,4.48564e-07,1.93592e+07
0.263579,1075.14,4.80695e-07,1.91332e+07
0.264583,1092.88,4.75732e-07,1.87703e+07
0.265583,1112.01,5.05101e-07,1.80234e+07
0.266586,1129.06,5.10971e-07,1.76136e+07
0.267591,1146.8,4.74698e-07,1.74072e+07
0.26859,1163.68,4.82614e-07,1.70082e+07
0.269593,1182.25,5.22884e-07,1.62342e+07
0.270596,1199,4.96753e-07,1.55649e+07
0.271598,1215.6,5.03225e-07,1.52935e+07
0.272599,1232.16,5.07908e-07,1.49303e+07
0.273604,1248.81,5.01298e-07,1.49972e+07
0.274605,1265.39,4.72866e-07,1.48318e+07
0.275605,1282.79,4.66162e-07,1.45858e+07
0.276607,1298.75,5.03321e-07,1.45059e+07
0.27761,1314.32,5.18414e-07,1.42029e+07
0.278614,1332.22,5.12109e-07,1.35735e+07
0.279614,1349.16,4.7779e-07,1.29916e+07
0.280614,1367.81,4.93015e-07,1.25144e+07
0.281616,1384.69,4.95941e-07,1.20552e+07
0.282621,1400.93,4.89e-07,1.19008e+07
0.283622,1418.14,4.80909e-07,1.13104e+07
0.284623,1435.11,4.82992e-07,1.09403e+07
0.285621,1451.5,4.97779e-07,1.07126e+07
0.286628,1467.61,4.74527e-07,1.04934e+07
0.287629,1484.16,4.52355e-07,1.02301e+07
0.288629,1500.01,4.88903e-07,1.00394e+07
0.289632,1518.28,4.85486e-07,9.79034e+06
0.290633,1534.37,5.0774e-07,9.44606e+06
0.291635,1551.04,5.19176e-07,9.14251e+06
0.29264,1567.24,5.29375e-07,8.9276e+06
0.293643,1583.77,4.92262e-07,8.82314e+06
0.294643,1599.95,4.87235e-07,8.70627e+06
0.295647,1615.94,5.00398e-07,8.68806e+06
0.296647,1632.95,4.69441e-07,8.25479e+06
0.297647,1648.27,4.81924e-07,8.16945e+06
0.298652,1664.5,5.08133e-07,8.06236e+06
0.299655,1680.25,5.02825e-07,8.01907e+06
0.300657,1696.99,4.70006e-07,7.82008e+06
0.301655,1712,4.7913e-07,7.73784e+06
0.302659,1727.5,5.23345e-07,7.52275e+06
0.303663,1742.83,4.87208e-07,7.43108e+06
0.304662,1759.56,4.95423e-07,7.18093e+06
0.305665,1775.47,5.11446e-07,7.06385e+06
0.306667,1790.85,4.81339e-07,6.99846e+06
0.307666,1805.45,4.96996e-07,6.7708e+06
0.308672,1821.79,5.26514e-07,6.57252e+06
0.309673,1837.26,4.80355e-07,6.33071e+06
0.310678,1853.58,4.9053e-07,6.24936e+06
0.311679,1869.01,4.85437e-07,6.06873e+06
0.31268,1885.3,4.6608e-07,5.82314e+06
0.313681,1901.47,4.90534e-07,5.64981e+06
0.314683,1916.5,4.72415e-07,5.62946e+06
0.315684,1932.12,4.83675e-07,5.50646e+06
0.316686,1946.91,4.94585e-07,5.40786e+06
0.317689,1961.84,5.07859e-07,5.31101e+06
0.318694,1976.98,4.87324e-07,5.19598e+06
0.319694,1991.61,4.35624e-07,5.12149e+06
0.320693,2006.93,4.91203e-07,4.97752e+06
0.321698,2022.3,4.97847e-07,4.84248e+06
0.322699,2038.11,4.95008e-07,4.79589e+06
0.323702,2052.66,4.74123e-07,4.66853e+06
0.324702,2067.91,5.13713e-07,4.60726e+06
0.325707,2082.32,5.20945e-07,4.54492e+06
0.326709,2097.36,4.80164e-07,4.4669e+06
0.327712,2111.98,4.45876e-07,4.42704e+06
0.328711,2125.98,4.64339e-07,4.36171e+06
0.329712,2139.99,4.79238e-07,4.25915e+06
0.330715,2154.01,5.35897e-07,4.15787e+06
0.331721,2168.54,5.04762e-07,4.08363e+06
0.332716,2182.19,4.32868e-07,4.01295e+06
0.333731,2196.45,4.60419e-07,3.98244e+06
0.334725,2210.88,4.61848e-07,3.87301e+06
0.335723,2224.22,4.67064e-07,3.836e+06
0.336726,2237.83,4.96863e-07,3.75258e+06
0.337729,2251.82,5.01118e-07,3.65729e+06
0.338731,2265.7,5.01372e-07,3.55106e+06
0.339735,2278.84,4.95612e-07,3.45787e+06
0.340733,2293.23,4.97706e-07,3.35646e+06
0.341739,2306.74,5.21679e-07,3.24054e+06
0.34274,2320.2,5.05906e-07,3.14116e+06
0.343743,2334.02,4.89524e-07,3.02787e+06
0.344743,2347.28,4.8927e-07,3.02014e+06
0.345748,2360.37,5.09391e-07,2.93561e+06
0.34675,2373.98,4.6879e-07,2.8537e+06
0.347751,2387.63,4.59995e-07,2.78929e+06
0.348752,2401.49,4.59998e-07,2.78942e+06
0.349751,2414.83,4.51353e-07,2.78926e+06
0.350755,2428.32,4.96875e-07,2.67817e+06
0.351759,2441.63,4.51645e-07,2.64941e+06
0.352757,2454.41,4.72178e-07,2.5987e+06
0.35376,2467.39,5.10533e-07,2.53267e+06
0.354765,2479.64,5.25562e-07,2.4879e+06
0.355769,2492.2,4.71258e-07,2.39624e+06
0.356767,2504.1,4.51083e-07,2.3599e+06
0.357768,2516.38,4.88669e-07,2.3141e+06
0.358772,2528.81,5.0684e-07,2.29018e+06
0.359775,2540.85,4.98603e-07,2.24653e+06
0.360775,2553.18,4.84259e-07,2.19837e+06
0.361778,2564.99,4.88977e-07,2.15357e+06
0.362778,2577.45,4.86355e-07,2.12811e+06
0.363784,2589.22,5.24645e-07,2.07502e+06
0.364783,2601.23,5.00065e-07,2.03525e+06
0.365787,2612.5,5.34344e-07,1.99025e+06
0.36679,2624.49,5.15173e-07,1.93733e+06
0.367791,2636.61,4.78293e-07,1.91046e+06
0.368794,2647.9,5.01437e-07,1.87386e+06
0.369793,2659.41,4.738e-07,1.8132e+06
0.370795,2671.13,4.9249e-07,1.76828e+06
0.371798,2682.09,5.07475e-07,1.76353e+06
0.3728,2693.37,5.13771e-07,1.692e+06
0.373804,2705.15,4.68607e-07,1.6424e+06
0.374802,2716.8,4.52962e-07,1.63194e+06
0.375806,2727.93,4.61379e-07,1.60329e+06
0.376807,2738.95,4.924e-07,1.57242e+06
0.37781,2749.74,4.82922e-07,1.53449e+06
0.37881,2760.25,4.74258e-07,1.5122e+06
0.379816,2771.21,5.10374e-07,1.51014e+06
0.380816,2781.35,4.56241e-07,1.47443e+06
0.381815,2791.76,4.74048e-07,1.43606e+06
0.382821,2802.15,5.17401e-07,1.3979e+06
0.383821,2812.94,4.76332e-07,1.34262e+06
0.384825,2823.79,5.06602e-07,1.29799e+06
0.385825,2833.93,4.98167e-07,1.26468e+06
0.386828,2844.17,4.90842e-07,1.27333e+06
0.38783,2854.3,4.9666e-07,1.2581e+06
0.388832,2864.41,5.17243e-07,1.23529e+06
0.389833,2874.29,4.96693e-07,1.23054e+06
0.390838,2884.29,5.02657e-07,1.20478e+06
0.391838,2893.81,4.9088e-07,1.18124e+06
0.392839,2903.5,4.8083e-07,1.12816e+06
0.393842,2914.09,4.78931e-07,1.09556e+06
0.394843,2923.2,4.82054e-07,1.07808e+06
0.395845,2933.05,5.39085e-07,1.05467e+06
0.396851,2942.37,4.97395e-07,1.06294e+06
0.397851,2951.74,4.69031e-07,1.05289e+06
0.398851,2961.37,4.82978e-07,1.03891e+06
0.399848,2970.7,4.87876e-07,1.02841e+06
0.400856,2980.03,4.73738e-07,1.02321e+06
0.401858,2989.49,4.77979e-07,1.01304e+06
0.40286,2998.29,5.06245e-07,994349
0.403861,3007.04,5.10127e-07,978658
0.404865,3015.79,4.86603e-07,961416
0.405866,3024.54,4.613e-07,937932
0.406869,3032.75,4.79185e-07,919128
0.407868,3041.45,4.75051e-07,900260
0.408872,3050.28,5.02446e-07,877242
0.409873,3058.86,4.95671e-07,864231
0.410876,3067.45,4.8252e-07,859768
0.411881,3076.13,5.10355e-07,846444
0.412881,3084.51,4.86788e-07,823297
0.413881,3092.56,4.87751e-07,817885
0.414884,3101.09,5.14506e-07,809540
0.415887,3109.37,5.09015e-07,806036
0.41689,3117.9,4.90989e-07,791583
0.41789,3125.81,4.95328e-07,779104
0.418894,3133.54,4.827e-07,776916
0.419895,3141.15,4.86982e-07,762263
0.420895,3149.09,4.95634e-07,754139
0.421898,3156.93,4.88916e-07,743035
0.422899,3164.74,4.64623e-07,740839
0.423901,3172.42,4.91308e-07,736036
0.424903,3180.35,5.06753e-07,723349
0.425907,3187.77,4.91462e-07,718455
0.426909,3195.42,4.52856e-07,702142
0.427907,3203.05,4.97621e-07,686077
0.428913,3210.97,4.82414e-07,678800
0.429912,3218.11,5.10741e-07,653579
0.430918,3225.9,5.21811e-07,638057
0.43192,3233.37,4.87758e-07,629764
0.43292,3240.59,4.96509e-07,623557
0.433922,3247.96,4.94358e-07,612413
0.434923,3254.89,4.85155e-07,602867
0.435926,3261.82,5.04561e-07,605724
0.436931,3268.84,4.77368e-07,598499
0.437931,3275.39,4.95184e-07,583245
0.438933,3281.96,4.97328e-07,578589
0.439934,3288.47,4.68421e-07,574839
0.440937,3295.27,4.78353e-07,560497
0.441938,3301.83,4.69258e-07,548620
0.442938,3308.4,4.8735e-07,545216
0.443945,3315.27,5.18694e-07,538133
0.444944,3322,4.97888e-07,544132
0.445945,3328.17,4.87572e-07,543273
0.446947,3334.65,5.12989e-07,538776
0.447951,3341.34,4.83144e-07,533538
0.448952,3347.69,4.68483e-07,527103
0.449952,3353.9,4.92822e-07,528914
0.450956,3359.76,4.99834e-07,523282
0.451959,3366.18,5.06797e-07,513094
0.452961,3372.07,4.70066e-07,495087
0.453962,3377.91,4.86101e-07,489822
0.454964,3384.24,4.87093e-07,487438
0.455967,3390.17,4.99471e-07,482808
0.456968,3396.02,5.05826e-07,481979
0.457973,3401.7,4.74838e-07,482405
0.458971,3407.62,4.68623e-07,488730
0.459974,3413.24,4.95942e-07,488149
0.460976,3419.02,4.7664e-07,479346
0.461977,3424.78,4.89921e-07,467176
0.46298,3430.27,4.94291e-07,468434
0.463982,3436.1,4.80003e-07,466901
0.464983,3441.52,4.92666e-07,458091
0.465988,3447.08,4.96576e-07,456997
0.466989,3452.6,4.56738e-07,448218
0.467989,3458.12,4.87816e-07,444896
0.468993,3463.5,5.25319e-07,434583
0.469995,3468.68,4.80014e-07,425721
0.470995,3473.68,4.6558e-07,415786
0.471998,3478.95,5.2257e-07,407919
0.473001,3484.18,5.14549e-07,409073
0.474003,3489.28,4.70069e-07,405252
0.475005,3494.34,4.90065e-07,400388
0.476004,3499.42,4.57324e-07,395970
0.477008,3504.42,5.10214e-07,399620
0.478011,3509.17,5.1388e-07,390942
0.479012,3514.29,4.60522e-07,388311
0.480012,3519.19,4.88833e-07,383754
0.481016,3523.86,4.92801e-07,381628
0.482018,3528.63,4.86475e-07,380695
0.48302,3533.41,4.50315e-07,374361
0.484021,3538.04,5.09623e-07,367631
0.485023,3542.65,5.07397e-07,357832
0.486027,3547.51,4.96467e-07,355373
0.487028,3552.32,4.79533e-07,348014
0.488029,3556.62,4.8618e-07,345832
0.489031,3561.17,5.1919e-07,340859
0.490034,3565.58,5.18071e-07,336342
0.491037,3569.74,5.07294e-07,336581
0.49204,3574.22,5.04441e-07,330870
0.493042,3578.41,4.57286e-07,328453
0.494041,3582.7,4.68029e-07,317343
0.495044,3587.28,5.24341e-07,312887
0.496047,3591.31,4.90037e-07,309374
0.497048,3595.48,4.84035e-07,308187
0.498051,3599.69,4.9001e-07,299028
0.499049,3603.76,4.16099e-07,296553
0.500052,3607.86,7.37162e-07,293169
0.50106,3611.92,4.24759e-07,287442
0.502058,3615.63,4.89438e-07,285691
0.50306,3619.6,4.80859e-07,287082
0.504062,3623.74,4.89931e-07,281656
0.505065,3627.63,5.22304e-07,275252
0.506067,3631.44,4.664e-07,275495
0.507066,3635.24,4.56404e-07,267955
0.508069,3638.94,5.02196e-07,264662
0.509071,3642.59,5.0444e-07,265407
0.510074,3646.24,5.18002e-07,261867
0.511077,3649.74,5.20533e-07,263163
0.51208,3653.28,4.86797e-07,263631
0.513081,3656.78,4.83576e-07,259429
0.514082,3660.44,4.95768e-07,257343
0.515085,3663.9,5.07677e-07,252768
0.516088,3667.3,5.12577e-07,247893
0.517089,3670.85,4.49554e-07,248290
0.518091,3674.24,4.87371e-07,243292
0.519092,3677.8,4.94541e-07,239585
0.520097,3681.12,4.87627e-07,234818
0.521096,3684.33,4.59167e-07,231975
0.522097,3687.6,5.17035e-07,229530
0.523101,3690.81,5.09369e-07,227196
0.524104,3694.08,4.59722e-07,228952
0.525103,3697.35,4.88969e-07,224550
0.526106,3700.43,4.70646e-07,224050
0.527107,3703.62,5.14376e-07,218782
0.52811,3706.86,5.22212e-07,213198
0.529114,3709.83,4.64431e-07,210872
0.530113,3713.02,4.82436e-07,207842
0.531116,3716.02,5.24698e-07,205683
0.532119,3718.87,4.87258e-07,203673
0.53312,3721.79,4.59442e-07,197928
0.53412,3724.7,4.96286e-07,195352
0.535125,3727.57,4.90655e-07,191837
0.536126,3730.22,4.79498e-07,186509
0.537129,3732.9,4.96355e-07,185627
0.538132,3735.87,4.88851e-07,182032
0.539132,3738.76,4.79826e-07,182058
0.540134,3741.65,4.98099e-07,180396
0.541137,3744.4,4.65542e-07,179654
0.542136,3747.38,4.74947e-07,174660
0.543141,3750.16,5.0544e-07,171423
0.544141,3753.09,4.98096e-07,170189
0.545144,3755.86,4.85522e-07,170278
0.546147,3758.32,4.85632e-07,167394
0.547148,3760.91,4.70493e-07,166954
0.54815,3763.47,5.10609e-07,163462
0.549153,3766.04,4.99565e-07,158785
0.550157,3768.61,4.91058e-07,158871
0.551157,3771.14,4.69944e-07,155775
0.552157,3773.52,4.82897e-07,155269
0.553162,3775.99,5.13361e-07,154895
0.554164,3778.49,4.89055e-07,152801
0.555165,3780.8,4.97311e-07,151421
0.556164,3783.25,5.20583e-07,148817
0.557171,3785.72,4.88248e-07,147416
0.558171,3788.26,4.70239e-07,147557
0.559172,3790.65,4.78408e-07,144938
0.560175,3792.86,4.6625e-07,142839
0.561176,3795.15,4.95844e-07,140077
0.562178,3797.26,4.94974e-07,136403
0.563178,3799.45,4.7848e-07,136946
0.564183,3801.73,5.03897e-07,135046
0.565185,3803.9,4.83608e-07,133695
0.566186,3806.15,4.95747e-07,130820
0.567188,3808.36,4.95398e-07,129481
0.568188,3810.53,4.87408e-07,128342
0.569191,3812.69,5.21781e-07,127710
0.570196,3814.72,5.11934e-07,123752
0.571195,3816.89,4.84861e-07,123046
0.572201,3818.95,4.9709e-07,121407
0.5732,3821.21,4.5593e-07,120500
0.574202,3823.32,4.91911e-07,117478
0.575205,3825.26,5.04332e-07,117219
0.576207,3827.34,4.88647e-07,115346
0.577209,3829.43,4.66901e-07,113520
0.578211,3831.37,4.89966e-07,111495
0.579213,3833.23,4.94146e-07,111335
0.580214,3835.15,4.89027e-07,109639
0.581215,3837.06,4.82153e-07,107903
0.582219,3838.93,4.93409e-07,108595
0.583218,3840.73,4.90341e-07,108699
0.584221,3842.71,5.09229e-07,106008
0.585225,3844.56,5.1388e-07,104047
0.586227,3846.42,4.86741e-07,102755
0.587228,3848.18,4.8881e-07,100657
0.588228,3849.96,5.09803e-07,100366
0.589232,3851.68,4.82007e-07,98377.5
0.590235,3853.45,4.9622e-07,100010
0.591237,3855.09,5.02967e-07,97922.1
0.59224,3856.73,4.77357e-07,96575.6
0.593239,3858.36,4.8119e-07,95389.2
0.594242,3859.94,4.61677e-07,93989.3
0.595244,3861.55,4.84676e-07,92547.5
0.596247,3863.15,5.12554e-07,91831
0.597249,3864.79,5.08186e-07,89127.5
0.598251,3866.46,4.78897e-07,85612.1
0.599252,3868.06,4.75261e-07,84979.3
0.600261,3869.58,4.88488e-07,84549.6
0.601257,3871.12,4.8274e-07,83188.3
0.602257,3872.71,4.65268e-07,82156.1
0.603258,3874.12,4.96311e-07,80706.8
0.604263,3875.58,5.39913e-07,80283.8
0.605266,3877.08,4.80829e-07,78975.1
0.606266,3878.47,4.82262e-07,77114.4
0.60727,3879.97,4.78595e-07,76128.6
0.60827,3881.39,4.91316e-07,75739.2
0.609271,3882.8,5.01482e-07,75233.2
0.610276,3884.2,4.97478e-07,74943.4
0.611276,3885.68,5.16717e-07,73954.8
0.612279,3887.08,4.96374e-07,72096.8
0.61328,3888.45,4.90429e-07,71385.7
0.614283,3889.86,4.96634e-07,69871.6
0.615284,3891.17,5.02795e-07,68691.9
0.616287,3892.47,4.76902e-07,67202.5
0.617288,3893.74,5.20754e-07,66425.2
0.618293,3895.01,4.73107e-07,66002
0.619293,3896.4,4.56172e-07,66132.2
0.620292,3897.72,5.10883e-07,64243.7
0.621299,3898.88,4.70891e-07,63126
0.622298,3900.15,4.83718e-07,63077.1
0.623302,3901.38,4.90483e-07,62015.8
0.624302,3902.57,4.64824e-07,61156.4
0.625306,3903.77,4.5289e-07,60821.6
0.626304,3904.97,4.67239e-07,60306.6
0.627308,3906.27,5.11553e-07,59702.1
0.628311,3907.42,5.07513e-07,58144
0.629313,3908.56,4.91987e-07,57067.4
0.630315,3909.78,4.73106e-07,54169.8
0.631315,3910.92,5.01079e-07,53626.8
0.632318,3912.08,4.72679e-07,52966
0.633319,3913.32,5.1658e-07,51927.5
0.634322,3914.35,5.35688e-07,50664
0.635326,3915.47,4.99563e-07,49334.6
0.636325,3916.46,5.2583e-07,48522
0.637331,3917.52,4.88504e-07,46920.8
0.638331,3918.49,4.91059e-07,45814.9
0.639333,3919.67,4.85547e-07,44906.5
0.640334,3920.65,4.97416e-07,43972
0.641337,3921.61,5.09106e-07,44258.7
0.642341,3922.58,4.87076e-07,43374.1
0.643341,3923.63,4.5205e-07,42614
0.644339,3924.63,4.73249e-07,41850.5
0.645344,3925.62,5.23237e-07,41859.8
0.646349,3926.61,5.14955e-07,41944.5
0.647352,3927.54,4.7225e-07,41784.2
0.64835,3928.51,4.57086e-07,41220.9
0.649353,3929.45,4.97463e-07,40761.8
0.650357,3930.4,4.50681e-07,39587.8
0.651357,3931.28,4.61986e-07,39031.7
0.652357,3932.24,4.57842e-07,38850.2
0.653359,3933.09,4.67694e-07,38588.6
0.654361,3934.05,5.09444e-07,37351.9
0.655366,3934.96,4.87534e-07,36425
0.656366,3935.78,4.88817e-07,36067.2
0.657369,3936.69,5.06057e-07,36070.2
0.658369,3937.52,5.22331e-07,35988.9
0.659375,3938.33,4.98036e-07,34632.2
0.660374,3939.11,4.97646e-07,33787.4
0.661378,3939.86,5.02347e-07,32996.8
0.662379,3940.62,5.04184e-07,32634.3
0.663383,3941.37,5.01097e-07,32318.5
0.664386,3942.2,4.6503e-07,31804.8
0.665384,3943.07,4.64853e-07,31750.8
0.666377,3943.82,4.57365e-07,30893.1
0.667392,3944.58,4.35689e-07,30387.6
0.668388,3945.24,5.04338e-07,29954.7
0.669394,3945.97,5.37016e-07,29894.7
0.670397,3946.75,4.78047e-07,29440.2
0.671398,3947.57,4.67007e-07,28758.8
0.672397,3948.23,4.44385e-07,28322.6
0.6734,3948.96,4.78676e-07,27572.3
0.674402,3949.69,5.19185e-07,26073.7
0.675406,3950.33,5.13093e-07,26103.2
0.676407,3951.03,4.76227e-07,25579.6
0.67741,3951.73,4.97263e-07,25074.1
0.67841,3952.41,4.99979e-07,24847
0.679416,3953.12,4.91181e-07,24682.3
0.680415,3953.76,4.35625e-07,24328.2
0.681415,3954.38,4.88811e-07,23518.3
0.682419,3955.06,5.07561e-07,23290.4
0.683423,3955.71,4.94765e-07,22805.8
0.684424,3956.38,4.88349e-07,22569.8
0.685425,3956.99,4.71805e-07,21966
0.686428,3957.59,4.93569e-07,21769
0.687429,3958.25,4.63843e-07,21633.8
0.688429,3958.82,4.86164e-07,21336.4
0.689431,3959.44,4.91336e-07,20705
0.690435,3960.05,4.79174e-07,20499.9
0.691437,3960.62,5.25398e-07,20089.8
0.692443,3961.27,4.98047e-07,19907
0.693442,3961.88,4.81096e-07,19246
0.694444,3962.44,5.11522e-07,18781
0.695446,3962.95,4.942e-07,18588.8
0.696446,3963.49,4.88879e-07,18448.9
0.69745,3964.01,5.21368e-07,17788
0.698454,3964.52,4.79694e-07,17632.8
0.699451,3965.1,4.71742e-07,17217
0.700454,3965.61,5.01e-07,16920.7
0.701456,3966.12,5.08398e-07,16838
0.702461,3966.62,4.8306e-07,16620.3
0.703462,3967.19,4.66276e-07,16257.6
0.704461,3967.67,5.00386e-07,15939.2
0.705465,3968.15,4.84204e-07,15584.3
0.706466,3968.63,4.90982e-07,15139.1
0.707468,3969.12,5.29058e-07,14888
0.708473,3969.53,5.18872e-07,14842.5
0.709475,3970.01,5.11266e-07,14636
0.710476,3970.5,4.90083e-07,14421
0.711479,3970.95,4.89049e-07,14586.8
0.71248,3971.42,4.554e-07,14365.6
0.713481,3971.9,4.7389e-07,14013.8
0.714487,3972.37,4.98276e-07,13858.6
0.715486,3972.83,4.82053e-07,13939.9
0.716486,3973.24,4.83097e-07,13806.2
0.717488,3973.67,4.86877e-07,13498.6
0.718492,3974.13,4.9608e-07,13276.5
0.719494,3974.5,4.92931e-07,13147
0.720495,3974.92,4.74872e-07,12680.5
0.721495,3975.35,5.10148e-07,12480.3
0.722499,3975.79,5.16544e-07,12355
0.723502,3976.2,5.03814e-07,11775.2
0.724503,3976.56,4.65671e-07,11513.1
0.725503,3976.93,4.69643e-07,11619.4
0.726504,3977.32,4.98593e-07,11387.2
0.72751,3977.67,5.0805e-07,11103.9
0.728511,3978.05,4.98506e-07,10694.8
0.729512,3978.36,4.99024e-07,10605.5
0.730515,3978.75,5.22416e-07,10396.7
0.731519,3979.17,4.79444e-07,9940.55
0.732517,3979.47,4.7785e-07,9878.49
0.733522,3979.78,5.09659e-07,9705.8
0.734525,3980.1,5.05878e-07,9631.39
0.735525,3980.44,4.78123e-07,9445.43
0.736529,3980.75,4.81794e-07,9248.74
0.737531,3981.03,4.48107e-07,9160.66
0.73853,3981.31,4.72486e-07,8860.57
0.739531,3981.65,4.73538e-07,8505.45
0.740533,3981.93,5.0689e-07,8527.69
0.741538,3982.2,5.36118e-07,8559.4
0.742541,3982.49,4.92308e-07,8388.9
0.743542,3982.78,4.65772e-07,8162.36
0.744542,3983.06,4.78669e-07,8064.43
0.745545,3983.36,5.02747e-07,7965.75
0.746549,3983.64,4.97889e-07,7751.75
0.747551,3983.87,4.75385e-07,7691.81
0.748552,3984.11,4.54957e-07,7610.5
0.749548,3984.38,4.42589e-07,7437.8
0.750555,3984.67,5.17674e-07,7493.86
0.75156,3984.92,5.16913e-07,7430.47
0.75256,3985.2,4.77983e-07,7378.6
0.75356,3985.4,4.56176e-07,7299.8
0.75456,3985.66,4.9158e-07,7198.83
0.755565,3985.88,5.22913e-07,6943.56
0.756568,3986.14,5.16768e-07,6859.48
0.757569,3986.35,4.9413e-07,6741.45
0.758572,3986.56,5.06422e-07,6543.08
0.759576,3986.8,4.92925e-07,6448.79
0.760575,3987.04,4.60177e-07,6340.28
0.761577,3987.29,5.12702e-07,6220.53
0.76258,3987.53,4.65366e-07,6170.61
0.76358,3987.76,4.62405e-07,6137.2
0.764583,3987.98,4.77789e-07,6129.87
0.765586,3988.18,4.87027e-07,5908.51
0.766587,3988.45,4.57575e-07,5645.54
0.767588,3988.68,4.68712e-07,5557.51
0.76859,3988.89,5.14445e-07,5419.73
0.769594,3989.11,5.30911e-07,5392.5
0.770597,3989.33,4.87336e-07,5312.21
0.771597,3989.54,4.94059e-07,5260.28
0.7726,3989.73,5.0894e-07,5283.62
0.773601,3989.92,4.54085e-07,5176.8
0.774601,3990.13,4.66406e-07,5063.29
0.775605,3990.37,5.07381e-07,5060.29
0.776607,3990.57,5.31377e-07,5006.82
0.77761,3990.74,5.09731e-07,4983.15
0.778612,3990.91,4.63471e-07,4957.3
0.77961,3991.09,4.76109e-07,4878.58
0.780615,3991.27,5.25671e-07,4792.09
0.781618,3991.42,4.96791e-07,4775.96
0.782619,3991.58,4.64817e-07,4735.96
0.783621,3991.76,4.98821e-07,4623.2
0.784623,3991.94,5.0758e-07,4475.08
0.785625,3992.07,4.65798e-07,4482.55
0.786627,3992.23,4.82269e-07,4392.55
0.787629,3992.4,4.89098e-07,4250
0.788632,3992.6,5.0005e-07,4068
0.789635,3992.73,4.9946e-07,3916.09
0.790635,3992.87,4.77109e-07,3819.06
0.791636,3993.04,4.99127e-07,3657.35
0.792641,3993.17,4.92686e-07,3613.21
0.793642,3993.33,4.76264e-07,3514.89
0.794644,3993.49,4.64395e-07,3368.95
0.795645,3993.63,4.70081e-07,3279.06
0.796646,3993.75,5.06211e-07,3226.74
0.79765,3993.86,5.07634e-07,3146.75
0.798653,3994,4.98279e-07,3067
0.799651,3994.14,4.84335e-07,3008.92
0.800655,3994.26,4.9783e-07,2967.72
0.801657,3994.38,5.05257e-07,2904.04
0.80266,3994.51,5.07138e-07,2854.98
0.803664,3994.63,4.90215e-07,2744.29
0.804664,3994.75,4.69963e-07,2712.74
0.805666,3994.85,4.55411e-07,2637.14
0.806665,3994.92,4.58784e-07,2603.96
0.807666,3995.05,4.99173e-07,2538.85
0.808671,3995.15,5.10949e-07,2463.75
0.809673,3995.25,5.13739e-07,2420.25
0.810678,3995.36,5.10285e-07,2342.63
0.811678,3995.47,4.73314e-07,2322.49
0.812679,3995.59,5.04226e-07,2229.3
0.813683,3995.67,4.87309e-07,2122.21
0.814684,3995.79,4.63844e-07,2107.53
0.815684,3995.91,4.85128e-07,2074.95
0.816685,3996.01,4.83718e-07,2041.97
0.81769,3996.1,4.95574e-07,1966.59
0.818693,3996.19,4.99211e-07,1926.95
0.819694,3996.3,4.90023e-07,1852.19
0.820697,3996.4,4.866e-07,1823.59
0.821698,3996.47,4.47367e-07,1802.66
0.822697,3996.54,4.84513e-07,1768.2
0.823703,3996.63,5.01664e-07,1741.06
0.824705,3996.72,4.81197e-07,1719.91
0.825704,3996.79,4.64477e-07,1709.78
0.826705,3996.86,4.98219e-07,1654.2
0.827709,3996.92,4.99387e-07,1641.11
0.828712,3997,4.96835e-07,1600
0.829714,3997.06,4.90327e-07,1561.32
0.830715,3997.13,5.03558e-07,1501.29
0.831719,3997.17,5.1289e-07,1491.86
0.832719,3997.24,4.91334e-07,1450.68
0.833723,3997.29,4.80479e-07,1466.53
0.834723,3997.37,5.04487e-07,1416.02
0.835725,3997.44,4.97441e-07,1391.43
0.836729,3997.49,5.26282e-07,1360.98
0.837733,3997.56,4.45189e-07,1309.2
0.838731,3997.63,4.58806e-07,1270.55
0.839734,3997.69,4.70437e-07,1210.18
0.840732,3997.75,4.76869e-07,1191.25
0.841737,3997.82,5.13845e-07,1164.44
0.84274,3997.88,4.87231e-07,1121.56
0.843741,3997.93,4.68595e-07,1069.69
0.84474,3997.98,4.87199e-07,1047.87
0.845745,3998.05,5.13305e-07,1027.94
0.846748,3998.11,5.08413e-07,967.728
0.847751,3998.17,5.10588e-07,951.208
0.848753,3998.22,4.88205e-07,954.912
0.849752,3998.27,4.93203e-07,925.622
0.850756,3998.3,4.95149e-07,881
0.851758,3998.33,4.67683e-07,854.55
0.852759,3998.39,5.07591e-07,822.502
0.853763,3998.42,4.86523e-07,802.112
0.854764,3998.48,4.61386e-07,764.8
0.855765,3998.52,5.08016e-07,730.8
0.856769,3998.6,5.08055e-07,690.392
0.857769,3998.63,4.84273e-07,663.062
0.858771,3998.67,5.18637e-07,642.55
0.859775,3998.71,5.1195e-07,626.95
0.860775,3998.75,5.19031e-07,596.248
0.861779,3998.78,5.05243e-07,598.672
0.862778,3998.81,4.89111e-07,591.702
0.863783,3998.85,5.07927e-07,563.75
0.864784,3998.88,4.80304e-07,560.8
0.865787,3998.91,4.59967e-07,542.95
0.86679,3998.92,4.84529e-07,545.958
0.867788,3998.96,4.75117e-07,529.032
0.868791,3998.97,4.742e-07,508.662
0.869791,3999,4.97505e-07,489.992
0.870796,3999.05,5.30821e-07,449.75
0.871799,3999.09,4.91847e-07,426.128
0.872801,3999.11,4.81943e-07,413.728
0.873804,3999.12,4.6444e-07,410.312
0.874801,3999.15,4.73555e-07,388.342
0.875807,3999.19,4.95572e-07,370.328
0.876806,3999.2,4.82475e-07,365.398
0.877809,3999.23,5.19409e-07,342.55
0.878812,3999.27,4.6651e-07,334.55
0.879813,3999.28,4.92077e-07,333.672
0.880816,3999.32,5.24933e-07,322.8
0.881819,3999.35,5.1801e-07,319.142
0.882821,3999.37,4.74656e-07,304.55
0.883821,3999.39,4.75779e-07,296.502
0.884822,3999.41,5.06755e-07,284.768
0.885825,3999.43,5.12581e-07,276.262
0.886829,3999.44,5.23831e-07,265.318
0.887832,3999.45,4.91592e-07,259.848
0.888829,3999.47,4.85416e-07,254.55
0.889833,3999.49,4.99095e-07,242.902
0.890837,3999.5,4.78281e-07,232.992
0.891838,3999.52,4.55654e-07,220.8
0.892837,3999.54,4.70098e-07,210.118
0.89384,3999.56,5.2282e-07,207.078
0.894847,3999.58,5.13596e-07,199.8
0.895847,3999.59,4.60661e-07,197.128
0.896846,3999.61,4.52188e-07,190.95
0.897847,3999.64,4.95573e-07,171.752
0.898851,3999.66,5.30002e-07,164.832
0.899853,3999.66,5.19599e-07,161.878
0.900859,3999.68,4.76253e-07,155.512
0.90186,3999.68,4.5209e-07,154.072
0.902859,3999.69,4.448e-07,150.568
0.903859,3999.71,4.8222e-07,142.102
0.904864,3999.74,5.23282e-07,130.678
0.905866,3999.76,5.02164e-07,120.232
0.906868,3999.76,4.93846e-07,119.2
0.90787,3999.77,5.2642e-07,111.462
0.908874,3999.79,4.96061e-07,104.102
0.909876,3999.8,4.74378e-07,99.192
0.910875,3999.8,4.65922e-07,97.398
0.91188,3999.81,4.80886e-07,89.702
0.912877,3999.83,4.5588e-07,83.862
0.913881,3999.84,5.39362e-07,78.552
0.914885,3999.85,5.13574e-07,71.142
0.915888,3999.86,4.79541e-07,66.918
0.916888,3999.86,4.81235e-07,66.2
0.917889,3999.87,4.73157e-07,60.55
0.918893,3999.87,4.66153e-07,59.062
0.919893,3999.89,5.07688e-07,53.728
0.920896,3999.89,5.09508e-07,51.382
0.921898,3999.91,4.85873e-07,42.582
0.922899,3999.91,4.97127e-07,41.768
0.923902,3999.91,4.68344e-07,40.95
0.924901,3999.92,4.87838e-07,38.472
0.925906,3999.92,5.00967e-07,35.112
0.92691,3999.93,4.99694e-07,34.262
0.927909,3999.93,4.74841e-07,33.408
0.928911,3999.94,4.87456e-07,29.952
0.929915,3999.94,5.03152e-07,28.2
0.930918,3999.94,4.93932e-07,26.432
0.931921,3999.95,4.74232e-07,24.648
0.93292,3999.95,4.61216e-07,23.75
0.933921,3999.96,4.97863e-07,21.032
0.934922,3999.96,4.88807e-07,21.032
0.935927,3999.96,5.09517e-07,18.278
0.936931,3999.97,4.72507e-07,16.422
0.937931,3999.97,4.84823e-07,13.608
0.938932,3999.97,5.04497e-07,12.662
0.939933,3999.98,4.91714e-07,11.712
0.940935,3999.98,4.9852e-07,10.758
0.941939,3999.98,5.15758e-07,9.8
0.942942,3999.98,4.91741e-07,9.8
0.943944,3999.98,4.78771e-07,8.838
0.944944,3999.98,4.80486e-07,7.872
0.945946,3999.99,4.70923e-07,6.902
0.946947,3999.99,4.81127e-07,5.928
0.947948,3999.99,4.58479e-07,4.95
0.948949,3999.99,5.26937e-07,3.968
0.949955,3999.99,5.22462e-07,3.968
0.950957,3999.99,4.70294e-07,3.968
0.951957,3999.99,4.91653e-07,3.968
0.952961,3999.99,4.94304e-07,3.968
0.953964,3999.99,4.65606e-07,3.968
0.954964,3999.99,4.55593e-07,2.982
0.955964,3999.99,4.66738e-07,2.982
0.956968,3999.99,5.11372e-07,2.982
0.957971,3999.99,4.87545e-07,2.982
0.958972,3999.99,4.90443e-07,2.982
0.959973,4000,4.9903e-07,1.992
0.960977,4000,4.89623e-07,1.992
0.961979,4000,4.68882e-07,1.992
0.962977,4000,4.54307e-07,1.992
0.96398,4000,5.13544e-07,1.992
0.964988,4000,5.25987e-07,1.992
0.965988,4000,4.82763e-07,0.998
0.966989,4000,4.6382e-07,0.998
0.96799,4000,4.74537e-07,0.998
0.96899,4000,4.77937e-07,0
0.969993,4000,5.21873e-07,0
0.970996,4000,4.93409e-07,0
0.972001,4000,4.99845e-07,0
0.973,4000,4.85738e-07,0
0.974001,4000,4.7169e-07,0
0.975003,4000,5.12138e-07,0
0.976005,4000,4.96071e-07,0
0.977008,4000,5.01395e-07,0
0.97801,4000,5.04356e-07,0
0.979014,4000,4.73705e-07,0
0.980013,4000,5.09196e-07,0
0.981017,4000,4.88514e-07,0
0.982018,4000,5.11643e-07,0
0.983023,4000,4.99248e-07,0
0.984023,4000,4.58135e-07,0
0.985023,4000,4.81283e-07,0
0.986027,4000,4.90332e-07,0
0.987028,4000,4.83873e-07,0
0.988029,4000,5.12577e-07,0
0.989035,4000,4.89985e-07,0
0.990034,4000,4.72219e-07,0
0.991035,4000,4.66851e-07,0
0.992038,4000,4.96007e-07,0
0.993043,4000,4.95403e-07,0
0.994042,4000,4.81678e-07,0
0.995044,4000,4.86642e-07,0
0.996046,4000,4.72573e-07,0
0.99705,4000,4.16394e-07,0
0.998044,4000,2.50113e-07,0
0.999024,4000,1.0647e-07,0
1,4000,0,0
0.164997,119.282,1.07045,2.2271e+06
5.30334,-1,-1,-1
