0,1,0,0
0.00103318,2.026,7.32662e-08,12.662
0.00206551,2.11,1.72957e-07,50.95
0.00309694,2.206,3.71226e-07,85.782
0.0040944,2.324,1.09941e-06,125.512
0.00507704,2.482,1.05784e-06,166.838
0.00608025,2.638,8.06704e-07,205.478
0.00709041,2.776,8.52303e-07,208.912
0.0080919,2.888,9.22058e-07,235.728
0.00908877,2.988,9.35948e-07,247.928
0.0100945,3.086,9.12557e-07,309.302
0.0110946,3.184,9.32537e-07,307.072
0.0120956,3.264,8.97488e-07,365.152
0.0130998,3.352,8.994e-07,450.048
0.0141002,3.44,9.09007e-07,537.2
0.0151041,3.518,8.77224e-07,626.838
0.016108,3.614,8.91463e-07,738.502
0.0171111,3.72,9.68941e-07,810.8
0.0181056,3.804,9.7335e-07,1000.79
0.0191104,3.886,8.59531e-07,1128.5
0.0201135,3.956,8.60794e-07,1235.03
0.021118,4.024,9.15613e-07,1265.71
0.0221157,4.106,9.24972e-07,1335.38
0.02312,4.2,8.85947e-07,1486
0.0241213,4.272,8.96189e-07,1547.01
0.0251228,4.37,9.05429e-07,1680.55
0.0261256,4.448,9.14517e-07,1801.65
0.0271242,4.544,9.15252e-07,1954.03
0.0281269,4.636,8.99182e-07,2133.75
0.0291306,4.726,8.69742e-07,2185.46
0.0301363,4.814,8.92726e-07,2315.7
0.0311358,4.894,9.20515e-07,2419.38
0.0321379,4.976,9.49549e-07,2499.71
0.033138,5.05,8.82982e-07,2593.75
0.0341437,5.166,9.09173e-07,2659.22
0.0351445,5.252,9.51351e-07,2814.25
0.0361431,5.366,8.89552e-07,2988.02
0.037147,5.488,8.75521e-07,3094.93
0.0381512,5.562,8.68519e-07,3321.08
0.0391528,5.644,9.12217e-07,3674.63
0.0401526,5.724,9.30372e-07,3895.91
0.041158,5.824,8.7743e-07,4078.51
0.0421572,5.938,9.09679e-07,4445.08
0.043162,6.05,9.5258e-07,4561.75
0.0441604,6.138,9.65523e-07,4867.48
0.0451622,6.248,9.04739e-07,5071.25
0.0461665,6.374,8.94798e-07,5423.06
0.0471683,6.444,9.04439e-07,5655.43
0.0481696,6.552,9.29916e-07,6141.65
0.0491709,6.666,9.07573e-07,6365.22
0.0501733,6.77,8.85513e-07,6708.55
0.0511784,6.89,8.84294e-07,7292.95
0.0521768,6.976,9.34263e-07,7609.71
0.0531786,7.076,9.10867e-07,7793.11
0.0541793,7.172,9.08795e-07,8113.21
0.0551848,7.286,8.96092e-07,8640.1
0.0561842,7.37,8.912e-07,8898.55
0.0571908,7.482,8.86568e-07,9126.84
0.0581894,7.614,9.30848e-07,10214.5
0.0591931,7.738,9.26704e-07,10480.7
0.0601944,7.858,9.47688e-07,10926.9
0.061193,7.974,9.20684e-07,11232.7
0.0621966,8.082,8.31885e-07,11699.6
0.0632018,8.182,8.36669e-07,12004.4
0.0642054,8.312,9.57963e-07,12493.3
0.0651999,8.422,9.51874e-07,12668
0.0662032,8.572,8.32486e-07,13102.4
0.0672122,8.7,8.8154e-07,13471
0.0682108,8.846,9.14917e-07,13661.1
0.0692124,8.95,9.40652e-07,13823.7
0.0702149,9.058,9.55125e-07,13919.3
0.0712143,9.148,9.16281e-07,14435
0.0722183,9.264,8.62474e-07,15435.2
0.0732228,9.382,8.77699e-07,15752
0.0742232,9.534,9.36458e-07,16418.4
0.0752221,9.65,9.04583e-07,16865.8
0.0762246,9.802,8.85183e-07,17599.4
0.0772288,9.938,8.73269e-07,18155.1
0.0782312,10.092,8.86184e-07,18315.8
0.079232,10.222,9.68068e-07,19246.4
0.0802317,10.364,9.36472e-07,19875.8
0.0812336,10.494,8.62381e-07,20459
0.0822396,10.612,8.40899e-07,21206.7
0.0832426,10.752,9.33705e-07,22347.2
0.0842404,10.836,9.29056e-07,22668.6
0.0852452,11.024,9.09174e-07,23471.7
0.0862462,11.136,8.90325e-07,24190.8
0.0872481,11.29,8.71115e-07,24832.9
0.0882514,11.444,9.41151e-07,25733.4
0.0892527,11.612,9.12938e-07,26514.7
0.0902548,11.742,8.81178e-07,28095.7
0.0912573,11.888,9.01767e-07,28823.7
0.0922577,12.052,9.20994e-07,29526.6
0.0932584,12.212,9.14903e-07,30577.5
0.0942612,12.352,8.91063e-07,31430
0.0952657,12.47,9.28631e-07,32130.6
0.0962643,12.636,9.29323e-07,32843.8
0.0972682,12.77,8.60472e-07,32926.6
0.0982695,12.906,8.98308e-07,33350.6
0.0992728,13.098,9.35944e-07,35328.2
0.100273,13.272,8.97493e-07,36737
0.101273,13.392,8.73948e-07,36997.2
0.102282,13.606,8.4808e-07,38371.4
0.10328,13.782,9.61498e-07,39725.2
0.10428,13.98,9.47628e-07,42103.8
0.105286,14.126,9.18442e-07,43127.1
0.106284,14.344,8.50557e-07,45036.8
0.107289,14.528,9.35446e-07,46572.6
0.108288,14.716,9.19584e-07,50055.7
0.109294,14.894,8.54157e-07,50995.4
0.110295,15.062,8.78427e-07,53349.1
0.111293,15.274,9.35503e-07,55509.5
0.112295,15.422,9.22498e-07,56724
0.113298,15.558,8.52388e-07,57681.3
0.114304,15.738,8.77258e-07,59014.7
0.115307,15.912,9.73942e-07,60962.1
0.116304,16.066,9.7162e-07,62848.8
0.117304,16.22,8.38543e-07,63259.8
0.118312,16.386,8.54919e-07,64504.5
0.119312,16.588,8.80023e-07,66613.1
0.120316,16.824,8.78432e-07,68420.5
0.121314,17.042,9.29076e-07,69948.1
0.122319,17.19,9.16427e-07,70454.9
0.12332,17.394,8.82704e-07,71775.4
0.124325,17.694,9.29457e-07,74718.2
0.125321,17.9,9.8489e-07,77629
0.126323,18.132,8.91248e-07,79923.3
0.127328,18.376,8.35638e-07,82631.3
0.128331,18.536,8.80558e-07,83702.4
0.129333,18.742,9.25021e-07,84961.7
0.130331,18.962,9.33714e-07,87434.3
0.131336,19.17,8.86823e-07,89310.5
0.132337,19.394,8.71272e-07,91005.4
0.133345,19.644,8.38765e-07,94564.6
0.134345,19.906,9.48688e-07,100365
0.135342,20.116,9.26073e-07,102557
0.136346,20.358,8.9198e-07,104795
0.137347,20.534,8.94531e-07,107696
0.138352,20.724,9.44977e-07,110722
0.139352,20.892,8.7353e-07,111416
0.140357,21.164,8.92306e-07,117091
0.141356,21.396,9.11404e-07,120522
0.142356,21.674,9.22845e-07,126432
0.143363,21.82,8.38936e-07,127942
0.144366,22.132,9.49309e-07,129621
0.145362,22.366,9.52104e-07,130896
0.146364,22.602,8.98485e-07,133962
0.147367,22.912,8.78818e-07,137124
0.148371,23.14,9.09965e-07,139750
0.149369,23.452,8.82401e-07,143636
0.150376,23.702,8.39794e-07,145537
0.151379,23.938,9.3617e-07,149049
0.152377,24.176,9.45041e-07,152337
0.153381,24.48,9.28e-07,157163
0.15438,24.774,8.94749e-07,158505
0.155384,25.08,8.5612e-07,162985
0.156388,25.324,9.07086e-07,166724
0.157387,25.61,9.14408e-07,168955
0.15839,25.934,9.4169e-07,171983
0.159392,26.214,8.86692e-07,174590
0.160393,26.68,8.83184e-07,185771
0.161398,26.976,8.90569e-07,191326
0.162398,27.262,9.35186e-07,192821
0.163402,27.536,9.00949e-07,195270
0.164402,27.832,8.8831e-07,198444
0.165406,28.242,9.29423e-07,209942
0.166407,28.6,9.517e-07,213336
0.167408,28.94,9.09522e-07,222126
0.168409,29.228,8.68016e-07,227408
0.169415,29.6,8.95491e-07,234540
0.170415,29.924,9.02203e-07,241031
0.171417,30.342,9.08814e-07,245457
0.172417,30.606,9.3801e-07,249471
0.173418,31.034,8.95547e-07,253624
0.174423,31.568,8.47794e-07,261659
0.175427,32.092,8.93809e-07,277532
0.176429,32.482,9.47108e-07,282385
0.177428,32.732,9.28642e-07,286242
0.17843,33.024,8.65628e-07,292474
0.179433,33.338,8.6811e-07,299588
0.180436,33.732,8.88046e-07,302822
0.18144,34.146,9.13636e-07,311730
0.182437,34.472,9.22345e-07,320007
0.18344,34.906,9.0898e-07,331247
0.18444,35.334,8.69751e-07,337587
0.185446,35.876,9.14811e-07,361262
0.186445,36.302,9.35048e-07,370491
0.187448,36.74,9.0551e-07,378914
0.188449,37.236,8.86134e-07,388308
0.189454,37.578,8.85928e-07,392142
0.190457,37.998,9.10528e-07,397735
0.191456,38.434,9.09395e-07,416033
0.192458,38.92,9.31326e-07,426421
0.193458,39.398,8.82177e-07,431574
0.194464,39.942,8.7663e-07,444979
0.195466,40.426,9.30736e-07,452094
0.196464,40.896,9.3108e-07,462441
0.197467,41.378,8.64405e-07,471658
0.198471,41.874,8.94972e-07,476461
0.199468,42.556,8.91962e-07,501797
0.200473,43.128,8.70017e-07,519668
0.201478,43.638,9.49898e-07,527625
0.202476,44.066,9.7007e-07,536683
0.203477,44.722,8.50997e-07,557302
0.204484,45.28,8.16419e-07,567901
0.205489,45.936,9.19773e-07,586160
0.206484,46.502,9.94721e-07,593697
0.207487,47.166,8.9857e-07,615725
0.208489,47.672,8.67847e-07,630062
0.209496,48.288,9.43366e-07,654899
0.210497,48.886,9.73713e-07,669753
0.211494,49.486,8.92529e-07,675857
0.212497,50.258,8.17423e-07,685092
0.213505,50.836,8.59581e-07,694583
0.214504,51.276,9.4037e-07,701480
0.215505,51.834,1.00369e-06,721909
0.216504,52.724,8.8886e-07,754276
0.217506,53.366,8.28485e-07,763116
0.218515,54.096,8.47831e-07,786235
0.219515,54.806,9.71575e-07,805230
0.220511,55.376,9.40866e-07,811161
0.221513,56.028,8.69165e-07,833598
0.222518,56.934,8.4532e-07,849893
0.223523,57.664,8.96479e-07,886830
0.224522,58.738,9.31225e-07,927025
0.225524,59.476,9.26938e-07,947241
0.226525,60.27,9.13076e-07,969855
0.227528,60.95,9.01538e-07,983868
0.228529,61.828,8.67609e-07,1.0084e+06
0.229531,62.518,8.6773e-07,1.03574e+06
0.230535,63.14,8.93297e-07,1.0545e+06
0.231537,64.066,9.40844e-07,1.08392e+06
0.232539,65.102,9.82219e-07,1.12235e+06
0.233536,66.188,9.32819e-07,1.16945e+06
0.23454,66.958,8.29619e-07,1.20274e+06
0.235546,67.97,8.30516e-07,1.2354e+06
0.236551,68.694,8.84702e-07,1.26244e+06
0.237548,69.704,9.6443e-07,1.28784e+06
0.238547,70.492,9.04755e-07,1.32906e+06
0.239554,71.384,8.71377e-07,1.35767e+06
0.240554,72.314,8.77257e-07,1.37853e+06
0.241558,73.314,9.38721e-07,1.41212e+06
0.242555,74.364,9.28808e-07,1.4824e+06
0.243559,75.35,8.84542e-07,1.51415e+06
0.244562,76.53,8.78896e-07,1.55276e+06
0.245565,77.67,9.14499e-07,1.59693e+06
0.246568,78.6,8.88707e-07,1.62504e+06
0.247569,79.666,9.03525e-07,1.66239e+06
0.248572,80.74,9.08642e-07,1.69083e+06
0.249576,82.128,8.79424e-07,1.74676e+06
0.250572,83.498,8.9917e-07,1.78505e+06
0.251574,84.756,9.15777e-07,1.83564e+06
0.252578,85.792,8.68629e-07,1.8651e+06
0.253583,86.958,8.15515e-07,1.8994e+06
0.254584,88.348,8.96918e-07,1.94731e+06
0.255587,90.144,9.67742e-07,2.00742e+06
0.256585,91.514,9.55024e-07,2.08142e+06
0.25759,92.742,8.80816e-07,2.13154e+06
0.258591,94.198,9.01384e-07,2.19959e+06
0.259596,95.632,9.49919e-07,2.26342e+06
0.260588,96.786,9.09555e-07,2.31021e+06
0.261597,98.468,8.2863e-07,2.36639e+06
0.262601,99.948,8.54224e-07,2.45375e+06
0.263601,101.27,9.44798e-07,2.50112e+06
0.264603,103.734,9.54685e-07,2.61036e+06
0.265603,105.182,8.3463e-07,2.6728e+06
0.266609,106.832,8.30299e-07,2.74013e+06
0.267612,108.596,8.83572e-07,2.82138e+06
0.268612,109.806,9.51749e-07,2.86256e+06
0.269613,111.616,9.10117e-07,2.94184e+06
0.270615,113.546,8.7907e-07,3.02666e+06
0.271618,115.164,8.97332e-07,3.0913e+06
0.272621,117.046,9.32062e-07,3.20878e+06
0.273618,119.008,9.20246e-07,3.27894e+06
0.27462,121.286,8.61638e-07,3.45897e+06
0.275628,123.338,8.71613e-07,3.55326e+06
0.276628,125.358,9.5469e-07,3.69525e+06
0.277626,127.708,9.18194e-07,3.84633e+06
0.278631,129.512,8.65167e-07,3.92472e+06
0.279634,131.552,8.84376e-07,4.06353e+06
0.280635,134.294,9.47349e-07,4.19566e+06
0.281634,136.292,8.74043e-07,4.37907e+06
0.282638,138.502,8.77844e-07,4.4659e+06
0.283644,140.554,8.84048e-07,4.59145e+06
0.284643,142.876,9.63658e-07,4.72353e+06
0.285647,145.082,8.88549e-07,4.80875e+06
0.286644,148.004,8.05958e-07,4.9435e+06
0.287654,150.33,8.39673e-07,5.05119e+06
0.288653,152.77,1.01761e-06,5.15158e+06
0.289649,155.238,9.91174e-07,5.24327e+06
0.290651,158.368,8.74215e-07,5.45777e+06
0.291658,161.282,8.78825e-07,5.60325e+06
0.292658,163.846,9.13839e-07,5.80489e+06
0.293661,166.75,9.12687e-07,6.08403e+06
0.294662,169.114,8.83429e-07,6.19814e+06
0.295667,172.46,8.48738e-07,6.35101e+06
0.296669,175.592,8.85009e-07,6.54702e+06
0.297671,179.832,9.53271e-07,6.79474e+06
0.298669,183.24,9.48532e-07,6.94833e+06
0.299671,186.958,8.59645e-07,7.09552e+06
0.300676,190.586,8.58158e-07,7.47259e+06
0.301679,195.066,9.35142e-07,7.78157e+06
0.302679,198.812,9.72634e-07,8.01625e+06
0.303678,202.016,9.18548e-07,8.31389e+06
0.304681,205.548,8.29983e-07,8.47489e+06
0.305687,209.982,8.50578e-07,8.84783e+06
0.306691,214.22,9.13372e-07,9.08292e+06
0.307693,219.868,9.61613e-07,9.3764e+06
0.308689,224.088,9.68797e-07,9.60113e+06
0.309688,228.686,8.70603e-07,9.92402e+06
0.310694,232.482,7.93645e-07,1.01553e+07
0.311702,235.908,8.55702e-07,1.03333e+07
0.312699,240.844,9.17862e-07,1.0659e+07
0.313703,245.702,8.88157e-07,1.09605e+07
0.314703,249.942,8.79162e-07,1.114e+07
0.315709,255.184,9.14969e-07,1.15474e+07
0.316707,259.746,9.83e-07,1.1706e+07
0.317707,264.754,9.36433e-07,1.19718e+07
0.318707,269.84,8.47499e-07,1.22475e+07
0.319713,275.592,8.55328e-07,1.26619e+07
0.320716,280.968,9.14175e-07,1.29321e+07
0.321713,286.95,8.70777e-07,1.34475e+07
0.322721,293.132,8.53292e-07,1.39984e+07
0.323722,299.294,9.1038e-07,1.43223e+07
0.324723,306.118,9.36636e-07,1.4974e+07
0.325725,311.16,8.71243e-07,1.52111e+07
0.326729,315.924,8.89258e-07,1.56428e+07
0.32773,321.634,9.8916e-07,1.58381e+07
0.328727,328.492,9.3254e-07,1.61936e+07
0.329731,335.43,8.52373e-07,1.67252e+07
0.330735,342.436,8.48741e-07,1.70936e+07
0.331743,349.674,9.22352e-07,1.7574e+07
0.332743,356.546,8.57634e-07,1.81306e+07
0.333726,363.216,8.23681e-07,1.8593e+07
0.334747,371.502,9.28965e-07,1.92715e+07
0.335746,380.444,9.20945e-07,1.9891e+07
0.336746,386.65,8.71053e-07,2.03389e+07
0.33775,395.122,8.75264e-07,2.07029e+07
0.338753,403.458,9.0206e-07,2.12349e+07
0.339752,409.612,9.43908e-07,2.15916e+07
0.340754,418.43,9.08136e-07,2.21871e+07
0.341756,427.698,8.85558e-07,2.25518e+07
0.342759,438.186,8.49326e-07,2.31634e+07
0.343763,446.942,9.12742e-07,2.34431e+07
0.344763,458.214,8.91692e-07,2.34711e+07
0.345767,468.96,9.06696e-07,2.37769e+07
0.346767,477.83,9.34668e-07,2.42271e+07
0.34777,486.69,9.31476e-07,2.49953e+07
0.348771,495.738,9.37474e-07,2.5269e+07
0.349772,505.49,9.04449e-07,2.57871e+07
0.350775,515.736,9.16673e-07,2.61561e+07
0.351777,525.858,8.60741e-07,2.67215e+07
0.352781,536.402,8.96074e-07,2.70405e+07
0.35378,547.502,9.63255e-07,2.73794e+07
0.354784,558.83,8.95584e-07,2.76224e+07
0.355785,568.78,8.45893e-07,2.80781e+07
0.356792,578.866,8.4935e-07,2.85782e+07
0.357793,591.104,9.48631e-07,2.85504e+07
0.358791,604.56,9.07101e-07,2.88006e+07
0.359792,616.176,9.17351e-07,2.88777e+07
0.360797,628.802,9.01875e-07,2.91334e+07
0.361796,640.412,9.16782e-07,2.9357e+07
0.362802,652.388,9.06654e-07,2.92572e+07
0.363796,664.782,9.27991e-07,2.95724e+07
0.364801,676.802,8.65208e-07,2.99446e+07
0.365806,689.458,8.4437e-07,3.03207e+07
0.366809,700.852,9.08254e-07,3.01897e+07
0.367809,714.278,9.95175e-07,2.98777e+07
0.368807,727.732,8.73461e-07,2.99485e+07
0.369816,741.32,8.6319e-07,2.99917e+07
0.370816,753.692,9.12867e-07,3.00898e+07
0.371818,769.472,9.33589e-07,2.99659e+07
0.372818,783.474,8.51277e-07,2.99359e+07
0.373824,799.794,8.602e-07,2.98122e+07
0.374829,814.254,9.22218e-07,2.98403e+07
0.375825,828.074,9.70376e-07,2.96695e+07
0.376825,842.188,9.4884e-07,2.9436e+07
0.377828,857.9,8.80911e-07,2.98409e+07
0.378832,871.47,8.60336e-07,3.00993e+07
0.379835,886.64,8.57303e-07,2.93578e+07
0.380839,901.978,9.21643e-07,2.91154e+07
0.381834,914.896,9.48119e-07,2.94423e+07
0.38284,930.166,8.80904e-07,2.92936e+07
0.383843,943.998,8.89022e-07,2.90895e+07
0.384843,958.416,9.25296e-07,2.86971e+07
0.385845,972.056,9.5102e-07,2.88937e+07
0.386846,988.558,9.13902e-07,2.84012e+07
0.387848,1004.98,9.0464e-07,2.70789e+07
0.38885,1019.92,8.54435e-07,2.67462e+07
0.389856,1036.61,8.23213e-07,2.61619e+07
0.390857,1050.22,8.67395e-07,2.62074e+07
0.391862,1065.61,9.60761e-07,2.54902e+07
0.392858,1078.55,9.57518e-07,2.52789e+07
0.393862,1093.26,8.75238e-07,2.50482e+07
0.394863,1107.52,9.38618e-07,2.45376e+07
0.395864,1124.9,9.33359e-07,2.33995e+07
0.396867,1140.58,9.42348e-07,2.29163e+07
0.397867,1155.41,8.94105e-07,2.25944e+07
0.398871,1174.33,9.22422e-07,2.09369e+07
0.39988,1188.88,8.56009e-07,2.06322e+07
0.400877,1202.6,8.9135e-07,2.05521e+07
0.401882,1216.64,9.22144e-07,2.02737e+07
0.402879,1232.55,9.25627e-07,1.94498e+07
0.40388,1250.11,9.31663e-07,1.90283e+07
0.404882,1265.53,9.12507e-07,1.76404e+07
0.405885,1282.21,8.57952e-07,1.68212e+07
0.406889,1298.18,9.01666e-07,1.5975e+07
0.407893,1313.25,9.15556e-07,1.57382e+07
0.40889,1328.01,9.17373e-07,1.5868e+07
0.409893,1342.1,8.59652e-07,1.55702e+07
0.410897,1356.08,9.04494e-07,1.53438e+07
0.411895,1371.87,9.64134e-07,1.50765e+07
0.412896,1386.57,8.94687e-07,1.48661e+07
0.413901,1400.73,8.64293e-07,1.45783e+07
0.414906,1414.23,9.21671e-07,1.42285e+07
0.415906,1429.19,9.79492e-07,1.37738e+07
0.416904,1443.13,9.27341e-07,1.38589e+07
0.41791,1458.48,8.46265e-07,1.37209e+07
0.418912,1473.82,8.93817e-07,1.36751e+07
0.419917,1487.52,8.88147e-07,1.34791e+07
0.420918,1503.09,9.23337e-07,1.31446e+07
0.421917,1518.02,9.68305e-07,1.26506e+07
0.422919,1532.63,9.47616e-07,1.2422e+07
0.42392,1545.91,8.71287e-07,1.22985e+07
0.424922,1561.99,8.27843e-07,1.17931e+07
0.425926,1575.97,8.879e-07,1.16741e+07
0.42693,1590.2,9.11205e-07,1.12899e+07
0.42793,1604.79,9.27663e-07,1.09793e+07
0.428931,1619.01,8.87834e-07,1.08889e+07
0.429932,1632.09,9.39191e-07,1.07194e+07
0.430935,1646.12,9.51851e-07,1.05524e+07
0.431936,1660.66,8.70974e-07,1.04309e+07
0.432939,1673.65,8.67923e-07,1.03026e+07
0.433945,1688.3,9.02286e-07,9.79899e+06
0.434943,1703.4,9.43851e-07,9.53383e+06
0.435944,1716.31,8.86987e-07,9.38394e+06
0.43695,1730.58,8.38962e-07,9.22617e+06
0.43795,1744.44,9.03989e-07,9.16372e+06
0.438953,1756.95,9.65701e-07,9.0817e+06
0.439951,1770.05,9.40288e-07,8.92274e+06
0.440953,1785.2,8.8313e-07,8.74346e+06
0.441957,1799.19,9.1594e-07,8.54261e+06
0.442957,1814.2,9.16687e-07,8.27027e+06
0.443965,1829.19,9.11466e-07,8.08206e+06
0.444965,1842.74,8.87248e-07,7.96643e+06
0.445968,1857.94,9.16618e-07,7.83502e+06
0.446967,1872.12,9.12346e-07,7.81009e+06
0.44797,1885.43,9.11049e-07,7.62254e+06
0.44897,1899.39,8.80432e-07,7.54672e+06
0.449974,1913.71,9.05711e-07,7.24533e+06
0.450977,1927.27,9.01628e-07,7.02261e+06
0.45198,1942.35,9.02579e-07,6.921e+06
0.452981,1956.19,9.23427e-07,6.85411e+06
0.45398,1970.11,9.35364e-07,6.63982e+06
0.454983,1983.14,9.12975e-07,6.56202e+06
0.455984,1996.89,9.37963e-07,6.4645e+06
0.456986,2010.6,8.97648e-07,6.30004e+06
0.457991,2024.66,8.82279e-07,6.29584e+06
0.458991,2037.77,9.02678e-07,6.14484e+06
0.459994,2050.51,9.28203e-07,5.88449e+06
0.460994,2064.48,8.69041e-07,5.78635e+06
0.461998,2079.41,9.09787e-07,5.65107e+06
0.462998,2092.6,9.60151e-07,5.59659e+06
0.464001,2104.89,8.90744e-07,5.54105e+06
0.465005,2117.89,8.89167e-07,5.43116e+06
0.466005,2131.17,9.49508e-07,5.30857e+06
0.467008,2144.39,9.04326e-07,5.26743e+06
0.468007,2157.26,8.59738e-07,5.19535e+06
0.469014,2170.35,8.53507e-07,5.13091e+06
0.470015,2182.76,9.30475e-07,5.08057e+06
0.471015,2195.64,9.33473e-07,4.98213e+06
0.472017,2208.36,9.21669e-07,4.83694e+06
0.47302,2221.68,8.73523e-07,4.70103e+06
0.474023,2234.09,8.98005e-07,4.67426e+06
0.475026,2246.41,9.40293e-07,4.56986e+06
0.476024,2259.01,9.37256e-07,4.51215e+06
0.477025,2271.58,8.36665e-07,4.37852e+06
0.478034,2284.7,8.40855e-07,4.24881e+06
0.479035,2297.28,9.18733e-07,4.10297e+06
0.480035,2309.92,9.65155e-07,4.03712e+06
0.481032,2322.14,8.68914e-07,3.97046e+06
0.482041,2334.98,8.41088e-07,3.92006e+06
0.483042,2347.63,9.22769e-07,3.86851e+06
0.484042,2359.02,9.70805e-07,3.93051e+06
0.485041,2370.63,9.03136e-07,3.91812e+06
0.486047,2382.95,8.80114e-07,3.85382e+06
0.487047,2395.2,8.94849e-07,3.67268e+06
0.48805,2407.73,8.91589e-07,3.52998e+06
0.489053,2419.75,8.98939e-07,3.511e+06
0.490055,2431.5,9.06827e-07,3.44984e+06
0.491057,2442.7,9.60262e-07,3.36982e+06
0.492054,2454.26,9.30132e-07,3.33258e+06
0.49306,2465.16,8.84046e-07,3.25839e+06
0.494064,2477.02,8.61352e-07,3.21965e+06
0.495064,2488.12,9.17741e-07,3.21367e+06
0.496064,2499.55,9.23946e-07,3.12093e+06
0.49707,2510.54,8.83835e-07,3.08679e+06
0.498064,2521.61,9.83949e-07,3.08589e+06
0.499077,2533.05,7.3521e-07,3.05498e+06
0.500074,2543.99,1.35132e-06,2.97672e+06
0.50107,2554.64,7.45761e-07,2.94334e+06
0.502083,2565.81,9.74806e-07,2.93832e+06
0.503077,2577.35,8.8472e-07,2.8988e+06
0.504083,2587.98,9.2477e-07,2.88e+06
0.505083,2599.2,9.17338e-07,2.81151e+06
0.506084,2610,8.60259e-07,2.75974e+06
0.507087,2621.25,8.82716e-07,2.75278e+06
0.508093,2632.16,9.28296e-07,2.73245e+06
0.50909,2642.69,9.60917e-07,2.6761e+06
0.510092,2653.94,9.10768e-07,2.58353e+06
0.511094,2664.77,9.00134e-07,2.59489e+06
0.512098,2675.69,8.97203e-07,2.52758e+06
0.5131,2685.43,8.95902e-07,2.51406e+06
0.5141,2695.86,8.75595e-07,2.43301e+06
0.515107,2705.77,9.01504e-07,2.38535e+06
0.516105,2716.41,9.69807e-07,2.30019e+06
0.517106,2726.67,9.20445e-07,2.25771e+06
0.518106,2736.76,8.41517e-07,2.21541e+06
0.519115,2746.95,8.70403e-07,2.1953e+06
0.520113,2757.13,9.65168e-07,2.17102e+06
0.521112,2766.99,9.18333e-07,2.14482e+06
0.522114,2776.91,8.41754e-07,2.12321e+06
0.523122,2786.88,8.38217e-07,2.05338e+06
0.524123,2796.81,9.38951e-07,2.02685e+06
0.525122,2807.25,9.38423e-07,1.96067e+06
0.526124,2816.15,8.97765e-07,1.90359e+06
0.527128,2826.07,8.76074e-07,1.84866e+06
0.52813,2835.39,9.1887e-07,1.8381e+06
0.529133,2845.36,9.35717e-07,1.77566e+06
0.530133,2855.39,9.34099e-07,1.74232e+06
0.531133,2865.01,8.52243e-07,1.70359e+06
0.532141,2874.55,8.60952e-07,1.67336e+06
0.53314,2884.09,9.0583e-07,1.63797e+06
0.534143,2893.29,9.4265e-07,1.59135e+06
0.535143,2902.78,8.88899e-07,1.57908e+06
0.536147,2911.89,8.95937e-07,1.53844e+06
0.537149,2920.92,9.63522e-07,1.50216e+06
0.538149,2930.04,9.10645e-07,1.48992e+06
0.539153,2939.04,8.7259e-07,1.43202e+06
0.540153,2947.42,9.32925e-07,1.41194e+06
0.541156,2956,9.02918e-07,1.4057e+06
0.542156,2964.87,8.81622e-07,1.37275e+06
0.543161,2973.73,8.96347e-07,1.35565e+06
0.544164,2982.56,9.35285e-07,1.35836e+06
0.545165,2991.19,9.12606e-07,1.33154e+06
0.546167,2999.39,9.37478e-07,1.32126e+06
0.547167,3008.17,9.26268e-07,1.30507e+06
0.548168,3017.12,9.04718e-07,1.25665e+06
0.54917,3025.34,9.02534e-07,1.25276e+06
0.550174,3034.45,9.0361e-07,1.22652e+06
0.551178,3042.53,8.77277e-07,1.20352e+06
0.552178,3051.18,9.11152e-07,1.17168e+06
0.553181,3059.39,9.12964e-07,1.16407e+06
0.55418,3067.43,9.14126e-07,1.14737e+06
0.555182,3075.81,8.87711e-07,1.13858e+06
0.556183,3083.51,9.06303e-07,1.11221e+06
0.557191,3091.31,9.14816e-07,1.10025e+06
0.55819,3098.71,9.12645e-07,1.07928e+06
0.559194,3106.42,8.82355e-07,1.06026e+06
0.560196,3114.61,9.3908e-07,1.05654e+06
0.561194,3122.53,9.64278e-07,1.04555e+06
0.562197,3130.84,9.07351e-07,1.01726e+06
0.563198,3138.9,8.4116e-07,1.00117e+06
0.564203,3146.88,8.91198e-07,999859
0.565204,3154.9,9.44516e-07,971065
0.566202,3162.7,9.00411e-07,968340
0.567208,3170.37,8.67166e-07,963521
0.568212,3177.97,8.71685e-07,954867
0.569213,3185.38,9.51138e-07,938187
0.570215,3192.75,9.38283e-07,908537
0.571217,3200.44,8.85009e-07,891447
0.572218,3207.8,9.2775e-07,888404
0.573217,3215.03,9.14097e-07,867278
0.574221,3222.03,8.8889e-07,859480
0.575225,3229.57,8.24585e-07,851303
0.576228,3236.39,8.69825e-07,833185
0.577229,3243.9,9.49234e-07,822860
0.578231,3251.01,9.67759e-07,805507
0.57923,3258.42,9.25141e-07,796183
0.580231,3265.39,8.91047e-07,784465
0.581236,3271.94,8.92198e-07,751172
0.582238,3278.92,8.44686e-07,748792
0.583244,3285.68,9.26112e-07,739262
0.584241,3292.45,9.79612e-07,720836
0.585242,3299.14,9.16608e-07,730770
0.586247,3305.87,8.63346e-07,721538
0.587251,3312.78,8.98421e-07,714998
0.588253,3319.73,9.63941e-07,715450
0.589251,3326.29,9.02609e-07,712887
0.590254,3332.51,8.61155e-07,699399
0.591258,3338.93,9.19687e-07,693041
0.592255,3345.04,9.14895e-07,675388
0.593258,3351.47,9.00558e-07,672192
0.594263,3357.67,8.59919e-07,659208
0.595265,3364.14,9.1097e-07,652576
0.596268,3370.35,9.33064e-07,650163
0.597269,3376.57,9.26636e-07,641802
0.598266,3382.71,9.19122e-07,637452
0.59927,3388.84,8.93378e-07,625246
0.600267,3394.84,8.56039e-07,612261
0.601276,3401.18,9.23916e-07,603673
0.60228,3407.34,8.88605e-07,588594
0.603281,3413.22,9.38573e-07,574850
0.604283,3419.13,9.35793e-07,570344
0.605285,3424.87,9.35619e-07,583079
0.606285,3430.75,8.77644e-07,572504
0.60729,3436.81,9.641e-07,568574
0.608286,3442.08,9.64133e-07,547036
0.609291,3447.64,8.71949e-07,534797
0.610291,3453.34,8.28019e-07,529996
0.611298,3459.19,8.56095e-07,526970
0.612299,3464.46,9.00136e-07,530374
0.613302,3469.57,9.12979e-07,517253
0.614302,3474.58,9.52633e-07,507969
0.615305,3480.08,9.18499e-07,500621
0.616305,3485.51,8.90664e-07,501173
0.617308,3491.06,8.85573e-07,499904
0.618314,3496.27,9.52869e-07,495694
0.619309,3501.45,9.22685e-07,499802
0.620313,3506.54,8.59657e-07,489134
0.621315,3511.82,8.63154e-07,488140
0.622319,3516.71,8.81372e-07,481678
0.623322,3521.8,9.50078e-07,473179
0.624323,3527.03,9.7184e-07,466929
0.625318,3531.74,9.28232e-07,464333
0.626324,3536.73,8.62535e-07,457565
0.62733,3541.74,8.51172e-07,441797
0.628329,3546.32,9.34704e-07,443496
0.629332,3550.94,9.13672e-07,438414
0.630331,3555.62,8.5959e-07,439201
0.631341,3560.29,8.74718e-07,435908
0.632339,3565.21,9.97559e-07,422654
0.633338,3569.59,9.07293e-07,424251
0.634341,3574.3,8.44041e-07,415631
0.635346,3578.96,8.67861e-07,411642
0.636352,3583.2,9.25779e-07,404663
0.637346,3587.61,9.05033e-07,406323
0.638351,3591.92,9.21768e-07,398110
0.639351,3596.46,9.01828e-07,383686
0.640355,3600.79,9.1707e-07,381256
0.641357,3605.14,9.0895e-07,384277
0.642355,3609.36,9.51216e-07,372161
0.643355,3613.56,8.46893e-07,370277
0.644362,3617.91,8.45613e-07,359337
0.645363,3622,8.97608e-07,347508
0.646368,3626.14,9.63072e-07,340571
0.647367,3630.29,8.92901e-07,331473
0.648371,3634.22,8.6165e-07,330229
0.649372,3638.28,9.17335e-07,331404
0.650375,3642.29,9.00415e-07,327031
0.651377,3646.48,9.35069e-07,317811
0.652377,3650.21,9.35074e-07,309712
0.653381,3654.1,9.32896e-07,297465
0.654381,3658.22,9.1133e-07,292075
0.655384,3662.12,8.9757e-07,286348
0.656384,3665.9,9.1316e-07,284088
0.657388,3670.01,8.46967e-07,282101
0.658392,3673.76,8.87878e-07,277661
0.659393,3677.24,9.07529e-07,278716
0.660396,3680.68,9.44583e-07,273412
0.661395,3684.36,9.03604e-07,269491
0.662398,3687.94,8.73165e-07,273599
0.663402,3691.33,8.70465e-07,272509
0.664401,3694.92,9.15804e-07,270018
0.665401,3698.42,9.31415e-07,265558
0.666422,3701.81,8.19782e-07,262632
0.667404,3705.21,8.6771e-07,256190
0.668405,3708.51,9.15128e-07,255295
0.669413,3711.81,8.45288e-07,253184
0.670416,3715.07,8.51932e-07,246652
0.67142,3718.53,9.33742e-07,243560
0.672418,3721.84,9.83616e-07,239242
0.673419,3725.11,8.92e-07,232962
0.674422,3728.14,8.75217e-07,232464
0.675425,3731.48,9.41486e-07,230739
0.676425,3734.66,9.12066e-07,231986
0.677427,3737.69,8.52155e-07,230411
0.678435,3740.62,8.77058e-07,225558
0.679431,3743.61,9.13303e-07,222413
0.680435,3746.74,8.503e-07,216863
0.68144,3749.54,8.47192e-07,215314
0.68244,3752.51,9.34538e-07,211705
0.683441,3755.48,9.81603e-07,207499
0.684438,3758.43,9.1555e-07,201281
0.685444,3761.13,8.80769e-07,199344
0.686445,3764.11,8.92744e-07,196479
0.687449,3766.9,9.17911e-07,193084
0.688445,3769.62,8.55368e-07,189708
0.689454,3772.45,7.91094e-07,186438
0.69046,3775.48,8.70006e-07,179531
0.691459,3778.19,9.65447e-07,178048
0.692455,3780.8,9.66142e-07,177224
0.693456,3783.61,9.18603e-07,177879
0.69446,3786.42,8.53314e-07,170954
0.695466,3788.97,8.27682e-07,170017
0.696469,3791.64,9.15096e-07,158885
0.697469,3794.41,9.74045e-07,159591
0.698468,3796.82,9.36513e-07,158453
0.699471,3799.49,8.58867e-07,152265
0.700477,3801.96,8.58128e-07,152696
0.701478,3804.33,9.4842e-07,149231
0.702476,3806.71,9.56063e-07,147556
0.703479,3809.2,8.86943e-07,146865
0.70448,3811.71,8.49613e-07,144317
0.705486,3814.03,8.85913e-07,144722
0.706487,3816.37,9.09723e-07,146379
0.707489,3818.79,9.11743e-07,145830
0.708489,3820.96,8.75434e-07,142688
0.709497,3823.25,8.73037e-07,142474
0.710498,3825.63,9.90425e-07,143169
0.711494,3827.9,1.0157e-06,143583
0.712493,3830.2,8.43121e-07,141977
0.713503,3832.53,8.07138e-07,141356
0.7145,3834.71,8.91128e-07,140498
0.715504,3836.87,9.61277e-07,140593
0.716504,3838.96,8.79926e-07,140158
0.717509,3841.1,8.77856e-07,137913
0.718513,3843.34,8.74106e-07,135224
0.719513,3845.55,9.47424e-07,135446
0.720513,3847.59,8.80028e-07,136499
0.721516,3849.6,8.65024e-07,133732
0.722521,3851.47,9.16939e-07,130607
0.72352,3853.4,9.524e-07,129398
0.72452,3855.35,8.69319e-07,127173
0.725528,3857.18,8.61428e-07,124587
0.72653,3859.19,9.19801e-07,122344
0.727526,3861.02,9.3273e-07,120737
0.728529,3862.79,8.9759e-07,119042
0.729533,3864.79,8.82071e-07,117644
0.730534,3866.58,9.12853e-07,116016
0.731536,3868.44,9.55157e-07,113697
0.732535,3870.38,8.85965e-07,108910
0.733538,3872.34,8.31464e-07,106388
0.734544,3874.13,8.37592e-07,106188
0.735545,3875.95,9.55611e-07,104648
0.736546,3877.71,9.432e-07,102741
0.737547,3879.25,8.53168e-07,102754
0.738551,3880.93,8.27531e-07,100915
0.739559,3882.53,9.10294e-07,98744.5
0.740552,3884.11,9.44966e-07,97067
0.741557,3885.78,8.9701e-07,94272.4
0.742558,3887.51,8.84351e-07,93631
0.743562,3889.06,9.5736e-07,93580
0.74456,3890.54,9.72447e-07,92590
0.745564,3892.1,9.00501e-07,90665
0.746564,3893.7,8.20051e-07,89841.4
0.747569,3895.11,8.70114e-07,90301.4
0.748573,3896.58,9.1496e-07,88335.5
0.749576,3898.1,8.92599e-07,86764.6
0.750571,3899.44,8.83506e-07,86139.4
0.751576,3900.99,9.08813e-07,82400
0.752579,3902.48,9.02015e-07,79796.8
0.753579,3904.06,8.86648e-07,78046.4
0.754583,3905.45,9.13402e-07,76051.9
0.755585,3906.86,8.75063e-07,73608.9
0.756589,3908.36,8.80349e-07,71449.8
0.757592,3909.67,9.27333e-07,70135.2
0.758589,3911.04,9.36895e-07,69551.2
0.759594,3912.37,8.76006e-07,67676.8
0.760594,3913.76,8.69716e-07,65624.2
0.761601,3915.06,9.06936e-07,65281.1
0.762599,3916.18,9.63692e-07,64460.5
0.763596,3917.38,8.84251e-07,62515.8
0.764602,3918.66,8.26335e-07,62476.2
0.765608,3919.89,8.24957e-07,62085.4
0.766611,3921.14,9.28539e-07,61421.6
0.767608,3922.39,9.78051e-07,62016.7
0.76861,3923.61,9.40775e-07,59591.4
0.769612,3924.88,8.97471e-07,59121.6
0.770616,3926.14,8.67529e-07,58180.2
0.771619,3927.29,8.66587e-07,57602.5
0.77262,3928.51,9.0001e-07,56964.9
0.773623,3929.67,9.12574e-07,55195.2
0.774623,3930.78,9.27313e-07,55344.4
0.775625,3931.96,9.32653e-07,54348.3
0.776625,3933.03,8.97827e-07,52996.6
0.77763,3934.06,8.42271e-07,52636
0.778634,3935.09,8.69506e-07,51404.1
0.779636,3936.2,9.41425e-07,49624.8
0.780632,3937.23,9.71163e-07,48707.5
0.781632,3938.17,8.45403e-07,48023.2
0.782641,3939.22,8.2862e-07,47533.8
0.783643,3940.17,8.88969e-07,47351.2
0.784643,3941.12,1.00162e-06,46052.8
0.785644,3942.09,9.40247e-07,45330.6
0.786642,3943,8.62137e-07,43283
0.78765,3944.03,8.17217e-07,41956.4
0.788654,3945,8.94515e-07,40723
0.78965,3945.85,9.76962e-07,40035
0.790652,3946.85,9.39088e-07,39293.7
0.791658,3947.74,8.65055e-07,38084.7
0.79266,3948.59,9.00392e-07,38069.3
0.793664,3949.35,9.99162e-07,37410.3
0.794659,3950.19,9.15922e-07,36801.6
0.795663,3951.09,8.17816e-07,36516.1
0.79667,3951.93,8.50107e-07,35874.5
0.797672,3952.72,9.6434e-07,34813.2
0.798669,3953.55,9.4474e-07,34281.6
0.799674,3954.41,8.69542e-07,33459
0.800679,3955.19,9.02215e-07,32241.6
0.801676,3955.97,8.91161e-07,31902.4
0.802681,3956.69,8.63418e-07,31978.6
0.803683,3957.48,9.37136e-07,31028.8
0.804682,3958.14,9.30549e-07,30454.2
0.805684,3958.9,8.73559e-07,29749
0.806689,3959.66,8.79724e-07,28927.9
0.80769,3960.41,9.25516e-07,27768.8
0.808692,3961.12,9.08711e-07,27006.8
0.809691,3961.72,9.11739e-07,26629.7
0.810693,3962.44,8.84382e-07,25585.3
0.811699,3963.1,8.82329e-07,24796.6
0.812699,3963.83,9.08628e-07,23985.2
0.813703,3964.54,9.34293e-07,23258.2
0.814702,3965.22,9.15266e-07,22895.8
0.815707,3965.93,8.71242e-07,22133.4
0.816707,3966.58,9.09802e-07,22369.6
0.81771,3967.19,9.23219e-07,21799
0.818707,3967.77,9.14029e-07,21743.1
0.819712,3968.38,8.891e-07,20900.3
0.820715,3968.96,8.67724e-07,20711.4
0.821717,3969.54,8.6358e-07,19864.3
0.822719,3970.12,9.29086e-07,19473.3
0.823718,3970.69,9.46207e-07,19473.3
0.824721,3971.3,8.92693e-07,19338.2
0.825725,3971.89,8.48188e-07,18867
0.826729,3972.47,8.95669e-07,18502.6
0.82773,3973.02,9.42308e-07,18525.9
0.828731,3973.5,9.09005e-07,18293
0.829732,3973.99,9.04278e-07,17800.9
0.830732,3974.57,8.96947e-07,17238.4
0.831739,3975.08,8.65975e-07,16902.5
0.83274,3975.58,9.11376e-07,16647.8
0.83374,3976.03,9.57834e-07,16412.4
0.834742,3976.51,9.2699e-07,15915
0.835746,3977.02,8.89639e-07,15423.7
0.836745,3977.48,9.05267e-07,15318.8
0.837749,3977.98,9.38871e-07,15202.8
0.83875,3978.39,8.89647e-07,15114.7
0.839755,3978.8,8.84828e-07,14945.4
0.840755,3979.34,8.86483e-07,14410.2
0.841757,3979.88,9.41689e-07,14147.3
0.84276,3980.31,9.16491e-07,13557.3
0.84376,3980.76,9.08911e-07,12894.2
0.844764,3981.17,8.5371e-07,12573.2
0.845767,3981.65,8.92333e-07,12020.3
0.846766,3982.02,9.32676e-07,11711.7
0.84777,3982.45,9.44595e-07,11183.8
0.848769,3982.83,9.3814e-07,11085.9
0.849771,3983.19,8.41124e-07,10977.7
0.850778,3983.55,8.82914e-07,10903.7
0.851776,3983.95,9.08502e-07,10548.6
0.85278,3984.24,8.73446e-07,10496.2
0.853784,3984.6,8.96727e-07,9997.59
0.854786,3984.99,9.53258e-07,9940.9
0.855782,3985.39,9.46347e-07,9640.73
0.856785,3985.73,8.38189e-07,9533.01
0.857792,3986.03,9.24799e-07,9022.42
0.858791,3986.39,9.10562e-07,8825.17
0.859791,3986.71,8.91268e-07,8285.37
0.860796,3987.02,8.75312e-07,8269.71
0.861796,3987.35,9.42303e-07,8130.34
0.862801,3987.71,8.89525e-07,8109.78
0.863801,3987.99,8.94073e-07,7972.98
0.864805,3988.3,9.30171e-07,7707.79
0.865803,3988.59,9.4977e-07,7486.77
0.866803,3988.87,8.39284e-07,7350.55
0.867811,3989.16,8.72355e-07,7261.88
0.868812,3989.46,8.86476e-07,7280.28
0.869816,3989.76,9.34983e-07,7112.68
0.870814,3990.02,9.23605e-07,6983.71
0.871816,3990.3,8.77344e-07,6805
0.872819,3990.54,8.3633e-07,6642.28
0.873824,3990.78,8.90878e-07,6490.36
0.874826,3991.05,9.77775e-07,6052.85
0.875823,3991.26,9.26868e-07,5955.72
0.876827,3991.5,8.83849e-07,5909
0.877829,3991.71,9.18227e-07,5794.53
0.878834,3991.95,9.27829e-07,5662.85
0.879832,3992.15,8.79897e-07,5569.05
0.880836,3992.37,8.83252e-07,5472.29
0.881835,3992.59,8.50565e-07,5256.77
0.882843,3992.79,8.33667e-07,5110.1
0.883844,3992.95,9.69883e-07,4942.85
0.884841,3993.16,9.76639e-07,4758.55
0.885843,3993.36,8.75463e-07,4595.48
0.88685,3993.53,8.54494e-07,4558.66
0.887852,3993.73,9.26757e-07,4359.62
0.888854,3993.94,9.33564e-07,4258.2
0.889852,3994.11,8.76365e-07,4057.73
0.890854,3994.28,8.53658e-07,3974.8
0.89186,3994.48,9.21915e-07,3742.87
0.892858,3994.68,9.32416e-07,3533.51
0.893863,3994.84,8.46672e-07,3412.52
0.894861,3995.04,9.21756e-07,3279.03
0.895867,3995.23,9.48336e-07,3067.09
0.896868,3995.4,9.6559e-07,2891.59
0.897866,3995.53,8.51919e-07,2838.49
0.898874,3995.68,8.74743e-07,2797.51
0.899874,3995.85,8.99807e-07,2609.14
0.900875,3995.97,9.3418e-07,2524.42
0.901878,3996.1,8.99694e-07,2384.59
0.902879,3996.24,8.57172e-07,2270.23
0.903883,3996.36,9.2615e-07,2187.75
0.904882,3996.48,9.27065e-07,2126.8
0.905886,3996.61,8.87636e-07,2022.95
0.906889,3996.74,9.12725e-07,1991.72
0.90789,3996.86,9.20557e-07,1888.75
0.90889,3997.01,8.96712e-07,1775.93
0.909893,3997.13,8.82676e-07,1755.29
0.910895,3997.25,9.13142e-07,1680.25
0.911896,3997.35,9.40398e-07,1637.75
0.912899,3997.44,8.71719e-07,1557.43
0.913901,3997.56,8.90939e-07,1479.2
0.914902,3997.63,9.11929e-07,1436.02
0.915907,3997.7,9.30532e-07,1369.4
0.916905,3997.76,9.35274e-07,1356.23
0.917908,3997.83,8.3909e-07,1297.22
0.918914,3997.93,8.61398e-07,1262.55
0.919916,3998.02,9.35734e-07,1191.87
0.920916,3998.11,9.64656e-07,1126.95
0.921916,3998.18,8.8619e-07,1072.51
0.922919,3998.26,8.68487e-07,1010.2
0.923923,3998.3,8.82602e-07,975.792
0.924925,3998.38,9.05879e-07,921.558
0.925924,3998.43,9.33317e-07,906.262
0.926925,3998.49,8.73823e-07,866.928
0.927929,3998.53,8.60677e-07,836.422
0.928933,3998.62,9.15728e-07,802.272
0.929933,3998.7,9.51432e-07,746.192
0.930935,3998.76,9.42647e-07,711.2
0.931937,3998.8,9.18597e-07,694
0.932935,3998.86,8.76985e-07,647.632
0.933944,3998.89,8.32183e-07,624.168
0.934948,3998.95,9.55168e-07,587.942
0.935942,3999.01,9.53072e-07,552.982
0.936946,3999.04,8.32428e-07,523.032
0.937951,3999.09,8.32402e-07,501.302
0.938954,3999.12,9.20913e-07,484.038
0.939953,3999.18,9.45906e-07,453.8
0.940954,3999.23,9.27657e-07,428.55
0.941958,3999.25,9.32292e-07,422.742
0.942957,3999.29,8.88005e-07,401.782
0.943963,3999.33,8.94785e-07,398.208
0.944963,3999.36,8.93819e-07,379.2
0.945968,3999.39,9.0887e-07,361.382
0.946969,3999.43,9.1007e-07,340.408
0.947971,3999.45,9.34673e-07,337.648
0.948969,3999.49,8.87221e-07,296.928
0.949974,3999.52,8.87018e-07,278.758
0.950977,3999.58,9.04449e-07,244.112
0.951978,3999.6,9.26075e-07,233.798
0.952979,3999.64,9.00482e-07,220.918
0.953981,3999.67,8.92584e-07,200.888
0.954985,3999.69,9.06218e-07,176.182
0.955987,3999.71,9.65646e-07,168.102
0.956985,3999.73,9.51871e-07,154.088
0.95799,3999.77,9.11548e-07,134.008
0.958989,3999.78,8.79068e-07,117.238
0.959995,3999.81,9.31359e-07,104.182
0.960995,3999.82,9.10825e-07,100.438
0.961996,3999.83,8.65981e-07,91.222
0.963,3999.84,8.71192e-07,89.878
0.964004,3999.85,8.87099e-07,75.048
0.965003,3999.86,9.46043e-07,67.478
0.966004,3999.88,9.08932e-07,59.558
0.967009,3999.89,8.8142e-07,55.728
0.96801,3999.89,9.49268e-07,54.168
0.969012,3999.9,9.20393e-07,49
0.970011,3999.91,8.92062e-07,45.768
0.971017,3999.91,8.70666e-07,44.128
0.972021,3999.92,9.01182e-07,39.958
0.973023,3999.93,9.13029e-07,38.262
0.974022,3999.93,9.13328e-07,35.688
0.975025,3999.94,9.05323e-07,29.318
0.976026,3999.94,8.92527e-07,29.318
0.977028,3999.95,8.85166e-07,24.848
0.978032,3999.95,9.26252e-07,23.942
0.979029,3999.96,9.12415e-07,20.278
0.980034,3999.97,8.56306e-07,13.608
0.981037,3999.98,8.58791e-07,9.8
0.982042,3999.98,9.72326e-07,8.838
0.983036,3999.99,9.68176e-07,6.902
0.984039,3999.99,8.93619e-07,5.928
0.985043,3999.99,8.82529e-07,3.968
0.986047,4000,9.09952e-07,1.992
0.987048,4000,8.97466e-07,1.992
0.988052,4000,8.95536e-07,1.992
0.989053,4000,9.31687e-07,1.992
0.990053,4000,9.08509e-07,1.992
0.991059,4000,9.3695e-07,1.992
0.992056,4000,9.26475e-07,0.998
0.993057,4000,8.43684e-07,0.998
0.994067,4000,8.03813e-07,0.998
0.99507,4000,1.07811e-06,0.998
0.996053,4000,1.11183e-06,0.998
0.997051,4000,3.41952e-07,0.998
0.998082,4000,1.53397e-07,0.998
0.999114,4000,6.61151e-08,0
1,4000,0,0
0.290319,161.174,1.05592,2.97927e+06
7.12268,-1,-1,-1
