0,1,0,0
0.00115025,2.088,4.82944e-07,60.128
0.00211579,2.256,9.38769e-07,209.232
0.00309927,2.426,1.2841e-06,380.262
0.00410352,2.634,1.60025e-06,570.022
0.00510694,2.844,1.48133e-06,863.832
0.00610676,3.048,1.47456e-06,1048.85
0.00710593,3.252,1.44729e-06,1262.25
0.00811359,3.464,1.62427e-06,1556.35
0.00911577,3.648,1.55277e-06,1938.05
0.0101169,3.822,1.49887e-06,2265.16
0.0111168,3.976,1.51561e-06,2527.71
0.0121186,4.14,1.524e-06,2778.2
0.0131198,4.28,1.57582e-06,3196.8
0.0141226,4.48,1.48265e-06,3700.8
0.015125,4.658,1.57689e-06,4196.52
0.0161318,4.848,1.59827e-06,4862.45
0.0171324,5.018,1.45811e-06,5418.84
0.018129,5.208,1.46904e-06,5952.37
0.0191316,5.394,1.61862e-06,6387.38
0.0201372,5.564,1.54881e-06,7042.95
0.0211349,5.73,1.54814e-06,7624.55
0.0221413,5.88,1.62504e-06,8224.8
0.0231425,6.04,1.58191e-06,8807.2
0.0241473,6.256,1.48056e-06,9389.23
0.0251431,6.45,1.49115e-06,10197.7
0.0261453,6.62,1.53459e-06,10893.8
0.0271513,6.778,1.56467e-06,11606.4
0.0281507,6.966,1.52881e-06,12316.4
0.0291538,7.174,1.60788e-06,13151.9
0.0301557,7.364,1.60053e-06,13989.8
0.0311594,7.532,1.60307e-06,14560.5
0.0321655,7.736,1.53801e-06,16077.2
0.0331655,7.924,1.49657e-06,16797.1
0.0341646,8.144,1.39266e-06,18755.6
0.0351622,8.346,1.49828e-06,19611.1
0.0361656,8.542,1.60815e-06,20462.1
0.0371717,8.696,1.6511e-06,21327.8
0.0381747,8.924,1.58866e-06,22769.1
0.0391747,9.134,1.50941e-06,23634
0.0401788,9.308,1.4977e-06,24666.6
0.0411744,9.494,1.39568e-06,25531
0.0421762,9.72,1.58425e-06,26832.8
0.0431812,9.954,1.66282e-06,28133.9
0.0441892,10.168,1.66437e-06,29317.9
0.0451919,10.392,1.5125e-06,31549.2
0.0461891,10.598,1.53308e-06,32286.2
0.0471882,10.868,1.48945e-06,33933.3
0.0481962,11.064,1.5747e-06,35038
0.0491934,11.308,1.5106e-06,36498.6
0.0501934,11.496,1.53546e-06,37705
0.0512005,11.74,1.51276e-06,39734.2
0.0522001,11.94,1.49223e-06,40968.2
0.0532015,12.158,1.48107e-06,42624.5
0.0542011,12.382,1.49955e-06,43698
0.055203,12.614,1.57131e-06,45066.5
0.0562096,12.848,1.53006e-06,46968.4
0.0572039,13.07,1.53283e-06,48100.5
0.0582118,13.258,1.64895e-06,49391.7
0.0592161,13.468,1.5437e-06,50762.5
0.0602153,13.72,1.49882e-06,52038.8
0.0612164,13.97,1.52019e-06,53696.5
0.0622189,14.22,1.61939e-06,55993.8
0.0632239,14.41,1.55873e-06,57562.9
0.0642257,14.634,1.50364e-06,60016
0.065223,14.854,1.50035e-06,61500.3
0.0662305,15.022,1.61818e-06,63034.8
0.0672321,15.26,1.66401e-06,65110.2
0.0682346,15.498,1.52599e-06,67415
0.0692324,15.8,1.61249e-06,70280
0.0702379,16.072,1.53048e-06,73717.4
0.071239,16.366,1.50036e-06,77092
0.0722413,16.6,1.55275e-06,80186
0.0732434,16.956,1.49394e-06,83923
0.0742431,17.254,1.52011e-06,86334.7
0.0752433,17.486,1.59376e-06,89174.9
0.0762509,17.758,1.54947e-06,92749.7
0.0772504,18.014,1.51752e-06,95516.9
0.0782512,18.294,1.51287e-06,98165.8
0.0792526,18.57,1.6143e-06,101973
0.080258,18.832,1.61294e-06,105252
0.0812655,19.096,1.44468e-06,108015
0.08226,19.446,1.33818e-06,112752
0.083255,19.698,1.39054e-06,114659
0.0842621,20.012,1.59615e-06,120232
0.0852648,20.242,1.60414e-06,123962
0.086269,20.572,1.66797e-06,126862
0.0872735,20.922,1.51341e-06,130042
0.0882757,21.282,1.50752e-06,135341
0.0892768,21.586,1.52366e-06,138681
0.0902791,21.98,1.4622e-06,143328
0.091276,22.274,1.4291e-06,146599
0.0922815,22.594,1.54711e-06,154461
0.093283,22.95,1.42761e-06,159652
0.0942791,23.228,1.40643e-06,163312
0.095281,23.522,1.72068e-06,167559
0.0962942,23.834,1.48387e-06,175063
0.0972893,24.15,1.42068e-06,178488
0.0982895,24.484,1.53578e-06,184061
0.0992964,24.768,1.57875e-06,188577
0.100296,25.038,1.55083e-06,192422
0.101297,25.524,1.62113e-06,205723
0.102304,25.936,1.54857e-06,217422
0.103301,26.368,1.46691e-06,222800
0.104306,26.72,1.6205e-06,228489
0.105307,27.02,1.57834e-06,233374
0.106308,27.334,1.50425e-06,237447
0.10731,27.714,1.49148e-06,241784
0.108311,28.142,1.50338e-06,248551
0.109313,28.626,1.58512e-06,258177
0.110317,29.002,1.53122e-06,262673
0.111324,29.46,1.48036e-06,274346
0.112321,29.868,1.54052e-06,285085
0.113326,30.234,1.56872e-06,292184
0.114324,30.702,1.46835e-06,304833
0.115324,31.094,1.54804e-06,309869
0.11633,31.602,1.55049e-06,327462
0.117331,31.936,1.60186e-06,333426
0.118334,32.32,1.55269e-06,342631
0.119336,32.792,1.44111e-06,351470
0.120335,33.17,1.45635e-06,362343
0.121338,33.734,1.60496e-06,378388
0.122342,34.242,1.54739e-06,388416
0.12334,34.72,1.55684e-06,403951
0.124346,35.25,1.62815e-06,423212
0.125351,35.71,1.68082e-06,433007
0.126351,36.258,1.43382e-06,452020
0.127348,36.684,1.49593e-06,461960
0.128351,37.24,1.56802e-06,469293
0.129354,37.634,1.56123e-06,476870
0.130356,38.202,1.48637e-06,497129
0.131355,38.706,1.56488e-06,505546
0.132365,39.254,1.60466e-06,516377
0.133358,39.932,1.5296e-06,537228
0.134367,40.266,1.558e-06,543516
0.13537,40.748,1.47931e-06,554524
0.13637,41.126,1.44145e-06,564215
0.13737,41.984,1.43879e-06,587594
0.138372,42.536,1.54773e-06,600362
0.139376,43.154,1.48567e-06,618407
0.140377,43.61,1.53313e-06,628005
0.141378,44.342,1.50123e-06,651037
0.142381,44.882,1.5137e-06,659876
0.143381,45.604,1.5585e-06,684532
0.144387,46.388,1.59425e-06,711889
0.145389,47.088,1.53047e-06,728490
0.14639,47.694,1.4808e-06,753784
0.147391,48.26,1.53929e-06,763706
0.148394,49.024,1.55782e-06,787204
0.149396,49.644,1.51951e-06,798159
0.150392,50.232,1.57779e-06,814875
0.151401,50.896,1.61401e-06,837103
0.152404,51.676,1.44555e-06,865758
0.1534,52.374,1.54933e-06,889853
0.154407,53.188,1.59329e-06,913550
0.155408,53.954,1.50138e-06,939900
0.15641,54.752,1.43318e-06,959837
0.157408,55.65,1.51212e-06,1.00605e+06
0.15841,56.602,1.59852e-06,1.02695e+06
0.159415,57.366,1.59809e-06,1.04434e+06
0.160415,58.252,1.49544e-06,1.08486e+06
0.161417,59.1,1.51429e-06,1.11686e+06
0.162422,59.896,1.56755e-06,1.16014e+06
0.163422,60.534,1.57336e-06,1.18326e+06
0.164427,61.296,1.53036e-06,1.20057e+06
0.165427,61.992,1.46639e-06,1.2174e+06
0.166424,62.734,1.50065e-06,1.24088e+06
0.16743,63.736,1.58875e-06,1.27679e+06
0.168437,64.578,1.55195e-06,1.31051e+06
0.16944,65.612,1.45597e-06,1.34338e+06
0.170435,66.964,1.4397e-06,1.4369e+06
0.171435,67.828,1.60643e-06,1.46364e+06
0.172441,68.69,1.62087e-06,1.50178e+06
0.173448,69.596,1.49754e-06,1.53584e+06
0.174447,70.404,1.42708e-06,1.57329e+06
0.175441,71.376,1.52177e-06,1.60645e+06
0.176449,72.548,1.63561e-06,1.65413e+06
0.17745,73.534,1.52532e-06,1.68276e+06
0.178453,74.612,1.55114e-06,1.72532e+06
0.179454,75.918,1.61801e-06,1.78048e+06
0.180459,76.756,1.62861e-06,1.81216e+06
0.181465,77.854,1.5643e-06,1.86819e+06
0.182462,78.822,1.51384e-06,1.91021e+06
0.183465,80.126,1.49533e-06,1.94627e+06
0.184466,81.128,1.54351e-06,1.98957e+06
0.18547,82.486,1.55288e-06,2.04623e+06
0.186469,83.534,1.467e-06,2.10238e+06
0.187467,84.796,1.53802e-06,2.18909e+06
0.188473,86.048,1.56049e-06,2.24664e+06
0.189471,87.464,1.54868e-06,2.31017e+06
0.190475,88.41,1.6567e-06,2.34465e+06
0.19148,89.474,1.63893e-06,2.39683e+06
0.192482,90.428,1.56759e-06,2.43192e+06
0.193484,91.68,1.58451e-06,2.47959e+06
0.194486,92.894,1.54094e-06,2.52117e+06
0.195487,94.02,1.50492e-06,2.56152e+06
0.196488,95.244,1.53666e-06,2.62059e+06
0.197489,96.804,1.67483e-06,2.72311e+06
0.198499,98.4,1.63281e-06,2.81017e+06
0.199497,99.78,1.54734e-06,2.88435e+06
0.200501,101.124,1.50599e-06,2.97663e+06
0.201497,102.376,1.48542e-06,3.03983e+06
0.202497,103.746,1.54831e-06,3.09981e+06
0.203502,105.146,1.5693e-06,3.14209e+06
0.204506,106.352,1.63275e-06,3.20266e+06
0.205507,107.744,1.50061e-06,3.26932e+06
0.206508,109.162,1.46711e-06,3.33919e+06
0.207505,110.65,1.57562e-06,3.4054e+06
0.208516,111.928,1.691e-06,3.4838e+06
0.209517,113.286,1.50656e-06,3.55164e+06
0.210517,114.496,1.51466e-06,3.60051e+06
0.211519,116.27,1.47813e-06,3.74067e+06
0.212518,117.724,1.57402e-06,3.77822e+06
0.213525,119.724,1.57593e-06,3.85071e+06
0.214527,121.06,1.52215e-06,3.93592e+06
0.215527,122.292,1.42374e-06,3.99038e+06
0.216527,123.652,1.43291e-06,4.07502e+06
0.217532,125.384,1.50606e-06,4.18746e+06
0.218531,127.222,1.57209e-06,4.27892e+06
0.219536,128.344,1.49208e-06,4.34741e+06
0.220537,129.618,1.62161e-06,4.41576e+06
0.221538,131.936,1.49996e-06,4.58679e+06
0.222541,134.226,1.49137e-06,4.695e+06
0.223543,136,1.6227e-06,4.78789e+06
0.22455,138.162,1.51898e-06,4.84879e+06
0.225543,139.664,1.40742e-06,4.9025e+06
0.226549,141.362,1.55372e-06,5.04178e+06
0.227548,143.142,1.61172e-06,5.13332e+06
0.228553,145.478,1.61994e-06,5.2591e+06
0.229557,146.998,1.5441e-06,5.34446e+06
0.230556,148.504,1.45145e-06,5.46196e+06
0.231554,150.416,1.60697e-06,5.5823e+06
0.232562,152.508,1.56335e-06,5.70832e+06
0.233562,154.456,1.59678e-06,5.77285e+06
0.234568,156.232,1.58813e-06,5.86545e+06
0.235568,157.812,1.56361e-06,5.97155e+06
0.23657,159.638,1.48713e-06,6.07004e+06
0.237572,161.03,1.48954e-06,6.1471e+06
0.23857,162.832,1.44816e-06,6.23654e+06
0.239574,165.492,1.63818e-06,6.35435e+06
0.240577,167.322,1.53635e-06,6.46035e+06
0.24158,168.9,1.49259e-06,6.53134e+06
0.242579,170.658,1.64116e-06,6.60229e+06
0.243589,173.012,1.54245e-06,6.6936e+06
0.244587,175.1,1.47047e-06,6.8023e+06
0.245586,176.824,1.49762e-06,6.8902e+06
0.246589,178.992,1.54574e-06,6.9739e+06
0.24759,180.898,1.61952e-06,7.05459e+06
0.248597,183.156,1.5642e-06,7.20554e+06
0.249592,185.422,1.46438e-06,7.32126e+06
0.250599,187.892,1.5363e-06,7.42195e+06
0.2516,190.61,1.48137e-06,7.54327e+06
0.2526,192.26,1.52442e-06,7.64265e+06
0.253602,194.524,1.4979e-06,7.77614e+06
0.254603,197.032,1.49146e-06,7.87636e+06
0.255609,199.73,1.54356e-06,7.98401e+06
0.256607,202.618,1.42832e-06,8.0994e+06
0.25761,205.248,1.53613e-06,8.27395e+06
0.258608,207.014,1.5462e-06,8.39191e+06
0.259616,209.596,1.53704e-06,8.58902e+06
0.260616,211.88,1.53194e-06,8.75392e+06
0.261619,214.604,1.51971e-06,8.81827e+06
0.26262,217.288,1.48553e-06,8.92281e+06
0.263622,219.73,1.56497e-06,9.09628e+06
0.264626,221.614,1.50306e-06,9.1904e+06
0.265624,225.072,1.46257e-06,9.39766e+06
0.266623,228.014,1.57054e-06,9.5043e+06
0.267634,231.008,1.60273e-06,9.62536e+06
0.268633,233.208,1.51388e-06,9.70163e+06
0.269633,235.648,1.58521e-06,9.87283e+06
0.270637,238.52,1.59033e-06,9.98558e+06
0.271642,241.096,1.58076e-06,1.00287e+07
0.272642,243.73,1.48144e-06,1.01405e+07
0.273643,246.45,1.54172e-06,1.03024e+07
0.274646,248.942,1.48095e-06,1.04233e+07
0.275644,252.142,1.57852e-06,1.05666e+07
0.276652,255.532,1.54002e-06,1.06637e+07
0.277654,258.178,1.44619e-06,1.08568e+07
0.278654,261.002,1.4343e-06,1.097e+07
0.279653,263.856,1.51421e-06,1.11174e+07
0.280658,265.988,1.49148e-06,1.12931e+07
0.281658,269.402,1.50968e-06,1.1397e+07
0.282658,272.016,1.49472e-06,1.16004e+07
0.283663,275.148,1.48751e-06,1.17294e+07
0.284664,278.606,1.52517e-06,1.19117e+07
0.285661,281.146,1.52449e-06,1.20635e+07
0.286671,284.946,1.51741e-06,1.21738e+07
0.287672,287.544,1.50835e-06,1.2272e+07
0.288671,291.518,1.41688e-06,1.23784e+07
0.289672,295.434,1.51735e-06,1.25308e+07
0.290678,298.68,1.60369e-06,1.26443e+07
0.291677,301.79,1.53834e-06,1.27791e+07
0.29268,306.06,1.5381e-06,1.29141e+07
0.293685,309.312,1.56452e-06,1.3016e+07
0.294686,313.232,1.54887e-06,1.31533e+07
0.295688,316.632,1.51804e-06,1.32835e+07
0.296687,320.156,1.52734e-06,1.3448e+07
0.297693,323.446,1.62753e-06,1.36051e+07
0.298696,326.41,1.49042e-06,1.37639e+07
0.299696,329.74,1.49601e-06,1.39193e+07
0.300696,332.556,1.60171e-06,1.3975e+07
0.301702,335.882,1.62906e-06,1.41856e+07
0.302703,339.51,1.49466e-06,1.43095e+07
0.303702,342.964,1.57338e-06,1.4379e+07
0.304706,345.926,1.56137e-06,1.44887e+07
0.305711,349.264,1.47905e-06,1.46181e+07
0.306708,353.232,1.54984e-06,1.47733e+07
0.307708,357.164,1.50654e-06,1.49385e+07
0.308715,361.528,1.46777e-06,1.50663e+07
0.309713,365.318,1.48039e-06,1.51835e+07
0.310716,368.966,1.51891e-06,1.52654e+07
0.311718,372.708,1.57964e-06,1.55066e+07
0.312724,376.634,1.58893e-06,1.54776e+07
0.313723,380.11,1.57997e-06,1.56061e+07
0.314726,384.064,1.55647e-06,1.58368e+07
0.31573,387.916,1.52494e-06,1.60385e+07
0.316728,391.274,1.44462e-06,1.61786e+07
0.31773,395.544,1.53864e-06,1.63383e+07
0.31873,399.226,1.53015e-06,1.64591e+07
0.319738,402.48,1.49523e-06,1.66171e+07
0.320736,405.384,1.42579e-06,1.67782e+07
0.321741,409.696,1.56617e-06,1.69817e+07
0.322739,413.444,1.55971e-06,1.71145e+07
0.323745,417.11,1.60347e-06,1.7244e+07
0.32475,422.406,1.4291e-06,1.71784e+07
0.325745,427.066,1.48871e-06,1.72748e+07
0.326744,431.752,1.48235e-06,1.72927e+07
0.32775,435.702,1.5785e-06,1.73435e+07
0.328755,439.688,1.53037e-06,1.74665e+07
0.329754,444.398,1.59085e-06,1.74556e+07
0.33076,449.116,1.54552e-06,1.7438e+07
0.33176,454.68,1.38728e-06,1.7335e+07
0.332755,459.126,1.36427e-06,1.74172e+07
0.333781,462.894,1.37887e-06,1.75507e+07
0.334764,467.408,1.51716e-06,1.76827e+07
0.335767,471.438,1.49659e-06,1.77618e+07
0.33677,476.422,1.50632e-06,1.78553e+07
0.337769,480.868,1.55939e-06,1.78329e+07
0.338776,485.168,1.63234e-06,1.78521e+07
0.339779,489.376,1.53647e-06,1.78865e+07
0.34078,493.032,1.46738e-06,1.78899e+07
0.341779,496.746,1.4616e-06,1.79878e+07
0.342778,500.872,1.53415e-06,1.80681e+07
0.343784,505.63,1.5906e-06,1.80759e+07
0.344785,510.176,1.59808e-06,1.80611e+07
0.345789,514.636,1.62441e-06,1.80714e+07
0.346794,519.604,1.50987e-06,1.80178e+07
0.34779,523.586,1.5697e-06,1.80548e+07
0.348796,528.84,1.58346e-06,1.8056e+07
0.349799,533.588,1.45177e-06,1.82627e+07
0.350793,538.302,1.46875e-06,1.83222e+07
0.351798,542.28,1.59911e-06,1.83184e+07
0.352802,546.636,1.63626e-06,1.84931e+07
0.353808,551.314,1.50236e-06,1.85927e+07
0.354807,556.176,1.49643e-06,1.86598e+07
0.355806,560.82,1.51656e-06,1.86802e+07
0.356808,565.192,1.64197e-06,1.86759e+07
0.357815,569.694,1.51417e-06,1.87537e+07
0.358813,575.34,1.57135e-06,1.85321e+07
0.359816,579.994,1.66498e-06,1.8559e+07
0.36082,585.62,1.5686e-06,1.85356e+07
0.361822,590.272,1.62044e-06,1.85814e+07
0.362828,594.79,1.44586e-06,1.86566e+07
0.363828,599.604,1.40092e-06,1.8614e+07
0.364824,604.02,1.471e-06,1.8641e+07
0.365827,609.216,1.5036e-06,1.84866e+07
0.366834,613.29,1.52865e-06,1.86054e+07
0.36783,618.294,1.41584e-06,1.86438e+07
0.368833,622.398,1.4743e-06,1.87326e+07
0.369834,627.762,1.54145e-06,1.87002e+07
0.370838,632.238,1.59992e-06,1.86938e+07
0.371841,636.94,1.56567e-06,1.88202e+07
0.372844,642.186,1.51281e-06,1.8772e+07
0.373845,647.516,1.53405e-06,1.89074e+07
0.374842,652.492,1.52047e-06,1.88089e+07
0.375844,657.286,1.624e-06,1.87932e+07
0.37685,662.122,1.66251e-06,1.88053e+07
0.377854,667.54,1.49417e-06,1.87518e+07
0.378853,672.624,1.52279e-06,1.87877e+07
0.379857,677.338,1.55066e-06,1.88954e+07
0.380858,682.124,1.5797e-06,1.90108e+07
0.381864,687.75,1.50839e-06,1.88216e+07
0.38286,693.146,1.52599e-06,1.86108e+07
0.383864,699.032,1.53546e-06,1.84794e+07
0.384865,704.17,1.50382e-06,1.84049e+07
0.385866,709.85,1.60292e-06,1.81735e+07
0.386871,714.474,1.59941e-06,1.80849e+07
0.38787,719.46,1.48642e-06,1.81949e+07
0.388872,725.212,1.54764e-06,1.81427e+07
0.389877,729.75,1.57986e-06,1.82584e+07
0.39088,734.806,1.56188e-06,1.82367e+07
0.391878,739.806,1.54639e-06,1.82025e+07
0.392883,744.694,1.56359e-06,1.82312e+07
0.393884,749.802,1.51164e-06,1.82869e+07
0.394883,755.098,1.61443e-06,1.83422e+07
0.395885,760.298,1.73516e-06,1.8232e+07
0.396894,765.37,1.6626e-06,1.83858e+07
0.397895,770.008,1.53639e-06,1.84435e+07
0.398896,776.26,1.53008e-06,1.81926e+07
0.399887,782.176,1.52887e-06,1.81594e+07
0.400894,788.568,1.52655e-06,1.77074e+07
0.401901,794.028,1.54623e-06,1.76896e+07
0.402901,798.718,1.51775e-06,1.77471e+07
0.403901,803.386,1.51264e-06,1.77562e+07
0.404905,809.07,1.59472e-06,1.76728e+07
0.405909,814.482,1.63242e-06,1.7809e+07
0.406911,819.166,1.45415e-06,1.79033e+07
0.407909,824.446,1.52238e-06,1.78024e+07
0.408914,829.098,1.52262e-06,1.79502e+07
0.409914,835.086,1.46578e-06,1.79888e+07
0.410915,840.974,1.50788e-06,1.80586e+07
0.411922,846.34,1.59364e-06,1.80175e+07
0.412918,852.598,1.53274e-06,1.78247e+07
0.413922,858.128,1.64619e-06,1.79852e+07
0.414926,863.958,1.64928e-06,1.79739e+07
0.415926,869.99,1.61508e-06,1.79315e+07
0.416933,876.098,1.59193e-06,1.75693e+07
0.417933,881.286,1.48695e-06,1.765e+07
0.418931,886.908,1.55403e-06,1.73748e+07
0.419936,892.046,1.53057e-06,1.72649e+07
0.420939,898.568,1.61559e-06,1.7119e+07
0.421939,903.906,1.5981e-06,1.71402e+07
0.422942,908.81,1.60808e-06,1.71992e+07
0.423944,914.13,1.5198e-06,1.71456e+07
0.424949,918.944,1.63448e-06,1.71546e+07
0.42595,925.194,1.49578e-06,1.68619e+07
0.42695,931.002,1.5279e-06,1.68003e+07
0.427952,936.21,1.48823e-06,1.68341e+07
0.428955,942.092,1.51213e-06,1.67649e+07
0.429953,947.756,1.55489e-06,1.68806e+07
0.430958,953.614,1.6028e-06,1.68477e+07
0.431962,959.204,1.51184e-06,1.68718e+07
0.432962,964.618,1.5007e-06,1.70163e+07
0.433963,970.1,1.57531e-06,1.70027e+07
0.434968,975.224,1.50509e-06,1.70318e+07
0.435966,981.218,1.51701e-06,1.69004e+07
0.436967,986.88,1.52718e-06,1.68688e+07
0.43797,992.912,1.58353e-06,1.68301e+07
0.438974,998.364,1.56007e-06,1.65722e+07
0.439978,1005.09,1.52597e-06,1.62619e+07
0.440981,1010.77,1.55347e-06,1.61538e+07
0.441981,1016.41,1.36436e-06,1.61069e+07
0.442978,1022.05,1.47036e-06,1.59774e+07
0.443982,1027.47,1.58343e-06,1.60323e+07
0.444986,1033.67,1.55968e-06,1.60683e+07
0.445988,1039.26,1.53627e-06,1.59799e+07
0.44699,1044.71,1.57173e-06,1.60354e+07
0.447991,1050.57,1.64853e-06,1.60738e+07
0.448998,1056.86,1.57086e-06,1.60484e+07
0.449999,1062.98,1.4125e-06,1.60209e+07
0.450996,1068.25,1.4311e-06,1.60798e+07
0.451991,1073.81,1.55928e-06,1.6184e+07
0.453004,1079.78,1.58206e-06,1.61342e+07
0.454003,1085.65,1.57789e-06,1.61027e+07
0.455002,1091.07,1.5132e-06,1.61238e+07
0.456006,1097.1,1.58773e-06,1.60491e+07
0.457009,1102.98,1.60579e-06,1.59844e+07
0.458013,1108.52,1.59419e-06,1.60031e+07
0.459013,1114.66,1.47687e-06,1.60801e+07
0.460014,1120.43,1.54983e-06,1.60431e+07
0.461016,1126.63,1.54697e-06,1.59574e+07
0.462018,1132.63,1.63255e-06,1.59054e+07
0.463022,1138.22,1.55357e-06,1.58296e+07
0.464025,1144.99,1.56516e-06,1.53143e+07
0.465023,1150.9,1.47721e-06,1.53397e+07
0.466026,1157.14,1.5752e-06,1.52287e+07
0.46703,1162.67,1.69273e-06,1.51567e+07
0.468035,1168.23,1.50547e-06,1.51811e+07
0.469037,1173.98,1.4963e-06,1.51012e+07
0.470037,1179.69,1.39074e-06,1.50869e+07
0.471034,1185.98,1.51132e-06,1.49895e+07
0.472038,1191.77,1.5014e-06,1.49674e+07
0.473038,1197.59,1.52976e-06,1.49748e+07
0.474041,1204.34,1.61076e-06,1.4809e+07
0.475048,1210.94,1.57981e-06,1.46215e+07
0.476047,1216.77,1.52242e-06,1.46185e+07
0.477048,1223.14,1.56472e-06,1.44038e+07
0.47805,1229.19,1.61809e-06,1.43991e+07
0.479055,1235.67,1.62703e-06,1.42482e+07
0.480055,1241.77,1.59144e-06,1.42791e+07
0.481056,1247.53,1.54795e-06,1.42764e+07
0.482062,1253.55,1.60659e-06,1.42307e+07
0.483067,1259.63,1.40882e-06,1.42507e+07
0.484057,1265.49,1.4682e-06,1.42239e+07
0.485066,1270.9,1.62208e-06,1.4247e+07
0.486071,1276.98,1.54283e-06,1.41573e+07
0.487073,1283.17,1.46441e-06,1.40969e+07
0.488071,1288.26,1.46916e-06,1.41316e+07
0.489073,1294.59,1.59688e-06,1.4093e+07
0.490077,1300.5,1.5134e-06,1.40286e+07
0.491077,1306.73,1.51268e-06,1.39508e+07
0.492079,1312.38,1.57563e-06,1.39318e+07
0.493084,1318.91,1.48886e-06,1.3818e+07
0.494086,1325.02,1.5073e-06,1.38277e+07
0.495085,1331.1,1.51349e-06,1.3736e+07
0.496086,1337.76,1.54837e-06,1.36798e+07
0.497089,1343.91,1.50415e-06,1.36379e+07
0.498091,1350.08,1.60454e-06,1.34799e+07
0.499086,1356.25,1.43507e-06,1.34848e+07
0.500092,1362.28,2.34111e-06,1.34228e+07
0.501106,1368.77,1.49902e-06,1.33244e+07
0.502102,1375.08,1.60287e-06,1.33399e+07
0.503103,1381.09,1.50489e-06,1.33118e+07
0.504106,1387.13,1.54758e-06,1.32748e+07
0.505107,1393.64,1.52063e-06,1.31112e+07
0.506107,1399.28,1.49016e-06,1.31386e+07
0.507108,1405.83,1.47713e-06,1.30218e+07
0.508114,1412.03,1.5789e-06,1.3013e+07
0.509115,1418.76,1.51023e-06,1.29624e+07
0.510116,1425.18,1.51031e-06,1.2984e+07
0.511119,1431.46,1.58641e-06,1.29556e+07
0.512121,1437.91,1.45808e-06,1.29945e+07
0.513119,1444.33,1.45919e-06,1.28683e+07
0.514121,1450.39,1.52254e-06,1.27502e+07
0.515126,1456.37,1.62096e-06,1.27154e+07
0.516136,1462.74,1.44531e-06,1.27246e+07
0.517126,1468.73,1.41176e-06,1.26781e+07
0.51813,1475.2,1.59687e-06,1.26001e+07
0.519136,1481.99,1.54238e-06,1.25266e+07
0.520137,1488.45,1.582e-06,1.24331e+07
0.521137,1494.32,1.62527e-06,1.24175e+07
0.522142,1500.43,1.61893e-06,1.24542e+07
0.523145,1506.39,1.56534e-06,1.24538e+07
0.524146,1512.23,1.52886e-06,1.24544e+07
0.525144,1519.14,1.59324e-06,1.23543e+07
0.526151,1525.85,1.61907e-06,1.24114e+07
0.527154,1532.1,1.53327e-06,1.23881e+07
0.528154,1538.74,1.50457e-06,1.23421e+07
0.529158,1545.77,1.4992e-06,1.21293e+07
0.530155,1552.04,1.39771e-06,1.20411e+07
0.531156,1558.11,1.47559e-06,1.20573e+07
0.532157,1564.6,1.50286e-06,1.19872e+07
0.533162,1571.2,1.67549e-06,1.18721e+07
0.534167,1577.93,1.57343e-06,1.18168e+07
0.535169,1584.53,1.47835e-06,1.17252e+07
0.536168,1590.63,1.57027e-06,1.16659e+07
0.53717,1596.98,1.55727e-06,1.16159e+07
0.538174,1603.05,1.64955e-06,1.16429e+07
0.539176,1609.59,1.55136e-06,1.16007e+07
0.540178,1616.34,1.57364e-06,1.15809e+07
0.541179,1622.9,1.47179e-06,1.15609e+07
0.542179,1629.3,1.59467e-06,1.15488e+07
0.543183,1635.36,1.60623e-06,1.15467e+07
0.544187,1641.59,1.59386e-06,1.15409e+07
0.54519,1648.24,1.51753e-06,1.14924e+07
0.546189,1654.61,1.57153e-06,1.14562e+07
0.547188,1660.68,1.60526e-06,1.14679e+07
0.548201,1666.57,1.55101e-06,1.14629e+07
0.549196,1672.82,1.43917e-06,1.14512e+07
0.550194,1679.14,1.41244e-06,1.14665e+07
0.551195,1685.7,1.56148e-06,1.14695e+07
0.552201,1692.71,1.6379e-06,1.13184e+07
0.553202,1698.86,1.57683e-06,1.13106e+07
0.554205,1705.21,1.54358e-06,1.13143e+07
0.555206,1711.61,1.58088e-06,1.13024e+07
0.55621,1718.55,1.60397e-06,1.12988e+07
0.557215,1724.53,1.46417e-06,1.13469e+07
0.558211,1730.5,1.36118e-06,1.13179e+07
0.559211,1737.61,1.5647e-06,1.127e+07
0.560214,1744.11,1.51716e-06,1.12997e+07
0.561218,1750.36,1.56104e-06,1.12776e+07
0.562222,1756.91,1.5839e-06,1.11931e+07
0.563226,1763.44,1.54309e-06,1.11429e+07
0.564227,1769.77,1.51506e-06,1.10492e+07
0.565224,1776.66,1.51135e-06,1.1028e+07
0.566229,1782.89,1.58122e-06,1.0925e+07
0.56723,1788.89,1.49995e-06,1.08477e+07
0.568231,1795.96,1.51525e-06,1.07719e+07
0.569234,1802.08,1.60025e-06,1.07254e+07
0.570239,1808.32,1.55615e-06,1.06442e+07
0.571237,1815.14,1.49187e-06,1.06334e+07
0.57224,1821.85,1.49949e-06,1.06166e+07
0.573242,1827.87,1.51309e-06,1.06093e+07
0.574242,1834.25,1.49432e-06,1.05746e+07
0.575243,1840.69,1.62485e-06,1.04664e+07
0.576248,1847.29,1.5167e-06,1.04062e+07
0.57725,1853.69,1.59882e-06,1.04451e+07
0.578253,1860.1,1.59843e-06,1.04106e+07
0.579254,1866.77,1.60914e-06,1.04073e+07
0.580256,1873.24,1.54313e-06,1.0357e+07
0.581261,1880.18,1.55405e-06,1.02054e+07
0.58226,1886.6,1.49402e-06,1.0114e+07
0.583259,1892.37,1.57468e-06,1.00976e+07
0.584266,1899.05,1.61414e-06,1.00863e+07
0.585266,1905.83,1.65475e-06,1.00584e+07
0.58627,1912.85,1.65612e-06,9.87222e+06
0.587274,1919.34,1.54537e-06,9.88204e+06
0.588271,1925.96,1.59901e-06,9.88034e+06
0.589277,1932.44,1.52968e-06,9.90151e+06
0.590278,1938.73,1.48567e-06,9.87359e+06
0.591278,1945.13,1.55048e-06,9.90316e+06
0.592283,1952.36,1.51831e-06,9.83249e+06
0.593282,1958.54,1.4579e-06,9.84082e+06
0.594283,1965.43,1.64165e-06,9.75727e+06
0.595288,1972.05,1.59649e-06,9.69205e+06
0.596291,1978.62,1.52963e-06,9.65743e+06
0.597291,1984.65,1.52331e-06,9.60603e+06
0.598291,1991.58,1.54375e-06,9.62037e+06
0.599298,1998.15,1.52656e-06,9.58813e+06
0.600306,2004.46,1.52215e-06,9.51028e+06
0.601297,2011.1,1.51326e-06,9.477e+06
0.602297,2017.89,1.50726e-06,9.39889e+06
0.603299,2024.17,1.64976e-06,9.31679e+06
0.604308,2030.8,1.73717e-06,9.30895e+06
0.605309,2037.36,1.62205e-06,9.33231e+06
0.606308,2043.91,1.51083e-06,9.25013e+06
0.607309,2050.98,1.59316e-06,9.25352e+06
0.608314,2057.46,1.53226e-06,9.2365e+06
0.609312,2063.88,1.56124e-06,9.18592e+06
0.610316,2070.97,1.58097e-06,9.17636e+06
0.611321,2077.71,1.54626e-06,9.14546e+06
0.612322,2083.78,1.48276e-06,9.14133e+06
0.613322,2090.46,1.59362e-06,9.11225e+06
0.614327,2097.68,1.60909e-06,9.03129e+06
0.615327,2103.9,1.49319e-06,9.03388e+06
0.616328,2110.18,1.53246e-06,9.0242e+06
0.617332,2117.12,1.51686e-06,9.01505e+06
0.618328,2123.71,1.5161e-06,8.96504e+06
0.619334,2129.79,1.55817e-06,8.88732e+06
0.620336,2136.15,1.5545e-06,8.85428e+06
0.621339,2142.39,1.51246e-06,8.78564e+06
0.622338,2148.67,1.50055e-06,8.70089e+06
0.623342,2155.7,1.65665e-06,8.62694e+06
0.624348,2162.67,1.61708e-06,8.6236e+06
0.625351,2169.37,1.53537e-06,8.54918e+06
0.626347,2176.15,1.53873e-06,8.50929e+06
0.627349,2182.67,1.50424e-06,8.50184e+06
0.628352,2189.36,1.55783e-06,8.45499e+06
0.629354,2195.85,1.59644e-06,8.40972e+06
0.630358,2202.32,1.55225e-06,8.377e+06
0.631359,2209.02,1.47989e-06,8.3799e+06
0.632362,2215.76,1.40231e-06,8.27866e+06
0.633358,2222.22,1.52702e-06,8.25741e+06
0.634366,2229.1,1.49064e-06,8.22386e+06
0.635368,2235.83,1.45949e-06,8.16184e+06
0.636364,2242.51,1.37903e-06,8.10554e+06
0.637364,2249.06,1.43191e-06,8.10294e+06
0.638371,2255.69,1.59457e-06,8.07026e+06
0.639372,2262.41,1.55221e-06,8.03115e+06
0.640376,2269.04,1.66039e-06,7.95116e+06
0.641379,2275.5,1.55144e-06,7.92815e+06
0.642378,2281.92,1.53113e-06,7.90234e+06
0.643384,2288.23,1.64252e-06,7.84201e+06
0.644386,2294.78,1.50341e-06,7.82874e+06
0.645386,2301.51,1.48576e-06,7.85527e+06
0.646384,2308.29,1.51152e-06,7.87294e+06
0.64739,2314.76,1.64715e-06,7.81578e+06
0.648394,2321.42,1.60555e-06,7.75601e+06
0.649399,2328.09,1.47006e-06,7.72014e+06
0.650393,2334.84,1.45286e-06,7.71422e+06
0.651396,2341.39,1.58789e-06,7.64796e+06
0.652402,2348.19,1.55824e-06,7.59503e+06
0.653398,2354.63,1.50191e-06,7.55288e+06
0.654403,2361.82,1.60271e-06,7.51289e+06
0.655407,2368.46,1.58369e-06,7.45594e+06
0.656409,2375.51,1.59599e-06,7.39511e+06
0.657414,2382.46,1.53884e-06,7.35758e+06
0.658413,2389.55,1.45672e-06,7.26691e+06
0.659412,2395.86,1.46058e-06,7.26776e+06
0.660414,2402.68,1.52534e-06,7.21536e+06
0.661416,2409.4,1.63214e-06,7.16395e+06
0.662423,2415.96,1.56314e-06,7.1296e+06
0.663422,2422.58,1.51166e-06,7.11792e+06
0.664426,2429.22,1.50395e-06,7.07584e+06
0.665429,2436.02,1.51644e-06,7.0202e+06
0.666411,2442.31,1.36909e-06,6.96605e+06
0.667438,2449.3,1.39248e-06,6.917e+06
0.668432,2455.81,1.39042e-06,6.86655e+06
0.669433,2462.15,1.54671e-06,6.85544e+06
0.670438,2468.85,1.58247e-06,6.85006e+06
0.671437,2476.14,1.52276e-06,6.77512e+06
0.672442,2482.52,1.59898e-06,6.78259e+06
0.673448,2489.06,1.47675e-06,6.74722e+06
0.674447,2495.57,1.49406e-06,6.68465e+06
0.675442,2502.18,1.4203e-06,6.65461e+06
0.676447,2508.91,1.60291e-06,6.59415e+06
0.677453,2515.6,1.5511e-06,6.50376e+06
0.678452,2521.93,1.57337e-06,6.49321e+06
0.679456,2528.36,1.42899e-06,6.49225e+06
0.680454,2535.44,1.506e-06,6.4258e+06
0.681462,2541.74,1.53836e-06,6.41838e+06
0.682462,2548.17,1.53311e-06,6.3781e+06
0.683464,2555.33,1.44539e-06,6.33827e+06
0.684462,2561.87,1.51533e-06,6.2837e+06
0.685466,2568.49,1.54201e-06,6.22889e+06
0.68647,2575.22,1.57448e-06,6.15865e+06
0.687468,2581.72,1.58301e-06,6.12849e+06
0.688474,2588.2,1.58738e-06,6.09086e+06
0.689477,2594.58,1.53741e-06,6.04157e+06
0.690479,2600.82,1.49359e-06,5.99148e+06
0.691477,2607.52,1.49245e-06,5.96064e+06
0.692485,2614.03,1.49807e-06,5.91699e+06
0.693484,2620.7,1.55852e-06,5.92884e+06
0.694481,2627.48,1.46425e-06,5.84466e+06
0.695486,2633.66,1.55841e-06,5.7973e+06
0.69649,2640.5,1.54991e-06,5.75316e+06
0.697489,2647.07,1.4783e-06,5.74138e+06
0.69849,2653.73,1.64354e-06,5.67109e+06
0.699497,2660.01,1.59216e-06,5.60644e+06
0.700496,2666.52,1.4977e-06,5.55257e+06
0.701496,2673.08,1.48725e-06,5.5128e+06
0.702499,2679.66,1.62469e-06,5.49426e+06
0.703505,2686.42,1.51505e-06,5.48041e+06
0.704505,2692.72,1.50509e-06,5.40531e+06
0.705506,2699.11,1.52924e-06,5.3717e+06
0.706507,2705.62,1.55929e-06,5.38398e+06
0.707513,2712.33,1.52467e-06,5.32714e+06
0.708515,2718.97,1.55551e-06,5.31173e+06
0.709514,2725.41,1.62006e-06,5.29023e+06
0.710521,2732.18,1.5214e-06,5.27345e+06
0.711521,2738.55,1.43805e-06,5.20439e+06
0.712521,2744.91,1.5022e-06,5.14306e+06
0.713521,2751.68,1.52786e-06,5.14342e+06
0.714531,2758.05,1.53882e-06,5.12436e+06
0.715528,2764.37,1.52571e-06,5.09819e+06
0.716529,2770.95,1.50335e-06,5.08318e+06
0.717534,2777.31,1.50216e-06,5.0731e+06
0.718534,2783.75,1.50431e-06,5.07778e+06
0.719534,2790.13,1.5045e-06,5.04618e+06
0.720539,2796.66,1.51729e-06,5.00972e+06
0.721539,2803.08,1.43905e-06,4.94911e+06
0.722538,2809.25,1.44047e-06,4.87002e+06
0.72354,2815.76,1.54256e-06,4.87549e+06
0.724548,2822.51,1.5736e-06,4.83402e+06
0.725547,2829.08,1.47286e-06,4.80087e+06
0.726549,2835.43,1.53505e-06,4.7544e+06
0.72755,2842.08,1.48211e-06,4.68645e+06
0.728551,2848.1,1.58613e-06,4.65701e+06
0.729555,2854.56,1.58995e-06,4.65324e+06
0.730559,2860.9,1.5759e-06,4.6246e+06
0.73156,2867.25,1.51743e-06,4.56658e+06
0.732558,2873.55,1.61462e-06,4.53852e+06
0.733569,2880.15,1.58778e-06,4.52393e+06
0.734568,2886.63,1.48276e-06,4.50301e+06
0.735566,2893.14,1.51543e-06,4.47841e+06
0.736571,2899.48,1.56738e-06,4.41766e+06
0.737573,2905.59,1.48742e-06,4.41325e+06
0.738573,2911.8,1.53084e-06,4.38e+06
0.739577,2918.18,1.52813e-06,4.37294e+06
0.740576,2924.25,1.54864e-06,4.31745e+06
0.741584,2930.78,1.54513e-06,4.26594e+06
0.742583,2937.29,1.53403e-06,4.21434e+06
0.743585,2943.79,1.44175e-06,4.16929e+06
0.744583,2950.47,1.55943e-06,4.11185e+06
0.745589,2956.78,1.49724e-06,4.079e+06
0.74659,2963.02,1.51643e-06,4.03782e+06
0.747592,2969.22,1.52179e-06,3.99322e+06
0.748592,2975.59,1.48812e-06,3.95919e+06
0.749593,2981.93,1.49937e-06,3.93133e+06
0.7506,2988.09,1.47736e-06,3.88794e+06
0.751595,2994.03,1.56927e-06,3.85668e+06
0.752603,3000.35,1.61337e-06,3.82074e+06
0.753604,3006.36,1.54828e-06,3.78017e+06
0.754606,3013.07,1.4948e-06,3.74723e+06
0.755605,3019.16,1.45439e-06,3.69791e+06
0.756603,3025.28,1.55127e-06,3.64082e+06
0.757613,3031.55,1.63069e-06,3.59417e+06
0.758612,3037.77,1.49491e-06,3.53791e+06
0.759615,3043.78,1.54734e-06,3.49175e+06
0.760618,3049.93,1.63465e-06,3.48373e+06
0.761622,3056.54,1.452e-06,3.43586e+06
0.76262,3062.46,1.49628e-06,3.40599e+06
0.763622,3067.89,1.47604e-06,3.37582e+06
0.764624,3074.16,1.55033e-06,3.32933e+06
0.765624,3080.23,1.58122e-06,3.30399e+06
0.766631,3086.2,1.57952e-06,3.28922e+06
0.767631,3091.83,1.58783e-06,3.27554e+06
0.768638,3098.51,1.6035e-06,3.2363e+06
0.769637,3104.78,1.45155e-06,3.21409e+06
0.770635,3110.54,1.53693e-06,3.16096e+06
0.771639,3116.63,1.63384e-06,3.14313e+06
0.772645,3122.8,1.61882e-06,3.1155e+06
0.773643,3128.95,1.57443e-06,3.10125e+06
0.774649,3134.96,1.4113e-06,3.08009e+06
0.775642,3140.97,1.53285e-06,3.06042e+06
0.77665,3146.84,1.63218e-06,3.07585e+06
0.777651,3152.76,1.48664e-06,3.02701e+06
0.778654,3158.94,1.51406e-06,3.00177e+06
0.779655,3164.62,1.62013e-06,2.99331e+06
0.780657,3169.98,1.50783e-06,2.99784e+06
0.781662,3175.91,1.58708e-06,2.98514e+06
0.78266,3181.93,1.5185e-06,2.95274e+06
0.783665,3188.3,1.43415e-06,2.92088e+06
0.784665,3194,1.4328e-06,2.91243e+06
0.785666,3200.46,1.49853e-06,2.87584e+06
0.786668,3206.27,1.57807e-06,2.83342e+06
0.787675,3212.07,1.5659e-06,2.79961e+06
0.788674,3218.39,1.48324e-06,2.78789e+06
0.789676,3224.34,1.50722e-06,2.76497e+06
0.790676,3230.59,1.50761e-06,2.75458e+06
0.791676,3236.75,1.68312e-06,2.75486e+06
0.792687,3242.65,1.57141e-06,2.7271e+06
0.793684,3248.45,1.49279e-06,2.69692e+06
0.794685,3254.67,1.51258e-06,2.65032e+06
0.795686,3260.4,1.65783e-06,2.60767e+06
0.79669,3266.38,1.5742e-06,2.58315e+06
0.797695,3272.26,1.5541e-06,2.55992e+06
0.798695,3277.73,1.48914e-06,2.51115e+06
0.799692,3283.6,1.49291e-06,2.47426e+06
0.800695,3289.45,1.53233e-06,2.43615e+06
0.801693,3295.63,1.62948e-06,2.42355e+06
0.802703,3301.11,1.67657e-06,2.39008e+06
0.803704,3306.64,1.54674e-06,2.35315e+06
0.804705,3312.58,1.49727e-06,2.31245e+06
0.805706,3318.34,1.5413e-06,2.29315e+06
0.806708,3324.14,1.56634e-06,2.24092e+06
0.80771,3329.82,1.55266e-06,2.2293e+06
0.808712,3334.91,1.63167e-06,2.21373e+06
0.809717,3340.97,1.65045e-06,2.19546e+06
0.810721,3346.54,1.53811e-06,2.18285e+06
0.81172,3352.1,1.56675e-06,2.17835e+06
0.812726,3357.8,1.54716e-06,2.16463e+06
0.813724,3363.62,1.46002e-06,2.13305e+06
0.814723,3369.33,1.5444e-06,2.09574e+06
0.815726,3374.71,1.5446e-06,2.08266e+06
0.816727,3380.14,1.48905e-06,2.06307e+06
0.81773,3385.84,1.48796e-06,2.06352e+06
0.818727,3390.86,1.54945e-06,2.05956e+06
0.819733,3396.27,1.60691e-06,2.02642e+06
0.820738,3401.58,1.60328e-06,2.00885e+06
0.821739,3406.85,1.55009e-06,1.97673e+06
0.822742,3412.37,1.52145e-06,1.95264e+06
0.823743,3418.15,1.65872e-06,1.9288e+06
0.824751,3423.55,1.51341e-06,1.90688e+06
0.825746,3429.21,1.43672e-06,1.88834e+06
0.826745,3434.77,1.49545e-06,1.8651e+06
0.827751,3440.41,1.61815e-06,1.836e+06
0.828757,3446.18,1.61026e-06,1.78616e+06
0.829757,3451.45,1.42443e-06,1.76243e+06
0.830753,3456.49,1.45754e-06,1.73617e+06
0.831755,3461.95,1.5463e-06,1.70562e+06
0.832763,3467.34,1.58187e-06,1.69694e+06
0.833769,3472.73,1.51316e-06,1.67012e+06
0.834765,3478.31,1.46756e-06,1.62794e+06
0.835765,3483.52,1.52193e-06,1.59014e+06
0.836771,3489.19,1.56633e-06,1.56551e+06
0.83777,3494.33,1.55267e-06,1.55447e+06
0.838775,3499.63,1.5065e-06,1.53343e+06
0.839777,3505.16,1.48818e-06,1.50977e+06
0.840777,3509.78,1.61389e-06,1.49661e+06
0.841782,3515.12,1.60337e-06,1.46164e+06
0.842785,3519.89,1.51304e-06,1.45143e+06
0.843782,3525.12,1.42948e-06,1.43966e+06
0.844784,3530.49,1.51034e-06,1.41075e+06
0.845786,3535.85,1.6052e-06,1.38491e+06
0.846792,3540.94,1.54569e-06,1.36504e+06
0.847789,3545.74,1.44838e-06,1.34655e+06
0.848791,3550.91,1.59881e-06,1.33671e+06
0.8498,3555.93,1.56451e-06,1.32614e+06
0.850796,3561.07,1.50441e-06,1.31133e+06
0.851798,3566.42,1.56351e-06,1.30527e+06
0.852801,3571.31,1.51568e-06,1.28649e+06
0.853803,3576.49,1.47918e-06,1.27401e+06
0.854803,3581.26,1.52714e-06,1.23979e+06
0.855805,3586.11,1.60571e-06,1.21752e+06
0.856812,3591.09,1.54054e-06,1.21408e+06
0.857811,3595.79,1.51308e-06,1.20889e+06
0.858815,3600.68,1.49446e-06,1.18381e+06
0.859815,3605.48,1.53521e-06,1.16523e+06
0.860816,3610.41,1.49065e-06,1.1529e+06
0.86182,3615.05,1.54368e-06,1.14035e+06
0.862822,3619.85,1.44478e-06,1.12793e+06
0.863822,3624.47,1.4429e-06,1.08605e+06
0.864823,3628.9,1.46954e-06,1.06823e+06
0.865826,3633.79,1.54623e-06,1.0603e+06
0.866834,3638.48,1.51831e-06,1.04017e+06
0.867827,3643.21,1.60959e-06,1.01852e+06
0.868838,3647.49,1.55036e-06,1.00702e+06
0.869836,3652.44,1.48497e-06,998499
0.870838,3657.35,1.5648e-06,980858
0.871841,3661.9,1.57248e-06,953735
0.872845,3666.97,1.49233e-06,939993
0.873841,3671.83,1.4271e-06,922347
0.874842,3676.23,1.65751e-06,907614
0.875846,3680.75,1.62277e-06,899171
0.876852,3685.44,1.56525e-06,872937
0.87785,3689.83,1.54297e-06,863671
0.878855,3694.48,1.60326e-06,838939
0.879857,3698.89,1.45248e-06,825545
0.880856,3703.42,1.4593e-06,812664
0.881858,3707.89,1.53694e-06,791279
0.882861,3712.49,1.59732e-06,771451
0.883863,3717,1.57242e-06,760284
0.884868,3721.32,1.54363e-06,745346
0.885869,3725.35,1.48169e-06,730143
0.886866,3729.44,1.58075e-06,719343
0.887871,3733.72,1.53961e-06,705730
0.888869,3737.98,1.47655e-06,690934
0.889875,3742.04,1.52675e-06,681553
0.890879,3746.22,1.60046e-06,674321
0.891881,3750.26,1.50452e-06,663593
0.892882,3754.07,1.4827e-06,645495
0.893885,3758.18,1.49931e-06,626097
0.894886,3762.14,1.56543e-06,606804
0.895886,3766.08,1.61444e-06,606120
0.896891,3770.23,1.46986e-06,595925
0.897888,3774.41,1.56664e-06,578369
0.898896,3778.5,1.6183e-06,568615
0.899896,3782.55,1.53615e-06,551970
0.900896,3786.47,1.59027e-06,530205
0.901903,3790.42,1.5453e-06,520087
0.902903,3794.38,1.40939e-06,514854
0.903898,3798.22,1.50663e-06,504309
0.904911,3802.03,1.70913e-06,490354
0.905913,3806.07,1.41448e-06,471373
0.906909,3809.63,1.43937e-06,461077
0.907911,3813.27,1.55646e-06,452896
0.908916,3817.02,1.40557e-06,433863
0.909913,3820.52,1.46018e-06,416375
0.910915,3824.15,1.51942e-06,406060
0.911917,3827.72,1.51955e-06,397499
0.912919,3831.11,1.50654e-06,387282
0.913923,3834.58,1.67051e-06,376130
0.914927,3838.4,1.60121e-06,363138
0.91593,3841.96,1.60871e-06,363473
0.916937,3845.6,1.39743e-06,353266
0.917932,3849,1.34418e-06,340320
0.918927,3852.47,1.44735e-06,324908
0.919934,3855.86,1.59909e-06,318130
0.92094,3859.06,1.62327e-06,307515
0.921941,3862.35,1.50006e-06,291834
0.922942,3865.59,1.52666e-06,284483
0.923941,3868.57,1.54988e-06,276697
0.924949,3871.84,1.5886e-06,266975
0.925949,3875,1.50867e-06,260649
0.926949,3878.22,1.50617e-06,259735
0.927951,3881.76,1.54849e-06,250352
0.928953,3884.78,1.4946e-06,245027
0.929954,3887.82,1.52862e-06,233319
0.93096,3890.63,1.59139e-06,229143
0.931958,3893.62,1.52646e-06,223133
0.93296,3896.68,1.65737e-06,213630
0.933962,3899.34,1.62679e-06,212713
0.934969,3902.41,1.49703e-06,210457
0.935967,3905.06,1.51263e-06,200707
0.936968,3907.9,1.55712e-06,192168
0.937973,3910.56,1.62968e-06,186037
0.938976,3913.29,1.51547e-06,176181
0.939977,3915.88,1.49935e-06,172132
0.940976,3918.34,1.54707e-06,170939
0.94198,3920.75,1.67624e-06,164683
0.942988,3923.54,1.54005e-06,160194
0.943983,3925.88,1.56239e-06,152430
0.944989,3928.52,1.574e-06,143665
0.945991,3930.8,1.50939e-06,139963
0.946991,3933.46,1.49866e-06,132456
0.947992,3935.98,1.49626e-06,125554
0.948992,3938.21,1.53093e-06,120350
0.949999,3940.5,1.52323e-06,117395
0.950999,3942.75,1.51762e-06,114438
0.951996,3944.78,1.58336e-06,111532
0.953004,3946.89,1.4878e-06,109881
0.954003,3948.7,1.52423e-06,105832
0.955,3950.75,1.50158e-06,100968
0.956003,3952.87,1.67446e-06,96258
0.957011,3954.79,1.67282e-06,91206.1
0.958016,3956.99,1.59459e-06,83983
0.959018,3958.94,1.40871e-06,81747.3
0.960014,3960.89,1.49339e-06,79392.5
0.961018,3962.73,1.49387e-06,78472.5
0.962018,3964.48,1.59231e-06,74338.8
0.963021,3966.29,1.64768e-06,69988.1
0.964027,3968.04,1.60794e-06,68416.3
0.96503,3969.73,1.50069e-06,66791.6
0.966028,3971.24,1.40032e-06,62233.7
0.967027,3972.79,1.49945e-06,58557.5
0.968027,3974.47,1.54403e-06,54688.5
0.969033,3975.98,1.61299e-06,51356.8
0.970037,3977.31,1.60405e-06,47729.3
0.971038,3978.75,1.61733e-06,46061.8
0.972042,3979.98,1.55874e-06,43824.8
0.973041,3981.32,1.57998e-06,39794.8
0.974047,3982.62,1.53321e-06,36768
0.975049,3983.81,1.48678e-06,34611.6
0.976045,3984.99,1.48675e-06,31211
0.97705,3986.13,1.57213e-06,29448
0.978051,3987.36,1.63135e-06,26129.8
0.979057,3988.5,1.55253e-06,23577
0.980055,3989.42,1.55438e-06,22916.1
0.981061,3990.44,1.62013e-06,21413.4
0.982063,3991.37,1.47153e-06,19366.3
0.98306,3992.16,1.47412e-06,17152.6
0.98406,3992.96,1.59721e-06,15266.1
0.985067,3993.78,1.57107e-06,13820.9
0.98607,3994.47,1.50985e-06,12644.7
0.987073,3995.21,1.57496e-06,10280.9
0.988074,3995.81,1.54373e-06,8860.18
0.989076,3996.31,1.52148e-06,7963.33
0.990075,3996.84,1.50239e-06,6741.83
0.991077,3997.52,1.56478e-06,5298.76
0.992079,3997.98,1.62642e-06,4500.84
0.993086,3998.31,1.45821e-06,4156.18
0.994086,3998.68,1.48817e-06,3511.51
0.995085,3998.92,1.47725e-06,2741.64
0.996089,3999.21,1.60208e-06,2066.1
0.997093,3999.42,1.23031e-06,1525.96
0.998077,3999.57,8.29711e-07,1104.69
0.999042,3999.61,4.17427e-07,1009.17
1,3999.66,0,740.832
0.188299,74.86,3.04961,1.11749e+06
7.73528,-1,-1,-1
