0,1,0,0
0.00109335,2.02,4.90381e-08,9.8
0.00218268,2.056,4.53455e-07,28.432
0.00306652,2.09,5.87722e-07,42.95
0.00415071,2.17,8.00627e-07,78.55
0.0051052,2.228,2.68532e-06,100.008
0.00612388,2.316,1.35619e-06,128.072
0.00712611,2.428,2.31687e-06,146.408
0.0081204,2.5,1.79492e-06,153
0.00912782,2.598,2.04382e-06,160.198
0.0101306,2.672,2.01426e-06,178.208
0.0111281,2.772,2.03734e-06,182.008
0.0121313,2.84,1.93338e-06,183.2
0.0131331,2.918,2.10935e-06,181.638
0.0141354,2.998,1.86151e-06,180.998
0.0151417,3.056,2.14327e-06,190.432
0.0161391,3.12,1.90486e-06,192.8
0.0171463,3.198,1.98026e-06,201.398
0.018142,3.234,2.01051e-06,221.622
0.01915,3.272,1.9527e-06,253.008
0.0201497,3.328,2.06756e-06,278.208
0.0211507,3.382,1.93982e-06,294.038
0.0221516,3.416,1.98881e-06,317.472
0.0231518,3.454,1.98375e-06,325.942
0.024155,3.504,2.00046e-06,364.992
0.0251621,3.538,2.00913e-06,370.278
0.0261617,3.572,2.02935e-06,382.408
0.0271654,3.634,1.88201e-06,444.022
0.0281633,3.67,2.02235e-06,458.55
0.029166,3.714,1.86224e-06,478.102
0.0301709,3.76,2.07642e-06,521.2
0.031171,3.836,1.95967e-06,570.552
0.0321755,3.902,1.92599e-06,632.198
0.0331743,3.944,2.1341e-06,642.432
0.0341758,3.986,1.90319e-06,652.902
0.0351833,4.026,1.97246e-06,682.662
0.0361787,4.078,2.08364e-06,713.958
0.037184,4.134,1.8694e-06,724.022
0.0381871,4.176,2.05597e-06,760.512
0.0391851,4.248,1.93198e-06,841.248
0.0401948,4.308,1.99251e-06,870.568
0.0411896,4.38,1.94626e-06,935.8
0.0421911,4.426,1.92987e-06,952.262
0.0431938,4.464,2.0361e-06,976.352
0.0441957,4.512,1.93211e-06,992.928
0.0452002,4.556,2.08339e-06,1003.43
0.0461973,4.628,1.8876e-06,1086.81
0.0472048,4.71,2.04592e-06,1162.95
0.0482041,4.754,2.0422e-06,1152.74
0.0492107,4.792,1.87701e-06,1206.37
0.050213,4.848,2.07048e-06,1256.45
0.0512105,4.878,1.8976e-06,1283.56
0.0522202,4.928,1.94746e-06,1349.41
0.0532107,4.97,2.08667e-06,1378.55
0.0542222,5.044,1.77284e-06,1475.03
0.0552202,5.096,2.24811e-06,1519.39
0.056219,5.146,1.8239e-06,1550.34
0.0572291,5.206,2.11299e-06,1637.78
0.0582227,5.262,1.91012e-06,1722.68
0.0592294,5.292,1.9821e-06,1719.37
0.0602264,5.344,2.03041e-06,1786.83
0.0612327,5.396,1.93455e-06,1891.59
0.0622371,5.464,1.96266e-06,1950.35
0.0632377,5.526,1.96176e-06,1990.66
0.0642361,5.574,1.97857e-06,2034.26
0.0652379,5.632,2.00531e-06,2050.29
0.0662411,5.686,2.06648e-06,2127.7
0.0672486,5.744,1.9642e-06,2289.23
0.0682448,5.79,1.97946e-06,2342.95
0.0692428,5.844,2.0004e-06,2367.83
0.0702482,5.908,1.97652e-06,2419.77
0.0712521,5.948,1.99112e-06,2460.65
0.0722536,6.028,2.03772e-06,2503.61
0.0732563,6.084,1.94922e-06,2604.47
0.0742626,6.138,1.97073e-06,2697.48
0.0752557,6.204,2.04758e-06,2997.19
0.0762615,6.25,1.87219e-06,3025.75
0.0772577,6.308,2.10106e-06,3066.57
0.078267,6.37,1.94115e-06,3110.55
0.0792667,6.448,2.05002e-06,3235.65
0.0802729,6.508,1.96107e-06,3348.97
0.0812726,6.574,2.04335e-06,3504.26
0.0822735,6.64,1.84833e-06,3531.2
0.0832676,6.702,2.11752e-06,3528.6
0.084272,6.77,1.85533e-06,3624.55
0.0852857,6.824,2.081e-06,3654.51
0.0862783,6.9,1.99778e-06,3733
0.0872886,6.974,1.92727e-06,3844.66
0.0882816,7.046,2.01119e-06,4059.94
0.0892875,7.098,1.95701e-06,4242.2
0.090291,7.154,1.9291e-06,4425.14
0.0912855,7.224,2.06467e-06,4576.91
0.0922917,7.284,1.95059e-06,4771.67
0.0933006,7.336,1.91894e-06,4801.55
0.0942946,7.42,2.08364e-06,5021.8
0.0953012,7.49,1.92533e-06,5244.95
0.0963036,7.562,2.05511e-06,5399.08
0.0973006,7.61,2.00627e-06,5446.95
0.0983112,7.674,1.90099e-06,5587.86
0.0993061,7.75,2.0282e-06,5695.75
0.100315,7.8,1.91498e-06,5716
0.10131,7.85,2.05751e-06,5953.75
0.102313,7.946,1.94578e-06,6291.54
0.103316,8.014,2.11803e-06,6366.9
0.104321,8.1,1.91566e-06,6623
0.105322,8.174,2.0196e-06,6797.86
0.106323,8.27,1.99621e-06,7030.55
0.107327,8.34,2.00653e-06,7198.2
0.108326,8.426,1.95688e-06,7536.26
0.109329,8.508,2.00022e-06,7826.97
0.110328,8.594,2.03567e-06,8260.58
0.111328,8.654,1.94483e-06,8283.14
0.112334,8.744,2.09151e-06,8567.23
0.113336,8.804,1.93341e-06,8646.79
0.11434,8.848,1.97532e-06,8736.45
0.115335,8.91,2.00027e-06,8908.95
0.116344,8.978,1.94248e-06,9194.76
0.117342,9.026,1.9834e-06,9404.66
0.118343,9.062,1.96958e-06,9481.08
0.119345,9.128,1.98668e-06,9665.81
0.120351,9.18,1.96468e-06,9767.8
0.121348,9.236,2.0567e-06,9792.15
0.122356,9.324,1.98898e-06,10075.5
0.123358,9.394,2.06639e-06,10197.4
0.124363,9.478,1.87677e-06,10626.8
0.125371,9.576,2.04365e-06,11138.1
0.12636,9.634,1.80777e-06,11320
0.127365,9.714,2.07743e-06,11510.1
0.128361,9.786,1.98275e-06,11790.1
0.129372,9.854,1.90601e-06,11906.3
0.130367,9.92,2.1143e-06,12222.8
0.131372,9.998,1.79632e-06,12405
0.132375,10.1,2.16197e-06,12461
0.133373,10.17,1.88615e-06,12556.6
0.134386,10.238,2.01782e-06,12802.7
0.135378,10.294,2.03061e-06,12861.8
0.13638,10.354,1.88969e-06,12920.3
0.137388,10.482,2.04008e-06,13266.8
0.138385,10.568,1.94734e-06,13454.7
0.139388,10.664,1.9586e-06,13909.6
0.140387,10.734,2.07054e-06,14139.6
0.141391,10.8,1.9293e-06,14380
0.142392,10.9,2.02684e-06,14707
0.143387,10.998,1.87628e-06,15159
0.144399,11.052,2.01994e-06,15180.6
0.145401,11.148,2.002e-06,15257
0.146401,11.228,1.97896e-06,15574
0.147401,11.32,2.03088e-06,15912.8
0.148407,11.396,1.93365e-06,16249.6
0.149405,11.522,2.01004e-06,17132.8
0.150408,11.622,1.92649e-06,17813.6
0.15141,11.698,2.06486e-06,18097.4
0.152413,11.764,1.96262e-06,18230.2
0.153421,11.876,1.93086e-06,18742.3
0.154414,11.93,2.11224e-06,18848.5
0.155422,12.028,1.84662e-06,19435.6
0.156427,12.126,2.06744e-06,19401.1
0.15742,12.194,1.87378e-06,19858.2
0.158424,12.234,2.07283e-06,20059.6
0.159427,12.314,1.96433e-06,20217.7
0.160434,12.41,2.01933e-06,20464.9
0.16143,12.486,1.96001e-06,21044.9
0.162438,12.594,1.92113e-06,21564.6
0.163431,12.69,2.05148e-06,21824.9
0.164438,12.8,1.84971e-06,22620
0.165443,12.868,2.10769e-06,22757.3
0.166428,12.966,1.87957e-06,23214.4
0.167451,13.06,1.90891e-06,23556.2
0.168443,13.118,2.10359e-06,23732
0.169444,13.188,1.85837e-06,24042.3
0.170452,13.294,2.14491e-06,24461.8
0.17145,13.372,1.93614e-06,25002.8
0.172455,13.502,2.00881e-06,25791
0.173454,13.586,2.04085e-06,26263.3
0.174462,13.72,1.94421e-06,26736.8
0.17546,13.806,2.0168e-06,26926.2
0.176459,13.932,1.91189e-06,27843.7
0.17746,14.042,2.07863e-06,27838.1
0.178466,14.172,1.92191e-06,28625.2
0.17947,14.258,2.13274e-06,28627.7
0.18047,14.34,1.92225e-06,29430.2
0.181476,14.448,1.99151e-06,29959.6
0.182471,14.566,2.06792e-06,31028.8
0.183478,14.7,1.9197e-06,31709
0.184482,14.82,2.01921e-06,32415.8
0.185476,14.906,2.05285e-06,32760.6
0.186484,15.034,1.89952e-06,34448.4
0.187483,15.132,2.00896e-06,34841.3
0.188481,15.264,1.99686e-06,35171.2
0.189491,15.406,1.94466e-06,35872.6
0.190488,15.562,2.06188e-06,36029.1
0.191492,15.67,1.95065e-06,36408.5
0.192498,15.802,2.01974e-06,37021.4
0.193495,15.92,2.01345e-06,37936.8
0.194498,16.01,2.06414e-06,38110.9
0.1955,16.104,1.9667e-06,38766.6
0.196508,16.238,1.8834e-06,39664.7
0.197505,16.352,2.12164e-06,40272
0.198505,16.488,1.81205e-06,41102.9
0.199522,16.602,1.97859e-06,42379.8
0.200519,16.71,1.95257e-06,43002.9
0.201518,16.87,1.98996e-06,44258.6
0.202512,16.964,2.01051e-06,45111.4
0.20352,17.076,1.85836e-06,45599.1
0.204515,17.2,2.13617e-06,46594
0.205518,17.312,1.79915e-06,47027.3
0.206522,17.412,2.19564e-06,47637.1
0.20752,17.57,1.94394e-06,48184.6
0.208533,17.696,1.96567e-06,48289.8
0.209526,17.814,1.98276e-06,49485.7
0.210525,17.94,1.9676e-06,50750.2
0.211534,18.06,2.01986e-06,51000.2
0.212535,18.194,2.01628e-06,51470.2
0.213538,18.352,2.00053e-06,54330
0.214544,18.466,1.99166e-06,54802.4
0.21554,18.6,2.02749e-06,55572
0.216539,18.74,1.93691e-06,56714.2
0.217548,18.88,2.0153e-06,57486.8
0.218544,19.02,1.9785e-06,59137.8
0.219553,19.15,1.91756e-06,59669.8
0.220547,19.282,2.04349e-06,60685.2
0.221551,19.406,1.82797e-06,61098.6
0.22256,19.564,2.14046e-06,62421
0.223552,19.678,1.90218e-06,62909.2
0.224559,19.828,2.08806e-06,64701.2
0.225556,19.928,2.01331e-06,65063.4
0.226569,20.042,1.96059e-06,65830.1
0.227568,20.164,2.05478e-06,66152.6
0.228567,20.318,1.87896e-06,67278.4
0.22957,20.45,1.96669e-06,68291.8
0.230564,20.616,1.98403e-06,69174.3
0.23157,20.808,2.01218e-06,70565.6
0.232578,20.962,1.95425e-06,72338.3
0.233579,21.106,2.09706e-06,73279.4
0.234577,21.28,1.83623e-06,74148.8
0.23558,21.484,2.0531e-06,74730.9
0.236576,21.594,1.93122e-06,76262.6
0.237586,21.716,1.98477e-06,76847.7
0.238584,21.842,1.96762e-06,77458.5
0.239591,21.952,1.9989e-06,78010.8
0.240587,22.096,1.99431e-06,78547.4
0.241593,22.2,1.9622e-06,79562
0.242594,22.326,2.08117e-06,80407.9
0.243598,22.408,1.89081e-06,80700.8
0.244601,22.486,2.1557e-06,80860.9
0.245599,22.584,1.86367e-06,81323.5
0.246608,22.682,2.05074e-06,81904.4
0.247599,22.84,1.90175e-06,82917.2
0.24861,23.006,1.8818e-06,85595
0.249584,23.226,1.90367e-06,87809.5
0.250629,23.388,1.71824e-06,88990.7
0.251614,23.504,2.12839e-06,90235
0.252614,23.708,1.78462e-06,91225.4
0.253618,23.838,2.12394e-06,92475.9
0.254613,23.988,1.89388e-06,93973.9
0.255624,24.192,2.01701e-06,95959.6
0.256624,24.324,2.06141e-06,96685.5
0.257623,24.478,1.95945e-06,97522.8
0.258626,24.672,2.00006e-06,102828
0.259629,24.836,2.05383e-06,103457
0.26063,24.986,1.89822e-06,103879
0.261636,25.156,2.08222e-06,104916
0.262632,25.288,1.90572e-06,105711
0.263642,25.588,1.97638e-06,111405
0.264635,25.714,1.98463e-06,113098
0.265642,25.866,1.87501e-06,113644
0.266635,25.972,2.06705e-06,114134
0.267642,26.112,1.90471e-06,115222
0.268651,26.324,2.0915e-06,118734
0.269648,26.466,1.97058e-06,120734
0.270653,26.652,1.91115e-06,121963
0.27165,26.836,1.99193e-06,123681
0.272649,26.996,1.95166e-06,124430
0.27365,27.178,2.06638e-06,125181
0.274663,27.326,1.89622e-06,127594
0.27566,27.542,2.19447e-06,129804
0.276661,27.688,1.87997e-06,131835
0.277667,28.028,2.10919e-06,135214
0.278666,28.172,1.92213e-06,136249
0.279673,28.364,1.87539e-06,137352
0.280669,28.528,2.10141e-06,137675
0.28167,28.728,1.84799e-06,138953
0.282675,28.946,2.07784e-06,141682
0.283673,29.126,1.97627e-06,142655
0.284681,29.274,1.92006e-06,143515
0.285682,29.466,2.07657e-06,145622
0.286684,29.7,1.88294e-06,147713
0.287682,29.838,2.08526e-06,148300
0.288681,30.026,2.01733e-06,150807
0.289692,30.24,1.90584e-06,154169
0.290695,30.434,2.01621e-06,156949
0.291684,30.682,1.95762e-06,160152
0.292693,30.896,2.02832e-06,163119
0.293698,31.116,2.08104e-06,166061
0.2947,31.276,1.94802e-06,167482
0.295701,31.456,2.01585e-06,169268
0.296704,31.686,1.9048e-06,172518
0.297703,31.86,2.07585e-06,174872
0.298705,32.198,1.88072e-06,177825
0.299709,32.502,2.06532e-06,179357
0.300707,32.71,1.96158e-06,182207
0.301715,33.088,1.90458e-06,187090
0.302713,33.332,2.04523e-06,191117
0.303715,33.49,1.89662e-06,192585
0.30472,33.694,1.99905e-06,195424
0.305719,33.91,2.08765e-06,200045
0.306724,34.104,1.91949e-06,204489
0.307727,34.34,2.06515e-06,206750
0.308724,34.558,1.94269e-06,209103
0.30973,34.864,1.97458e-06,213309
0.310733,35.14,2.04165e-06,214588
0.311734,35.556,2.01532e-06,218671
0.312739,35.788,1.8573e-06,223328
0.313733,36.04,2.13844e-06,232613
0.314737,36.364,1.86769e-06,242854
0.315748,36.676,1.98438e-06,246868
0.316736,36.886,2.08865e-06,248173
0.317743,37.12,1.82864e-06,250869
0.31875,37.338,2.10264e-06,253240
0.319743,37.736,1.94045e-06,256511
0.320754,38.04,2.00147e-06,259775
0.32175,38.286,2.10207e-06,265540
0.322761,38.542,1.90446e-06,266862
0.323759,38.99,2.03179e-06,275305
0.324759,39.226,1.90091e-06,280205
0.32576,39.452,2.08146e-06,283776
0.326763,39.666,1.91843e-06,289999
0.327766,39.968,2.08496e-06,294349
0.328765,40.126,1.95952e-06,297505
0.329773,40.286,2.00379e-06,298980
0.330773,40.682,2.01861e-06,301654
0.331778,41.004,2.08858e-06,307528
0.332754,41.418,1.83006e-06,318302
0.333771,41.72,1.83592e-06,321609
0.334787,42.078,1.85847e-06,325758
0.335787,42.334,1.99376e-06,330575
0.33678,42.708,2.05477e-06,337719
0.337786,43.054,1.86859e-06,342812
0.338782,43.346,2.05242e-06,344319
0.339785,43.62,1.90947e-06,348610
0.340788,43.884,2.06918e-06,352743
0.341797,44.376,1.96004e-06,370861
0.342795,44.722,2.02807e-06,382912
0.343794,45.232,1.88309e-06,396055
0.344796,45.53,2.05241e-06,399987
0.345802,45.806,1.91276e-06,408312
0.346805,46.216,2.02945e-06,412159
0.347805,46.546,1.96717e-06,416060
0.348808,47.108,2.01006e-06,429714
0.34981,47.406,1.99953e-06,432499
0.350815,47.832,1.89886e-06,440776
0.351813,48.138,2.07824e-06,444799
0.352809,48.35,1.88107e-06,448652
0.353821,48.768,2.00806e-06,455285
0.354811,49.118,2.01562e-06,462094
0.355826,49.432,1.86168e-06,464623
0.35682,49.764,2.09802e-06,469938
0.357823,50.404,1.82034e-06,492498
0.358828,50.712,2.15158e-06,504751
0.359825,51.138,1.90144e-06,512883
0.360834,52.082,2.03555e-06,576128
0.361832,52.664,1.92928e-06,596022
0.362834,53.052,1.98303e-06,598687
0.363834,53.326,1.97646e-06,607920
0.364839,53.644,1.99001e-06,622471
0.365839,53.91,2.00448e-06,626951
0.366847,54.358,2.0176e-06,634619
0.367846,54.784,1.99533e-06,644893
0.368848,55.28,1.981e-06,654151
0.369849,55.688,1.94456e-06,662975
0.37085,56.024,2.05985e-06,667704
0.37185,56.558,1.93919e-06,699089
0.372859,56.932,1.99391e-06,704906
0.373854,57.36,1.95494e-06,717549
0.374853,58.012,1.85739e-06,757420
0.375861,58.444,2.07153e-06,762747
0.376856,58.952,1.95591e-06,775771
0.377867,59.462,2.00293e-06,794894
0.378866,59.73,2.05402e-06,800069
0.37987,60.392,1.94223e-06,815239
0.380871,61.052,2.02491e-06,841875
0.381876,61.528,1.99545e-06,854997
0.382875,62.13,1.91589e-06,870561
0.383877,62.71,2.02004e-06,896767
0.384883,63.466,2.02698e-06,942722
0.385881,63.936,1.88907e-06,962646
0.38688,64.558,2.08401e-06,973725
0.387881,65.016,1.93334e-06,985652
0.388886,65.364,2.08368e-06,997088
0.389889,65.742,1.95446e-06,1.00825e+06
0.390897,66.284,1.96477e-06,1.02718e+06
0.391891,66.702,2.02474e-06,1.03845e+06
0.392895,67.142,1.89386e-06,1.05523e+06
0.393896,67.596,2.12493e-06,1.0712e+06
0.394904,68.004,1.84198e-06,1.07761e+06
0.395899,68.928,2.11951e-06,1.10601e+06
0.396902,69.7,1.95788e-06,1.12452e+06
0.397909,70.366,2.08436e-06,1.14825e+06
0.398908,71.184,1.94408e-06,1.1727e+06
0.399917,71.77,1.87621e-06,1.18884e+06
0.400916,72.246,1.95195e-06,1.21096e+06
0.40191,72.832,1.91527e-06,1.22526e+06
0.402917,73.38,2.00827e-06,1.23335e+06
0.403914,73.86,2.0178e-06,1.2373e+06
0.404922,74.352,1.95437e-06,1.24702e+06
0.405923,75.086,2.07306e-06,1.27424e+06
0.406921,75.676,1.87826e-06,1.2899e+06
0.407924,76.148,2.08722e-06,1.31309e+06
0.408925,76.836,1.91914e-06,1.34238e+06
0.409935,77.698,1.9704e-06,1.38696e+06
0.410928,78.054,2.00022e-06,1.40068e+06
0.411938,78.838,1.85849e-06,1.43594e+06
0.412929,79.622,2.11083e-06,1.45599e+06
0.413936,80.146,1.81693e-06,1.46628e+06
0.41494,80.942,2.2168e-06,1.50982e+06
0.415939,81.612,1.88712e-06,1.52659e+06
0.416953,82.54,1.95874e-06,1.5516e+06
0.417943,83.1,2.01873e-06,1.56464e+06
0.418945,83.876,1.88327e-06,1.59652e+06
0.419948,84.47,2.09076e-06,1.61153e+06
0.420945,85.524,1.95515e-06,1.66416e+06
0.421954,86.31,1.94462e-06,1.70062e+06
0.422955,86.838,2.1334e-06,1.71815e+06
0.423957,87.77,1.88299e-06,1.74071e+06
0.424963,88.598,2.03015e-06,1.76285e+06
0.425961,89.456,1.93297e-06,1.80523e+06
0.426965,90.058,2.0438e-06,1.84074e+06
0.427966,90.926,1.97195e-06,1.8797e+06
0.428977,91.62,2.01595e-06,1.91551e+06
0.429969,92.344,1.95963e-06,1.94575e+06
0.430973,93.09,2.00015e-06,1.96273e+06
0.431971,93.948,1.97582e-06,2.01726e+06
0.432974,94.624,1.95681e-06,2.02571e+06
0.433978,95.47,2.05689e-06,2.0428e+06
0.434985,96.2,1.99761e-06,2.08109e+06
0.435985,97.3,1.97083e-06,2.12497e+06
0.436985,98.468,1.979e-06,2.15242e+06
0.43798,99.138,1.98224e-06,2.17795e+06
0.438987,99.888,1.92776e-06,2.19696e+06
0.439988,100.824,2.12102e-06,2.22801e+06
0.440992,101.618,1.81538e-06,2.25423e+06
0.441993,102.76,2.15238e-06,2.27752e+06
0.44299,103.542,1.84632e-06,2.31518e+06
0.444005,104.354,2.04716e-06,2.33758e+06
0.444998,105.462,2.0299e-06,2.37272e+06
0.446007,106.252,1.84849e-06,2.40858e+06
0.447,107.394,2.13579e-06,2.43186e+06
0.448005,108.464,1.82215e-06,2.44354e+06
0.449007,109.132,2.12738e-06,2.48004e+06
0.450006,109.918,1.8411e-06,2.51362e+06
0.451007,110.554,2.09996e-06,2.55725e+06
0.45201,111.398,1.85555e-06,2.57385e+06
0.453022,112.928,2.10871e-06,2.63418e+06
0.454013,114.298,1.94674e-06,2.73072e+06
0.455027,115.676,1.91254e-06,2.82685e+06
0.456021,116.982,2.07404e-06,2.86509e+06
0.457027,118.064,1.88499e-06,2.90153e+06
0.458026,119.148,2.0987e-06,2.97719e+06
0.459025,120.49,1.79452e-06,3.04313e+06
0.460033,121.366,2.09545e-06,3.10022e+06
0.461027,122.746,1.93868e-06,3.12418e+06
0.462037,123.552,1.86499e-06,3.16763e+06
0.46303,124.714,2.13238e-06,3.2239e+06
0.464032,126.164,1.84939e-06,3.31117e+06
0.465044,127.836,2.02167e-06,3.43821e+06
0.46604,129.032,2.01019e-06,3.48952e+06
0.467049,130.458,1.92929e-06,3.57992e+06
0.468042,131.342,2.09242e-06,3.62929e+06
0.469047,132.64,1.86828e-06,3.68236e+06
0.470053,134.36,2.11822e-06,3.8325e+06
0.47105,135.832,1.88469e-06,3.90601e+06
0.472053,137.39,2.01042e-06,3.97671e+06
0.473052,138.638,1.86114e-06,4.02818e+06
0.474055,140.326,2.03905e-06,4.09785e+06
0.475058,141.54,1.95133e-06,4.12955e+06
0.476065,142.508,2.04076e-06,4.16981e+06
0.477064,144.116,1.96437e-06,4.26187e+06
0.478067,145.456,1.95796e-06,4.29177e+06
0.479068,147.108,2.00596e-06,4.42751e+06
0.480069,148.55,1.97865e-06,4.47736e+06
0.481069,150.162,2.00283e-06,4.55188e+06
0.482078,151.77,1.98169e-06,4.69834e+06
0.483076,153.11,2.00226e-06,4.76584e+06
0.484074,154.668,1.94923e-06,4.90166e+06
0.485081,156.694,2.0144e-06,5.09781e+06
0.486082,158.578,2.00483e-06,5.20595e+06
0.48708,160.36,2.01733e-06,5.24663e+06
0.488085,161.56,1.934e-06,5.3903e+06
0.489088,163.75,2.05601e-06,5.49785e+06
0.490088,166.32,1.96037e-06,5.62212e+06
0.491096,167.992,2.0048e-06,5.73494e+06
0.492095,169.65,2.00392e-06,5.85373e+06
0.493099,171.544,1.89165e-06,5.9438e+06
0.494098,173.716,2.08627e-06,6.12903e+06
0.495099,175.596,1.88967e-06,6.25935e+06
0.496106,177.614,1.99962e-06,6.41061e+06
0.497099,179.65,1.78075e-06,6.55486e+06
0.498091,181.656,1.68427e-06,6.67044e+06
0.49907,183.264,1.58687e-06,6.774e+06
0.500119,185.564,2.79688e-06,6.95303e+06
0.501149,187.642,1.59554e-06,7.09588e+06
0.502127,189.378,1.71221e-06,7.14604e+06
0.503119,191.194,1.81285e-06,7.32017e+06
0.504112,193.794,2.0098e-06,7.51421e+06
0.50512,196.15,1.89222e-06,7.68664e+06
0.506121,198.74,2.08317e-06,7.82537e+06
0.507119,200.796,1.89638e-06,7.93986e+06
0.508124,203.356,1.99926e-06,8.03676e+06
0.509123,205.732,2.00365e-06,8.23764e+06
0.510131,208.226,1.9633e-06,8.40543e+06
0.51113,210.186,2.04891e-06,8.46686e+06
0.512133,212.342,1.9386e-06,8.66703e+06
0.513138,214.564,2.0137e-06,8.77641e+06
0.514136,217.266,2.00583e-06,8.99363e+06
0.515137,219.724,2.01171e-06,9.10702e+06
0.516145,221.79,1.94689e-06,9.18114e+06
0.517142,224.062,2.00412e-06,9.34525e+06
0.518141,226.358,1.9834e-06,9.44358e+06
0.51915,229.064,2.00484e-06,9.68672e+06
0.52015,232.172,1.97613e-06,9.85514e+06
0.521151,234.078,2.01089e-06,1.00349e+07
0.522151,238.274,1.95105e-06,1.03268e+07
0.523155,241.716,1.96784e-06,1.05496e+07
0.524154,244.966,2.03542e-06,1.0829e+07
0.525161,248.668,1.95898e-06,1.12299e+07
0.526163,251.592,2.03634e-06,1.14055e+07
0.527167,254.624,1.86218e-06,1.16457e+07
0.528166,257.338,2.01081e-06,1.18676e+07
0.529169,259.736,1.88172e-06,1.2054e+07
0.530166,263.168,2.11901e-06,1.21948e+07
0.531171,265.76,1.8603e-06,1.23873e+07
0.532176,268.432,2.09343e-06,1.25369e+07
0.53317,272.04,1.92477e-06,1.27861e+07
0.534178,274.316,2.00728e-06,1.29346e+07
0.535174,276.672,2.03117e-06,1.31019e+07
0.536187,280.192,1.8531e-06,1.32646e+07
0.537188,283.034,2.13248e-06,1.34473e+07
0.538182,287.154,1.8747e-06,1.35707e+07
0.539192,289.656,1.93842e-06,1.38644e+07
0.540186,292.966,2.09515e-06,1.40538e+07
0.541194,296.588,1.79403e-06,1.43077e+07
0.542192,300.17,2.09608e-06,1.45533e+07
0.543192,303.69,1.87994e-06,1.48125e+07
0.544197,307.198,2.07409e-06,1.49535e+07
0.545191,310.354,1.89935e-06,1.51777e+07
0.546206,314.07,1.94512e-06,1.54713e+07
0.547197,317.218,2.10736e-06,1.58052e+07
0.548208,322.778,1.85918e-06,1.61282e+07
0.549212,326.28,2.09663e-06,1.64496e+07
0.550213,329.724,1.84499e-06,1.67289e+07
0.551211,334.238,2.12998e-06,1.71145e+07
0.552214,338.904,1.81147e-06,1.74609e+07
0.553219,342.818,2.14266e-06,1.76065e+07
0.554212,347.524,1.8441e-06,1.76232e+07
0.555221,351.744,2.03137e-06,1.77411e+07
0.556213,355.886,2.03303e-06,1.79471e+07
0.557229,359.812,1.85092e-06,1.81932e+07
0.558226,364.428,2.14973e-06,1.84274e+07
0.559227,368.654,1.81825e-06,1.86924e+07
0.56023,372.758,2.11742e-06,1.87815e+07
0.561231,377.354,1.93213e-06,1.90732e+07
0.562239,381.266,1.97441e-06,1.93118e+07
0.563234,385.316,1.97383e-06,1.95989e+07
0.564234,389.916,1.97861e-06,1.98182e+07
0.565234,395.184,1.99064e-06,2.00302e+07
0.566241,399.242,2.06213e-06,2.02805e+07
0.567245,402.89,1.95188e-06,2.05119e+07
0.568247,408.838,1.97973e-06,2.11291e+07
0.569245,413.906,2.00161e-06,2.14663e+07
0.570249,417.816,1.96703e-06,2.18522e+07
0.571242,422.29,2.0063e-06,2.20391e+07
0.572253,426.42,1.97126e-06,2.23976e+07
0.573254,432.556,2.04452e-06,2.28196e+07
0.574258,440.712,1.93246e-06,2.34213e+07
0.575256,445.2,2.03699e-06,2.37163e+07
0.576262,453.824,1.88439e-06,2.41325e+07
0.577263,459.322,2.14284e-06,2.45351e+07
0.578264,466.07,1.94602e-06,2.48167e+07
0.579274,473.418,1.9589e-06,2.48988e+07
0.58027,478.752,2.09955e-06,2.50187e+07
0.581274,483.892,1.88853e-06,2.52081e+07
0.582275,490.722,2.01383e-06,2.55205e+07
0.583266,494.742,1.96189e-06,2.58046e+07
0.58428,501.784,1.88821e-06,2.5912e+07
0.585278,508.006,2.21779e-06,2.61001e+07
0.586283,513.774,1.8146e-06,2.65248e+07
0.587289,519.084,2.12164e-06,2.67772e+07
0.58828,524.786,1.8517e-06,2.68373e+07
0.589291,531.406,2.00626e-06,2.71603e+07
0.590283,538.518,1.97229e-06,2.75603e+07
0.591293,544.976,1.93359e-06,2.77973e+07
0.592295,550.284,2.07977e-06,2.78423e+07
0.593298,555.65,1.88104e-06,2.80446e+07
0.594295,561.13,2.06755e-06,2.84269e+07
0.595297,569.078,1.95283e-06,2.88808e+07
0.596304,577.058,2.01949e-06,2.92553e+07
0.597302,583.852,2.01516e-06,2.95809e+07
0.598309,590.264,1.91217e-06,2.98596e+07
0.599303,595.724,1.94756e-06,3.02901e+07
0.600302,601.86,1.87947e-06,3.04241e+07
0.601311,608.842,1.95312e-06,3.06675e+07
0.60231,616.992,2.08339e-06,3.10219e+07
0.603317,624.842,1.95287e-06,3.13042e+07
0.60432,631.484,2.12255e-06,3.16243e+07
0.605314,637.88,1.84304e-06,3.17121e+07
0.606323,644.838,2.12349e-06,3.18472e+07
0.607323,650.938,1.89375e-06,3.18788e+07
0.608328,658.268,2.03032e-06,3.18932e+07
0.609321,666.224,1.95864e-06,3.22347e+07
0.61033,674.196,1.95753e-06,3.24624e+07
0.611332,680.828,2.08079e-06,3.27988e+07
0.612337,688.976,1.93447e-06,3.30063e+07
0.613339,696.78,2.07769e-06,3.31991e+07
0.614338,704.984,1.89126e-06,3.34127e+07
0.615336,715.59,2.02447e-06,3.34538e+07
0.616342,723.522,2.01312e-06,3.36685e+07
0.617344,731.75,1.9183e-06,3.37678e+07
0.618343,740.834,1.99156e-06,3.38963e+07
0.619347,749.28,2.02771e-06,3.40707e+07
0.620348,759.614,1.93273e-06,3.43515e+07
0.621352,765.444,2.05302e-06,3.43911e+07
0.622352,773.498,2.00773e-06,3.47018e+07
0.623362,781.27,1.9548e-06,3.45709e+07
0.624358,789.566,2.06226e-06,3.44007e+07
0.625366,798.402,1.8626e-06,3.44516e+07
0.626365,809.824,1.95314e-06,3.44994e+07
0.62736,818.538,1.99739e-06,3.36477e+07
0.628369,825.36,1.93863e-06,3.37296e+07
0.629369,834.324,2.05109e-06,3.34774e+07
0.63037,843.462,1.95007e-06,3.36676e+07
0.631371,853.026,1.97267e-06,3.3472e+07
0.632372,862.972,1.99468e-06,3.29797e+07
0.633372,870.226,2.01129e-06,3.31788e+07
0.63438,878.604,2.0015e-06,3.34696e+07
0.63538,888.16,1.98284e-06,3.32954e+07
0.636385,897.932,1.97881e-06,3.28605e+07
0.637384,906.078,1.97759e-06,3.30474e+07
0.638387,914.196,1.93531e-06,3.33047e+07
0.639385,922.792,2.03535e-06,3.3197e+07
0.640393,930.498,1.90438e-06,3.30737e+07
0.641391,939.696,2.14643e-06,3.27331e+07
0.642396,945.83,1.81611e-06,3.27495e+07
0.643399,954.93,2.10296e-06,3.28633e+07
0.644393,963.702,1.86735e-06,3.33301e+07
0.645408,972.582,2.01738e-06,3.34298e+07
0.646398,981.256,2.00333e-06,3.269e+07
0.64741,989.06,1.88579e-06,3.28217e+07
0.648405,999.426,2.07487e-06,3.28531e+07
0.649404,1008.82,1.903e-06,3.26736e+07
0.650409,1018.8,2.00011e-06,3.20816e+07
0.651411,1029.14,2.01005e-06,3.16268e+07
0.652414,1037.62,1.96765e-06,3.19684e+07
0.653414,1046.59,2.02473e-06,3.17877e+07
0.654417,1055.52,1.91489e-06,3.18967e+07
0.655423,1064.5,2.05643e-06,3.16553e+07
0.656425,1073.16,1.87958e-06,3.14097e+07
0.657424,1082.81,2.0286e-06,3.09165e+07
0.658422,1091.96,1.96302e-06,3.09692e+07
0.65943,1100.92,2.0713e-06,3.08053e+07
0.660433,1111.29,1.90281e-06,3.01236e+07
0.661437,1119.77,2.06343e-06,2.99424e+07
0.662433,1127.84,1.86801e-06,2.98263e+07
0.663439,1137.38,2.05637e-06,2.97807e+07
0.664432,1148.15,2.0094e-06,2.89608e+07
0.665432,1158.57,1.8439e-06,2.87964e+07
0.666448,1168.03,1.82128e-06,2.80979e+07
0.667465,1178.21,1.84161e-06,2.77004e+07
0.668441,1188.16,2.05778e-06,2.7667e+07
0.669446,1198.51,2.02395e-06,2.73465e+07
0.670446,1207.28,2.00609e-06,2.74814e+07
0.671454,1217.88,1.95529e-06,2.6362e+07
0.672452,1227.51,2.08288e-06,2.6104e+07
0.673456,1235.98,1.91685e-06,2.57342e+07
0.674459,1245.52,2.08291e-06,2.57376e+07
0.67546,1255.41,1.89556e-06,2.58555e+07
0.67646,1265.1,2.03627e-06,2.57833e+07
0.677458,1274.41,1.89369e-06,2.59302e+07
0.678469,1283.66,2.10289e-06,2.56603e+07
0.679464,1292.56,2.00003e-06,2.57161e+07
0.680475,1302.47,1.9364e-06,2.50805e+07
0.681469,1312.91,2.10581e-06,2.44568e+07
0.682475,1322.11,1.83564e-06,2.4301e+07
0.683483,1332.02,2.08337e-06,2.43933e+07
0.684471,1341.05,1.99778e-06,2.40166e+07
0.685482,1351.03,1.87119e-06,2.38999e+07
0.686486,1361.54,2.13125e-06,2.35502e+07
0.68748,1371.26,1.86008e-06,2.35899e+07
0.688485,1380.27,2.00916e-06,2.36688e+07
0.689486,1388.37,2.03944e-06,2.35055e+07
0.690489,1397.13,1.97489e-06,2.3415e+07
0.691495,1408.1,1.93491e-06,2.26913e+07
0.692491,1417.51,2.06982e-06,2.26024e+07
0.693495,1428.61,1.9217e-06,2.21447e+07
0.6945,1439.3,2.08769e-06,2.20084e+07
0.695499,1448.82,2.00349e-06,2.21519e+07
0.696504,1459.04,1.89527e-06,2.19354e+07
0.697506,1470.01,2.04679e-06,2.12435e+07
0.698503,1480.05,1.91045e-06,2.08942e+07
0.699512,1489.01,1.95409e-06,2.1037e+07
0.700509,1497.81,2.06665e-06,2.09602e+07
0.701513,1507.95,1.88238e-06,2.06676e+07
0.702516,1516.72,2.07139e-06,2.06089e+07
0.703514,1526.52,1.90712e-06,2.00699e+07
0.704518,1537.86,2.01084e-06,1.99554e+07
0.705519,1548.28,1.94365e-06,1.95988e+07
0.706521,1559.03,2.07817e-06,1.92251e+07
0.707525,1569.94,2.03072e-06,1.91459e+07
0.708535,1580.47,1.95572e-06,1.88552e+07
0.709523,1589.96,2.01254e-06,1.88319e+07
0.710527,1601.34,1.90473e-06,1.85885e+07
0.711538,1611.08,2.00631e-06,1.84163e+07
0.712536,1621.94,2.08628e-06,1.76621e+07
0.713535,1633.21,1.86806e-06,1.73071e+07
0.714537,1643.61,2.08303e-06,1.71437e+07
0.715538,1654.55,1.92556e-06,1.71077e+07
0.716546,1665.45,1.97871e-06,1.67287e+07
0.717544,1675.98,2.08263e-06,1.67857e+07
0.718548,1686.29,1.84878e-06,1.67617e+07
0.719549,1696.22,2.0997e-06,1.68152e+07
0.720545,1706.05,1.87611e-06,1.68092e+07
0.721553,1717.79,1.91505e-06,1.6532e+07
0.722552,1727.18,2.10939e-06,1.64227e+07
0.723558,1736.49,1.87715e-06,1.64163e+07
0.724558,1747,2.18407e-06,1.59682e+07
0.725556,1756.21,1.90449e-06,1.59104e+07
0.726569,1765.18,2.06942e-06,1.5924e+07
0.72757,1775.15,1.9539e-06,1.58412e+07
0.728569,1785.65,2.00157e-06,1.54841e+07
0.729565,1795.46,1.90936e-06,1.53964e+07
0.73057,1805.17,1.97051e-06,1.54715e+07
0.731568,1815.12,2.1009e-06,1.52247e+07
0.732577,1826.3,1.89545e-06,1.54496e+07
0.733584,1837.39,2.07125e-06,1.52168e+07
0.734577,1847.65,1.87914e-06,1.52055e+07
0.735584,1856.88,1.9868e-06,1.51275e+07
0.736576,1867.32,1.97032e-06,1.50931e+07
0.737587,1877.24,1.90908e-06,1.48848e+07
0.738583,1887.43,2.07668e-06,1.47885e+07
0.739588,1897.9,1.90119e-06,1.46325e+07
0.740589,1907.94,2.04467e-06,1.45343e+07
0.741592,1918.89,2.0073e-06,1.43782e+07
0.742595,1930.35,1.95507e-06,1.42155e+07
0.743595,1940.05,2.06588e-06,1.41216e+07
0.744594,1950.92,2.02483e-06,1.3984e+07
0.745605,1960.46,1.89016e-06,1.39638e+07
0.746601,1969.81,2.12379e-06,1.38287e+07
0.747605,1979.56,1.7826e-06,1.39199e+07
0.748605,1988.84,2.11154e-06,1.38568e+07
0.74959,1998.74,1.71226e-06,1.37773e+07
0.750635,2009.86,1.91203e-06,1.38693e+07
0.751608,2019.83,1.89628e-06,1.38304e+07
0.752619,2030.71,1.90614e-06,1.356e+07
0.753611,2040.67,2.0512e-06,1.35285e+07
0.75462,2050.95,1.86928e-06,1.32662e+07
0.755617,2061.31,2.15088e-06,1.32107e+07
0.756621,2071.8,1.88702e-06,1.31437e+07
0.757625,2081.83,2.08278e-06,1.31534e+07
0.758626,2092.7,1.9625e-06,1.28631e+07
0.759631,2104.07,2.005e-06,1.27162e+07
0.760628,2114.89,1.99106e-06,1.24144e+07
0.761635,2125.45,1.97789e-06,1.22999e+07
0.762632,2137.09,1.9798e-06,1.22642e+07
0.763643,2147.81,1.9338e-06,1.21936e+07
0.764639,2158.43,2.0498e-06,1.20892e+07
0.765641,2168.07,1.83385e-06,1.20997e+07
0.76664,2178.7,2.08697e-06,1.18772e+07
0.76764,2189.67,1.96945e-06,1.17256e+07
0.768649,2200.99,2.00797e-06,1.16775e+07
0.769654,2211.92,1.98753e-06,1.16965e+07
0.770648,2222.7,1.97458e-06,1.16157e+07
0.771652,2233.03,1.87537e-06,1.14736e+07
0.772651,2243.76,2.04795e-06,1.13107e+07
0.77365,2254.18,1.96529e-06,1.10616e+07
0.774663,2265.03,2.00421e-06,1.11374e+07
0.77566,2275.23,2.09225e-06,1.09476e+07
0.776667,2285.77,1.9022e-06,1.08234e+07
0.777659,2295.81,2.14164e-06,1.06923e+07
0.778668,2306.1,1.8232e-06,1.0796e+07
0.779671,2316.35,2.0438e-06,1.07202e+07
0.780665,2326.58,1.91767e-06,1.06772e+07
0.781675,2337.72,1.98225e-06,1.0534e+07
0.782671,2347.88,2.00385e-06,1.0378e+07
0.78368,2357.49,1.93958e-06,1.02453e+07
0.784679,2367.13,2.0273e-06,1.00797e+07
0.785674,2377.95,1.98835e-06,9.9685e+06
0.78668,2388.32,1.99629e-06,9.97112e+06
0.787683,2398.83,2.02157e-06,9.89792e+06
0.788685,2408.67,2.02649e-06,9.83441e+06
0.789693,2419.86,1.96477e-06,9.75988e+06
0.790692,2430.69,1.99087e-06,9.50786e+06
0.791686,2440.56,1.96874e-06,9.4285e+06
0.792699,2451,1.93605e-06,9.34757e+06
0.793697,2462.43,2.20576e-06,9.1554e+06
0.794701,2472.05,1.80024e-06,9.01869e+06
0.795704,2482.46,2.14388e-06,8.89511e+06
0.796699,2493.03,1.85321e-06,8.73705e+06
0.797707,2504.45,2.02124e-06,8.61703e+06
0.7987,2514.79,1.99186e-06,8.48032e+06
0.7997,2525.34,1.9562e-06,8.29549e+06
0.800696,2535.61,1.9865e-06,8.2571e+06
0.801714,2545.28,1.81297e-06,8.24526e+06
0.802713,2556.1,2.11781e-06,8.27168e+06
0.803711,2566.69,1.88659e-06,8.07631e+06
0.804719,2576.57,1.96258e-06,8.00433e+06
0.80572,2586.86,2.05594e-06,7.85613e+06
0.806723,2596.52,2.01376e-06,7.7897e+06
0.807721,2606.5,2.01238e-06,7.76004e+06
0.808727,2617.14,1.94688e-06,7.6589e+06
0.80973,2627.2,2.07117e-06,7.49683e+06
0.810728,2637.64,1.94618e-06,7.43339e+06
0.811738,2647.86,1.99364e-06,7.38385e+06
0.812735,2658.78,2.01774e-06,7.36766e+06
0.813735,2669.7,1.90145e-06,7.19429e+06
0.814743,2679.53,2.04579e-06,7.18152e+06
0.815736,2690.12,2.02073e-06,7.15766e+06
0.816741,2701.45,1.91399e-06,7.05304e+06
0.817747,2711.33,2.05409e-06,6.95236e+06
0.818743,2721.51,1.98407e-06,6.99856e+06
0.819749,2731.77,1.91836e-06,7.02348e+06
0.820749,2741.69,2.12728e-06,6.9422e+06
0.821753,2752.36,1.92438e-06,6.88723e+06
0.822759,2762.73,2.07814e-06,6.8579e+06
0.82376,2772.36,1.91116e-06,6.81516e+06
0.824758,2783.03,2.0263e-06,6.71462e+06
0.825757,2793,1.93367e-06,6.54033e+06
0.826764,2803.19,2.04665e-06,6.46671e+06
0.827764,2813.3,2.0111e-06,6.45116e+06
0.828768,2823.02,1.93557e-06,6.37654e+06
0.829767,2832.89,2.14463e-06,6.28847e+06
0.830774,2842.95,1.86455e-06,6.24362e+06
0.831776,2852.77,2.10153e-06,6.25452e+06
0.832768,2863.11,1.90569e-06,6.02331e+06
0.83379,2873.11,1.88024e-06,5.98644e+06
0.834776,2883.26,2.11251e-06,5.85389e+06
0.83578,2893.31,1.84673e-06,5.75364e+06
0.836787,2903.53,2.05439e-06,5.60321e+06
0.837781,2913.94,1.91386e-06,5.53953e+06
0.838788,2923.79,1.95914e-06,5.45742e+06
0.839784,2933.27,2.00947e-06,5.36316e+06
0.840792,2942.98,1.9758e-06,5.29259e+06
0.841794,2952.96,2.06438e-06,5.25455e+06
0.842799,2963.3,1.87733e-06,5.11473e+06
0.843791,2974.62,2.06897e-06,4.95392e+06
0.844796,2985.28,1.8447e-06,4.88933e+06
0.845804,2995.5,2.10093e-06,4.76953e+06
0.846798,3005.16,1.93476e-06,4.70728e+06
0.847805,3015.09,1.95866e-06,4.66173e+06
0.848808,3025.44,2.06458e-06,4.61593e+06
0.849811,3035.06,1.92451e-06,4.5936e+06
0.850813,3045.14,2.00786e-06,4.49933e+06
0.851812,3054.99,1.93193e-06,4.47989e+06
0.852817,3065.07,2.03246e-06,4.35554e+06
0.853818,3075.11,1.97412e-06,4.32352e+06
0.854817,3085.21,2.00752e-06,4.21523e+06
0.855819,3094.96,2.00989e-06,4.18458e+06
0.856831,3105.25,1.87476e-06,4.09286e+06
0.857827,3114.51,2.03388e-06,4.06941e+06
0.858828,3124.18,1.93373e-06,4.01949e+06
0.859832,3134.71,2.06488e-06,3.95573e+06
0.860831,3144.18,1.95984e-06,3.882e+06
0.861834,3154.4,1.93615e-06,3.8801e+06
0.862831,3164.27,2.04952e-06,3.84764e+06
0.863838,3174.03,1.88833e-06,3.82289e+06
0.864841,3183.36,2.03062e-06,3.75993e+06
0.865833,3192.99,2.02377e-06,3.65781e+06
0.866846,3202.75,1.89037e-06,3.6212e+06
0.867844,3212.81,2.16074e-06,3.5361e+06
0.868847,3222.06,1.79907e-06,3.53985e+06
0.869852,3230.95,2.11395e-06,3.47893e+06
0.870847,3240.71,1.91411e-06,3.40241e+06
0.871857,3250.1,1.98362e-06,3.35387e+06
0.872853,3259.43,2.07237e-06,3.3158e+06
0.873858,3268.2,1.81276e-06,3.28051e+06
0.874848,3277.13,2.03525e-06,3.1716e+06
0.875856,3286.27,1.88611e-06,3.08172e+06
0.876861,3296.06,2.0696e-06,3.00568e+06
0.877863,3305.34,1.9824e-06,2.94114e+06
0.878871,3314.85,2.06178e-06,2.87877e+06
0.879867,3323.42,1.9633e-06,2.86317e+06
0.880874,3333.26,1.99509e-06,2.8742e+06
0.881876,3342.61,1.96392e-06,2.81232e+06
0.882876,3351.85,1.98728e-06,2.78957e+06
0.883874,3360.73,1.94132e-06,2.72784e+06
0.884884,3370.21,2.00548e-06,2.68059e+06
0.885879,3379.35,1.97241e-06,2.62831e+06
0.886883,3388.4,1.9349e-06,2.57287e+06
0.887885,3397.46,2.0895e-06,2.53379e+06
0.888891,3405.98,1.94917e-06,2.47743e+06
0.889891,3415.17,2.033e-06,2.41878e+06
0.89089,3424,2.00431e-06,2.3763e+06
0.891893,3433.01,1.95696e-06,2.32528e+06
0.892892,3441.72,2.00523e-06,2.28413e+06
0.893896,3450.69,1.99999e-06,2.24811e+06
0.894897,3459.39,2.02578e-06,2.17844e+06
0.895898,3467.67,1.91578e-06,2.12847e+06
0.896903,3475.88,2.12204e-06,2.08664e+06
0.897905,3484.37,1.94818e-06,2.04106e+06
0.898909,3492.98,2.06565e-06,2.01321e+06
0.899904,3500.83,1.91003e-06,1.98208e+06
0.900913,3509.19,2.03051e-06,1.89287e+06
0.901907,3516.84,1.89901e-06,1.91737e+06
0.902918,3525.14,2.00015e-06,1.87955e+06
0.903915,3533.36,2.05355e-06,1.84534e+06
0.904917,3541.89,1.92992e-06,1.82044e+06
0.905924,3549.48,2.07896e-06,1.80536e+06
0.906918,3556.86,1.92398e-06,1.77848e+06
0.907927,3564.94,1.95088e-06,1.75473e+06
0.908933,3573.01,2.05452e-06,1.73328e+06
0.909928,3581.16,1.93753e-06,1.69566e+06
0.910931,3589.11,1.94687e-06,1.70713e+06
0.911937,3597.67,2.01988e-06,1.62984e+06
0.91293,3605.13,1.9197e-06,1.60689e+06
0.91394,3613.31,2.00217e-06,1.56957e+06
0.914933,3621.28,2.08098e-06,1.53032e+06
0.915947,3628.69,1.85479e-06,1.51992e+06
0.916951,3636.07,2.11243e-06,1.49354e+06
0.917945,3643.58,1.85435e-06,1.48281e+06
0.918946,3650.58,2.03186e-06,1.44324e+06
0.919946,3658.33,1.95994e-06,1.40855e+06
0.920952,3666.26,2.04534e-06,1.36405e+06
0.921952,3673.31,1.93717e-06,1.31666e+06
0.922961,3680.51,2.09809e-06,1.27485e+06
0.923957,3687.62,1.87056e-06,1.24857e+06
0.924963,3694.89,2.04292e-06,1.22906e+06
0.925956,3702.24,1.97099e-06,1.20751e+06
0.926962,3709.44,1.94834e-06,1.17157e+06
0.927965,3716.7,2.02574e-06,1.12218e+06
0.928967,3724.38,2.00165e-06,1.04982e+06
0.929971,3731.21,1.96617e-06,1.03789e+06
0.930976,3737.98,1.99606e-06,984553
0.931974,3744.65,1.98304e-06,967376
0.93297,3751.12,1.9651e-06,924396
0.933978,3757.79,2.06676e-06,888076
0.934981,3764.07,2.00875e-06,876567
0.935983,3770.77,1.97707e-06,849588
0.936981,3777.27,1.96248e-06,817031
0.937982,3782.85,1.97584e-06,786573
0.938986,3788.75,1.92046e-06,745393
0.939992,3794.48,2.03238e-06,733555
0.940989,3800.2,1.98103e-06,711203
0.941996,3806.5,1.90837e-06,670331
0.94299,3812.5,2.11118e-06,648635
0.944,3818.72,1.82194e-06,621013
0.944999,3824.43,2.24607e-06,603444
0.945996,3829.31,1.77383e-06,595133
0.947008,3835.49,2.08728e-06,571307
0.947998,3840.89,1.9535e-06,549445
0.949008,3846.44,1.89741e-06,547255
0.950006,3851.91,2.06687e-06,512206
0.951008,3857.28,1.8798e-06,491402
0.952015,3862.31,2.03967e-06,475075
0.953014,3867.97,2.04491e-06,460334
0.954021,3873.13,1.88467e-06,433931
0.955018,3877.73,2.08684e-06,417832
0.956023,3883.06,1.9383e-06,398968
0.957025,3887.86,2.03828e-06,376997
0.958028,3892.52,1.92806e-06,366075
0.959029,3897.16,1.95463e-06,343018
0.960024,3901.7,1.9889e-06,338262
0.961034,3906.22,1.93043e-06,318528
0.962032,3910.46,2.0597e-06,304406
0.963035,3914.99,1.86425e-06,285383
0.96404,3919.49,2.07365e-06,271749
0.965035,3923.71,1.98006e-06,252063
0.966043,3928.04,1.90059e-06,239401
0.967044,3932.45,2.13412e-06,223886
0.968043,3935.81,1.93268e-06,216387
0.969048,3939.43,1.96119e-06,208835
0.970048,3943.11,2.08093e-06,197309
0.971053,3946.09,1.86414e-06,194048
0.972055,3949.49,2.01928e-06,177035
0.973053,3952.65,1.87999e-06,172380
0.974057,3955.55,2.03081e-06,170152
0.975057,3958.94,2.00599e-06,156819
0.976064,3962.03,1.99686e-06,145119
0.977067,3964.73,1.98062e-06,131294
0.978067,3967.4,1.99529e-06,119298
0.979068,3969.87,1.93237e-06,109069
0.980069,3972.81,2.07119e-06,98094.2
0.981069,3974.9,1.95207e-06,92730.2
0.982077,3977.55,2.01165e-06,85067.6
0.983072,3979.57,1.97821e-06,73704.8
0.98408,3981.99,1.90838e-06,64676.9
0.985077,3984.22,2.14519e-06,55378.7
0.986083,3986.21,1.86008e-06,48028.4
0.987086,3988.03,2.10771e-06,43031.5
0.988087,3989.5,1.9351e-06,38239
0.989091,3991.06,2.03983e-06,32565.1
0.990088,3992.5,2.01436e-06,28483
0.991091,3993.93,2.05179e-06,22923.4
0.992098,3995,1.77404e-06,17464
0.993093,3995.79,2.36197e-06,15144.1
0.994095,3996.5,1.29042e-06,12835
0.995113,3997.24,2.75735e-06,8660.23
0.996068,3997.88,7.4636e-07,6281.27
0.997152,3998.39,5.58567e-07,4916.95
0.998036,3998.71,4.34496e-07,3808.95
0.999125,3998.88,3.13844e-08,3564.04
1,3998.92,0,3460.47
0.493837,173.6,2.77275,3.62814e+06
13.9752,-1,-1,-1
