0,1,0,0
0.00106464,2.028,2.14908e-08,13.608
0.00212743,2.104,1.67588e-07,46.592
0.00304543,2.188,2.66698e-07,78.328
0.00410492,2.276,3.37907e-07,103.912
0.00507465,2.392,1.37976e-06,129.168
0.00608541,2.514,5.99216e-07,144.902
0.00709656,2.628,1.13892e-06,152.808
0.00808795,2.744,8.7319e-07,143.232
0.00909507,2.88,9.5552e-07,122.8
0.010093,2.964,9.81719e-07,125.352
0.0110993,3.018,9.47897e-07,112.838
0.0120994,3.094,1.01601e-06,118.582
0.0131001,3.134,9.18449e-07,132.022
0.0141051,3.18,9.68649e-07,143.8
0.0151037,3.248,9.77289e-07,153.248
0.0161105,3.306,8.86574e-07,172.182
0.0171085,3.362,1.03607e-06,181.478
0.0181086,3.416,9.3146e-07,225.472
0.0191169,3.484,9.62196e-07,262.872
0.020114,3.536,9.74189e-07,300.352
0.0211175,3.606,9.399e-07,339.382
0.0221203,3.666,1.01214e-06,357.222
0.0231226,3.736,9.46333e-07,379.152
0.0241257,3.79,9.84951e-07,390.95
0.0251268,3.84,9.59664e-07,391.2
0.0261293,3.912,9.2879e-07,414.128
0.0271291,3.98,1.01401e-06,483.8
0.0281338,4.032,9.19728e-07,515.488
0.0291321,4.114,9.94486e-07,574.502
0.0301359,4.188,9.35664e-07,602.328
0.0311384,4.244,9.98761e-07,640.232
0.0321406,4.3,9.30605e-07,653
0.0331457,4.366,9.89626e-07,698.022
0.0341415,4.434,9.37801e-07,728.822
0.0351474,4.508,9.13773e-07,786.968
0.036146,4.566,1.01808e-06,820.822
0.0371476,4.632,9.19491e-07,858.288
0.0381523,4.724,9.42336e-07,893.912
0.0391528,4.794,9.78099e-07,949.782
0.0401568,4.854,9.2301e-07,1010.34
0.0411612,4.93,9.66316e-07,1006.55
0.0421564,5.016,1.00311e-06,1033.87
0.0431635,5.084,8.956e-07,1098.47
0.0441643,5.144,1.02616e-06,1183.63
0.045165,5.226,9.32704e-07,1267.46
0.0461694,5.286,1.00037e-06,1284.1
0.0471686,5.36,9.25668e-07,1375.2
0.0481742,5.422,9.65408e-07,1423.96
0.0491731,5.482,9.93894e-07,1538.84
0.0501793,5.578,9.05899e-07,1595.96
0.0511788,5.646,1.02932e-06,1642.34
0.0521798,5.694,9.39428e-07,1732.18
0.0531833,5.748,9.28187e-07,1778.25
0.0541846,5.808,9.91494e-07,1827.57
0.055186,5.866,9.52572e-07,1882.02
0.0561918,5.946,9.28743e-07,1903.54
0.0571902,6.016,9.78213e-07,2091.87
0.0581894,6.082,9.5582e-07,2155.64
0.0591955,6.182,9.88942e-07,2290.44
0.0601954,6.268,9.41178e-07,2378.09
0.0612003,6.322,9.26447e-07,2409.16
0.0621996,6.392,9.74665e-07,2523.17
0.0632,6.464,9.49095e-07,2646.35
0.0642062,6.562,1.00303e-06,2695.08
0.0652045,6.618,9.87233e-07,2776.04
0.0662116,6.688,9.22445e-07,2887.33
0.0672084,6.774,1.01802e-06,2981.46
0.0682115,6.848,8.75923e-07,3008.45
0.0692129,6.898,1.0438e-06,3099.8
0.0702142,6.996,9.22558e-07,3269.99
0.0712188,7.076,9.91414e-07,3395.11
0.0722168,7.146,9.70973e-07,3544.34
0.0732209,7.216,9.6201e-07,3694.67
0.0742253,7.284,9.35305e-07,3801.67
0.075226,7.348,1.02216e-06,3841.45
0.0762283,7.398,9.07522e-07,3843.8
0.0772287,7.466,9.96474e-07,3956.42
0.0782309,7.53,9.41674e-07,4034.55
0.0792347,7.596,1.02157e-06,4120.39
0.0802357,7.678,9.43356e-07,4383.16
0.0812392,7.8,9.57783e-07,4672
0.0822387,7.89,9.4919e-07,4876.95
0.0832404,7.984,9.56009e-07,5021.87
0.0842423,8.05,9.9944e-07,5063.75
0.0852467,8.14,9.11614e-07,5150.2
0.0862492,8.246,9.73995e-07,5354.74
0.0872481,8.328,9.6092e-07,5450.21
0.0882498,8.432,9.77825e-07,5656.69
0.089256,8.514,9.46394e-07,5728.9
0.0902564,8.596,1.00259e-06,5958.39
0.0912532,8.712,9.17451e-07,6074.53
0.0922618,8.808,9.81772e-07,6077.57
0.0932613,8.884,9.54146e-07,6233.27
0.0942657,8.98,9.26197e-07,6437.8
0.0952667,9.046,9.55616e-07,6691.94
0.0962678,9.116,9.80972e-07,6851.27
0.0972688,9.198,9.47552e-07,6941.4
0.0982741,9.306,9.47465e-07,7074.18
0.0992727,9.398,9.91615e-07,7213.8
0.10028,9.486,9.51405e-07,7286.9
0.101279,9.574,9.61521e-07,7454.26
0.102282,9.638,9.93389e-07,7541.48
0.103282,9.71,9.60243e-07,7644.95
0.104287,9.844,9.50845e-07,7891.83
0.105286,9.896,9.55872e-07,8048.59
0.106289,10.002,9.2025e-07,8227
0.107289,10.128,9.78679e-07,8355.81
0.10829,10.206,9.68153e-07,8405.78
0.109295,10.316,9.5933e-07,8590.07
0.110298,10.41,9.63434e-07,8708.95
0.111296,10.484,9.61648e-07,9052.87
0.112303,10.572,9.02921e-07,9092.41
0.113301,10.752,1.0477e-06,9589.25
0.114301,10.828,8.99433e-07,9825.21
0.115309,10.91,9.61158e-07,10066.9
0.116305,11.022,1.02028e-06,10096.8
0.117309,11.11,9.1269e-07,10388.9
0.118316,11.192,9.95386e-07,10445.6
0.119312,11.31,9.67542e-07,10703
0.120317,11.414,9.0866e-07,10881.3
0.121316,11.514,1.03572e-06,11454.9
0.122321,11.638,8.68614e-07,11679.5
0.123327,11.75,1.03425e-06,11765.8
0.124321,11.884,9.06374e-07,12113.3
0.125335,12.016,9.14725e-07,12351.9
0.126324,12.164,1.00733e-06,12752.6
0.127333,12.254,8.95136e-07,12872.7
0.128334,12.336,1.07566e-06,12873.6
0.129335,12.392,8.68392e-07,13035.2
0.130338,12.496,1.01131e-06,13295
0.131335,12.612,9.39111e-07,13486.7
0.132342,12.742,9.57205e-07,14023.7
0.133344,12.898,9.79493e-07,14007.8
0.134344,13.004,9.32747e-07,14352
0.135345,13.086,1.00165e-06,14679.3
0.136345,13.202,9.45412e-07,15126.6
0.137353,13.356,9.79028e-07,15658.6
0.138348,13.494,9.4846e-07,16017
0.139357,13.642,9.30011e-07,16434.9
0.140357,13.794,1.02701e-06,16567.8
0.141358,13.92,8.85751e-07,16780.8
0.142357,14.002,9.75554e-07,17149
0.143354,14.08,9.23294e-07,17266.8
0.144364,14.238,9.84322e-07,17990.7
0.145367,14.386,1.00206e-06,18322.5
0.146369,14.518,9.50669e-07,18694.8
0.147373,14.668,9.63019e-07,19778.9
0.148372,14.784,9.65601e-07,19918.7
0.149373,14.91,9.35518e-07,20043
0.150376,15.052,9.94444e-07,20296.6
0.151379,15.204,9.43891e-07,20709.2
0.152381,15.288,9.42529e-07,20750.5
0.153381,15.446,1.01622e-06,20997.5
0.154384,15.63,9.34414e-07,22776.6
0.155392,15.778,9.4494e-07,23152.4
0.156387,15.88,1.00426e-06,23248.8
0.157392,15.99,8.90294e-07,23848.9
0.158391,16.15,1.05773e-06,24429.8
0.159393,16.282,8.82052e-07,24753.2
0.1604,16.462,9.6434e-07,26602.3
0.161394,16.578,9.91571e-07,27526
0.162401,16.752,9.05176e-07,28311.2
0.163403,16.89,1.04888e-06,28530.9
0.164406,17.032,9.24051e-07,28699.5
0.165408,17.208,9.77224e-07,29040.4
0.1664,17.374,9.34151e-07,30619.1
0.167415,17.558,9.45475e-07,31189.3
0.168414,17.732,9.92354e-07,31846.1
0.169416,17.896,9.4535e-07,32970.6
0.170418,18.058,9.25136e-07,32907.3
0.171418,18.23,9.78718e-07,33512.6
0.172418,18.382,9.08468e-07,33852
0.173423,18.566,9.97821e-07,35794.8
0.174422,18.722,9.8562e-07,36060.4
0.175429,18.93,9.60007e-07,37572.6
0.176424,19.098,9.69697e-07,38230.2
0.177431,19.272,9.41577e-07,38887
0.178436,19.42,9.932e-07,39361.8
0.179437,19.678,9.3126e-07,40923.2
0.180436,19.82,9.37263e-07,41349.8
0.181439,20.02,9.90458e-07,42199.8
0.182442,20.236,9.84732e-07,42214.2
0.183444,20.438,9.12031e-07,42399.1
0.184446,20.612,9.56909e-07,43358.7
0.185442,20.828,9.355e-07,44299.2
0.18645,21.066,9.49394e-07,45886.8
0.187446,21.316,1.00309e-06,47160.1
0.188452,21.48,9.03274e-07,47686.8
0.189456,21.686,1.01266e-06,48107.7
0.190452,21.86,9.13624e-07,48560.2
0.191459,22.002,9.71152e-07,49375
0.19246,22.23,9.83292e-07,50176.6
0.193464,22.494,9.80783e-07,51653
0.194464,22.776,9.33779e-07,53870.9
0.195468,23.048,9.96168e-07,55140.8
0.196469,23.206,9.37285e-07,56351.8
0.197473,23.494,9.3266e-07,57209
0.198472,23.724,9.77868e-07,58261.9
0.199482,23.964,9.23732e-07,59273.4
0.200486,24.134,9.39096e-07,60096
0.201482,24.37,9.62153e-07,60170.5
0.202479,24.64,9.86255e-07,61467.2
0.203482,24.854,9.25889e-07,63576.3
0.204484,25.078,1.01591e-06,65542
0.205484,25.408,9.44612e-07,68264.8
0.206493,25.706,9.65973e-07,69609.8
0.207488,25.922,9.60588e-07,70986
0.208497,26.204,9.33602e-07,71683.2
0.20949,26.414,9.93001e-07,72697.3
0.210496,26.674,9.02345e-07,73999.9
0.211499,26.882,1.06224e-06,76782
0.212501,27.076,8.66575e-07,78331.1
0.213506,27.314,1.05037e-06,78343.7
0.214502,27.574,9.2335e-07,82196.3
0.215512,27.872,9.42592e-07,84715.8
0.216505,28.168,1.00869e-06,97571.9
0.21751,28.538,8.99429e-07,100362
0.218516,28.822,9.91333e-07,103253
0.219513,29.062,9.52441e-07,104439
0.220515,29.354,9.60738e-07,105984
0.221518,29.652,9.61525e-07,108229
0.222528,29.974,9.39622e-07,112645
0.223523,30.362,9.86093e-07,115781
0.224523,30.672,9.20535e-07,119318
0.225526,31.132,9.91472e-07,125399
0.226528,31.468,9.59594e-07,126808
0.227535,31.862,9.64648e-07,129127
0.228532,32.222,9.76673e-07,132142
0.229537,32.612,9.62949e-07,136879
0.230535,32.944,9.55216e-07,138108
0.23154,33.258,9.62903e-07,140724
0.232538,33.528,9.6787e-07,146291
0.233544,33.982,9.43856e-07,153467
0.234546,34.38,1.00391e-06,154012
0.235547,34.84,9.05626e-07,155573
0.23655,35.194,9.96053e-07,157834
0.237548,35.5,9.61316e-07,160907
0.238555,35.816,9.29495e-07,165105
0.239559,36.242,9.94031e-07,174016
0.240555,36.58,9.51601e-07,177086
0.241559,37.078,9.04166e-07,184368
0.242562,37.458,1.0047e-06,188382
0.24356,37.742,9.22e-07,190392
0.244568,38.138,9.69143e-07,199523
0.245566,38.472,9.91634e-07,204071
0.246571,38.816,9.35514e-07,205847
0.247573,39.118,1.00357e-06,208452
0.248575,39.636,8.86659e-07,214854
0.249565,40.15,9.44302e-07,221696
0.250586,40.616,9.10973e-07,227938
0.251578,41.026,9.24044e-07,235151
0.252578,41.372,9.78452e-07,237583
0.253582,41.788,9.65908e-07,243718
0.254583,42.23,1.01436e-06,249663
0.255587,42.712,9.06285e-07,258527
0.256593,43.248,1.02402e-06,262887
0.257587,43.744,9.07478e-07,268115
0.258598,44.366,9.09175e-07,280950
0.259593,44.846,9.96954e-07,290565
0.260596,45.28,9.11917e-07,292535
0.261598,45.896,9.95659e-07,302815
0.262601,46.506,9.64407e-07,314541
0.263604,47.076,9.33191e-07,321339
0.264604,47.652,9.79523e-07,337573
0.265603,48.266,9.61827e-07,345836
0.266608,48.938,9.42105e-07,352509
0.26761,49.452,9.93134e-07,354176
0.268611,49.95,9.46449e-07,355490
0.269617,50.71,9.36447e-07,385205
0.270616,51.248,1.00365e-06,388729
0.271618,51.932,9.08499e-07,400698
0.272616,52.488,1.00736e-06,408281
0.273622,52.968,9.80736e-07,417945
0.274629,53.86,9.29871e-07,453022
0.275627,54.626,9.9931e-07,462047
0.276626,55.164,9.32909e-07,471987
0.27763,55.68,9.62786e-07,480463
0.278633,56.362,9.76193e-07,491741
0.279637,56.992,9.53356e-07,503170
0.28064,57.688,9.57473e-07,515291
0.281635,58.372,1.00266e-06,528689
0.28264,59.14,8.88993e-07,538088
0.283646,59.848,1.03241e-06,551818
0.284642,60.546,9.08217e-07,556104
0.285655,61.202,9.22732e-07,570751
0.286645,62.082,9.97858e-07,609124
0.287653,62.93,8.77391e-07,625105
0.288651,63.606,1.05475e-06,626877
0.289656,64.644,9.03516e-07,644471
0.290658,65.69,1.02971e-06,656565
0.291655,66.83,9.1377e-07,699587
0.292663,67.658,9.77686e-07,706999
0.29366,68.446,9.41561e-07,713452
0.294668,69.516,9.7134e-07,735521
0.295666,70.462,1.02257e-06,758432
0.296669,71.606,8.93638e-07,801069
0.297673,72.6,1.01946e-06,811698
0.29867,73.34,9.54194e-07,828058
0.299675,74.202,9.30484e-07,841021
0.300677,75.548,9.98384e-07,897268
0.301679,76.558,9.32229e-07,917553
0.302682,77.8,9.56063e-07,931994
0.303682,78.828,9.48918e-07,949499
0.304685,79.958,9.71522e-07,994534
0.305689,81.076,9.41608e-07,1.0082e+06
0.306688,82.492,1.01186e-06,1.05298e+06
0.307693,83.534,9.24908e-07,1.08797e+06
0.308696,84.544,1.00226e-06,1.10061e+06
0.309693,85.682,9.31506e-07,1.13169e+06
0.310699,87.256,9.44844e-07,1.17568e+06
0.311699,88.278,9.91844e-07,1.20742e+06
0.312704,89.668,9.4309e-07,1.24679e+06
0.313704,90.948,9.82655e-07,1.25637e+06
0.314707,92.426,9.65423e-07,1.31778e+06
0.315708,94.344,9.17184e-07,1.37241e+06
0.316708,95.792,9.40707e-07,1.42265e+06
0.317709,97.58,9.63378e-07,1.51209e+06
0.318715,99.346,9.75221e-07,1.59872e+06
0.319714,100.714,9.65549e-07,1.63077e+06
0.320716,103.238,9.14444e-07,1.72079e+06
0.321718,104.728,9.90312e-07,1.77134e+06
0.322722,106.39,9.78059e-07,1.83071e+06
0.323726,108.528,9.31619e-07,1.90936e+06
0.324722,110.196,1.0164e-06,1.97175e+06
0.325727,112.584,9.20053e-07,2.10773e+06
0.326731,113.864,1.03687e-06,2.13074e+06
0.327731,115.784,9.08129e-07,2.21479e+06
0.328736,117.71,9.77516e-07,2.31779e+06
0.329734,119.42,9.33345e-07,2.34962e+06
0.330739,121.524,9.27135e-07,2.42478e+06
0.331741,123.688,1.05187e-06,2.46763e+06
0.332725,125.794,8.73617e-07,2.5763e+06
0.33374,128.866,8.41875e-07,2.72485e+06
0.334752,131.846,9.34333e-07,2.79186e+06
0.335746,134.732,9.3354e-07,2.93145e+06
0.336751,137.182,1.02479e-06,3.16031e+06
0.337748,140.04,9.62967e-07,3.38657e+06
0.338757,142.5,8.9943e-07,3.46599e+06
0.339754,145.458,1.05171e-06,3.6725e+06
0.340756,148.424,8.58357e-07,3.82224e+06
0.341762,151.192,1.03943e-06,4.00919e+06
0.342759,154.834,9.06148e-07,4.1351e+06
0.343765,158.324,1.00264e-06,4.32353e+06
0.344761,161.236,9.10493e-07,4.43747e+06
0.345768,165.868,9.89864e-07,4.64179e+06
0.346766,169.44,9.77242e-07,4.85618e+06
0.347777,172.636,8.90977e-07,4.97119e+06
0.348771,176.344,1.04902e-06,5.14493e+06
0.349775,180.402,8.9384e-07,5.45979e+06
0.35078,184.332,1.005e-06,5.78102e+06
0.351778,188.224,9.30348e-07,6.07327e+06
0.352779,193.74,9.55222e-07,6.70978e+06
0.353782,197.732,9.62882e-07,6.86661e+06
0.354784,202.708,9.96604e-07,7.40951e+06
0.355787,207.476,9.59196e-07,7.63799e+06
0.356794,211.494,9.96881e-07,7.84079e+06
0.35779,215.258,9.46777e-07,8.08116e+06
0.358797,219.726,8.9091e-07,8.33623e+06
0.359792,224.558,1.04967e-06,8.63427e+06
0.360796,230.638,8.96473e-07,9.12622e+06
0.361803,236.348,9.48273e-07,9.43927e+06
0.362798,240.502,1.00618e-06,9.73475e+06
0.3638,246.432,8.96484e-07,1.00786e+07
0.36481,251.954,9.83016e-07,1.03379e+07
0.365804,257.922,9.9426e-07,1.09617e+07
0.366812,263.474,8.61434e-07,1.13489e+07
0.367812,269.716,1.0863e-06,1.18946e+07
0.368813,275.846,8.4942e-07,1.22478e+07
0.369819,282.936,1.02085e-06,1.27629e+07
0.370812,289.626,8.97916e-07,1.33002e+07
0.371822,296.572,9.5933e-07,1.36461e+07
0.372822,303.88,1.01622e-06,1.39234e+07
0.373825,310.618,9.39587e-07,1.42263e+07
0.37482,318.79,9.57509e-07,1.49116e+07
0.375827,328.434,9.44711e-07,1.5619e+07
0.37683,335.35,9.63551e-07,1.60224e+07
0.377832,344.822,9.7238e-07,1.66672e+07
0.378833,354.358,9.5676e-07,1.72943e+07
0.379837,364.502,9.82626e-07,1.80881e+07
0.380835,374.726,9.23901e-07,1.8881e+07
0.381842,382.72,9.98131e-07,1.94485e+07
0.382839,393.426,9.58042e-07,2.03126e+07
0.383846,403.228,9.40638e-07,2.07426e+07
0.384848,414.404,1.01433e-06,2.11064e+07
0.385847,423.52,8.92721e-07,2.15889e+07
0.386853,436.41,1.00661e-06,2.23975e+07
0.387848,447.714,9.36363e-07,2.27381e+07
0.388852,458.752,9.65866e-07,2.3245e+07
0.389855,470.132,9.70941e-07,2.42183e+07
0.390857,481.994,9.4766e-07,2.45858e+07
0.39186,492.98,1.01357e-06,2.48158e+07
0.392864,505.024,9.05843e-07,2.5277e+07
0.393864,517.834,9.93322e-07,2.57026e+07
0.394865,531.318,9.08198e-07,2.66825e+07
0.395866,542.846,9.89861e-07,2.74021e+07
0.396866,556.688,9.25643e-07,2.78118e+07
0.397872,572.66,1.0057e-06,2.86265e+07
0.398873,583.966,9.28053e-07,2.90572e+07
0.399881,597.074,9.21493e-07,2.93642e+07
0.400881,610.892,9.65531e-07,2.96973e+07
0.401881,629.71,9.3311e-07,3.10269e+07
0.402883,641.296,9.7572e-07,3.18245e+07
0.403885,658.542,9.63186e-07,3.21022e+07
0.404887,672.218,9.55421e-07,3.25349e+07
0.405888,690.366,9.50541e-07,3.28563e+07
0.406888,706.176,9.53283e-07,3.37208e+07
0.407893,723.56,9.52963e-07,3.43525e+07
0.408892,739.502,1.00356e-06,3.45262e+07
0.409896,756.754,9.13296e-07,3.48542e+07
0.410896,772.872,1.00671e-06,3.52883e+07
0.411899,789.552,9.44303e-07,3.513e+07
0.412904,805.982,9.6011e-07,3.4961e+07
0.413905,825.158,9.59059e-07,3.53839e+07
0.414905,844.544,9.47569e-07,3.44796e+07
0.415909,863.668,9.76772e-07,3.4274e+07
0.416913,882.934,9.54785e-07,3.42289e+07
0.417912,902.07,9.62455e-07,3.39853e+07
0.418913,920.13,9.57011e-07,3.3975e+07
0.419915,937.372,9.40788e-07,3.3629e+07
0.420917,952.458,1.03206e-06,3.32361e+07
0.421919,974.794,9.35967e-07,3.27306e+07
0.422922,991.694,9.70545e-07,3.25592e+07
0.423921,1011.67,9.49854e-07,3.22455e+07
0.424926,1032.21,9.58659e-07,3.20752e+07
0.425927,1051.71,9.76313e-07,3.14952e+07
0.426931,1073.47,9.42454e-07,3.10686e+07
0.427935,1095.29,9.94419e-07,2.98406e+07
0.428939,1113.12,9.6617e-07,2.9385e+07
0.429937,1131.83,9.64877e-07,2.85013e+07
0.43094,1154.59,9.68242e-07,2.73303e+07
0.43194,1171.69,9.53234e-07,2.66743e+07
0.432942,1188.16,9.57387e-07,2.68792e+07
0.433942,1210.41,9.56704e-07,2.58318e+07
0.434948,1232.59,9.73208e-07,2.42408e+07
0.435947,1254.84,1.00309e-06,2.20584e+07
0.436952,1275.69,9.46675e-07,2.14344e+07
0.437954,1294.86,9.69041e-07,2.0752e+07
0.438953,1313.08,9.37784e-07,1.99471e+07
0.439957,1330.65,9.45931e-07,1.95981e+07
0.440957,1348.86,9.71842e-07,1.92983e+07
0.441961,1368.8,9.7457e-07,1.85112e+07
0.442963,1385.21,9.6519e-07,1.80454e+07
0.443963,1407.08,9.30465e-07,1.72367e+07
0.444968,1423.53,9.80016e-07,1.70614e+07
0.445966,1441.47,9.62849e-07,1.63006e+07
0.446971,1460.61,9.35262e-07,1.59431e+07
0.447971,1478.91,9.79997e-07,1.54522e+07
0.448972,1496.06,9.52459e-07,1.53759e+07
0.449975,1512.73,9.71679e-07,1.48333e+07
0.450974,1529.9,9.53058e-07,1.44299e+07
0.451982,1549.46,9.37493e-07,1.38869e+07
0.452981,1566.17,1.01433e-06,1.37819e+07
0.453984,1586.58,8.86931e-07,1.32247e+07
0.454991,1604.22,1.02061e-06,1.29371e+07
0.455987,1620.61,9.62107e-07,1.23509e+07
0.456989,1637.84,9.46292e-07,1.20223e+07
0.457993,1654.34,9.83976e-07,1.20359e+07
0.458995,1672.55,9.60956e-07,1.14364e+07
0.459997,1690.3,9.44239e-07,1.05246e+07
0.460998,1706.02,9.70959e-07,1.03914e+07
0.461998,1723.87,9.39096e-07,1.00119e+07
0.463001,1741.83,9.49974e-07,9.4883e+06
0.464006,1756.87,9.87066e-07,9.35195e+06
0.465005,1773.09,9.54849e-07,9.10136e+06
0.46601,1789.66,9.04884e-07,8.98269e+06
0.467008,1803.44,1.02273e-06,8.93143e+06
0.468009,1818.55,9.12072e-07,8.83289e+06
0.469016,1835.54,9.87218e-07,8.72389e+06
0.470013,1850.59,9.63066e-07,8.5682e+06
0.471021,1866.33,9.07642e-07,8.19948e+06
0.472018,1881.84,1.00662e-06,8.06359e+06
0.473021,1897.91,9.56772e-07,7.92739e+06
0.474025,1913.68,9.36084e-07,7.72795e+06
0.475024,1929.24,9.8402e-07,7.60205e+06
0.476027,1945.17,9.41193e-07,7.33997e+06
0.477032,1961.44,9.91283e-07,7.08627e+06
0.47803,1976.08,9.6668e-07,6.92134e+06
0.479038,1992.12,9.5795e-07,6.56003e+06
0.480034,2005.92,9.9399e-07,6.54062e+06
0.481039,2020.96,8.83355e-07,6.35458e+06
0.48204,2036.05,1.0631e-06,6.10592e+06
0.483041,2050.58,8.84212e-07,6.1251e+06
0.484045,2065.9,9.96004e-07,5.81553e+06
0.485046,2081.16,9.37698e-07,5.68116e+06
0.48605,2096.5,9.69126e-07,5.62582e+06
0.487048,2111.39,9.41124e-07,5.42824e+06
0.488054,2126.57,9.79321e-07,5.35767e+06
0.489053,2141.73,9.96573e-07,5.22289e+06
0.490058,2156.86,9.2986e-07,5.05692e+06
0.491059,2171.86,1.01399e-06,4.92675e+06
0.492058,2186.09,8.79676e-07,4.89183e+06
0.493064,2201.51,1.01218e-06,4.78314e+06
0.49406,2216.31,9.56427e-07,4.55793e+06
0.49507,2229.72,9.53797e-07,4.48985e+06
0.496068,2243.91,9.74712e-07,4.38964e+06
0.497073,2257.92,8.32143e-07,4.32521e+06
0.498059,2270.32,8.20895e-07,4.3078e+06
0.499053,2283.53,7.41309e-07,4.18582e+06
0.500079,2297.96,1.546e-06,4.07079e+06
0.501099,2311.24,7.4452e-07,4.01622e+06
0.502093,2325.89,8.30964e-07,3.91342e+06
0.503079,2340.88,8.39641e-07,3.93026e+06
0.504084,2354.84,9.77549e-07,3.91026e+06
0.505082,2368.96,9.51254e-07,3.69554e+06
0.506092,2381.87,9.56798e-07,3.57078e+06
0.507088,2395.97,1.01044e-06,3.50595e+06
0.508094,2409.64,8.78215e-07,3.4503e+06
0.509093,2422.83,1.01262e-06,3.39247e+06
0.510094,2435.73,9.28885e-07,3.34322e+06
0.5111,2448.84,9.95648e-07,3.25986e+06
0.512098,2461.59,9.76533e-07,3.16433e+06
0.513104,2474.19,9.44896e-07,3.06975e+06
0.514102,2486.72,9.65633e-07,3.01742e+06
0.515106,2499.42,9.38874e-07,3.06584e+06
0.516107,2511.98,9.95239e-07,2.99478e+06
0.517111,2525.2,8.83368e-07,2.92017e+06
0.518113,2537.89,1.0607e-06,2.87411e+06
0.519113,2550.48,8.82147e-07,2.7803e+06
0.520118,2562.54,9.91954e-07,2.6853e+06
0.521114,2574.86,9.56403e-07,2.64866e+06
0.522122,2587.6,9.67298e-07,2.59129e+06
0.52312,2599.59,9.89864e-07,2.5702e+06
0.524125,2612.35,9.4011e-07,2.49464e+06
0.525128,2624.91,9.84912e-07,2.44254e+06
0.526127,2636.84,9.40282e-07,2.40016e+06
0.527131,2648.75,9.53904e-07,2.36925e+06
0.528134,2660.84,1.00573e-06,2.27472e+06
0.529131,2672.41,9.0726e-07,2.23409e+06
0.530139,2684.06,9.61783e-07,2.19035e+06
0.531136,2695.08,9.89872e-07,2.15066e+06
0.532143,2706.78,9.1134e-07,2.1574e+06
0.533144,2718.61,1.02057e-06,2.15282e+06
0.534142,2729.76,9.06974e-07,2.15944e+06
0.535147,2741.13,9.53492e-07,2.08861e+06
0.536147,2751.6,9.84885e-07,2.04626e+06
0.537151,2762.64,9.48223e-07,2.03297e+06
0.538154,2772.89,9.38043e-07,1.9709e+06
0.539154,2784.69,9.71321e-07,1.95619e+06
0.540156,2795.2,9.43773e-07,1.87845e+06
0.541157,2805.42,9.57923e-07,1.8733e+06
0.542159,2816.5,9.83491e-07,1.84728e+06
0.543163,2827.58,9.4544e-07,1.80054e+06
0.544165,2838.71,9.59004e-07,1.75887e+06
0.545161,2849.98,1.02147e-06,1.73871e+06
0.546168,2859.91,8.87592e-07,1.73203e+06
0.547171,2870.91,1.01366e-06,1.69934e+06
0.548171,2881.32,9.40439e-07,1.68758e+06
0.549178,2891.24,9.52679e-07,1.64842e+06
0.550177,2900.82,9.70105e-07,1.68524e+06
0.55118,2911.01,9.55749e-07,1.65036e+06
0.552181,2920.85,9.79939e-07,1.61548e+06
0.553181,2930.71,9.34084e-07,1.58089e+06
0.554186,2940.43,9.62194e-07,1.52831e+06
0.555184,2950.07,9.79179e-07,1.48643e+06
0.556189,2959.68,9.27346e-07,1.44256e+06
0.55719,2969.68,9.65248e-07,1.41499e+06
0.558191,2978.93,9.76202e-07,1.37525e+06
0.559196,2988.46,9.74058e-07,1.37781e+06
0.560195,2997.77,9.45373e-07,1.36444e+06
0.561199,3007.14,9.37599e-07,1.37307e+06
0.562198,3016.28,9.69067e-07,1.37371e+06
0.5632,3026.14,9.45472e-07,1.34201e+06
0.564205,3035.2,1.00349e-06,1.31718e+06
0.565204,3044.19,9.73475e-07,1.2959e+06
0.56621,3053.82,9.55976e-07,1.2939e+06
0.56721,3063.17,9.57737e-07,1.24395e+06
0.568212,3071.89,9.52423e-07,1.19446e+06
0.569212,3080.74,9.69135e-07,1.20209e+06
0.570215,3089.45,9.62355e-07,1.18317e+06
0.571213,3098.31,9.64671e-07,1.15309e+06
0.572217,3107.31,9.89212e-07,1.12223e+06
0.573221,3116.04,9.43311e-07,1.11633e+06
0.574225,3124.12,9.76368e-07,1.10557e+06
0.575226,3132.18,9.58701e-07,1.10552e+06
0.576231,3140.55,9.49346e-07,1.08054e+06
0.57723,3149.07,9.7047e-07,1.08144e+06
0.578233,3157.66,9.35405e-07,1.06626e+06
0.579235,3166.38,1.03234e-06,1.0648e+06
0.580238,3174.56,9.42057e-07,1.06331e+06
0.58124,3182.99,9.56281e-07,1.0469e+06
0.58224,3190.56,9.61382e-07,1.02161e+06
0.583239,3198.52,9.56581e-07,1.01056e+06
0.584244,3206.13,9.74275e-07,999400
0.585247,3213.9,9.48016e-07,976425
0.586247,3221.88,9.58042e-07,966860
0.587248,3229.87,9.61308e-07,941120
0.588253,3238.19,9.42864e-07,904334
0.589256,3245.72,1.00768e-06,867004
0.590256,3253.22,9.11347e-07,847388
0.59126,3260.57,1.00532e-06,804119
0.592259,3267.84,9.51996e-07,794668
0.593264,3274.87,9.52168e-07,762407
0.594264,3281.94,9.46737e-07,773349
0.595266,3288.89,9.57766e-07,776321
0.596267,3296.29,9.61883e-07,757679
0.597269,3303.24,9.75756e-07,746961
0.598271,3309.81,9.31545e-07,726016
0.599271,3317.09,9.61702e-07,733865
0.600272,3323.85,9.20302e-07,730789
0.601279,3331.25,9.33472e-07,717302
0.60228,3338.1,1.00273e-06,712094
0.603287,3345.26,9.26795e-07,688929
0.604286,3351.92,9.91791e-07,686283
0.605287,3358.78,9.07871e-07,663348
0.606288,3365.6,9.93478e-07,671010
0.607288,3372.25,9.04293e-07,662625
0.608293,3378.56,1.01348e-06,670961
0.609295,3384.75,9.45821e-07,668022
0.610297,3391.58,9.72791e-07,642634
0.6113,3398.1,9.61947e-07,643779
0.612304,3404.27,9.36181e-07,638127
0.6133,3410.32,1.00814e-06,629062
0.614305,3416.86,8.91465e-07,612650
0.615304,3422.9,1.01096e-06,619470
0.616306,3429.02,9.42498e-07,622986
0.617313,3435,9.57346e-07,619340
0.61831,3440.74,9.97897e-07,614637
0.619317,3446.76,9.27161e-07,608362
0.620315,3452.63,9.82858e-07,609461
0.621319,3458.51,9.57429e-07,604085
0.62232,3464.06,9.72381e-07,596408
0.623322,3469.92,9.64991e-07,592557
0.624325,3475.71,9.41255e-07,586643
0.625332,3481.92,9.61437e-07,562424
0.626327,3487.3,9.3524e-07,555788
0.62733,3492.57,1.02016e-06,551656
0.62833,3498.08,9.63414e-07,535477
0.62934,3503.63,8.99035e-07,518198
0.630333,3509.25,1.02304e-06,513402
0.631339,3514.81,8.51052e-07,498849
0.63234,3519.85,1.08571e-06,486269
0.63334,3525.17,8.61247e-07,477801
0.634348,3530.37,9.93984e-07,466128
0.635342,3535.3,9.84097e-07,454982
0.636352,3540.59,8.95943e-07,441403
0.637354,3545.53,1.00251e-06,428979
0.638349,3550.81,9.54575e-07,417139
0.639356,3555.9,8.93506e-07,418675
0.64036,3560.74,1.04669e-06,417811
0.641356,3565.46,8.93209e-07,414782
0.642362,3570.16,9.44422e-07,410538
0.643358,3575.07,9.94964e-07,393945
0.644365,3579.66,9.60851e-07,392633
0.645368,3584.46,9.94743e-07,392340
0.64637,3588.98,9.67045e-07,388173
0.647373,3593.62,9.56534e-07,374289
0.648375,3598.16,9.27933e-07,368939
0.649372,3602.55,1.00768e-06,367540
0.650378,3607.23,8.92097e-07,367828
0.651381,3611.84,1.05057e-06,359869
0.652375,3616.63,8.89842e-07,355273
0.653386,3621.05,9.79851e-07,350022
0.654384,3625.55,9.87192e-07,350644
0.655391,3629.95,9.15694e-07,341472
0.656387,3634.38,1.00025e-06,332532
0.657393,3638.73,9.08675e-07,319944
0.65839,3642.93,1.04048e-06,314228
0.659396,3646.62,8.55408e-07,310466
0.660398,3650.62,1.05241e-06,304312
0.661395,3654.81,9.01227e-07,297349
0.662405,3658.69,9.63545e-07,293310
0.663401,3662.6,1.02496e-06,292160
0.664406,3666.7,9.39575e-07,289080
0.6654,3670.53,9.27504e-07,290177
0.666412,3674.35,8.42308e-07,284074
0.667427,3677.86,8.75441e-07,276851
0.668411,3681.69,1.04508e-06,269080
0.669414,3685.34,9.26397e-07,269593
0.670418,3689.15,9.36597e-07,266578
0.671416,3692.78,9.77426e-07,269892
0.672421,3696.33,9.043e-07,268441
0.673421,3699.9,1.03413e-06,255969
0.674425,3703.47,9.19229e-07,252392
0.67543,3707.18,1.01558e-06,249280
0.676427,3710.81,9.30426e-07,246067
0.67743,3713.93,9.77911e-07,242722
0.678434,3717.58,9.90705e-07,238415
0.679436,3721.05,9.13979e-07,238844
0.680438,3724.21,9.65181e-07,236332
0.681437,3727.93,9.77666e-07,232909
0.682443,3731.22,9.63107e-07,230077
0.683444,3734.73,9.40083e-07,225865
0.684444,3738.15,9.15993e-07,221374
0.685445,3741.34,9.63071e-07,222472
0.686448,3744.56,9.82126e-07,218253
0.687448,3747.46,9.39516e-07,211968
0.688453,3750.65,9.91988e-07,209525
0.689453,3753.76,9.45054e-07,204814
0.690459,3756.92,9.2898e-07,207053
0.691456,3760.05,1.00046e-06,197052
0.692459,3763.07,9.28292e-07,194466
0.693464,3765.9,1.00991e-06,195666
0.694463,3768.71,9.4544e-07,192324
0.695467,3771.97,9.70341e-07,188027
0.69647,3774.95,9.49289e-07,187665
0.69747,3777.84,9.56717e-07,189131
0.698473,3780.67,9.28622e-07,187461
0.699475,3783.34,9.9696e-07,183630
0.700477,3786.18,9.32706e-07,179472
0.701482,3788.86,9.51314e-07,179088
0.702479,3791.57,1.0187e-06,179916
0.703483,3794.47,8.94522e-07,178330
0.704486,3797.16,1.02117e-06,174159
0.705484,3799.76,9.70006e-07,173553
0.706492,3802.6,9.4195e-07,172608
0.707489,3805.27,9.75684e-07,171297
0.708497,3807.63,9.14413e-07,165245
0.709494,3810.14,1.03002e-06,162255
0.710496,3812.53,9.00436e-07,159175
0.711501,3814.98,1.05798e-06,153341
0.712499,3817.48,8.76171e-07,150679
0.713507,3820.03,9.95431e-07,151063
0.714497,3822.55,9.22464e-07,148166
0.71551,3824.96,9.10045e-07,144350
0.716506,3827.26,1.0305e-06,141181
0.717512,3829.64,8.9044e-07,137731
0.718517,3831.81,1.00011e-06,134731
0.719513,3834.16,9.59987e-07,132853
0.720515,3836.37,9.51411e-07,130713
0.721519,3838.53,9.74845e-07,129947
0.722522,3840.87,9.65883e-07,128340
0.723526,3843.05,9.31004e-07,128953
0.724525,3845.13,9.98612e-07,127687
0.725523,3847.29,9.29459e-07,126969
0.72653,3849.43,9.80883e-07,125027
0.727536,3851.38,1.00703e-06,123994
0.728534,3853.37,9.0929e-07,121561
0.729536,3855.47,1.00426e-06,117226
0.730535,3857.45,9.38093e-07,115028
0.731541,3859.37,9.44432e-07,114740
0.732542,3861.34,9.95489e-07,112350
0.733544,3863.32,9.42842e-07,109135
0.734549,3865.25,9.59693e-07,106509
0.735548,3867.24,9.80301e-07,104854
0.736548,3869.03,9.36731e-07,102581
0.737551,3870.81,9.59483e-07,100812
0.738554,3872.75,1.00118e-06,99721.8
0.739556,3874.46,9.09311e-07,97786.2
0.740559,3876.12,9.9945e-07,95938.3
0.741554,3877.91,9.08658e-07,93465.8
0.742565,3879.68,9.06684e-07,92206.8
0.743559,3881.34,1.01857e-06,91821.6
0.744565,3883.1,9.11323e-07,89387.8
0.745569,3884.82,1.01187e-06,87541.2
0.74657,3886.65,9.66342e-07,87765.1
0.747574,3888.33,9.796e-07,86582.2
0.748574,3889.97,9.19672e-07,85382.7
0.749566,3891.44,9.08119e-07,84489.1
0.750587,3893.13,9.46892e-07,83725.3
0.751577,3894.65,8.91295e-07,83502
0.752579,3896.19,1.00216e-06,80771.7
0.753581,3897.76,9.34592e-07,79952.2
0.754586,3899.26,9.91683e-07,78207.2
0.755585,3900.85,9.6726e-07,76807.1
0.756592,3902.44,9.22899e-07,74569.3
0.75759,3903.79,1.00594e-06,72463
0.758593,3905.28,9.06352e-07,71226.4
0.759597,3906.74,9.47839e-07,68742.7
0.760593,3908.2,9.9665e-07,66177.2
0.761597,3909.45,9.29131e-07,65699.6
0.762604,3910.74,9.60282e-07,64543.2
0.763602,3912.06,9.93484e-07,62700.2
0.764605,3913.51,9.06239e-07,62326.9
0.765606,3914.93,1.00448e-06,60751.4
0.766608,3916.28,9.42874e-07,59734.4
0.767614,3917.51,9.66356e-07,58340.9
0.768612,3918.89,9.61344e-07,55758.9
0.769617,3920.26,9.60043e-07,54151.2
0.770616,3921.63,9.58402e-07,53504.5
0.77162,3922.77,9.78529e-07,52514.6
0.772617,3923.99,9.64179e-07,51200
0.773624,3925.08,9.5868e-07,49374.8
0.774626,3926.34,9.91986e-07,49233.6
0.775629,3927.62,9.23653e-07,47421.8
0.776629,3928.82,9.83462e-07,47898.5
0.777624,3929.87,9.40931e-07,47595.3
0.778634,3931.09,9.6018e-07,47849.8
0.779637,3932.23,9.59947e-07,47418.5
0.780639,3933.3,9.50611e-07,46003.4
0.781636,3934.34,9.92327e-07,45603.9
0.782643,3935.42,8.96698e-07,44376.1
0.783647,3936.56,1.01027e-06,43283.2
0.78464,3937.62,9.41395e-07,42072.3
0.78565,3938.63,9.24719e-07,40861.1
0.786646,3939.67,1.04991e-06,40559.2
0.787651,3940.76,8.69526e-07,41210.2
0.788653,3941.75,1.06103e-06,40467.8
0.789656,3942.78,9.01542e-07,39198.7
0.790662,3943.77,9.94556e-07,38676.6
0.791655,3944.72,9.31168e-07,38432.8
0.792664,3945.77,9.61104e-07,38372
0.793659,3946.68,9.65229e-07,37697.2
0.794668,3947.66,9.45933e-07,37205.9
0.795668,3948.45,1.01633e-06,36815.8
0.79667,3949.54,9.24374e-07,36144.3
0.797673,3950.48,9.87094e-07,35692.9
0.79867,3951.39,9.64891e-07,35797.2
0.799666,3952.27,9.38909e-07,34720.1
0.800671,3953.14,9.23001e-07,34113.6
0.80168,3954.08,9.79979e-07,32529.6
0.80268,3954.89,9.32071e-07,32320.5
0.803683,3955.8,9.37094e-07,31216
0.804684,3956.6,9.93095e-07,30447.6
0.805688,3957.47,9.34458e-07,29828.7
0.806688,3958.14,9.77591e-07,29264.9
0.807692,3959.03,9.82877e-07,28231.6
0.808693,3959.74,9.69907e-07,27903.2
0.8097,3960.47,9.14689e-07,27528.6
0.810696,3961.09,1.01344e-06,26918.1
0.8117,3961.81,9.04645e-07,26033.7
0.812706,3962.53,1.00445e-06,26176.5
0.813702,3963.12,9.51331e-07,25585.6
0.81471,3963.89,9.36627e-07,25367.7
0.815706,3964.53,9.5731e-07,25140.6
0.816708,3965.24,9.14157e-07,24224.7
0.81771,3965.84,9.80725e-07,23953.9
0.818713,3966.5,9.88479e-07,23977
0.819716,3967.12,9.36881e-07,23634.8
0.820715,3967.78,9.31922e-07,22748.9
0.821716,3968.4,9.93263e-07,22424.2
0.822721,3969.05,9.41759e-07,21972.6
0.823728,3969.63,9.70566e-07,21500.8
0.824723,3970.17,9.59827e-07,21363.2
0.82573,3970.75,9.8608e-07,20996.7
0.826729,3971.31,9.99549e-07,20561.3
0.827734,3971.84,9.11325e-07,20455.8
0.828734,3972.25,9.79625e-07,20096.7
0.829734,3972.8,9.23939e-07,19818.6
0.830736,3973.41,9.46228e-07,19187.3
0.831738,3973.89,9.94e-07,18433.7
0.832737,3974.39,9.40621e-07,18426.5
0.833752,3974.95,9.33627e-07,18076.8
0.834744,3975.51,9.79052e-07,17693
0.835746,3976.07,9.22271e-07,17130.8
0.836749,3976.51,1.0495e-06,16573
0.837751,3977.03,9.0372e-07,15989.6
0.838758,3977.53,9.92358e-07,15600.7
0.839752,3977.97,9.64815e-07,15265.6
0.84076,3978.47,8.84155e-07,14964.6
0.841761,3978.91,1.05626e-06,14700.1
0.84276,3979.32,8.90972e-07,14465.5
0.843765,3979.77,1.00151e-06,14223.5
0.84476,3980.21,9.46432e-07,13731.5
0.845768,3980.63,9.32247e-07,13538.3
0.846771,3981.1,1.01123e-06,13347.4
0.847771,3981.52,9.44533e-07,12702.7
0.848774,3981.91,9.43154e-07,12608.6
0.849776,3982.25,9.94324e-07,12350.7
0.850779,3982.66,9.33237e-07,12050.8
0.85178,3983.04,9.6615e-07,11845
0.852779,3983.43,9.62269e-07,11648.5
0.853784,3983.85,9.50101e-07,11550.3
0.854785,3984.27,1.00147e-06,11102.1
0.855788,3984.63,9.86825e-07,10672.8
0.856798,3985.02,9.21964e-07,10248.8
0.857795,3985.4,9.7979e-07,10090.4
0.858794,3985.73,8.85014e-07,9870.09
0.859795,3986.09,1.02967e-06,9858.13
0.860795,3986.41,9.29369e-07,9685.3
0.861804,3986.68,9.46842e-07,9356.8
0.862799,3986.96,9.77565e-07,9193.03
0.863807,3987.27,9.4616e-07,9018.55
0.864807,3987.62,1.00115e-06,8484.04
0.865808,3987.93,9.30097e-07,8343.69
0.866809,3988.27,9.80777e-07,8039.62
0.86781,3988.58,9.56054e-07,7875.96
0.868817,3988.85,9.38936e-07,7693.75
0.869814,3989.09,1.0098e-06,7614.58
0.870817,3989.36,8.68067e-07,7388.92
0.871818,3989.67,1.07285e-06,7077.86
0.872819,3989.9,8.92279e-07,6800.59
0.873828,3990.19,1.00958e-06,6499.7
0.874817,3990.43,9.12895e-07,6408.41
0.875831,3990.66,9.08771e-07,6209.88
0.876825,3990.89,1.03398e-06,5994.95
0.877831,3991.15,8.69974e-07,5906.34
0.878836,3991.36,1.03563e-06,5741.2
0.879835,3991.64,9.04257e-07,5492.92
0.880841,3991.88,9.67436e-07,5232.31
0.881836,3992.15,9.95045e-07,5043.75
0.882843,3992.41,9.11044e-07,5024.58
0.883848,3992.57,1.01727e-06,4956.82
0.884843,3992.77,9.67327e-07,4637.46
0.885851,3992.96,8.97822e-07,4463.03
0.886851,3993.15,1.04669e-06,4299.05
0.887849,3993.34,9.05056e-07,4138.52
0.888856,3993.55,9.61932e-07,3965.94
0.889854,3993.75,9.61707e-07,3806.74
0.890857,3993.92,9.61991e-07,3742.47
0.891862,3994.07,9.66661e-07,3576.55
0.892863,3994.3,9.80706e-07,3343.4
0.893863,3994.46,9.20993e-07,3190.28
0.894866,3994.63,9.56214e-07,3116.29
0.895865,3994.79,9.48561e-07,3100.1
0.89687,3994.96,9.59158e-07,2967.03
0.897871,3995.1,9.92309e-07,2910.59
0.898873,3995.3,9.62815e-07,2801.4
0.899872,3995.42,9.50163e-07,2740.11
0.900879,3995.56,9.92705e-07,2669.2
0.901878,3995.7,9.47914e-07,2531
0.902883,3995.83,9.48859e-07,2417.86
0.903884,3995.97,9.80311e-07,2315.49
0.904885,3996.13,9.57225e-07,2108.55
0.905886,3996.29,9.26684e-07,2028.53
0.906891,3996.4,9.55897e-07,1974.39
0.90789,3996.55,9.82429e-07,1901.75
0.908899,3996.66,9.14034e-07,1894.2
0.909896,3996.76,1.00184e-06,1786.15
0.910896,3996.86,9.48125e-07,1785.63
0.911902,3997.01,9.78736e-07,1697.97
0.912904,3997.11,9.61222e-07,1625.73
0.913903,3997.21,9.78169e-07,1599.53
0.914905,3997.31,9.10997e-07,1554.57
0.91591,3997.39,1.00101e-06,1513.38
0.916912,3997.51,9.53755e-07,1442.97
0.917913,3997.61,9.51366e-07,1418.73
0.918913,3997.71,9.53699e-07,1356.95
0.919916,3997.8,9.44079e-07,1304.79
0.920917,3997.9,1.01753e-06,1247
0.921921,3997.97,9.42386e-07,1187.61
0.922923,3998.04,9.94707e-07,1142.28
0.923924,3998.14,9.1049e-07,1074.92
0.924926,3998.24,1.01994e-06,996.152
0.925927,3998.33,9.38728e-07,920.208
0.926931,3998.39,9.59397e-07,879.382
0.927935,3998.46,9.73112e-07,828.2
0.928933,3998.55,9.95009e-07,783.848
0.929938,3998.6,9.22539e-07,757.592
0.930939,3998.67,1.04369e-06,730.888
0.931941,3998.73,8.76117e-07,678.55
0.932944,3998.8,1.01719e-06,657.192
0.93394,3998.85,9.21805e-07,637.142
0.934948,3998.87,9.8685e-07,625.062
0.935946,3998.93,1.00262e-06,590.55
0.936952,3999,9.50449e-07,572
0.937953,3999.04,9.74383e-07,548.278
0.938952,3999.1,9.28904e-07,493.392
0.939957,3999.14,9.39666e-07,479.632
0.940957,3999.19,9.90056e-07,445.568
0.941963,3999.24,9.54358e-07,413.2
0.942962,3999.27,9.7743e-07,399.008
0.94396,3999.3,9.32584e-07,381.792
0.944966,3999.34,9.5064e-07,353.552
0.945967,3999.38,9.90831e-07,347.8
0.946969,3999.42,9.30255e-07,322.112
0.947972,3999.45,9.35409e-07,317.75
0.948973,3999.48,1.02859e-06,304.838
0.949973,3999.52,9.05549e-07,286.838
0.950979,3999.54,9.92511e-07,278.032
0.951978,3999.57,9.63733e-07,256.262
0.952984,3999.6,9.26987e-07,244
0.953983,3999.62,9.99824e-07,235.8
0.954987,3999.63,9.32303e-07,230.022
0.955988,3999.66,1.02682e-06,214.2
0.956989,3999.68,8.97224e-07,211.512
0.957996,3999.7,1.00288e-06,203
0.958991,3999.72,9.68929e-07,192.8
0.959995,3999.75,9.24169e-07,160.742
0.960999,3999.77,9.7499e-07,136.55
0.962,3999.79,9.45856e-07,119.782
0.963004,3999.8,9.18267e-07,112.792
0.964006,3999.83,1.02091e-06,87.862
0.965005,3999.84,9.14262e-07,81.2
0.966011,3999.85,9.37228e-07,73.048
0.967006,3999.86,9.88015e-07,68.2
0.968011,3999.87,9.34452e-07,62.55
0.969014,3999.88,9.95987e-07,56.038
0.970016,3999.9,9.35283e-07,50.592
0.97102,3999.9,9.93594e-07,49
0.972018,3999.92,9.21995e-07,40.472
0.973023,3999.92,1.01349e-06,36.8
0.974023,3999.93,9.26678e-07,31.688
0.975025,3999.94,9.58337e-07,29.078
0.976026,3999.95,9.84725e-07,21.942
0.97703,3999.96,9.47792e-07,17.352
0.978032,3999.97,1.01285e-06,15.488
0.979035,3999.98,9.38686e-07,11.712
0.980038,3999.98,9.75646e-07,10.758
0.981035,3999.98,9.65475e-07,8.838
0.982044,3999.98,9.3189e-07,7.872
0.983044,3999.99,1.03597e-06,6.902
0.984042,3999.99,8.89807e-07,5.928
0.985048,3999.99,9.75216e-07,4.95
0.986047,3999.99,9.70062e-07,3.968
0.987052,3999.99,9.16698e-07,2.982
0.988053,3999.99,1.01623e-06,2.982
0.989053,4000,9.46332e-07,1.992
0.990059,4000,9.85341e-07,0.998
0.991057,4000,9.53968e-07,0
0.992064,4000,8.71653e-07,0
0.993056,4000,1.15221e-06,0
0.994067,4000,5.77392e-07,0
0.995077,4000,1.40441e-06,0
0.996047,4000,3.20055e-07,0
0.997107,4000,2.58155e-07,0
0.998025,4000,1.60009e-07,0
0.999087,4000,1.57891e-08,0
1,4000,0,0
0.354628,203.766,0.488124,4.97727e+06
7.81635,-1,-1,-1
