0,1,0,0
0.00110791,2.39,7.23411e-07,210.95
0.00208597,2.946,1.04623e-06,559.542
0.00308627,3.52,1.01482e-06,972.8
0.00408657,4.018,1.12942e-06,1364.84
0.00509248,4.552,1.06417e-06,2033.65
0.00609039,5.066,1.04062e-06,2658.82
0.00709371,5.494,1.07038e-06,3366.98
0.00809437,5.994,1.12928e-06,4026.98
0.00909782,6.456,1.10763e-06,4730.03
0.0101031,6.942,1.16519e-06,5681.32
0.0111024,7.462,1.09301e-06,6648.28
0.0121045,7.984,1.00973e-06,7551.87
0.0131038,8.424,1.04878e-06,8794.11
0.0141071,8.856,1.14873e-06,9811.63
0.0151109,9.298,1.10969e-06,10678.6
0.0161113,9.838,1.11719e-06,12457.9
0.0171169,10.314,1.07808e-06,13961.7
0.0181141,10.742,1.0567e-06,15381.7
0.0191162,11.224,1.10187e-06,16574.9
0.0201211,11.722,1.07647e-06,18426.4
0.0211229,12.2,1.01974e-06,19800
0.0221203,12.728,1.01925e-06,22625
0.0231255,13.236,1.06484e-06,24520.2
0.0241277,13.742,1.08813e-06,27131.7
0.0251318,14.294,1.05737e-06,29783.8
0.0261321,14.83,1.09376e-06,32438.6
0.0271379,15.364,1.07442e-06,33675.8
0.028136,15.846,1.14245e-06,36411.1
0.0291441,16.456,1.03772e-06,39834
0.0301409,17.038,1.03639e-06,42702.3
0.031141,17.644,9.80914e-07,46362.6
0.0321447,18.292,1.09557e-06,50703.4
0.0331459,18.824,1.0372e-06,54152.5
0.0341513,19.524,1.12282e-06,58824.7
0.0351518,20.324,1.03965e-06,67667.5
0.0361489,20.996,1.04862e-06,71886
0.037156,21.836,1.03794e-06,79388.6
0.0381531,22.444,1.07272e-06,84861.4
0.0391591,23.34,1.08378e-06,92334.2
0.0401595,23.982,1.02461e-06,96632.8
0.041161,24.938,1.05871e-06,107017
0.0421626,25.904,1.05729e-06,121015
0.0431675,26.904,1.06475e-06,132361
0.0441681,27.846,1.03645e-06,144593
0.0451703,28.752,1.08442e-06,154481
0.0461735,29.536,9.37545e-07,161898
0.04717,30.618,1.01801e-06,178150
0.0481746,31.52,1.08424e-06,189505
0.0491774,32.616,1.13428e-06,203654
0.0501825,33.552,1.07119e-06,211696
0.0511817,34.52,1.08846e-06,225375
0.0521848,35.698,1.06774e-06,241201
0.0531863,37.004,1.14384e-06,266102
0.05419,38.342,1.01731e-06,298153
0.0551855,39.53,9.92935e-07,316211
0.05619,40.84,1.07457e-06,344705
0.0571932,42.01,1.04935e-06,365963
0.0581984,43.294,1.03891e-06,402518
0.0591958,45.034,1.03673e-06,437936
0.0601985,46.314,1.02921e-06,459454
0.0612028,47.66,1.01624e-06,487134
0.0621984,49.046,9.95664e-07,519912
0.0632063,50.882,1.13837e-06,560322
0.0642093,52.46,1.09148e-06,598770
0.0652105,54.256,1.08326e-06,640577
0.0662107,55.782,1.11836e-06,668045
0.0672179,57.37,1.07046e-06,714277
0.0682183,59.216,1.07402e-06,778733
0.0692158,60.98,1.09877e-06,826232
0.0702183,63.116,1.07199e-06,883507
0.0712228,64.512,1.01484e-06,909183
0.072221,65.99,1.11044e-06,957863
0.0732259,67.9,1.07805e-06,1.00961e+06
0.0742294,69.768,1.05556e-06,1.04893e+06
0.0752326,71.976,9.88997e-07,1.10125e+06
0.0762272,73.966,1.04443e-06,1.16642e+06
0.0772379,75.68,1.06477e-06,1.20816e+06
0.0782366,77.758,1.11052e-06,1.26296e+06
0.0792385,80.26,1.06604e-06,1.31644e+06
0.0802396,82.658,1.08333e-06,1.37997e+06
0.0812429,85.17,1.13457e-06,1.48691e+06
0.0822451,87.766,1.06056e-06,1.58617e+06
0.0832469,90.068,1.0806e-06,1.63821e+06
0.0842492,92.5,1.03986e-06,1.70813e+06
0.085254,95.444,9.81761e-07,1.78357e+06
0.0862527,97.758,1.04541e-06,1.84552e+06
0.0872537,100.044,9.77604e-07,1.91847e+06
0.088255,102.318,1.02897e-06,1.99358e+06
0.0892612,104.652,1.07446e-06,2.03929e+06
0.0902602,107.128,1.08939e-06,2.11993e+06
0.0912629,110.496,1.06171e-06,2.2165e+06
0.0922634,113.004,1.04437e-06,2.27557e+06
0.0932659,115.886,1.03858e-06,2.36025e+06
0.094271,118.298,1.13684e-06,2.4375e+06
0.0952719,120.8,1.06593e-06,2.49302e+06
0.0962736,123.806,1.1158e-06,2.58504e+06
0.0972764,127.166,1.04244e-06,2.72207e+06
0.0982753,130.694,1.03162e-06,2.81627e+06
0.0992796,133.514,1.08392e-06,2.88447e+06
0.10028,136.88,1.08438e-06,3.03909e+06
0.101279,140.24,1.08887e-06,3.14663e+06
0.102286,143.722,1.08806e-06,3.21652e+06
0.103285,146.812,1.07523e-06,3.28352e+06
0.10429,151.326,1.11625e-06,3.3742e+06
0.105288,154.526,1.06696e-06,3.45363e+06
0.106289,157.354,1.11072e-06,3.55506e+06
0.107297,161.362,1.0889e-06,3.60271e+06
0.108293,164.25,1.03276e-06,3.69398e+06
0.109299,167.252,1.06319e-06,3.79903e+06
0.110298,171.02,1.01245e-06,3.85053e+06
0.111304,174.816,9.71886e-07,3.95725e+06
0.112301,178.038,1.09748e-06,4.00671e+06
0.113309,182.532,1.13283e-06,4.07679e+06
0.114309,186.732,1.03892e-06,4.20216e+06
0.11531,190.66,1.10062e-06,4.34032e+06
0.116313,193.642,1.09515e-06,4.42024e+06
0.117313,197.406,1.08492e-06,4.51038e+06
0.118317,201.018,1.02634e-06,4.57546e+06
0.119316,204.594,9.76667e-07,4.66628e+06
0.120319,208.458,1.13997e-06,4.76185e+06
0.121321,212.538,1.0515e-06,4.82481e+06
0.122325,216.402,1.12887e-06,4.89028e+06
0.123328,220.39,9.97632e-07,4.98765e+06
0.124324,224.396,1.08731e-06,5.0642e+06
0.125331,228.876,1.09465e-06,5.14607e+06
0.126335,233.664,1.12283e-06,5.19608e+06
0.127336,237.398,1.06736e-06,5.22668e+06
0.128335,241.414,1.08452e-06,5.30963e+06
0.129338,245.366,1.06966e-06,5.37102e+06
0.130341,249.61,1.10486e-06,5.40659e+06
0.131346,254.668,1.0914e-06,5.46039e+06
0.132346,258.222,1.0452e-06,5.50168e+06
0.133344,261.962,1.08716e-06,5.63377e+06
0.134351,266.118,1.07236e-06,5.68464e+06
0.135351,270.498,1.06442e-06,5.77143e+06
0.136357,274.892,1.06044e-06,5.86223e+06
0.137355,279.288,1.05379e-06,5.88921e+06
0.138353,283.876,1.00274e-06,5.91874e+06
0.139359,288.792,1.07704e-06,5.9553e+06
0.140362,293.328,1.03822e-06,5.99782e+06
0.141363,297.256,1.01608e-06,6.04781e+06
0.142366,301.576,1.09027e-06,6.124e+06
0.143367,305.414,1.06685e-06,6.18344e+06
0.144367,309.386,1.13563e-06,6.17332e+06
0.145374,313.7,1.06733e-06,6.22361e+06
0.146372,317.992,1.05096e-06,6.26156e+06
0.147376,324.124,1.07322e-06,6.20188e+06
0.148374,329.774,1.04006e-06,6.16761e+06
0.149377,334.326,1.09802e-06,6.276e+06
0.150383,338.84,1.10468e-06,6.28897e+06
0.151386,342.916,1.01651e-06,6.35772e+06
0.152381,347.408,9.35888e-07,6.41441e+06
0.153384,351.838,1.11532e-06,6.45141e+06
0.15439,356.662,1.10208e-06,6.4172e+06
0.15539,361.046,1.05459e-06,6.4599e+06
0.156394,366.264,1.07129e-06,6.47928e+06
0.157398,370.736,1.0682e-06,6.44762e+06
0.158395,375.49,9.81323e-07,6.49594e+06
0.1594,379.612,1.07976e-06,6.50619e+06
0.160402,384.804,9.57689e-07,6.3702e+06
0.161401,389.992,1.09583e-06,6.35936e+06
0.162403,394.594,1.06126e-06,6.40154e+06
0.163407,398.656,1.10594e-06,6.41917e+06
0.164409,404.156,1.06883e-06,6.31892e+06
0.165411,409.346,1.12573e-06,6.26881e+06
0.166412,413.892,9.70372e-07,6.24784e+06
0.167413,418.432,1.07621e-06,6.24249e+06
0.168417,423.608,1.01654e-06,6.12129e+06
0.169418,428.278,1.05659e-06,6.12969e+06
0.170424,433.57,1.0286e-06,6.10712e+06
0.17142,438.396,1.05686e-06,6.08687e+06
0.172425,443.042,1.07925e-06,6.13834e+06
0.173427,448.142,1.07626e-06,6.13917e+06
0.174428,452.63,9.67409e-07,6.18596e+06
0.175426,457.638,1.14299e-06,6.11491e+06
0.176435,462.202,1.03984e-06,6.12129e+06
0.177431,466.88,1.1212e-06,6.08717e+06
0.178438,471.946,1.10097e-06,6.13818e+06
0.179438,475.998,1.02031e-06,6.17785e+06
0.180439,481.384,1.01749e-06,6.13064e+06
0.18144,486.512,1.06507e-06,6.06021e+06
0.182443,491.142,1.0374e-06,6.14093e+06
0.183445,495.758,1.0718e-06,6.1547e+06
0.184448,500.478,1.04235e-06,6.15512e+06
0.18545,505.096,1.11536e-06,6.17494e+06
0.186451,509.534,1.05533e-06,6.19461e+06
0.187453,514.296,1.10138e-06,6.22963e+06
0.188458,519.548,1.06274e-06,6.14677e+06
0.18946,524.248,1.05159e-06,6.1394e+06
0.190463,529.648,1.0759e-06,6.01002e+06
0.191463,534.2,1.05557e-06,6.05281e+06
0.192464,539.512,1.10023e-06,6.01957e+06
0.193464,544.456,1.08109e-06,6.01155e+06
0.194468,548.746,1.12525e-06,6.01781e+06
0.195473,553.292,1.21377e-06,6.04926e+06
0.196475,558.134,1.05094e-06,5.98851e+06
0.197474,562.532,1.08358e-06,6.03634e+06
0.198477,567.164,1.1278e-06,6.07528e+06
0.19948,571.866,1.06197e-06,6.03936e+06
0.200479,576.644,1.1108e-06,6.03542e+06
0.201484,580.972,1.03606e-06,6.06965e+06
0.202481,586.012,1.1502e-06,6.03279e+06
0.203487,591.044,1.0923e-06,5.95619e+06
0.20449,596.064,1.10406e-06,5.95619e+06
0.205493,601.04,1.08266e-06,5.96779e+06
0.206491,605.96,1.13292e-06,5.86569e+06
0.207494,611.048,1.17737e-06,5.77786e+06
0.2085,615.996,1.06898e-06,5.76746e+06
0.209495,620.61,9.61116e-07,5.77592e+06
0.210495,625.104,1.07958e-06,5.78966e+06
0.211503,630.344,1.09399e-06,5.80838e+06
0.212501,635.632,1.10592e-06,5.73606e+06
0.213507,641.274,1.11308e-06,5.62907e+06
0.214509,646.124,1.16423e-06,5.65861e+06
0.215516,651.128,1.03983e-06,5.69609e+06
0.21651,655.908,1.04495e-06,5.69546e+06
0.217514,660.736,1.08047e-06,5.71396e+06
0.218514,665.382,1.1154e-06,5.74176e+06
0.219519,670.192,1.00169e-06,5.7709e+06
0.220519,675.006,1.08338e-06,5.78549e+06
0.221521,680.142,1.07462e-06,5.80276e+06
0.222526,685.208,1.09142e-06,5.77806e+06
0.223527,690.022,1.0863e-06,5.79348e+06
0.224529,695.018,1.02369e-06,5.77334e+06
0.225533,699.798,1.06693e-06,5.78151e+06
0.226534,705.18,1.05771e-06,5.74118e+06
0.227533,710.344,1.09387e-06,5.75827e+06
0.228537,715.226,1.04944e-06,5.79013e+06
0.229537,720.304,1.07754e-06,5.82344e+06
0.230538,724.996,1.12517e-06,5.8518e+06
0.231548,729.98,1.06281e-06,5.86541e+06
0.232543,734.748,9.98214e-07,5.84761e+06
0.233545,739.778,1.13945e-06,5.89483e+06
0.234547,744.818,1.05016e-06,5.89914e+06
0.235549,749.854,1.08027e-06,5.89908e+06
0.236551,754.57,1.04511e-06,5.94034e+06
0.237554,759.946,1.11959e-06,5.89549e+06
0.238557,765.142,1.0501e-06,5.87561e+06
0.239563,770.106,1.06694e-06,5.88377e+06
0.240562,775.282,1.03314e-06,5.88034e+06
0.24156,780.276,1.01381e-06,5.86309e+06
0.242561,785.056,1.07104e-06,5.8931e+06
0.243567,790.254,1.10083e-06,5.88326e+06
0.244569,795.634,1.10931e-06,5.78044e+06
0.24557,800.414,1.07043e-06,5.81887e+06
0.246574,806.18,1.03119e-06,5.77093e+06
0.247572,810.93,1.06983e-06,5.75488e+06
0.248578,815.846,1.05537e-06,5.75096e+06
0.249576,821.224,1.02465e-06,5.75639e+06
0.250582,826.428,1.05352e-06,5.73702e+06
0.251581,831.794,1.02733e-06,5.68227e+06
0.252586,836.748,1.02409e-06,5.69853e+06
0.253582,841.846,1.09716e-06,5.70101e+06
0.254592,846.94,1.07471e-06,5.72034e+06
0.255589,851.96,1.04208e-06,5.73105e+06
0.256591,857.302,1.0749e-06,5.69284e+06
0.257596,862.528,1.1409e-06,5.72387e+06
0.258601,867.67,1.06013e-06,5.71865e+06
0.2596,873.046,1.04604e-06,5.68328e+06
0.260599,878.212,9.89871e-07,5.6685e+06
0.261599,883.22,1.06204e-06,5.69395e+06
0.262606,888.446,1.10147e-06,5.68065e+06
0.26361,893.71,1.05079e-06,5.69592e+06
0.264611,899.328,1.09692e-06,5.58759e+06
0.265611,904.538,1.07775e-06,5.57509e+06
0.266614,909.912,1.07937e-06,5.57113e+06
0.267617,915.036,1.1243e-06,5.5359e+06
0.268617,919.956,1.08995e-06,5.54161e+06
0.26962,925.296,1.10605e-06,5.52834e+06
0.270622,930.206,1.05944e-06,5.5191e+06
0.271625,935.488,1.16511e-06,5.51635e+06
0.272629,940.64,1.05846e-06,5.48255e+06
0.273626,945.858,1.0543e-06,5.49031e+06
0.27463,951.084,1.02117e-06,5.4731e+06
0.275627,956.04,1.00629e-06,5.46562e+06
0.276631,961.406,1.04995e-06,5.45976e+06
0.27763,966.59,1.10803e-06,5.4401e+06
0.278637,971.95,1.15665e-06,5.44628e+06
0.279643,977.024,1.09494e-06,5.41444e+06
0.280641,982.224,1.0336e-06,5.40876e+06
0.281643,987.634,1.11498e-06,5.42697e+06
0.282651,992.85,9.70382e-07,5.42047e+06
0.283647,997.96,1.0316e-06,5.41148e+06
0.284648,1003.34,1.04036e-06,5.4011e+06
0.285649,1008.6,1.12967e-06,5.40752e+06
0.286655,1013.45,1.05902e-06,5.39899e+06
0.287658,1018.84,1.05391e-06,5.42491e+06
0.288656,1024.01,1.06277e-06,5.41934e+06
0.28966,1029.28,1.01375e-06,5.43762e+06
0.290662,1034.43,1.08364e-06,5.43889e+06
0.291665,1039.97,1.1096e-06,5.42756e+06
0.292667,1045.31,1.06013e-06,5.39638e+06
0.293668,1050.6,1.02985e-06,5.40091e+06
0.294667,1055.89,1.00566e-06,5.41549e+06
0.295669,1061.23,1.13156e-06,5.4144e+06
0.296675,1066.49,1.0443e-06,5.41442e+06
0.297676,1071.76,1.0403e-06,5.40972e+06
0.298676,1077.2,1.06837e-06,5.42533e+06
0.29968,1082.66,1.04867e-06,5.42531e+06
0.300679,1088.02,1.05321e-06,5.44132e+06
0.301684,1093.41,1.07541e-06,5.43625e+06
0.302685,1098.84,1.01433e-06,5.42779e+06
0.303686,1104.15,9.9844e-07,5.41358e+06
0.304687,1109.52,1.01722e-06,5.40477e+06
0.30569,1114.92,1.06878e-06,5.39872e+06
0.306694,1120.78,1.1071e-06,5.36081e+06
0.307694,1125.92,1.10095e-06,5.36035e+06
0.308699,1131.4,1.04666e-06,5.3579e+06
0.309697,1136.45,1.01078e-06,5.3845e+06
0.310698,1141.86,1.00047e-06,5.37444e+06
0.311705,1147.31,1.08634e-06,5.38208e+06
0.312706,1152.43,1.04002e-06,5.38273e+06
0.313707,1157.93,1.06028e-06,5.39364e+06
0.314709,1163.38,1.10106e-06,5.38907e+06
0.315712,1168.87,1.05537e-06,5.35152e+06
0.31671,1174.18,1.01245e-06,5.34557e+06
0.317715,1179.6,1.03019e-06,5.33175e+06
0.318716,1184.86,1.10809e-06,5.33238e+06
0.31972,1190.09,1.10535e-06,5.32277e+06
0.320724,1195.43,1.0501e-06,5.30949e+06
0.321724,1200.73,1.03488e-06,5.33072e+06
0.322725,1206.03,1.03692e-06,5.34252e+06
0.323723,1211.59,1.06575e-06,5.36337e+06
0.324728,1216.9,1.02938e-06,5.36801e+06
0.325732,1222.16,1.04413e-06,5.36024e+06
0.326732,1227.49,1.04231e-06,5.37779e+06
0.327734,1232.71,1.07368e-06,5.40774e+06
0.328737,1237.85,1.00623e-06,5.37936e+06
0.329736,1243.2,1.0952e-06,5.38875e+06
0.330741,1248.7,1.11604e-06,5.36777e+06
0.331747,1254.05,1.01594e-06,5.38089e+06
0.332744,1259.52,1.05558e-06,5.37897e+06
0.333755,1264.93,9.65144e-07,5.3791e+06
0.334747,1270.44,1.13073e-06,5.38241e+06
0.335753,1276.03,1.04127e-06,5.38276e+06
0.336753,1281.68,1.04741e-06,5.34538e+06
0.337755,1287.03,1.04941e-06,5.32279e+06
0.338756,1292.65,1.07798e-06,5.28882e+06
0.339757,1297.86,1.09571e-06,5.29369e+06
0.340761,1303.48,1.08492e-06,5.28082e+06
0.341765,1308.98,1.02235e-06,5.26807e+06
0.342764,1314.38,1.08351e-06,5.24813e+06
0.343768,1319.78,1.09348e-06,5.25739e+06
0.344771,1325.07,1.0683e-06,5.23208e+06
0.345772,1330.09,1.05297e-06,5.23254e+06
0.346774,1335.66,1.05525e-06,5.22457e+06
0.347778,1340.92,9.87094e-07,5.20962e+06
0.348776,1346.54,9.98762e-07,5.17078e+06
0.34978,1352.04,1.12333e-06,5.17744e+06
0.35078,1357.61,1.04311e-06,5.19947e+06
0.351781,1363.02,1.13826e-06,5.22055e+06
0.35279,1368.57,1.02627e-06,5.2115e+06
0.353785,1373.83,1.06079e-06,5.19192e+06
0.354789,1379.29,1.02899e-06,5.18561e+06
0.355791,1384.52,1.04576e-06,5.22319e+06
0.35679,1389.89,1.10019e-06,5.23493e+06
0.357797,1395.35,1.13711e-06,5.20923e+06
0.358795,1400.87,1.06589e-06,5.19294e+06
0.359799,1406.24,1.03999e-06,5.19007e+06
0.3608,1411.4,1.14793e-06,5.18059e+06
0.361805,1417.09,1.05249e-06,5.1992e+06
0.362804,1422.75,1.03262e-06,5.20969e+06
0.363807,1428.05,1.08572e-06,5.21635e+06
0.364811,1433.38,1.08334e-06,5.23998e+06
0.365811,1438.63,1.00988e-06,5.24583e+06
0.366813,1444.07,1.07122e-06,5.24157e+06
0.367814,1449.71,1.09066e-06,5.2466e+06
0.368815,1455.1,1.09632e-06,5.24413e+06
0.369818,1460.69,1.05651e-06,5.2509e+06
0.37082,1466.01,1.14729e-06,5.22763e+06
0.371826,1471.31,1.05826e-06,5.24311e+06
0.372824,1476.84,1.04441e-06,5.22258e+06
0.373824,1482.17,1.07862e-06,5.22906e+06
0.374828,1487.49,1.05603e-06,5.21948e+06
0.375831,1492.6,1.0446e-06,5.2099e+06
0.37683,1498.06,1.05048e-06,5.21795e+06
0.377834,1503.59,1.1647e-06,5.18351e+06
0.378841,1508.71,1.02504e-06,5.19228e+06
0.379837,1514.34,1.08286e-06,5.1673e+06
0.380843,1519.83,1.08096e-06,5.1631e+06
0.381845,1525.32,1.03978e-06,5.11772e+06
0.382845,1530.8,1.01838e-06,5.10877e+06
0.383848,1536.15,1.02237e-06,5.12622e+06
0.384852,1541.74,1.09199e-06,5.08787e+06
0.385854,1547.21,1.05045e-06,5.09291e+06
0.386853,1552.53,9.34876e-07,5.09261e+06
0.387852,1558.01,1.05166e-06,5.12442e+06
0.388857,1563.52,1.14259e-06,5.15132e+06
0.389861,1568.99,1.01016e-06,5.1499e+06
0.390861,1574.61,1.13115e-06,5.13984e+06
0.391864,1580.22,1.02209e-06,5.11706e+06
0.392865,1585.72,1.13952e-06,5.08936e+06
0.39387,1591.38,1.10082e-06,5.06704e+06
0.394874,1597.01,1.05411e-06,5.05218e+06
0.395868,1602.51,1.02811e-06,5.02139e+06
0.396873,1608.04,1.09218e-06,5.03212e+06
0.397872,1613.38,1.071e-06,5.02778e+06
0.398878,1618.76,1.19065e-06,5.01984e+06
0.399878,1624.18,1.06044e-06,5.04957e+06
0.400881,1630.02,1.10411e-06,5.02404e+06
0.401883,1635.49,1.01486e-06,5.0214e+06
0.402886,1640.88,1.1444e-06,4.99875e+06
0.40389,1646.4,1.06984e-06,4.99109e+06
0.404888,1651.87,1.07104e-06,4.98481e+06
0.405892,1657.44,1.03877e-06,4.9412e+06
0.406891,1662.58,1.0142e-06,4.95074e+06
0.407896,1668.04,1.17065e-06,4.94958e+06
0.4089,1673.69,1.16364e-06,4.96197e+06
0.409905,1678.93,1.00734e-06,4.97802e+06
0.4109,1684.55,1.03289e-06,4.95716e+06
0.411904,1690.04,1.14688e-06,4.95945e+06
0.412907,1695.63,1.11411e-06,4.93751e+06
0.413907,1701.19,1.0945e-06,4.95113e+06
0.414907,1706.45,1.13414e-06,4.93659e+06
0.415911,1712.06,1.08595e-06,4.9128e+06
0.416914,1717.53,1.07593e-06,4.87978e+06
0.417917,1723.15,1.01076e-06,4.87267e+06
0.418916,1728.64,1.05e-06,4.89058e+06
0.419922,1733.87,9.80852e-07,4.86598e+06
0.420919,1739.22,9.80874e-07,4.88763e+06
0.421925,1744.8,1.1106e-06,4.90016e+06
0.422926,1750.26,1.08137e-06,4.90216e+06
0.423931,1756.07,1.02666e-06,4.88058e+06
0.424927,1761.32,1.01282e-06,4.88025e+06
0.425931,1766.72,1.11549e-06,4.88002e+06
0.426933,1772.23,1.06361e-06,4.87702e+06
0.427938,1777.99,1.04785e-06,4.90625e+06
0.428937,1783.53,1.01474e-06,4.87936e+06
0.429937,1788.96,1.04631e-06,4.89336e+06
0.430943,1794.51,1.04565e-06,4.90967e+06
0.431942,1800.33,1.03675e-06,4.89616e+06
0.432942,1805.71,1.08197e-06,4.89921e+06
0.433947,1811.12,1.02264e-06,4.90552e+06
0.434945,1816.57,1.08428e-06,4.88367e+06
0.435954,1821.86,1.13336e-06,4.87534e+06
0.436952,1827.67,1.0958e-06,4.85583e+06
0.437959,1833.06,1.03609e-06,4.81566e+06
0.438956,1838.56,1.04842e-06,4.7671e+06
0.43996,1844.12,1.07629e-06,4.74501e+06
0.440958,1849.67,1.10278e-06,4.743e+06
0.441964,1854.91,1.09311e-06,4.74221e+06
0.442964,1860.18,1.02652e-06,4.73081e+06
0.443971,1865.36,1.11766e-06,4.73203e+06
0.44497,1870.77,1.02786e-06,4.76076e+06
0.445972,1876.29,9.94833e-07,4.77839e+06
0.446973,1881.63,1.06341e-06,4.75824e+06
0.447975,1887.13,1.11988e-06,4.76231e+06
0.44898,1892.74,9.92827e-07,4.74329e+06
0.449977,1898.4,1.08072e-06,4.7119e+06
0.450985,1903.92,1.04917e-06,4.71549e+06
0.451981,1909.31,1.14923e-06,4.69087e+06
0.452987,1914.59,1.06962e-06,4.68374e+06
0.45399,1920.13,1.01324e-06,4.67792e+06
0.454989,1925.61,1.06157e-06,4.65366e+06
0.455991,1930.92,1.07093e-06,4.63885e+06
0.456993,1936.41,1.05085e-06,4.65462e+06
0.457997,1941.95,1.07445e-06,4.60745e+06
0.458997,1947.18,1.02263e-06,4.60184e+06
0.459998,1952.52,1.00653e-06,4.60037e+06
0.461,1958.09,1.08646e-06,4.57664e+06
0.462007,1963.67,1.0668e-06,4.54126e+06
0.463005,1969.11,1.04981e-06,4.53966e+06
0.464008,1974.34,1.07951e-06,4.50729e+06
0.46501,1979.86,1.08553e-06,4.48148e+06
0.46601,1985.23,1.04335e-06,4.51349e+06
0.467013,1990.62,1.13185e-06,4.48261e+06
0.468017,1995.97,1.09586e-06,4.46872e+06
0.469019,2001.26,1.01785e-06,4.44538e+06
0.470021,2006.69,1.1105e-06,4.4607e+06
0.471019,2011.99,1.0596e-06,4.44573e+06
0.472025,2017.53,1.06579e-06,4.41297e+06
0.473022,2022.86,1.06423e-06,4.38966e+06
0.474027,2028.28,1.06837e-06,4.37091e+06
0.475029,2033.89,1.04608e-06,4.34603e+06
0.476034,2039.25,1.06107e-06,4.3292e+06
0.477033,2044.76,1.00755e-06,4.31552e+06
0.478035,2050.04,1.07404e-06,4.30541e+06
0.479041,2055.4,1.0711e-06,4.3012e+06
0.480039,2060.98,1.06892e-06,4.26742e+06
0.481043,2066.24,1.12251e-06,4.25864e+06
0.482046,2071.54,1.04527e-06,4.28857e+06
0.483045,2076.93,1.0794e-06,4.27767e+06
0.484047,2082.39,1.15869e-06,4.29122e+06
0.485051,2087.82,1.03744e-06,4.2987e+06
0.486051,2093.04,1.03133e-06,4.28426e+06
0.487054,2098.59,1.08467e-06,4.27063e+06
0.488056,2104.1,9.40876e-07,4.26023e+06
0.489057,2109.71,1.05055e-06,4.24217e+06
0.490058,2114.87,1.02585e-06,4.21632e+06
0.491061,2120.41,1.0547e-06,4.18836e+06
0.492062,2125.65,1.08375e-06,4.17589e+06
0.493068,2131.21,1.1479e-06,4.16916e+06
0.494072,2136.59,1.04804e-06,4.14477e+06
0.495069,2142.07,1.00565e-06,4.12896e+06
0.496069,2147.5,1.06235e-06,4.13848e+06
0.497074,2152.87,9.9786e-07,4.13088e+06
0.498076,2158.52,1.0612e-06,4.12291e+06
0.499075,2164.18,9.99269e-07,4.13384e+06
0.500077,2169.73,1.67099e-06,4.14478e+06
0.501085,2175.15,1.03331e-06,4.12307e+06
0.502083,2180.67,1.08154e-06,4.10389e+06
0.503085,2186.11,1.01837e-06,4.09686e+06
0.50409,2191.66,1.07066e-06,4.08214e+06
0.50509,2197.2,1.01853e-06,4.08238e+06
0.506088,2202.53,1.05294e-06,4.08651e+06
0.507092,2207.62,1.14392e-06,4.07875e+06
0.508097,2213.1,1.08489e-06,4.05924e+06
0.509099,2218.17,1.07234e-06,4.07723e+06
0.510102,2223.34,1.03691e-06,4.08172e+06
0.511103,2228.59,1.04962e-06,4.07081e+06
0.512104,2233.61,9.40426e-07,4.05174e+06
0.513105,2239.19,1.09647e-06,4.0254e+06
0.514109,2244.59,1.03543e-06,4.01886e+06
0.515108,2250.16,1.04673e-06,4.03321e+06
0.516113,2255.48,1.14577e-06,4.05126e+06
0.517114,2260.75,1.09349e-06,4.03114e+06
0.518113,2266.18,1.05052e-06,4.01663e+06
0.519116,2271.49,1.12646e-06,4.02229e+06
0.52012,2276.92,1.0651e-06,4.00506e+06
0.521118,2282.18,1.07774e-06,3.99157e+06
0.522124,2287.53,1.07732e-06,3.98677e+06
0.523127,2292.91,1.00049e-06,3.95455e+06
0.524126,2298.41,1.05477e-06,3.94265e+06
0.52513,2303.93,1.05562e-06,3.92553e+06
0.526132,2309.34,1.08043e-06,3.91496e+06
0.527137,2314.35,1.06542e-06,3.90125e+06
0.528134,2319.77,1.07493e-06,3.91108e+06
0.52914,2325.19,1.05027e-06,3.8983e+06
0.530138,2330.54,1.11712e-06,3.86448e+06
0.531141,2335.89,1.01851e-06,3.86418e+06
0.532142,2341.39,1.09046e-06,3.83753e+06
0.533147,2346.69,1.11797e-06,3.82552e+06
0.53415,2352.04,1.06447e-06,3.7921e+06
0.535149,2357.41,1.08584e-06,3.81308e+06
0.536151,2362.7,1.07967e-06,3.81319e+06
0.537154,2368.25,1.05156e-06,3.81284e+06
0.538153,2373.24,1.05944e-06,3.80752e+06
0.539159,2378.66,1.09342e-06,3.77538e+06
0.540162,2384.09,1.00896e-06,3.78241e+06
0.541162,2389.51,1.01317e-06,3.76103e+06
0.542162,2394.78,1.08676e-06,3.74085e+06
0.543167,2400.31,1.05779e-06,3.72051e+06
0.544168,2405.61,1.07855e-06,3.69373e+06
0.545171,2410.67,1.07166e-06,3.68685e+06
0.54617,2415.89,1.01503e-06,3.6693e+06
0.547172,2421.13,1.0704e-06,3.63395e+06
0.548178,2426.35,1.14011e-06,3.61697e+06
0.549174,2431.68,1.07042e-06,3.60482e+06
0.550183,2437.08,1.08898e-06,3.58978e+06
0.551179,2442.3,1.00072e-06,3.57409e+06
0.552184,2447.52,1.11268e-06,3.5678e+06
0.553186,2452.93,1.07618e-06,3.56583e+06
0.554187,2458.4,1.01962e-06,3.53478e+06
0.55519,2463.68,1.02603e-06,3.51082e+06
0.556188,2469.15,1.12466e-06,3.50626e+06
0.557195,2474.75,1.0272e-06,3.48145e+06
0.558195,2479.72,1.10065e-06,3.46975e+06
0.559201,2484.98,1.0874e-06,3.4532e+06
0.560199,2490.31,1.07485e-06,3.43162e+06
0.561203,2495.5,1.03741e-06,3.41387e+06
0.5622,2500.85,1.02555e-06,3.38555e+06
0.563207,2506.27,1.0896e-06,3.3763e+06
0.564205,2511.37,1.1401e-06,3.36224e+06
0.565214,2516.52,1.09417e-06,3.34402e+06
0.566212,2521.79,1.04115e-06,3.31561e+06
0.567218,2527.13,1.07837e-06,3.31463e+06
0.568217,2532.4,1.0614e-06,3.31117e+06
0.569216,2537.78,1.04295e-06,3.31764e+06
0.570222,2542.82,1.04945e-06,3.31617e+06
0.571222,2547.98,9.98523e-07,3.3052e+06
0.572222,2553.21,1.05737e-06,3.2936e+06
0.573226,2558.27,1.05225e-06,3.27134e+06
0.574228,2563.33,1.13196e-06,3.26036e+06
0.575233,2568.55,1.00719e-06,3.26325e+06
0.576228,2573.63,1.01854e-06,3.25802e+06
0.577233,2578.9,1.06301e-06,3.23833e+06
0.578234,2584.02,1.11221e-06,3.22024e+06
0.579241,2589.18,9.78605e-07,3.19985e+06
0.580238,2594.48,9.82366e-07,3.18309e+06
0.581243,2599.61,1.03627e-06,3.16728e+06
0.582243,2604.98,1.00577e-06,3.12137e+06
0.583246,2610.37,1.05926e-06,3.10335e+06
0.584248,2615.62,1.09251e-06,3.08355e+06
0.585252,2621.08,1.13779e-06,3.06479e+06
0.586252,2626.04,1.10202e-06,3.04684e+06
0.587252,2631.01,1.09502e-06,3.03002e+06
0.588255,2636.39,1.13791e-06,3.02922e+06
0.58926,2641.85,1.01376e-06,3.01949e+06
0.590255,2646.97,1.00349e-06,3.01328e+06
0.591259,2652.36,1.12494e-06,2.99989e+06
0.592263,2657.59,1.17045e-06,2.99398e+06
0.593269,2662.66,1.01006e-06,2.98306e+06
0.594267,2667.63,1.04979e-06,2.96984e+06
0.595271,2673.07,1.06869e-06,2.95771e+06
0.596269,2678.37,1.06864e-06,2.92309e+06
0.597274,2683.46,1.13406e-06,2.90407e+06
0.598276,2688.46,1.00884e-06,2.89446e+06
0.599279,2693.31,1.08215e-06,2.88245e+06
0.600281,2698.53,1.08372e-06,2.86395e+06
0.601282,2703.61,1.1779e-06,2.84222e+06
0.602288,2708.91,1.09088e-06,2.83896e+06
0.603286,2713.93,1.10449e-06,2.84403e+06
0.604291,2718.96,1.03581e-06,2.82874e+06
0.605286,2724.06,1.05632e-06,2.82055e+06
0.60629,2729.17,1.09737e-06,2.80333e+06
0.607294,2734.32,1.15366e-06,2.78823e+06
0.608296,2739.33,1.03478e-06,2.77479e+06
0.609298,2744.26,1.13219e-06,2.74831e+06
0.610298,2749.42,1.0124e-06,2.73038e+06
0.611303,2754.23,1.139e-06,2.72e+06
0.612308,2759.48,1.05788e-06,2.70034e+06
0.613306,2764.37,9.45177e-07,2.68927e+06
0.614305,2769.38,1.02891e-06,2.6779e+06
0.615308,2774.25,1.09298e-06,2.6639e+06
0.616312,2779.49,1.01998e-06,2.65046e+06
0.617315,2784.66,1.01872e-06,2.62484e+06
0.618314,2789.64,1.03144e-06,2.61475e+06
0.619316,2794.93,1.0908e-06,2.61647e+06
0.620323,2800.04,1.08246e-06,2.60971e+06
0.621318,2805.07,1.01696e-06,2.59833e+06
0.622325,2810.17,1.16027e-06,2.58539e+06
0.623329,2815.28,1.04661e-06,2.56197e+06
0.624329,2820.39,1.04139e-06,2.54896e+06
0.625332,2825.29,1.06833e-06,2.55003e+06
0.626335,2830.49,1.08594e-06,2.51792e+06
0.627335,2835.37,1.06135e-06,2.52059e+06
0.628334,2839.91,1.05534e-06,2.52252e+06
0.62934,2844.95,1.16297e-06,2.50192e+06
0.630341,2849.95,1.06265e-06,2.50165e+06
0.631345,2854.92,1.10692e-06,2.4789e+06
0.632345,2859.58,1.08613e-06,2.46941e+06
0.633347,2864.35,1.07732e-06,2.47224e+06
0.634348,2869.17,1.01458e-06,2.45623e+06
0.635348,2873.98,1.08053e-06,2.4367e+06
0.636352,2879.17,1.08859e-06,2.41559e+06
0.637355,2883.99,1.03942e-06,2.40226e+06
0.638354,2889.13,1.04658e-06,2.38962e+06
0.639359,2893.81,1.14468e-06,2.39531e+06
0.64036,2898.59,1.03449e-06,2.39497e+06
0.641365,2903.63,1.05601e-06,2.37547e+06
0.642363,2908.57,1.13242e-06,2.36932e+06
0.643369,2913.47,1.11063e-06,2.36839e+06
0.644368,2918.53,1.05908e-06,2.37609e+06
0.64537,2923.52,1.02927e-06,2.37159e+06
0.646374,2928.21,1.05587e-06,2.36089e+06
0.647369,2932.75,1.02544e-06,2.35074e+06
0.648378,2937.81,1.13719e-06,2.30765e+06
0.649379,2942.86,1.04005e-06,2.28813e+06
0.650379,2947.83,1.12707e-06,2.26753e+06
0.651383,2952.65,1.01079e-06,2.26843e+06
0.652382,2957.48,9.90605e-07,2.26776e+06
0.653385,2962.47,1.0607e-06,2.25608e+06
0.654387,2967.12,1.06778e-06,2.25766e+06
0.655388,2972.11,1.04659e-06,2.22411e+06
0.656392,2977.01,1.09964e-06,2.20994e+06
0.657396,2981.99,1.0772e-06,2.19669e+06
0.658395,2986.64,1.02904e-06,2.17314e+06
0.659398,2991.5,1.07915e-06,2.16166e+06
0.660402,2996.21,1.08857e-06,2.147e+06
0.661403,3001.09,1.08122e-06,2.13788e+06
0.662404,3005.91,1.04686e-06,2.13246e+06
0.663406,3010.71,1.03826e-06,2.1317e+06
0.664407,3015.51,1.04471e-06,2.12598e+06
0.665412,3020.27,1.12399e-06,2.10082e+06
0.666404,3025.09,9.49889e-07,2.08855e+06
0.667415,3029.99,1.05805e-06,2.03792e+06
0.668413,3034.62,1.02571e-06,2.02319e+06
0.669418,3039.33,1.11103e-06,2.01093e+06
0.670423,3044.2,1.11128e-06,1.99032e+06
0.671422,3048.79,1.01375e-06,1.98238e+06
0.672425,3053.37,1.08372e-06,1.969e+06
0.673427,3058.14,1.03907e-06,1.94745e+06
0.674427,3062.85,1.04732e-06,1.93402e+06
0.675431,3067.55,1.03123e-06,1.92581e+06
0.676436,3072.1,1.07592e-06,1.9214e+06
0.677434,3076.71,1.02919e-06,1.91569e+06
0.678435,3081.31,1.02909e-06,1.91825e+06
0.679436,3085.97,1.05094e-06,1.92084e+06
0.680439,3090.48,1.11071e-06,1.91328e+06
0.681443,3095.3,1.11027e-06,1.89208e+06
0.682444,3099.83,1.04823e-06,1.89022e+06
0.683449,3104.72,1.00144e-06,1.86445e+06
0.684448,3109.24,1.06142e-06,1.84921e+06
0.68545,3113.71,1.10326e-06,1.833e+06
0.686452,3118.35,1.05748e-06,1.82103e+06
0.687453,3122.96,1.03331e-06,1.8127e+06
0.688455,3127.69,1.09832e-06,1.81278e+06
0.689462,3132.2,1.0177e-06,1.79666e+06
0.690462,3136.81,1.00466e-06,1.77279e+06
0.691461,3141.53,1.04052e-06,1.78066e+06
0.692466,3146.3,1.09677e-06,1.77699e+06
0.693466,3150.91,1.09929e-06,1.76279e+06
0.69447,3155.46,1.07321e-06,1.74944e+06
0.695473,3159.93,1.01786e-06,1.75084e+06
0.696473,3164.5,9.96873e-07,1.74695e+06
0.697474,3169.02,1.00599e-06,1.73793e+06
0.698475,3173.55,1.07839e-06,1.73022e+06
0.69948,3177.95,1.05371e-06,1.74748e+06
0.70048,3182.14,1.06526e-06,1.73099e+06
0.701484,3186.9,1.07054e-06,1.72582e+06
0.702483,3191.57,1.03448e-06,1.72198e+06
0.703484,3196.34,1.03895e-06,1.72062e+06
0.70449,3200.84,1.14568e-06,1.7061e+06
0.705492,3205.26,1.00407e-06,1.70445e+06
0.706491,3209.74,1.03095e-06,1.69804e+06
0.707492,3214.11,1.05125e-06,1.69567e+06
0.708495,3218.51,1.11e-06,1.68401e+06
0.709498,3223.07,1.0799e-06,1.66919e+06
0.710499,3227.39,1.0159e-06,1.6522e+06
0.711503,3231.98,1.06337e-06,1.63621e+06
0.712501,3236.51,1.04597e-06,1.63818e+06
0.713505,3240.98,1.0493e-06,1.62032e+06
0.71451,3245.36,1.12934e-06,1.61197e+06
0.715511,3249.78,1.03606e-06,1.59187e+06
0.716512,3254.08,1.03612e-06,1.57261e+06
0.717508,3258.58,9.77027e-07,1.56722e+06
0.718516,3262.95,1.11024e-06,1.55537e+06
0.719518,3267.8,1.03862e-06,1.53636e+06
0.720517,3272.26,1.10224e-06,1.52427e+06
0.721522,3276.76,1.16373e-06,1.51577e+06
0.722529,3281.03,1.11236e-06,1.52259e+06
0.723529,3285.32,1.05329e-06,1.50891e+06
0.724532,3289.74,9.86657e-07,1.49757e+06
0.725529,3294.01,1.00669e-06,1.49059e+06
0.726533,3298.49,1.03655e-06,1.47021e+06
0.72753,3302.75,1.03577e-06,1.45732e+06
0.728535,3307.29,1.1427e-06,1.44735e+06
0.729538,3311.71,1.05813e-06,1.43213e+06
0.730539,3315.93,1.0987e-06,1.42323e+06
0.731542,3320.23,1.07588e-06,1.41225e+06
0.732542,3324.69,1.12127e-06,1.41299e+06
0.733546,3328.99,1.08185e-06,1.39243e+06
0.734548,3333.49,1.07359e-06,1.38581e+06
0.735549,3337.86,1.10772e-06,1.37656e+06
0.73655,3342.09,1.05856e-06,1.37467e+06
0.737554,3346.31,1.09993e-06,1.36419e+06
0.73856,3350.49,1.06958e-06,1.34235e+06
0.739561,3354.41,9.91426e-07,1.33397e+06
0.740559,3358.48,1.03335e-06,1.32126e+06
0.741558,3362.68,1.04224e-06,1.30786e+06
0.742563,3366.99,1.12579e-06,1.29744e+06
0.743568,3371.22,1.07339e-06,1.29322e+06
0.74457,3375.5,1.03828e-06,1.27048e+06
0.745568,3379.51,1.07161e-06,1.26048e+06
0.746577,3383.66,1.09741e-06,1.24829e+06
0.747574,3387.9,1.01865e-06,1.22819e+06
0.748578,3392.15,1.01937e-06,1.21099e+06
0.749578,3396.28,1.04089e-06,1.21345e+06
0.750583,3400.41,1.03889e-06,1.20111e+06
0.751582,3404.42,1.07137e-06,1.19659e+06
0.752588,3408.49,1.07214e-06,1.18318e+06
0.753585,3412.72,1.03409e-06,1.18079e+06
0.754589,3416.68,1.07374e-06,1.17176e+06
0.755591,3420.57,1.11382e-06,1.16051e+06
0.756593,3424.8,1.12221e-06,1.15365e+06
0.757598,3428.96,1.0948e-06,1.13551e+06
0.758599,3432.89,1.0255e-06,1.12588e+06
0.759598,3436.89,1.0344e-06,1.12231e+06
0.760596,3441.01,1.07454e-06,1.11329e+06
0.761602,3444.95,1.04063e-06,1.11566e+06
0.762606,3448.82,1.12124e-06,1.10506e+06
0.763608,3452.81,1.05217e-06,1.09383e+06
0.76461,3456.6,1.08299e-06,1.08448e+06
0.765612,3460.56,1.04972e-06,1.08511e+06
0.766614,3464.26,1.13828e-06,1.08149e+06
0.767617,3468.27,9.90782e-07,1.06331e+06
0.768611,3472.21,1.05541e-06,1.05244e+06
0.769621,3476.1,1.11285e-06,1.03917e+06
0.770622,3480.04,1.0787e-06,1.03112e+06
0.771622,3484.24,1.06361e-06,1.03558e+06
0.772626,3488.25,1.08521e-06,1.01058e+06
0.773625,3492.1,1.05028e-06,1.00334e+06
0.774626,3495.83,1.07613e-06,987892
0.77563,3499.67,1.02998e-06,984029
0.776632,3503.66,1.08798e-06,976260
0.777633,3507.38,1.09983e-06,965438
0.778639,3511.3,1.06702e-06,964782
0.779641,3515.24,1.0836e-06,949153
0.780641,3519.16,1.00759e-06,940018
0.781645,3522.96,1.11207e-06,932537
0.782645,3526.82,1.09065e-06,923337
0.783649,3530.56,1.02469e-06,913551
0.784643,3534.3,1.03986e-06,905485
0.78565,3537.88,1.1427e-06,899628
0.786652,3541.93,1.11246e-06,895287
0.787658,3545.48,1.10272e-06,887045
0.788656,3549.04,1.09418e-06,879770
0.789664,3552.61,1.08299e-06,876729
0.790664,3556.24,9.62496e-07,864408
0.791659,3560.2,1.06238e-06,855593
0.792665,3563.9,1.1728e-06,843963
0.793668,3567.56,1.10773e-06,839297
0.794667,3571.44,1.07612e-06,829509
0.795669,3575.27,1.07568e-06,819685
0.796672,3578.86,1.0899e-06,812781
0.797678,3582.83,1.14989e-06,808360
0.798675,3586.32,1.04565e-06,802651
0.79968,3589.91,1.08679e-06,792751
0.80068,3593.49,1.06372e-06,785511
0.801683,3596.89,1.1476e-06,779217
0.802685,3600.29,1.08711e-06,768126
0.803685,3603.89,1.05554e-06,761829
0.804686,3607.42,1.20508e-06,755620
0.805691,3610.8,1.13004e-06,747541
0.806695,3614.3,1.07649e-06,744574
0.807696,3617.88,1.10921e-06,734595
0.808696,3621.39,1.05452e-06,728339
0.809697,3624.87,1.06757e-06,714415
0.810699,3628.19,1.03077e-06,711164
0.811702,3631.52,1.05717e-06,703183
0.812706,3634.98,1.11457e-06,692183
0.813708,3638.46,1.06582e-06,689450
0.814709,3641.99,1.12464e-06,677130
0.815712,3645.32,1.0473e-06,670578
0.816714,3648.91,1.08562e-06,661850
0.817716,3652.07,1.0599e-06,657467
0.818719,3655.75,1.07098e-06,648825
0.81972,3658.97,1.02429e-06,648213
0.820721,3662.3,1.01577e-06,639402
0.821722,3665.67,1.11403e-06,633850
0.822729,3669.15,1.1226e-06,622693
0.823725,3672.44,1.05014e-06,618485
0.824733,3675.7,1.13631e-06,614133
0.825731,3678.91,9.91117e-07,608797
0.826733,3682.29,1.07742e-06,597910
0.827734,3685.56,1.06667e-06,586707
0.828739,3688.63,1.04787e-06,576470
0.829736,3691.86,1.03639e-06,563300
0.830742,3695.18,1.05081e-06,552008
0.831743,3698.51,1.01066e-06,556331
0.832747,3701.77,1.07241e-06,554400
0.833747,3705.12,9.73197e-07,537408
0.834748,3708.43,1.12063e-06,531263
0.83575,3711.74,1.07236e-06,530067
0.836753,3715,1.11222e-06,522937
0.837757,3718.09,1.06228e-06,516542
0.838759,3721.29,1.09421e-06,510012
0.839757,3724.28,9.58217e-07,502186
0.84076,3727.48,1.07467e-06,496915
0.841764,3730.56,9.57637e-07,487535
0.842761,3733.69,1.05702e-06,480148
0.843766,3736.75,1.05585e-06,476529
0.844769,3739.5,1.06293e-06,471015
0.845769,3742.5,1.09473e-06,460051
0.846775,3745.7,1.10663e-06,451290
0.847778,3748.56,9.25393e-07,447759
0.848774,3751.59,9.98312e-07,441183
0.849776,3754.52,1.10914e-06,433397
0.850783,3757.51,1.09074e-06,428945
0.851785,3760.35,1.02661e-06,421843
0.852784,3763.52,1.08358e-06,409093
0.853787,3766.32,1.04106e-06,400854
0.854786,3769.14,1.07562e-06,399009
0.855793,3771.94,1.12458e-06,394426
0.856792,3774.62,1.06176e-06,390542
0.857794,3777.53,1.09566e-06,377260
0.858796,3780.27,1.00359e-06,373445
0.859798,3782.97,1.03717e-06,369845
0.860801,3785.82,1.09054e-06,358733
0.861807,3788.77,1.00888e-06,355831
0.862804,3791.63,1.04615e-06,350623
0.863803,3794.47,1.04145e-06,340239
0.864809,3797.34,1.05465e-06,333365
0.865809,3800.11,1.06475e-06,330927
0.866815,3802.93,1.08296e-06,325387
0.867814,3805.55,1.04453e-06,316072
0.868814,3808.37,1.07293e-06,310130
0.869818,3811.23,1.09716e-06,304443
0.870822,3813.9,1.06523e-06,297937
0.871825,3816.42,1.08743e-06,289942
0.872824,3819.05,1.06408e-06,285410
0.873825,3821.52,1.1215e-06,283035
0.874828,3823.92,1.09101e-06,277125
0.875836,3826.51,1.09493e-06,270717
0.876832,3829.18,1.01818e-06,265173
0.877835,3831.73,1.13606e-06,266103
0.878838,3834.23,1.06695e-06,263113
0.879841,3836.85,1.152e-06,256172
0.880844,3839.43,9.80967e-07,252638
0.881843,3841.84,1.04685e-06,247670
0.882846,3844.52,1.07631e-06,243879
0.883846,3847.02,1.09904e-06,240459
0.88485,3849.26,1.09897e-06,235316
0.885851,3851.65,1.03935e-06,229281
0.886851,3854,1.12714e-06,223552
0.887859,3856.31,1.10264e-06,221182
0.888856,3858.79,9.85659e-07,220624
0.889862,3861.14,9.99659e-07,217239
0.890861,3863.63,1.06129e-06,214929
0.891866,3866.1,1.01426e-06,209171
0.892863,3868.21,1.09204e-06,206058
0.893871,3870.47,1.10439e-06,204536
0.894872,3872.9,1.07121e-06,204327
0.89587,3874.97,1.10776e-06,200495
0.896875,3877.14,1.05869e-06,199355
0.897874,3879.27,1.08024e-06,192662
0.89888,3881.42,1.09182e-06,191836
0.89988,3883.61,1.06732e-06,187419
0.90088,3885.87,1.0868e-06,183612
0.901884,3887.98,1.02479e-06,178449
0.902883,3890.14,1.04302e-06,172791
0.903886,3892.07,1.11738e-06,171425
0.904888,3894.14,1.04613e-06,172191
0.905889,3896.18,1.12616e-06,169703
0.906894,3898.13,1.04245e-06,166965
0.907896,3900.28,1.05331e-06,162098
0.908897,3902.36,1.06651e-06,158529
0.909899,3904.3,1.08029e-06,155081
0.910898,3906.22,1.08121e-06,152369
0.911905,3908.33,1.03056e-06,149767
0.912906,3910.3,9.96154e-07,140927
0.913907,3912.16,1.02999e-06,137745
0.914906,3914.15,9.8842e-07,133544
0.915911,3916.08,1.01679e-06,130766
0.916913,3918.09,1.0763e-06,126981
0.917915,3919.79,1.05995e-06,126208
0.918917,3921.86,1.14264e-06,119168
0.91992,3923.6,1.07426e-06,115534
0.920921,3925.53,1.04843e-06,113544
0.921923,3927.33,1.10366e-06,112782
0.922921,3929.14,1.0697e-06,111142
0.923932,3930.88,1.04079e-06,105608
0.924927,3932.57,1.00422e-06,100471
0.92593,3934.2,1.05002e-06,95894
0.926933,3935.98,1.07701e-06,92138.8
0.927938,3937.74,1.10244e-06,89566.2
0.928937,3939.49,1.03275e-06,85152.9
0.929941,3941.08,1.06826e-06,83085.6
0.930944,3942.77,1.09887e-06,81261.6
0.931941,3944.15,1.05256e-06,78729.1
0.932941,3945.67,1.0693e-06,76023.2
0.933949,3947.04,1.11435e-06,75942.1
0.934949,3948.56,1.07808e-06,74343.1
0.93595,3950.11,1.09974e-06,71579.4
0.936953,3951.67,1.13396e-06,67764.9
0.937961,3953.12,9.99604e-07,67266.8
0.938957,3954.48,1.03293e-06,64782.7
0.939961,3955.93,1.0376e-06,62809.4
0.940964,3957.47,1.03835e-06,59446.4
0.941961,3958.7,1.04958e-06,57097.8
0.942966,3960.05,1.04209e-06,55632.8
0.943969,3961.38,1.08567e-06,52817.3
0.944974,3962.82,9.7613e-07,51627.8
0.945969,3964.04,1.00889e-06,50101.2
0.946973,3965.34,1.12724e-06,46969.9
0.947975,3966.59,1.05567e-06,44122.6
0.948978,3967.7,1.07825e-06,43365.8
0.949977,3968.9,1.0615e-06,41665.8
0.950982,3970.11,1.13216e-06,40720.2
0.951985,3971.25,1.09537e-06,39058.7
0.952989,3972.44,1.00672e-06,39223.1
0.953986,3973.61,9.49664e-07,37529.4
0.954989,3974.72,1.06433e-06,35328.4
0.955991,3975.82,1.03068e-06,34099.1
0.956992,3976.93,1.06736e-06,33738.5
0.957997,3978.05,1.0484e-06,30602.6
0.958998,3978.77,1.05944e-06,29089.1
0.96,3979.76,1.0252e-06,27952.7
0.961,3980.76,1.07252e-06,26913.7
0.962006,3981.76,1.06277e-06,25100.7
0.963003,3982.7,1.04617e-06,22983.4
0.96401,3983.6,1.03345e-06,21917.8
0.965008,3984.62,1.02816e-06,20368.3
0.966008,3985.43,1.11793e-06,19676.6
0.967014,3986.14,1.03342e-06,18831.6
0.968015,3986.86,1.09589e-06,17762.9
0.969019,3987.69,9.8148e-07,16823.3
0.970019,3988.43,1.0138e-06,15462.7
0.971016,3989.27,1.04056e-06,14278.5
0.972024,3990.09,1.12598e-06,13035.3
0.973022,3990.78,1.07279e-06,12214.9
0.974028,3991.46,1.07266e-06,11296.3
0.975028,3992.17,1.04716e-06,10777.2
0.976032,3992.8,1.0895e-06,10425.4
0.977034,3993.36,1.07861e-06,9236.63
0.978039,3993.91,1.01178e-06,8308.58
0.979036,3994.4,1.01559e-06,7385.8
0.980038,3994.87,1.07451e-06,6921.29
0.981043,3995.31,1.0945e-06,6424.57
0.982045,3995.74,1.04464e-06,5772.68
0.983042,3996.2,1.08226e-06,5222
0.984048,3996.66,1.1182e-06,4836.52
0.985048,3996.98,1.09132e-06,4618.84
0.986052,3997.41,1.14811e-06,3806.77
0.987056,3997.74,1.03464e-06,3311.72
0.988055,3998.11,9.98718e-07,2652.5
0.989057,3998.37,1.08055e-06,2332.29
0.990056,3998.6,1.14613e-06,2131.8
0.991062,3998.87,1.08867e-06,1832.02
0.992065,3999.09,1.11947e-06,1481.3
0.993066,3999.27,1.08007e-06,1252.09
0.994069,3999.42,1.03793e-06,1069.64
0.995067,3999.56,1.05076e-06,845.432
0.996073,3999.67,1.10732e-06,675.222
0.997073,3999.76,1.00528e-06,502.152
0.998073,3999.83,9.97959e-07,431.862
0.999051,3999.87,6.5033e-07,359.288
1,3999.88,0,340.8
0.0472154,27.118,0.489113,162334
5.20756,-1,-1,-1
