0,1,0,0
0.00107611,2.466,4.16064e-07,288.422
0.0020636,3.096,5.98996e-07,809.392
0.00306688,3.702,6.38627e-07,1328.6
0.00406741,4.294,6.02763e-07,1935.78
0.00506998,4.904,6.1056e-07,2899.39
0.00607122,5.504,6.36794e-07,4112.99
0.00707292,6.042,6.17987e-07,5252.12
0.00807441,6.616,5.98107e-07,6312.27
0.00907696,7.186,6.30143e-07,7607.7
0.0100816,7.692,5.9103e-07,8976.57
0.0110815,8.222,5.76231e-07,10640.4
0.0120845,8.71,6.4502e-07,11526.9
0.0130871,9.264,6.00286e-07,13031.2
0.0140881,9.91,6.4147e-07,15079
0.0150914,10.438,5.99263e-07,16599.1
0.0160935,11.04,6.57154e-07,18675.2
0.0170956,11.518,5.80821e-07,20292.8
0.018093,12.112,6.24156e-07,22213.7
0.0190993,12.606,6.66832e-07,24677.4
0.0201021,13.13,5.88058e-07,27590.5
0.0211,13.726,5.91934e-07,30935.5
0.0221023,14.394,5.86691e-07,35795.4
0.0231064,14.982,6.43771e-07,38472.8
0.0241098,15.702,5.83683e-07,43608.6
0.0251098,16.26,6.24328e-07,46588.2
0.0261136,16.782,5.90057e-07,49265.2
0.0271129,17.356,6.09071e-07,53142.6
0.0281175,18.012,6.27537e-07,58495.9
0.0291199,18.744,5.96582e-07,64141.2
0.0301204,19.494,5.81934e-07,69911
0.0311204,20.37,6.18829e-07,78090.6
0.0321272,21.166,6.46537e-07,84769.2
0.0331291,21.802,5.40047e-07,89031.4
0.0341266,22.554,5.84927e-07,94379.5
0.0351293,23.422,6.07567e-07,105258
0.036131,24.294,5.92347e-07,113876
0.0371339,25.236,6.51272e-07,122202
0.0381359,26.064,6.57363e-07,127996
0.0391369,26.952,5.75898e-07,138791
0.0401395,27.884,6.31035e-07,149741
0.0411423,28.728,5.85025e-07,159993
0.0421433,29.522,5.99219e-07,165693
0.0431471,30.558,6.14483e-07,179631
0.044146,31.556,5.8472e-07,193513
0.04515,32.672,6.33244e-07,208402
0.0461529,33.864,6.33392e-07,227551
0.0471556,35.036,6.13532e-07,249825
0.0481574,36.226,6.15571e-07,267517
0.0491606,37.28,6.03705e-07,281403
0.050159,38.46,6.34217e-07,298210
0.0511625,39.514,6.27859e-07,317169
0.0521662,40.684,5.3645e-07,336606
0.0531628,41.656,5.86346e-07,356231
0.0541662,43.086,6.60331e-07,383453
0.0551687,44.48,5.84519e-07,414701
0.0561754,46.082,6.33038e-07,454182
0.0571742,47.884,6.32568e-07,501163
0.0581759,49.592,5.76e-07,561147
0.059179,51.192,5.92079e-07,599928
0.0601788,52.732,6.16487e-07,652832
0.0611832,54.508,6.07215e-07,697151
0.0621841,56.204,5.88769e-07,742027
0.0631848,57.924,6.60697e-07,782959
0.0641897,59.33,6.01793e-07,818155
0.0651909,61.348,6.08915e-07,878121
0.0661923,63.442,5.85148e-07,943349
0.067193,65.54,5.98058e-07,1.01175e+06
0.0681963,67.3,6.17093e-07,1.06226e+06
0.0691959,69.208,6.18113e-07,1.1168e+06
0.0702017,71.306,6.41582e-07,1.19274e+06
0.0712027,73.114,6.3209e-07,1.23802e+06
0.0722068,75.51,6.11812e-07,1.33161e+06
0.0732072,77.538,5.78224e-07,1.38811e+06
0.0742063,79.712,6.24317e-07,1.45205e+06
0.0752115,82.294,6.34109e-07,1.56765e+06
0.076211,84.614,6.19098e-07,1.62626e+06
0.0772165,86.816,5.93865e-07,1.7233e+06
0.0782136,88.972,5.97497e-07,1.78691e+06
0.0792174,91.414,6.00907e-07,1.8452e+06
0.0802224,93.736,6.05054e-07,1.93053e+06
0.0812203,96.516,5.84159e-07,2.03888e+06
0.0822214,99.404,5.88276e-07,2.15223e+06
0.0832244,102.304,6.63356e-07,2.25881e+06
0.0842295,105.588,6.2344e-07,2.37449e+06
0.0852321,108.666,6.2034e-07,2.45192e+06
0.0862331,111.534,6.09036e-07,2.55104e+06
0.0872345,114.544,6.07433e-07,2.68574e+06
0.0882377,118.092,6.23835e-07,2.80263e+06
0.0892389,120.654,6.11472e-07,2.91894e+06
0.0902405,124.268,6.11465e-07,3.02502e+06
0.0912435,127.696,6.26568e-07,3.17226e+06
0.0922463,130.524,6.40915e-07,3.27777e+06
0.0932447,133.546,6.52136e-07,3.3943e+06
0.094248,137.262,6.15511e-07,3.5287e+06
0.0952506,140.624,6.19102e-07,3.67574e+06
0.0962525,144.586,6.04684e-07,3.82584e+06
0.0972553,147.71,6.11348e-07,3.96549e+06
0.0982584,151.98,6.428e-07,4.07359e+06
0.0992597,155.476,5.9627e-07,4.14915e+06
0.100259,159.516,5.61581e-07,4.28246e+06
0.10126,163.42,6.247e-07,4.37798e+06
0.102264,167.732,6.0177e-07,4.49229e+06
0.103267,171.354,6.41256e-07,4.62771e+06
0.10427,175.034,6.0418e-07,4.75723e+06
0.105271,179.076,5.92571e-07,4.88762e+06
0.106273,182.518,6.28818e-07,4.9892e+06
0.107274,186.33,6.16744e-07,5.15787e+06
0.108276,190.258,5.93293e-07,5.29418e+06
0.109278,193.952,5.90214e-07,5.40262e+06
0.110279,198.874,6.15546e-07,5.53405e+06
0.111284,203.52,6.9569e-07,5.70874e+06
0.112291,208.416,6.09459e-07,5.86232e+06
0.113286,213.222,6.11817e-07,6.02726e+06
0.11429,218.548,5.8624e-07,6.17008e+06
0.11529,222.988,5.5971e-07,6.33468e+06
0.116292,228.97,6.0602e-07,6.45339e+06
0.117295,234.028,6.37618e-07,6.60055e+06
0.118299,239.998,5.58892e-07,6.79984e+06
0.119296,244.17,6.10559e-07,6.93781e+06
0.120299,249.14,6.35678e-07,7.09156e+06
0.121307,253.904,6.4338e-07,7.1793e+06
0.122303,259.296,6.06433e-07,7.27758e+06
0.123305,264.742,6.19445e-07,7.42536e+06
0.124311,270.116,5.93334e-07,7.52164e+06
0.12531,276.084,5.56228e-07,7.59116e+06
0.12631,280.916,6.27393e-07,7.69929e+06
0.127313,285.998,6.14321e-07,7.86912e+06
0.128317,291.458,5.85163e-07,8.00046e+06
0.129318,297.088,6.16993e-07,8.09781e+06
0.130323,303.104,6.49906e-07,8.17351e+06
0.131323,307.67,6.04583e-07,8.35693e+06
0.132326,313.602,5.86226e-07,8.40947e+06
0.133325,318.874,6.35902e-07,8.62153e+06
0.134327,323.878,5.92603e-07,8.82489e+06
0.135331,329.196,6.33109e-07,8.98436e+06
0.136331,335.012,5.89401e-07,9.14834e+06
0.137337,340.66,6.34314e-07,9.15787e+06
0.138334,346.388,5.91651e-07,9.2807e+06
0.139341,352.674,6.25268e-07,9.32299e+06
0.140344,359.248,6.46734e-07,9.38775e+06
0.141344,365.614,5.43111e-07,9.55013e+06
0.142345,372.564,6.10268e-07,9.59393e+06
0.143346,378.666,6.29013e-07,9.61613e+06
0.14435,384.676,6.49426e-07,9.6782e+06
0.14535,391.362,5.88635e-07,9.74981e+06
0.146355,397.696,6.46146e-07,9.72496e+06
0.147354,404.276,6.05163e-07,9.77269e+06
0.148356,409.818,6.25689e-07,9.84005e+06
0.149358,416.006,6.2256e-07,9.94296e+06
0.150359,422.588,5.84367e-07,1.00223e+07
0.151362,429.086,6.41037e-07,1.01445e+07
0.152363,435.966,6.14335e-07,1.01203e+07
0.153369,442.654,6.21077e-07,1.00701e+07
0.15437,448.982,5.91542e-07,1.01252e+07
0.155372,455.744,5.72042e-07,1.02586e+07
0.156371,462.02,6.08273e-07,1.03697e+07
0.157376,468.76,5.81381e-07,1.03042e+07
0.158376,475.978,6.01985e-07,1.03016e+07
0.159378,482.522,6.24564e-07,1.033e+07
0.160382,488.716,6.47827e-07,1.04477e+07
0.161384,494.5,5.46021e-07,1.05928e+07
0.162383,501.296,5.69354e-07,1.05946e+07
0.163384,508.09,5.62417e-07,1.06185e+07
0.164386,514.25,6.14447e-07,1.06766e+07
0.165394,520.886,6.03482e-07,1.06424e+07
0.166391,528.22,6.1715e-07,1.05585e+07
0.167395,535.96,6.39777e-07,1.04366e+07
0.168401,543.378,6.02717e-07,1.03889e+07
0.169398,550.762,6.23012e-07,1.03461e+07
0.170403,557.93,5.94108e-07,1.03754e+07
0.171404,564.654,6.4432e-07,1.03755e+07
0.172405,571.256,5.5823e-07,1.04928e+07
0.173408,578.272,5.74269e-07,1.03943e+07
0.174408,584.88,5.93285e-07,1.04671e+07
0.17541,592.238,6.35811e-07,1.04431e+07
0.176413,599.434,5.97108e-07,1.04285e+07
0.177416,606.912,5.78063e-07,1.05057e+07
0.178417,614.23,5.9157e-07,1.0517e+07
0.179419,621.084,6.07122e-07,1.04108e+07
0.180419,627.77,6.24243e-07,1.04545e+07
0.181423,634.992,6.65249e-07,1.04761e+07
0.182428,642.86,6.47868e-07,1.03304e+07
0.183429,650.542,6.20631e-07,1.0122e+07
0.18443,657.508,6.11705e-07,1.01354e+07
0.185432,664.216,6.19685e-07,1.01475e+07
0.186433,671.93,6.30522e-07,9.94995e+06
0.187436,679.954,6.2956e-07,9.8117e+06
0.188436,687.83,6.20656e-07,9.82502e+06
0.189439,695.162,6.08049e-07,9.57022e+06
0.190441,702.716,6.19435e-07,9.54347e+06
0.191442,710.542,6.00435e-07,9.35219e+06
0.192445,718.354,5.97827e-07,9.38551e+06
0.193448,726.016,5.68555e-07,9.29311e+06
0.194447,733.65,6.22784e-07,9.30366e+06
0.195451,741.164,6.05223e-07,9.23215e+06
0.196454,748.464,6.08079e-07,9.23201e+06
0.197455,756.944,6.18589e-07,9.13254e+06
0.198457,765.286,6.24846e-07,9.1085e+06
0.199461,772.684,6.40505e-07,9.07733e+06
0.20046,780.054,5.91207e-07,9.07182e+06
0.201465,787.426,6.02659e-07,9.1146e+06
0.202463,795.03,5.5691e-07,9.06856e+06
0.203468,801.928,6.16222e-07,9.08298e+06
0.204467,809.706,5.95797e-07,9.0374e+06
0.20547,817.556,6.2577e-07,8.9463e+06
0.20647,825.286,6.13158e-07,8.88304e+06
0.207476,833.084,6.3614e-07,8.88334e+06
0.208478,840.938,5.87748e-07,8.81215e+06
0.209475,848.872,5.65111e-07,8.84817e+06
0.210482,856.462,6.26203e-07,8.88944e+06
0.211482,864.49,5.7496e-07,8.82629e+06
0.212483,872.638,6.22387e-07,8.82917e+06
0.213489,881.034,6.00318e-07,8.79996e+06
0.214488,889.074,6.09693e-07,8.78872e+06
0.215492,896.792,5.92713e-07,8.78056e+06
0.216494,904.44,5.29941e-07,8.76618e+06
0.217495,912.33,5.89739e-07,8.84125e+06
0.218496,919.336,6.06413e-07,8.87614e+06
0.219499,927.406,6.03493e-07,8.86107e+06
0.2205,935.62,6.23278e-07,8.77471e+06
0.2215,943.624,5.49379e-07,8.76869e+06
0.222506,951.37,6.57988e-07,8.82832e+06
0.22351,959.47,6.40425e-07,8.75954e+06
0.224511,966.958,6.102e-07,8.87059e+06
0.225512,975.042,5.99611e-07,8.93042e+06
0.22651,982.92,5.73075e-07,8.89507e+06
0.227516,990.95,6.26525e-07,8.89551e+06
0.228516,998.68,5.96879e-07,8.85191e+06
0.229519,1006.91,6.24443e-07,8.83846e+06
0.230519,1015.6,5.9555e-07,8.84166e+06
0.231524,1023.38,6.14824e-07,8.79387e+06
0.232525,1031.69,5.70905e-07,8.72724e+06
0.233524,1039.76,5.53669e-07,8.6874e+06
0.234526,1048.1,5.91964e-07,8.74641e+06
0.235534,1056.89,6.25851e-07,8.67517e+06
0.236535,1065.57,5.69861e-07,8.46504e+06
0.237534,1073.49,5.9768e-07,8.42609e+06
0.238537,1081.57,5.98475e-07,8.41673e+06
0.239538,1089.89,6.00257e-07,8.33153e+06
0.240539,1097.65,6.00636e-07,8.32366e+06
0.241543,1105.8,6.30198e-07,8.35923e+06
0.242547,1113.95,6.13155e-07,8.3755e+06
0.243546,1122.05,6.18377e-07,8.40923e+06
0.24455,1129.69,6.13849e-07,8.42678e+06
0.245551,1138.3,5.67955e-07,8.38555e+06
0.24655,1146.48,6.09917e-07,8.35645e+06
0.247553,1154.97,6.0558e-07,8.28255e+06
0.248556,1163.22,6.03063e-07,8.27558e+06
0.249558,1171.68,6.3231e-07,8.17539e+06
0.250562,1180.26,6.10885e-07,8.1588e+06
0.251564,1188.69,6.19352e-07,8.1141e+06
0.252562,1196.93,6.05505e-07,8.02753e+06
0.253569,1205.05,6.21641e-07,8.02159e+06
0.254569,1213.6,6.15399e-07,8.07957e+06
0.255571,1222.03,5.79961e-07,8.07141e+06
0.256572,1231.17,5.96988e-07,8.04133e+06
0.257576,1239.43,6.45367e-07,7.99548e+06
0.258577,1248.01,6.03137e-07,7.96978e+06
0.25958,1256.29,6.10353e-07,7.95054e+06
0.260582,1264.66,6.12734e-07,7.90045e+06
0.261584,1273.11,5.92491e-07,7.85264e+06
0.262582,1281.58,5.54125e-07,7.84481e+06
0.263589,1289.88,6.49681e-07,7.79361e+06
0.26459,1298.03,5.83062e-07,7.7664e+06
0.26559,1306.44,5.68452e-07,7.69946e+06
0.266593,1315.33,6.45661e-07,7.64572e+06
0.267596,1324.05,5.9365e-07,7.5833e+06
0.268594,1332.71,5.88481e-07,7.5311e+06
0.2696,1341.51,6.1008e-07,7.51165e+06
0.270599,1349.88,5.84999e-07,7.51254e+06
0.271602,1358.38,5.97217e-07,7.46227e+06
0.272605,1367.27,6.16223e-07,7.42112e+06
0.273608,1376.19,6.15205e-07,7.38669e+06
0.274613,1384.44,6.17726e-07,7.3806e+06
0.275608,1393.16,5.82771e-07,7.36474e+06
0.276613,1401.57,6.29352e-07,7.33872e+06
0.277617,1410.44,6.21834e-07,7.2431e+06
0.27862,1419.3,5.51983e-07,7.14073e+06
0.279618,1427.28,6.07562e-07,7.13976e+06
0.280623,1436.04,6.1917e-07,7.07429e+06
0.281622,1444.55,6.18208e-07,7.00487e+06
0.282626,1453.54,5.90935e-07,6.94856e+06
0.283628,1462.02,5.711e-07,6.90686e+06
0.284628,1470.43,6.06806e-07,6.85706e+06
0.285629,1478.86,5.76078e-07,6.85179e+06
0.286632,1487.64,6.50422e-07,6.7862e+06
0.287638,1496.77,5.66268e-07,6.7024e+06
0.288636,1505.61,6.09537e-07,6.58727e+06
0.28964,1514.59,6.05905e-07,6.54115e+06
0.29064,1522.72,6.21498e-07,6.56038e+06
0.291646,1531.5,6.22359e-07,6.50164e+06
0.292649,1540.07,6.31675e-07,6.50041e+06
0.293648,1548.19,6.0717e-07,6.45596e+06
0.294649,1557.68,6.43407e-07,6.39658e+06
0.295653,1566.16,6.12993e-07,6.38438e+06
0.296654,1575.11,6.05884e-07,6.37638e+06
0.297655,1584.31,6.4432e-07,6.24123e+06
0.298655,1592.99,6.0865e-07,6.22321e+06
0.299664,1601.83,6.15702e-07,6.19303e+06
0.300659,1610.31,5.49434e-07,6.18876e+06
0.301661,1619.14,6.10933e-07,6.17864e+06
0.302665,1627.64,6.29361e-07,6.12113e+06
0.303669,1636.16,5.79917e-07,6.06672e+06
0.304667,1644.91,6.22836e-07,6.04552e+06
0.305674,1653.49,6.09634e-07,5.97977e+06
0.306673,1661.75,6.1072e-07,5.9575e+06
0.307672,1670.26,6.06676e-07,5.89329e+06
0.30868,1679.13,5.81686e-07,5.85521e+06
0.309681,1687.86,6.04242e-07,5.8468e+06
0.310684,1696.66,6.1808e-07,5.80252e+06
0.311686,1705.1,6.30977e-07,5.74894e+06
0.312685,1713.45,5.57366e-07,5.72608e+06
0.313686,1721.82,6.08921e-07,5.75934e+06
0.31469,1730.81,5.90809e-07,5.73119e+06
0.31569,1739.25,5.88228e-07,5.72095e+06
0.316696,1748.08,6.37522e-07,5.67753e+06
0.317694,1756.38,5.94505e-07,5.6518e+06
0.318698,1764.83,6.26149e-07,5.6049e+06
0.319699,1773.57,5.79211e-07,5.5717e+06
0.320701,1782.22,6.16377e-07,5.51416e+06
0.321704,1790.96,6.13043e-07,5.4679e+06
0.322705,1799.82,5.514e-07,5.45899e+06
0.323705,1808.37,5.94111e-07,5.42516e+06
0.32471,1816.88,6.34255e-07,5.38965e+06
0.325711,1825.19,5.71282e-07,5.33603e+06
0.326712,1833.82,5.92362e-07,5.2897e+06
0.327719,1842.28,5.98204e-07,5.24782e+06
0.328716,1850.92,5.56846e-07,5.24445e+06
0.329718,1859.69,6.27955e-07,5.21698e+06
0.330723,1868.31,5.92686e-07,5.13746e+06
0.331719,1877.05,5.88313e-07,5.1176e+06
0.332723,1885.78,6.48387e-07,5.10097e+06
0.333735,1894.36,6.03395e-07,5.06814e+06
0.33473,1903.31,6.21762e-07,5.01026e+06
0.335731,1911.74,5.98626e-07,4.98131e+06
0.336738,1920.35,5.91566e-07,4.99704e+06
0.337734,1929.04,5.7474e-07,4.96762e+06
0.338737,1937.59,6.08775e-07,4.95772e+06
0.33974,1946.37,6.12882e-07,4.93348e+06
0.340743,1955.08,6.08951e-07,4.90597e+06
0.341743,1963.52,5.84893e-07,4.90072e+06
0.342745,1972.03,5.84649e-07,4.83512e+06
0.343748,1980.31,5.7496e-07,4.78295e+06
0.344744,1988.76,6.02483e-07,4.73275e+06
0.345751,1997.26,6.29979e-07,4.71193e+06
0.346756,2005.85,6.33941e-07,4.73006e+06
0.347758,2014.58,5.78242e-07,4.68537e+06
0.348759,2023.04,5.75143e-07,4.66728e+06
0.349761,2031.29,6.01412e-07,4.61465e+06
0.350762,2039.64,6.35218e-07,4.58894e+06
0.351764,2047.87,6.08485e-07,4.56141e+06
0.352768,2056.58,6.19978e-07,4.52828e+06
0.353767,2064.62,6.12893e-07,4.46489e+06
0.35477,2073.25,5.50438e-07,4.44145e+06
0.355771,2081.46,6.29006e-07,4.38604e+06
0.356777,2089.87,6.2267e-07,4.39795e+06
0.357775,2098.16,5.74441e-07,4.3346e+06
0.358777,2106.79,5.81142e-07,4.29969e+06
0.359778,2115.14,6.01808e-07,4.24027e+06
0.360779,2124.16,5.84347e-07,4.20565e+06
0.361784,2132.96,6.17975e-07,4.12698e+06
0.362786,2141.08,6.09323e-07,4.11475e+06
0.363788,2149.67,5.88661e-07,4.07589e+06
0.364793,2158.08,6.38812e-07,4.01505e+06
0.365794,2166.51,5.79079e-07,3.95e+06
0.366792,2174.56,6.0177e-07,3.92854e+06
0.367797,2182.76,6.31935e-07,3.9206e+06
0.3688,2191.43,5.66207e-07,3.8733e+06
0.369798,2199.58,6.31733e-07,3.84417e+06
0.370804,2208.11,6.19056e-07,3.80725e+06
0.371805,2216.05,6.01007e-07,3.77416e+06
0.372808,2224.38,5.68264e-07,3.73761e+06
0.373808,2232.83,5.75511e-07,3.68708e+06
0.374809,2240.98,6.14626e-07,3.6317e+06
0.375811,2249.18,6.01558e-07,3.60907e+06
0.376815,2257.37,6.41495e-07,3.5957e+06
0.377816,2265.79,5.9263e-07,3.55112e+06
0.378815,2273.69,6.5039e-07,3.51986e+06
0.379824,2281.79,5.85548e-07,3.47861e+06
0.380821,2290.21,5.80331e-07,3.47166e+06
0.381821,2298.27,6.09111e-07,3.44574e+06
0.382826,2306.51,6.14655e-07,3.40951e+06
0.383829,2314.41,6.40178e-07,3.36852e+06
0.384833,2322.25,5.70936e-07,3.35917e+06
0.385831,2330.48,5.64465e-07,3.36894e+06
0.386835,2338.38,5.78452e-07,3.34238e+06
0.387834,2346.38,6.20426e-07,3.32028e+06
0.388837,2354.84,6.06294e-07,3.25437e+06
0.389839,2362.89,6.31652e-07,3.25669e+06
0.390845,2371.09,5.8735e-07,3.2518e+06
0.391842,2378.88,5.58629e-07,3.22223e+06
0.392844,2387.1,6.00756e-07,3.19516e+06
0.393848,2395.45,6.40153e-07,3.13926e+06
0.394851,2403.42,6.17162e-07,3.09812e+06
0.395852,2410.96,6.31505e-07,3.08248e+06
0.396856,2418.83,6.10503e-07,3.04979e+06
0.397858,2427.12,5.98911e-07,3.00263e+06
0.398861,2434.66,5.66841e-07,2.93962e+06
0.399857,2442.37,5.97151e-07,2.90396e+06
0.400861,2450.09,6.27025e-07,2.86805e+06
0.401864,2458.03,5.96497e-07,2.84493e+06
0.402868,2465.66,6.34525e-07,2.80989e+06
0.403869,2473.33,6.18589e-07,2.80034e+06
0.40487,2480.94,5.68056e-07,2.78311e+06
0.405871,2488.63,6.02137e-07,2.7773e+06
0.406873,2496.54,6.07966e-07,2.72501e+06
0.407876,2504.51,6.23525e-07,2.73028e+06
0.408875,2512.28,6.07541e-07,2.69567e+06
0.40988,2520.05,6.59386e-07,2.67763e+06
0.410883,2528.16,6.39767e-07,2.67942e+06
0.411887,2536.06,5.75296e-07,2.63846e+06
0.412886,2543.78,6.04272e-07,2.61078e+06
0.413888,2551.71,5.81048e-07,2.59508e+06
0.414888,2559.24,6.159e-07,2.55767e+06
0.415888,2566.87,5.90735e-07,2.51374e+06
0.416895,2574.62,6.27247e-07,2.49212e+06
0.417899,2582.11,6.16377e-07,2.48455e+06
0.418898,2589.49,5.75832e-07,2.45683e+06
0.419899,2597.07,6.05277e-07,2.45067e+06
0.420902,2604.61,5.96871e-07,2.4263e+06
0.421905,2611.93,6.09169e-07,2.38514e+06
0.422906,2619.36,5.98631e-07,2.34737e+06
0.423909,2626.86,5.81847e-07,2.3373e+06
0.42491,2634.38,6.3338e-07,2.29485e+06
0.425915,2641.66,6.38012e-07,2.26397e+06
0.426916,2649.3,5.88343e-07,2.23177e+06
0.427916,2656.68,5.81346e-07,2.20893e+06
0.428917,2664.13,6.13452e-07,2.17997e+06
0.429919,2671.64,6.19035e-07,2.15689e+06
0.430924,2679.11,5.92114e-07,2.15003e+06
0.431925,2686.48,5.84954e-07,2.1088e+06
0.432926,2693.8,6.03213e-07,2.07931e+06
0.433926,2701.23,6.11401e-07,2.04076e+06
0.43493,2708.68,6.41121e-07,1.99905e+06
0.435931,2715.96,5.9368e-07,1.98651e+06
0.436937,2723.26,6.07524e-07,1.97204e+06
0.437935,2730.49,6.25409e-07,1.96931e+06
0.438938,2737.93,6.15112e-07,1.90914e+06
0.439942,2744.98,6.12566e-07,1.88955e+06
0.440941,2752.15,5.91634e-07,1.86239e+06
0.441946,2759.32,6.45966e-07,1.84834e+06
0.442944,2766.48,5.47095e-07,1.82788e+06
0.443944,2773.21,6.08824e-07,1.80718e+06
0.44495,2780.29,5.68051e-07,1.8019e+06
0.445952,2787.07,6.61114e-07,1.77423e+06
0.446954,2794.24,6.02428e-07,1.759e+06
0.447957,2801.2,6.0959e-07,1.7564e+06
0.448961,2808.51,5.85925e-07,1.71878e+06
0.449961,2815.62,5.95102e-07,1.70541e+06
0.450962,2822.41,6.22546e-07,1.71058e+06
0.451964,2829.35,6.11697e-07,1.68747e+06
0.452965,2836.08,5.73317e-07,1.6788e+06
0.453967,2842.99,6.25872e-07,1.67675e+06
0.454972,2849.89,5.89743e-07,1.66123e+06
0.455973,2856.77,6.17135e-07,1.65179e+06
0.456976,2863.56,5.86899e-07,1.62519e+06
0.457975,2870.18,5.95853e-07,1.60689e+06
0.458981,2877.12,5.88771e-07,1.59838e+06
0.45998,2883.89,5.69202e-07,1.58213e+06
0.460982,2890.58,5.85524e-07,1.56586e+06
0.461984,2896.91,6.15508e-07,1.56494e+06
0.462989,2903.75,5.83774e-07,1.52783e+06
0.463985,2910.44,6.02913e-07,1.50245e+06
0.464991,2916.98,6.08157e-07,1.48146e+06
0.465991,2923.5,6.09755e-07,1.46532e+06
0.466993,2930.13,6.02223e-07,1.45762e+06
0.467997,2936.59,6.25107e-07,1.43548e+06
0.468997,2943.27,5.57482e-07,1.42605e+06
0.469998,2949.54,6.21093e-07,1.4082e+06
0.471003,2955.78,5.99277e-07,1.38312e+06
0.472001,2962.03,6.25169e-07,1.37988e+06
0.473007,2968.6,6.58045e-07,1.37455e+06
0.47401,2975.3,5.73503e-07,1.36288e+06
0.47501,2981.99,5.99724e-07,1.35553e+06
0.476012,2988.94,5.94022e-07,1.32985e+06
0.477016,2995.57,5.95488e-07,1.32404e+06
0.478015,3002.19,6.00512e-07,1.30551e+06
0.479018,3008.81,6.30024e-07,1.29867e+06
0.480021,3015.1,6.26627e-07,1.27958e+06
0.481021,3021.57,6.03716e-07,1.26799e+06
0.482023,3028.01,5.97903e-07,1.26736e+06
0.483026,3034.13,5.95312e-07,1.25056e+06
0.484026,3040.33,6.64105e-07,1.23992e+06
0.485031,3046.53,6.3315e-07,1.22695e+06
0.486032,3052.66,5.99641e-07,1.21161e+06
0.487034,3058.76,6.0317e-07,1.19966e+06
0.488035,3065,6.07091e-07,1.18865e+06
0.489041,3070.96,5.9398e-07,1.18373e+06
0.490038,3077.22,5.66786e-07,1.1629e+06
0.491045,3083.41,6.15187e-07,1.15118e+06
0.492046,3089.7,5.59657e-07,1.13746e+06
0.493044,3095.81,6.08199e-07,1.11807e+06
0.494049,3101.8,5.92792e-07,1.11056e+06
0.495048,3108.02,6.10824e-07,1.08502e+06
0.496055,3114.33,6.27191e-07,1.07366e+06
0.497056,3120.3,6.28723e-07,1.05819e+06
0.498057,3126.09,5.81032e-07,1.05457e+06
0.499058,3132,6.34575e-07,1.04122e+06
0.500057,3138.02,9.44822e-07,1.02386e+06
0.501062,3143.62,6.42085e-07,1.02292e+06
0.502064,3149.35,5.88531e-07,1.0152e+06
0.503065,3155.42,6.22543e-07,990251
0.504066,3161.18,6.31251e-07,968377
0.505073,3166.8,6.07816e-07,952449
0.506072,3172.82,6.01925e-07,937703
0.507077,3178.55,5.97383e-07,923562
0.508075,3184.38,5.60926e-07,919666
0.509076,3189.92,6.09706e-07,909202
0.510083,3195.5,5.62289e-07,895315
0.51108,3200.8,5.89688e-07,887494
0.512086,3206.51,6.0204e-07,873789
0.513087,3212.11,5.97189e-07,862979
0.514088,3217.47,5.99592e-07,854837
0.51509,3222.99,6.22459e-07,840519
0.516094,3228.43,6.77336e-07,825217
0.517095,3233.94,5.9758e-07,810868
0.518097,3239.5,6.02785e-07,799143
0.519099,3244.92,6.07447e-07,796831
0.5201,3250.26,6.27829e-07,783980
0.521103,3255.73,6.2618e-07,779295
0.522105,3260.94,6.0497e-07,782460
0.523105,3266.02,5.9987e-07,775470
0.524109,3271.42,5.94633e-07,767530
0.52511,3276.89,5.98026e-07,772376
0.526111,3282.54,5.69637e-07,764970
0.527114,3287.87,6.52023e-07,748630
0.52812,3292.76,6.24074e-07,737541
0.529118,3297.88,6.05998e-07,729385
0.530122,3303.03,6.2195e-07,724748
0.531124,3308.19,5.59474e-07,709760
0.532124,3313.09,6.22781e-07,716686
0.533128,3317.97,6.01685e-07,702119
0.53413,3322.87,6.08945e-07,699503
0.53513,3327.94,6.15685e-07,698809
0.536135,3333.07,6.03227e-07,690578
0.537131,3337.95,5.87509e-07,688398
0.538137,3343.17,6.18441e-07,674899
0.539139,3347.97,5.89343e-07,668643
0.54014,3352.84,5.68562e-07,656696
0.54114,3357.64,5.87611e-07,651309
0.542146,3362.39,6.00788e-07,645413
0.543145,3367.07,5.88384e-07,632725
0.544148,3371.69,6.20715e-07,617250
0.545149,3376.43,5.87845e-07,604417
0.546153,3381.13,6.21438e-07,602055
0.547155,3385.68,5.77085e-07,598658
0.548157,3390.31,6.23001e-07,589791
0.549159,3394.78,6.20317e-07,590788
0.55016,3399.42,5.89737e-07,588846
0.55116,3403.78,5.77393e-07,574091
0.552163,3408.51,6.09805e-07,571661
0.553167,3413.15,5.95578e-07,568317
0.554169,3417.94,6.5879e-07,562087
0.55517,3422.28,5.66961e-07,557110
0.556177,3426.69,6.16307e-07,555490
0.557176,3431.22,5.41718e-07,553807
0.558174,3435.88,6.3975e-07,553233
0.55918,3440.23,5.86157e-07,546066
0.560179,3444.69,6.10657e-07,540129
0.561183,3449.18,6.17843e-07,531238
0.562186,3453.48,6.24108e-07,516123
0.563184,3457.91,6.01556e-07,512675
0.56419,3462.14,5.78957e-07,511017
0.56519,3466.25,6.35265e-07,503904
0.566195,3470.44,6.06547e-07,493493
0.567195,3475,6.06605e-07,475253
0.568196,3479.09,5.89205e-07,466571
0.569197,3483.22,5.87238e-07,467093
0.570202,3487.43,6.23566e-07,470390
0.571203,3491.5,6.0891e-07,459985
0.572204,3495.55,5.81878e-07,448920
0.573205,3499.6,5.84335e-07,443052
0.574205,3503.46,6.40023e-07,438874
0.57521,3507.66,6.27395e-07,431079
0.576212,3511.58,5.89653e-07,424662
0.577214,3515.4,5.98939e-07,429436
0.578216,3519.38,6.1368e-07,425378
0.579218,3523.3,5.98114e-07,420608
0.580222,3527.42,6.09649e-07,421816
0.581223,3531.4,5.80238e-07,415978
0.582221,3535.08,6.22456e-07,410531
0.583226,3538.96,6.22619e-07,404484
0.584233,3542.73,5.96544e-07,404034
0.585233,3546.7,6.22098e-07,401144
0.586233,3550.7,5.88906e-07,393963
0.587235,3554.55,6.04373e-07,391792
0.588234,3558.44,5.71882e-07,385999
0.589238,3562.03,6.36636e-07,382995
0.590241,3566.15,6.62293e-07,373022
0.591245,3569.82,6.09712e-07,371243
0.592245,3573.49,6.25242e-07,366525
0.593247,3577.1,6.18583e-07,358250
0.594249,3580.69,6.07652e-07,355851
0.595251,3584.28,5.6726e-07,348694
0.596252,3587.72,6.09062e-07,345558
0.597253,3591.34,6.33985e-07,340196
0.598256,3595.03,5.97197e-07,339041
0.59926,3598.43,6.25694e-07,334895
0.600264,3601.89,6.02273e-07,336105
0.60126,3605.45,5.70173e-07,334700
0.602263,3608.85,5.98106e-07,332265
0.603265,3612.45,6.09437e-07,326312
0.604269,3615.89,6.27541e-07,328499
0.60527,3619.43,6.11592e-07,322312
0.606272,3622.68,6.3985e-07,319949
0.607277,3626.18,5.99883e-07,317389
0.608279,3629.34,5.57348e-07,312452
0.609276,3632.58,5.89393e-07,309518
0.610282,3635.77,6.28861e-07,313136
0.611284,3639.07,6.05122e-07,308949
0.612287,3642.26,6.3168e-07,306261
0.613285,3645.54,5.84613e-07,299072
0.61429,3648.66,5.56461e-07,298016
0.615287,3651.73,5.66645e-07,297973
0.616292,3654.78,6.35947e-07,295691
0.617295,3657.82,6.12259e-07,295511
0.618299,3660.89,6.1008e-07,290854
0.619299,3663.92,5.83756e-07,288668
0.620297,3666.85,5.83945e-07,282750
0.621305,3669.95,6.52317e-07,279647
0.622305,3673.04,6.06262e-07,275739
0.623306,3676.15,6.44988e-07,277650
0.62431,3679.27,6.10482e-07,270663
0.625311,3682.34,6.1926e-07,270663
0.626312,3685.43,5.82029e-07,266930
0.627313,3688.25,5.62987e-07,267011
0.628316,3691.14,5.92333e-07,266841
0.629316,3693.98,6.16181e-07,266123
0.630322,3696.78,6.28314e-07,262933
0.631321,3699.59,5.65823e-07,259399
0.632324,3702.65,6.41881e-07,255591
0.633329,3705.54,5.99316e-07,254520
0.634327,3708.49,5.77628e-07,243057
0.635328,3711.17,6.44775e-07,236365
0.636333,3713.87,5.85326e-07,231387
0.637335,3716.58,6.05984e-07,227328
0.638336,3719.3,6.11532e-07,224422
0.639341,3721.96,5.85267e-07,222405
0.640342,3724.65,6.0237e-07,218713
0.641343,3727.21,5.84735e-07,218398
0.642346,3729.84,5.68019e-07,215989
0.643344,3732.32,6.19785e-07,216005
0.644349,3735.11,6.2844e-07,212129
0.64535,3737.77,5.56962e-07,213817
0.646354,3740.31,6.10076e-07,210509
0.647353,3742.83,6.23351e-07,207813
0.648357,3745.31,6.10101e-07,204773
0.649359,3747.86,6.3494e-07,201411
0.65036,3750.38,6.06945e-07,199924
0.651362,3752.91,5.75603e-07,194344
0.652363,3755.51,5.76969e-07,188891
0.653365,3758.13,6.34991e-07,188251
0.65437,3760.58,6.38675e-07,188336
0.655376,3762.96,6.04747e-07,185201
0.656372,3765.24,5.80608e-07,183038
0.657375,3767.61,5.78153e-07,181269
0.658377,3769.99,5.83829e-07,179948
0.659378,3772.25,6.07873e-07,174246
0.66038,3774.53,6.07994e-07,168706
0.661384,3776.68,6.08072e-07,166221
0.662387,3779.09,5.6892e-07,162161
0.663383,3781.46,5.90845e-07,160320
0.66439,3783.8,5.87864e-07,159046
0.665391,3786.04,6.12585e-07,159941
0.666385,3788.31,5.85725e-07,158515
0.667398,3790.59,6.61172e-07,154619
0.668402,3792.74,5.95354e-07,153489
0.669397,3794.78,6.01427e-07,151357
0.670402,3797.02,6.31533e-07,146986
0.671405,3799.17,5.58353e-07,147504
0.672401,3801.23,6.01405e-07,143918
0.673409,3803.46,5.95489e-07,142420
0.67441,3805.56,5.72811e-07,138229
0.675411,3807.58,6.34046e-07,138784
0.676416,3809.68,5.9401e-07,135741
0.677416,3811.68,5.49268e-07,134841
0.678417,3813.55,6.14293e-07,134428
0.67942,3815.78,6.18205e-07,133983
0.680422,3817.69,5.76315e-07,130508
0.681422,3819.7,6.26617e-07,129908
0.682427,3821.76,5.90095e-07,127556
0.683425,3823.91,6.40054e-07,123149
0.684431,3825.85,5.84087e-07,120428
0.685431,3827.86,5.92929e-07,117984
0.686435,3829.71,6.08598e-07,115978
0.687436,3831.6,5.5279e-07,114474
0.688435,3833.41,6.29587e-07,111963
0.689437,3835.3,6.14431e-07,111236
0.69044,3837.14,6.00003e-07,111838
0.691441,3838.99,5.81069e-07,111108
0.692449,3840.78,6.02941e-07,109023
0.693448,3842.63,6.02796e-07,108854
0.694446,3844.43,6.08868e-07,106571
0.695454,3846.26,6.12348e-07,104480
0.696451,3848.11,5.772e-07,103098
0.697456,3849.82,6.28701e-07,100021
0.698459,3851.47,6.0794e-07,99658.7
0.699462,3853.15,5.41949e-07,98895.1
0.700456,3854.92,6.21819e-07,99676.5
0.701465,3856.68,6.0694e-07,97814.1
0.702465,3858.32,6.40338e-07,98519.5
0.703467,3859.88,5.98681e-07,97367.6
0.704467,3861.55,6.15734e-07,96761.8
0.705472,3863.21,6.41285e-07,95401.8
0.706473,3864.75,6.02298e-07,94636.2
0.707472,3866.46,6.26582e-07,93334.2
0.708475,3868.01,6.19124e-07,91025.9
0.70948,3869.58,6.16234e-07,88854.1
0.71048,3871.04,6.10622e-07,88932.1
0.711484,3872.63,6.01416e-07,87114
0.712483,3873.99,5.65788e-07,86948
0.713489,3875.44,6.47905e-07,84109.1
0.714492,3876.86,5.85722e-07,83577.6
0.715492,3878.46,6.09987e-07,81654.2
0.716493,3880.05,5.7462e-07,78744.6
0.717495,3881.56,5.92465e-07,78191.1
0.718498,3883.06,6.1604e-07,77743.1
0.719498,3884.55,6.18693e-07,77821.8
0.720502,3885.97,6.10475e-07,76766.7
0.721501,3887.3,5.5514e-07,76881
0.722504,3888.75,6.28303e-07,76392.7
0.723507,3890.12,6.40577e-07,75887.6
0.724513,3891.42,5.83151e-07,75165.6
0.725508,3892.87,6.22121e-07,74444.6
0.726513,3894.16,6.10201e-07,72258.5
0.727516,3895.37,6.21272e-07,72106.8
0.728518,3896.77,6.02554e-07,71717.5
0.729521,3898.13,5.90099e-07,71426
0.73052,3899.37,6.13221e-07,71768
0.731526,3900.63,5.86234e-07,70128.5
0.732524,3901.85,5.90848e-07,69461.1
0.733527,3903.09,6.51658e-07,69197
0.73453,3904.31,5.71727e-07,67125.7
0.73553,3905.6,5.77049e-07,66665.8
0.736532,3906.83,6.53924e-07,67265.2
0.737538,3908.02,5.49962e-07,66836.8
0.738536,3909.23,5.96388e-07,65768.5
0.739538,3910.34,6.14976e-07,64408.8
0.74054,3911.53,6.05088e-07,63922.4
0.741543,3912.74,5.99673e-07,63372.2
0.742544,3913.84,6.538e-07,62983.9
0.743548,3914.95,6.04938e-07,61418.6
0.744549,3916.04,5.81359e-07,61059.4
0.745551,3916.98,6.20283e-07,61933.9
0.746551,3918.05,6.29858e-07,61232.8
0.747558,3919.16,6.02236e-07,59884.6
0.748556,3920.26,6.24877e-07,58889.2
0.749558,3921.4,6.05057e-07,57227.6
0.750563,3922.45,6.30093e-07,55897.5
0.751564,3923.47,5.97783e-07,54530.7
0.752567,3924.48,6.12048e-07,53244.9
0.75357,3925.65,6.10827e-07,51870.3
0.754569,3926.67,5.67822e-07,52424.6
0.75557,3927.69,6.07298e-07,51350.6
0.756574,3928.73,6.11363e-07,51128.1
0.757573,3929.76,6.04377e-07,50083.7
0.758577,3930.75,6.3004e-07,50184.7
0.759581,3931.8,6.0638e-07,48911.4
0.760582,3932.78,6.02048e-07,48634.7
0.761583,3933.73,6.01511e-07,48150.5
0.762587,3934.75,5.98986e-07,47977.7
0.763585,3935.72,5.60047e-07,46569.7
0.764586,3936.57,6.32966e-07,45626.3
0.765594,3937.45,5.99527e-07,45173.8
0.766596,3938.38,5.59977e-07,44170
0.767595,3939.21,5.77745e-07,43351
0.768596,3940.09,6.19004e-07,42851
0.769601,3941.04,5.94345e-07,42007.2
0.770601,3941.93,6.23595e-07,41344.3
0.771604,3942.76,5.99809e-07,41134.7
0.772604,3943.66,6.34074e-07,41023.6
0.77361,3944.44,5.70632e-07,40457.4
0.774609,3945.22,5.99407e-07,39747.2
0.775609,3945.96,5.98449e-07,38548.3
0.776611,3946.9,6.35272e-07,36954.6
0.777614,3947.62,6.60765e-07,37056
0.77862,3948.48,5.56166e-07,37044.8
0.77962,3949.32,6.24729e-07,36424.8
0.780621,3950.15,6.13733e-07,35723
0.781624,3950.86,6.0422e-07,34592.8
0.782626,3951.63,5.90387e-07,34233.1
0.783626,3952.32,5.33369e-07,33511.5
0.784628,3953.06,5.87755e-07,33262.2
0.785632,3953.75,6.10325e-07,32983.2
0.786631,3954.5,6.03702e-07,32173
0.787637,3955.34,6.23397e-07,30645.9
0.788638,3956.03,5.75431e-07,29546.7
0.789638,3956.71,6.34407e-07,29454.5
0.790645,3957.34,5.72155e-07,28932.8
0.791642,3958.05,5.8753e-07,28489.9
0.792644,3958.63,6.44845e-07,27822.8
0.79365,3959.36,6.12375e-07,27175.2
0.79465,3959.98,6.28622e-07,26679.9
0.795653,3960.62,5.95468e-07,26327.3
0.796652,3961.34,6.22921e-07,25730.2
0.797657,3961.97,5.52266e-07,25663.6
0.798656,3962.57,6.06307e-07,24908.4
0.79966,3963.25,5.86069e-07,24740.7
0.800659,3963.86,6.36879e-07,24080.9
0.801663,3964.44,6.20928e-07,24207.4
0.802665,3964.96,6.15149e-07,23919.4
0.803666,3965.51,6.18585e-07,23469
0.804669,3966.12,6.03517e-07,23171.3
0.805673,3966.63,6.22434e-07,22827.1
0.806672,3967.18,5.77419e-07,22509.1
0.807675,3967.8,5.9932e-07,21928.6
0.808678,3968.39,5.98051e-07,21217.2
0.80968,3968.93,6.21116e-07,20953.4
0.810682,3969.5,6.08774e-07,20641
0.811685,3970.07,6.19512e-07,20177.4
0.812684,3970.62,6.29938e-07,19593.6
0.813687,3971.16,6.24238e-07,19308.6
0.814688,3971.7,6.12911e-07,18983.8
0.81569,3972.23,6.09928e-07,18401.1
0.816692,3972.78,6.19885e-07,18742.4
0.817692,3973.27,6.45749e-07,18501.6
0.818697,3973.75,6.58513e-07,18251.7
0.819702,3974.26,6.25445e-07,18171.2
0.820701,3974.69,6.19644e-07,17654.9
0.821703,3975.17,5.88358e-07,17289.2
0.822705,3975.6,5.87303e-07,17073.8
0.823707,3976.06,5.96445e-07,16662.2
0.82471,3976.5,6.38959e-07,16525
0.825713,3976.93,5.89355e-07,15867.4
0.826712,3977.43,5.74968e-07,15460.7
0.827716,3977.85,5.50891e-07,14941.1
0.828717,3978.24,6.336e-07,14191.2
0.829718,3978.68,5.9175e-07,13862.8
0.830723,3979.15,6.17736e-07,13513.1
0.83172,3979.55,5.99696e-07,13345.7
0.832725,3979.91,6.25e-07,12718.9
0.833729,3980.29,6.27098e-07,12217.4
0.834727,3980.6,6.11035e-07,11886
0.835735,3981.01,6.14502e-07,11635
0.836737,3981.33,5.73638e-07,11479.9
0.837737,3981.69,5.70699e-07,11334.2
0.838737,3982.04,5.39457e-07,11295.4
0.839739,3982.45,6.45627e-07,10893.5
0.840743,3982.82,6.30414e-07,10767.2
0.841745,3983.16,6.03002e-07,10310.5
0.842745,3983.48,5.85395e-07,10234.9
0.84375,3983.83,6.02789e-07,9989.89
0.844749,3984.17,5.76516e-07,9643.22
0.845751,3984.54,5.86131e-07,9466.2
0.846752,3984.89,6.20927e-07,9081.73
0.847758,3985.2,6.0283e-07,8893.19
0.848758,3985.54,6.41135e-07,8818.28
0.849761,3985.88,5.86573e-07,8586.04
0.850763,3986.17,6.20285e-07,8565.21
0.851765,3986.52,6.23862e-07,8204.84
0.852767,3986.82,6.01996e-07,7968.51
0.853766,3987.15,6.47782e-07,7863.05
0.854771,3987.46,5.80905e-07,7772.35
0.855771,3987.78,6.47499e-07,7541.8
0.856775,3988.08,6.24164e-07,7192.8
0.857776,3988.37,6.11823e-07,6911.06
0.858777,3988.61,5.41353e-07,6840.73
0.859777,3988.89,6.4536e-07,6626.95
0.86078,3989.13,6.32297e-07,6569.06
0.861786,3989.35,5.96701e-07,6455.14
0.862783,3989.6,6.40038e-07,6301.8
0.863789,3989.83,5.94118e-07,6179.89
0.86479,3990.08,6.37489e-07,6039.96
0.865793,3990.33,5.93083e-07,5767.22
0.866796,3990.57,6.41804e-07,5614.69
0.867795,3990.79,5.82708e-07,5340.95
0.868798,3990.96,5.97714e-07,5101.03
0.869798,3991.17,6.52137e-07,5000.55
0.870803,3991.42,6.20582e-07,4985.96
0.871803,3991.62,5.88006e-07,4883.31
0.872808,3991.78,6.17552e-07,4789.24
0.87381,3992,6.30129e-07,4804
0.87481,3992.18,5.5835e-07,4657.07
0.875809,3992.34,5.93745e-07,4614.2
0.876815,3992.54,6.14937e-07,4512.03
0.877817,3992.75,5.95184e-07,4390.74
0.878814,3992.93,6.4331e-07,4290.55
0.879822,3993.07,6.38703e-07,4223.41
0.880825,3993.24,6.05815e-07,4133.72
0.881821,3993.44,5.54932e-07,4120.95
0.882826,3993.63,6.34509e-07,3950.81
0.883828,3993.78,6.09543e-07,3825.8
0.884831,3993.96,5.61998e-07,3695.35
0.885831,3994.17,5.86105e-07,3701.89
0.886835,3994.35,5.98562e-07,3613.75
0.887829,3994.52,6.08776e-07,3528.76
0.888837,3994.67,6.86e-07,3378.21
0.889841,3994.85,6.22656e-07,3167.14
0.890843,3994.98,5.93115e-07,3080.84
0.891845,3995.12,5.97329e-07,2976.04
0.892847,3995.23,6.20433e-07,2944.55
0.893848,3995.37,6.26716e-07,2893.06
0.89485,3995.51,5.94179e-07,2734.97
0.895851,3995.61,5.96975e-07,2626.5
0.896854,3995.78,6.39663e-07,2486.67
0.897857,3995.93,6.04707e-07,2453.41
0.898861,3996.08,6.23551e-07,2432.47
0.899861,3996.19,5.62533e-07,2405.57
0.900861,3996.3,5.91447e-07,2373
0.901862,3996.43,6.44971e-07,2226.69
0.902865,3996.55,6.06117e-07,2183.94
0.903868,3996.67,5.9462e-07,2137.22
0.90487,3996.75,6.24568e-07,2085.75
0.905873,3996.86,6.15417e-07,2040.75
0.906876,3996.97,6.43824e-07,1954.66
0.907874,3997.08,6.46498e-07,1838.47
0.908877,3997.18,6.25483e-07,1764.44
0.90988,3997.27,6.16566e-07,1699.01
0.910882,3997.39,6.08156e-07,1648.5
0.911883,3997.45,6.23481e-07,1611.94
0.912886,3997.53,6.06892e-07,1538.42
0.913888,3997.62,6.07252e-07,1484.04
0.914889,3997.69,6.20444e-07,1421.7
0.915891,3997.79,6.16824e-07,1314.1
0.916896,3997.88,6.66613e-07,1280.31
0.917899,3997.97,5.95817e-07,1165.49
0.9189,3998.03,5.81779e-07,1139.61
0.919898,3998.13,6.10474e-07,1057.81
0.920903,3998.22,6.00949e-07,974.672
0.921907,3998.29,5.92398e-07,937.782
0.922904,3998.37,5.91761e-07,902.808
0.92391,3998.45,6.09221e-07,867.542
0.924909,3998.51,6.43752e-07,842.928
0.925914,3998.57,6.24058e-07,806.262
0.926913,3998.62,5.83768e-07,792.038
0.927914,3998.66,6.10282e-07,757.552
0.928918,3998.71,6.33342e-07,741.368
0.929919,3998.77,6.45592e-07,701.088
0.930925,3998.81,6.2466e-07,672.328
0.931924,3998.86,6.24311e-07,648.2
0.932928,3998.91,6.00164e-07,611.302
0.933928,3998.94,5.84341e-07,606.2
0.93493,3998.99,6.07692e-07,597.928
0.935931,3999.02,6.01331e-07,580.838
0.936935,3999.06,6.62384e-07,562.2
0.937936,3999.1,5.8961e-07,549
0.938937,3999.17,6.02228e-07,496.55
0.939941,3999.22,6.18888e-07,448.912
0.940941,3999.26,5.92285e-07,431.718
0.941944,3999.29,5.76287e-07,411.368
0.942946,3999.32,6.2974e-07,389.512
0.943945,3999.35,6.37251e-07,374.048
0.944952,3999.4,5.84494e-07,345.592
0.945954,3999.43,6.62152e-07,322.262
0.946957,3999.45,5.95028e-07,305.75
0.947954,3999.48,5.38971e-07,294.758
0.948958,3999.51,6.16441e-07,268.982
0.949961,3999.54,6.31241e-07,240.2
0.95096,3999.56,6.08944e-07,228.952
0.951963,3999.58,6.10439e-07,213.8
0.952965,3999.62,6.13793e-07,186.038
0.953967,3999.65,6.37028e-07,178.342
0.95497,3999.68,6.38132e-07,150.8
0.955974,3999.69,5.83918e-07,148.568
0.956973,3999.71,6.21905e-07,144.528
0.957977,3999.72,5.99297e-07,139.912
0.958978,3999.75,5.88833e-07,124.248
0.959981,3999.76,6.3151e-07,120.678
0.960983,3999.77,5.72423e-07,118.55
0.961984,3999.79,6.48411e-07,108.95
0.962986,3999.8,6.55335e-07,100
0.963989,3999.81,5.95205e-07,92.95
0.964991,3999.83,6.09257e-07,83.222
0.965994,3999.86,5.91327e-07,75.632
0.966991,3999.86,5.39075e-07,71.478
0.967993,3999.88,6.35867e-07,62.038
0.969,3999.89,6.1671e-07,58.95
0.97,3999.91,5.89248e-07,48.128
0.971,3999.92,5.96949e-07,43.958
0.972003,3999.93,6.25825e-07,39.408
0.973007,3999.94,6.12552e-07,33.952
0.974007,3999.94,5.93053e-07,30.432
0.97501,3999.95,6.26741e-07,26.848
0.97601,3999.95,5.81057e-07,25.942
0.977014,3999.96,6.45202e-07,24.118
0.978018,3999.96,5.89353e-07,22.278
0.97902,3999.97,5.84862e-07,18.422
0.980018,3999.97,5.83955e-07,17.488
0.981021,3999.98,6.55987e-07,13.712
0.982027,3999.98,6.20732e-07,11.8
0.983025,3999.98,5.81969e-07,10.838
0.984027,3999.99,6.45362e-07,4.95
0.985029,3999.99,6.09261e-07,3.968
0.986032,3999.99,6.44564e-07,2.982
0.987033,4000,6.00532e-07,1.992
0.988036,4000,6.43912e-07,0.998
0.989039,4000,5.80049e-07,0.998
0.990039,4000,5.93639e-07,0.998
0.991043,4000,6.35313e-07,0.998
0.992046,4000,5.90933e-07,0
0.993047,4000,6.16209e-07,0
0.994049,4000,6.35908e-07,0
0.99505,4000,6.1293e-07,0
0.996053,4000,5.95748e-07,0
0.997053,4000,6.36089e-07,0
0.998057,4000,5.86037e-07,0
0.999045,4000,3.80376e-07,0
1,4000,0,0
0.0517717,36.28,0.597609,389061
4.59363,-1,-1,-1
