0,1,0,0
0.00104926,2.034,1.64446e-08,16.422
0.0020971,2.104,1.12438e-07,46.592
0.00303857,2.252,2.74421e-07,96.248
0.00407927,2.42,2.46449e-07,133.8
0.00506348,2.576,7.89568e-07,146.112
0.00606858,2.724,4.10207e-07,131.912
0.0070762,2.854,6.51287e-07,116.342
0.00807161,2.968,5.30024e-07,117.488
0.00907771,3.058,5.70109e-07,107.318
0.0100773,3.116,5.73956e-07,127.272
0.0110794,3.186,5.52555e-07,141.702
0.0120815,3.246,6.05899e-07,154.742
0.0130848,3.334,5.46179e-07,191.222
0.0140879,3.394,5.79692e-07,229.382
0.0150893,3.464,5.68502e-07,238.352
0.0160908,3.538,5.5848e-07,256.278
0.0170922,3.614,5.62869e-07,268.502
0.018092,3.686,5.5431e-07,291.702
0.0190976,3.776,5.5507e-07,312.912
0.0200988,3.856,5.77713e-07,331.632
0.0211007,3.936,5.5022e-07,337.952
0.0221005,4.014,5.96591e-07,350.902
0.0231045,4.076,5.41037e-07,367.112
0.0241066,4.148,6.18912e-07,367.048
0.0251094,4.242,5.35351e-07,377.718
0.0261116,4.3,5.77438e-07,403
0.0271107,4.384,5.37877e-07,418.272
0.0281161,4.446,5.93185e-07,433.542
0.0291145,4.504,5.81453e-07,442.992
0.0301199,4.572,5.51689e-07,492.408
0.0311196,4.654,5.73554e-07,545.142
0.0321234,4.732,5.5482e-07,604.088
0.0331211,4.814,5.70004e-07,621.702
0.0341268,4.852,5.32548e-07,649.048
0.0351286,4.92,6.14669e-07,694.8
0.0361282,4.978,5.39229e-07,700.758
0.0371345,5.064,5.77255e-07,711.952
0.0381334,5.134,5.61054e-07,762.022
0.0391381,5.204,5.40052e-07,795.192
0.0401388,5.296,5.673e-07,814.192
0.0411377,5.374,5.72293e-07,869.062
0.0421405,5.468,5.58724e-07,890.488
0.0431462,5.552,5.92801e-07,901.648
0.0441446,5.644,5.68236e-07,960.632
0.0451507,5.738,5.35336e-07,1002.68
0.0461507,5.812,6.06171e-07,1058.33
0.047151,5.894,5.15155e-07,1191.38
0.0481543,6.014,6.1115e-07,1192.9
0.0491552,6.102,5.55664e-07,1187.8
0.0501632,6.184,5.59005e-07,1219.07
0.051159,6.236,5.6472e-07,1222.15
0.0521625,6.37,5.35165e-07,1286.55
0.053164,6.446,5.87675e-07,1339.54
0.0541647,6.54,5.50336e-07,1444.2
0.0551708,6.65,5.63631e-07,1455.75
0.0561694,6.762,5.97678e-07,1618.68
0.0571741,6.836,5.16548e-07,1696.55
0.0581753,6.914,6.10981e-07,1809.3
0.0591742,7.02,5.29994e-07,1879.8
0.0601798,7.1,5.79306e-07,1939
0.0611803,7.194,5.77257e-07,1974.18
0.0621834,7.304,5.21558e-07,2067.79
0.0631841,7.418,6.08509e-07,2163.64
0.0641886,7.546,5.48618e-07,2397.94
0.0651902,7.658,5.7008e-07,2468.52
0.0661898,7.754,5.65813e-07,2670.74
0.0671947,7.842,5.54774e-07,2782.52
0.0681931,7.912,5.82848e-07,2780.13
0.0691978,8.04,5.41769e-07,2873.2
0.0701978,8.146,5.90454e-07,2990.34
0.0712011,8.272,5.30093e-07,3033.01
0.0722026,8.384,5.9376e-07,3178.27
0.073204,8.496,5.34155e-07,3538.99
0.0742094,8.64,5.58494e-07,3707.2
0.0752055,8.728,5.69148e-07,3749.01
0.0762106,8.818,5.44468e-07,3814.44
0.0772088,8.91,6.05036e-07,3846.95
0.078216,9.006,5.11069e-07,3988.98
0.0792184,9.106,6.20298e-07,4123.38
0.0802173,9.212,5.19101e-07,4269.53
0.0812234,9.324,5.51221e-07,4399.51
0.0822178,9.43,5.7336e-07,4528.55
0.0832237,9.566,5.24932e-07,4790.82
0.0842249,9.684,6.13056e-07,4872.07
0.085227,9.804,5.26984e-07,5100.79
0.0862331,9.906,5.8515e-07,5224.58
0.0872317,10.026,5.63576e-07,5390.66
0.0882353,10.138,5.6812e-07,5439.48
0.0892376,10.244,5.70207e-07,5566.23
0.0902381,10.376,5.62657e-07,5947.31
0.0912377,10.52,5.609e-07,6374.8
0.0922445,10.656,5.40504e-07,6794.83
0.0932445,10.776,5.96149e-07,6876.91
0.0942455,10.904,5.41008e-07,6945.39
0.0952497,11.068,5.76086e-07,7615.69
0.0962493,11.19,5.97031e-07,7898.95
0.0972521,11.342,5.08944e-07,8184.52
0.0982566,11.502,6.28372e-07,8351
0.0992526,11.684,5.17946e-07,8984.07
0.100266,11.806,5.35849e-07,9026.18
0.101258,11.926,5.95921e-07,9240.26
0.102263,12.068,5.17087e-07,9459.69
0.103265,12.196,5.93218e-07,9564.79
0.104267,12.318,5.37174e-07,9896.44
0.10527,12.456,5.6997e-07,10116
0.106271,12.622,5.60488e-07,10437.6
0.107275,12.804,5.69329e-07,11560.8
0.108273,12.966,5.66759e-07,11682.4
0.109279,13.154,5.51623e-07,12441.1
0.110279,13.3,5.86028e-07,12857
0.111279,13.474,5.34553e-07,13270.7
0.112284,13.626,5.91405e-07,13645.1
0.113283,13.762,5.53252e-07,13824.7
0.114286,13.936,5.59413e-07,13892
0.115287,14.14,5.98964e-07,14360.2
0.116291,14.274,5.37403e-07,14997.5
0.117294,14.436,5.71957e-07,15181
0.118294,14.602,5.74732e-07,15579.8
0.119296,14.782,5.47796e-07,16555.2
0.120298,14.952,5.79841e-07,16888.8
0.121299,15.134,5.74083e-07,17288
0.122306,15.338,5.39599e-07,17961.9
0.123305,15.504,5.9722e-07,18229
0.124305,15.69,5.16675e-07,18810.9
0.125315,15.96,5.59576e-07,19591.2
0.126308,16.168,6.01291e-07,20541.9
0.127313,16.348,5.16191e-07,21169.4
0.128318,16.572,5.85352e-07,21366.4
0.129316,16.77,5.68446e-07,22690.6
0.130319,17.016,5.37784e-07,23385.9
0.131319,17.212,5.84415e-07,24597.5
0.132323,17.402,5.73997e-07,24934.2
0.133324,17.562,5.61097e-07,25199.1
0.134327,17.806,5.45739e-07,26072.2
0.135327,18.04,5.90584e-07,27267.2
0.13633,18.226,5.59608e-07,28203.5
0.137333,18.44,5.69348e-07,28825.2
0.138335,18.644,5.76094e-07,29360.6
0.139337,18.892,5.50328e-07,30832.2
0.140339,19.194,5.6537e-07,32024.2
0.14134,19.488,5.78389e-07,33512.9
0.142343,19.724,5.4861e-07,35877.9
0.143339,19.98,5.68043e-07,38337.8
0.144347,20.278,5.41959e-07,39640.4
0.145349,20.61,5.84072e-07,44889
0.14635,20.952,5.50736e-07,47328.8
0.147353,21.202,5.8923e-07,48594.6
0.148355,21.388,5.24535e-07,49508.7
0.149358,21.702,5.88041e-07,51500.6
0.150356,21.896,5.42331e-07,52850.6
0.151363,22.204,5.57609e-07,54013.2
0.152361,22.492,5.8473e-07,55157
0.153364,22.704,5.26764e-07,55850.2
0.154367,23.09,6.20312e-07,60116.9
0.155368,23.408,5.43192e-07,62990.8
0.156373,23.696,5.51946e-07,65275.8
0.15737,24.064,5.70927e-07,68468
0.158376,24.374,5.52643e-07,69257.1
0.159375,24.73,6.00228e-07,69846.5
0.160382,25.026,5.24094e-07,74068.7
0.16138,25.41,6.11041e-07,76538.9
0.162383,25.682,4.98549e-07,78022.4
0.163385,26.072,6.10995e-07,80025.4
0.164382,26.474,5.28505e-07,82482.7
0.165391,26.918,5.67498e-07,87337.6
0.166384,27.38,5.43241e-07,92945.8
0.167396,27.688,5.50658e-07,93057.3
0.168395,28.114,5.79801e-07,96228.5
0.169397,28.462,5.456e-07,101502
0.170398,28.776,5.881e-07,104921
0.171402,29.084,5.48686e-07,107360
0.172402,29.626,5.77393e-07,113489
0.173405,30.078,5.72353e-07,117548
0.174407,30.598,5.62958e-07,125292
0.175409,31.122,5.36779e-07,131708
0.176411,31.576,5.86814e-07,134030
0.177411,32.166,5.72894e-07,141095
0.178417,32.704,5.45314e-07,144182
0.179417,33.274,5.98979e-07,147619
0.180417,33.838,5.37599e-07,151854
0.181421,34.332,5.75019e-07,157157
0.182423,34.766,5.56429e-07,158598
0.183426,35.356,5.77515e-07,166439
0.184428,35.892,5.51022e-07,170660
0.185429,36.428,5.78812e-07,173632
0.18643,36.922,5.6188e-07,177728
0.18743,37.392,5.77421e-07,179369
0.188436,37.952,5.56914e-07,181329
0.189438,38.558,5.76419e-07,186807
0.190435,39.044,5.59722e-07,196279
0.191443,39.662,5.63002e-07,202864
0.192446,40.106,5.67761e-07,210909
0.193446,40.714,5.53138e-07,222310
0.194445,41.138,5.76148e-07,225613
0.195448,41.882,5.57967e-07,234800
0.196452,42.38,5.67725e-07,240624
0.197453,43.128,5.44054e-07,245158
0.198455,43.9,5.65489e-07,256461
0.199462,44.454,5.68666e-07,261054
0.200468,45.406,5.33067e-07,270717
0.201462,46.048,5.82175e-07,281319
0.202463,46.934,5.61551e-07,295155
0.203466,47.546,5.59993e-07,303132
0.204468,48.398,5.56135e-07,311800
0.205468,49.276,5.68431e-07,336428
0.206471,50.104,5.37784e-07,351197
0.207475,50.878,5.9843e-07,357926
0.208477,51.732,5.58006e-07,370162
0.209478,52.608,5.64396e-07,376271
0.210476,53.558,5.4774e-07,381923
0.21148,54.67,5.60753e-07,401151
0.212484,55.302,5.67165e-07,410539
0.213487,56.432,5.75992e-07,433459
0.214491,57.618,5.67914e-07,453930
0.215489,58.822,5.60321e-07,472773
0.21649,59.936,5.61864e-07,512374
0.217492,61.19,5.50447e-07,535623
0.218498,62.622,5.68951e-07,573850
0.219495,63.964,5.59496e-07,598153
0.2205,65.432,5.45931e-07,643779
0.221502,66.644,5.9957e-07,680595
0.222506,68.052,5.51262e-07,702257
0.223506,69.336,5.71942e-07,720568
0.224508,70.73,5.82074e-07,771565
0.225509,71.95,5.51615e-07,796074
0.226512,73.89,5.5704e-07,875743
0.227512,75.358,5.71841e-07,899691
0.228513,77.418,5.72467e-07,972430
0.229521,78.964,5.57323e-07,1.0087e+06
0.230518,80.798,6.00654e-07,1.05803e+06
0.231518,82.552,5.43124e-07,1.11267e+06
0.232526,83.934,5.73028e-07,1.13913e+06
0.233525,85.62,5.71686e-07,1.18847e+06
0.234527,87.38,5.30141e-07,1.25782e+06
0.235525,89.212,5.91722e-07,1.34656e+06
0.236533,91.548,5.56761e-07,1.41798e+06
0.237533,93.166,5.9566e-07,1.45481e+06
0.238535,95.766,5.43934e-07,1.55873e+06
0.239538,97.974,5.50294e-07,1.6831e+06
0.240537,99.898,5.86633e-07,1.752e+06
0.24154,102.626,5.45134e-07,1.83949e+06
0.242545,105.134,5.91803e-07,1.94038e+06
0.243544,108.474,5.66011e-07,2.13881e+06
0.24455,110.788,5.49388e-07,2.20218e+06
0.245548,113.444,5.69246e-07,2.2829e+06
0.246552,115.608,5.37688e-07,2.37801e+06
0.247554,118.684,6.02738e-07,2.53442e+06
0.248556,121.47,5.40417e-07,2.66623e+06
0.249549,124.336,5.61158e-07,2.82316e+06
0.250566,127.894,5.46763e-07,3.09601e+06
0.251562,131.576,5.59067e-07,3.37829e+06
0.252561,134.932,6.01442e-07,3.51981e+06
0.253566,138.638,5.28606e-07,3.63069e+06
0.254566,142.602,5.85641e-07,3.78511e+06
0.255567,146.654,5.47209e-07,4.0335e+06
0.256572,151.548,5.71642e-07,4.26842e+06
0.257573,156.346,5.84947e-07,4.5297e+06
0.258577,160.53,5.52361e-07,4.68827e+06
0.259578,165.162,6.05997e-07,4.97307e+06
0.260578,171.24,5.25102e-07,5.35089e+06
0.261583,176.538,5.65675e-07,5.74169e+06
0.26258,181.782,5.84407e-07,5.95873e+06
0.263586,188.404,5.27501e-07,6.46577e+06
0.264591,195.626,6.05237e-07,6.92111e+06
0.265589,202.222,5.48422e-07,7.31556e+06
0.266589,208.454,5.28612e-07,7.47062e+06
0.267593,218.702,6.03248e-07,8.30589e+06
0.268595,225.3,5.55174e-07,8.73648e+06
0.269599,232.604,5.57624e-07,9.12717e+06
0.270596,240.536,5.86914e-07,9.74498e+06
0.271602,248.962,5.44977e-07,1.03479e+07
0.272602,257.196,5.94549e-07,1.07429e+07
0.273604,264.868,5.41155e-07,1.12211e+07
0.274608,275.546,5.68804e-07,1.19504e+07
0.275607,288.036,5.80291e-07,1.28554e+07
0.276612,296.884,5.59931e-07,1.33911e+07
0.277612,304.896,5.80477e-07,1.40706e+07
0.278617,316.226,5.49955e-07,1.48809e+07
0.279619,327.308,5.88085e-07,1.53564e+07
0.280619,340.896,5.54998e-07,1.60956e+07
0.281622,353.396,5.4883e-07,1.70068e+07
0.282623,364.638,6.02082e-07,1.77313e+07
0.283624,377.744,5.28927e-07,1.81947e+07
0.284629,391.006,5.56751e-07,1.92264e+07
0.285629,407.796,5.81869e-07,2.0277e+07
0.28663,422.41,5.42317e-07,2.15118e+07
0.287635,441.654,5.80685e-07,2.22792e+07
0.288635,461.052,5.81751e-07,2.29798e+07
0.289639,479.002,5.27808e-07,2.38812e+07
0.290638,493.822,5.84133e-07,2.49384e+07
0.291637,513.81,5.51102e-07,2.55724e+07
0.292643,532.642,5.69029e-07,2.73571e+07
0.293646,555.328,5.63695e-07,2.82212e+07
0.294649,571.402,5.54697e-07,2.89163e+07
0.29565,591.624,5.58173e-07,3.0185e+07
0.296651,610.934,5.66946e-07,3.0447e+07
0.297651,635.426,5.85696e-07,3.13281e+07
0.298655,657.524,5.25107e-07,3.2123e+07
0.299657,682.26,5.97415e-07,3.234e+07
0.300657,701.25,5.67265e-07,3.3057e+07
0.301663,727.59,5.54391e-07,3.39569e+07
0.302663,752.424,5.65568e-07,3.35885e+07
0.303664,777.9,5.69421e-07,3.47658e+07
0.304667,802.532,5.4359e-07,3.57868e+07
0.305671,830.628,5.89946e-07,3.64669e+07
0.306669,853.138,5.47226e-07,3.64848e+07
0.307676,881.778,5.18812e-07,3.6441e+07
0.308675,912.852,6.30445e-07,3.61266e+07
0.309676,935.03,5.30401e-07,3.58139e+07
0.310683,962.628,5.51264e-07,3.59419e+07
0.311678,989.724,6.00009e-07,3.48661e+07
0.312684,1015.43,5.2735e-07,3.51295e+07
0.313688,1041.47,5.82458e-07,3.37789e+07
0.314687,1067.01,5.7197e-07,3.29214e+07
0.315691,1093.23,5.49769e-07,3.29026e+07
0.316689,1118.89,5.86604e-07,3.18088e+07
0.317695,1147.75,5.45865e-07,3.03045e+07
0.318696,1175.06,5.93217e-07,2.82645e+07
0.319698,1199.7,5.3212e-07,2.78723e+07
0.320703,1225.8,5.76848e-07,2.64362e+07
0.321699,1253.78,5.78873e-07,2.48363e+07
0.322707,1281.79,5.27845e-07,2.36038e+07
0.323707,1307.96,6.01199e-07,2.22222e+07
0.324707,1334.11,5.23376e-07,2.05319e+07
0.325709,1360.16,5.92445e-07,1.94679e+07
0.326709,1383.83,5.43389e-07,1.81244e+07
0.327716,1410.64,5.83253e-07,1.67157e+07
0.328714,1437.09,5.62079e-07,1.48308e+07
0.329719,1460.26,5.57827e-07,1.42068e+07
0.33072,1484.93,5.61792e-07,1.32014e+07
0.331722,1508.67,5.97787e-07,1.28193e+07
0.332712,1533.05,5.10727e-07,1.25995e+07
0.333723,1556.25,5.14008e-07,1.24787e+07
0.334731,1580.29,5.38586e-07,1.16453e+07
0.335732,1601.35,5.60657e-07,1.13146e+07
0.336733,1627.61,5.71086e-07,1.03791e+07
0.337734,1649.73,5.55572e-07,9.56512e+06
0.338735,1672.59,5.43409e-07,9.0769e+06
0.339736,1694.52,5.82401e-07,8.36493e+06
0.340739,1715.92,5.68737e-07,8.03955e+06
0.341744,1738.77,5.69078e-07,7.5587e+06
0.342743,1760.85,5.72678e-07,7.04822e+06
0.343746,1782.82,5.46898e-07,6.77194e+06
0.344745,1802.83,5.68317e-07,6.70432e+06
0.34575,1823.97,5.6836e-07,6.41301e+06
0.346754,1842.57,5.69952e-07,6.34017e+06
0.347754,1863.33,5.63166e-07,6.00972e+06
0.348756,1883.54,5.64818e-07,5.97225e+06
0.349757,1903.64,5.83594e-07,5.67557e+06
0.350759,1924.15,5.20524e-07,5.52737e+06
0.351764,1943.52,5.88637e-07,5.48171e+06
0.352761,1963.01,5.49608e-07,5.30568e+06
0.353766,1982.79,5.6395e-07,5.16644e+06
0.354767,2001.1,5.81652e-07,4.95086e+06
0.35577,2020.79,5.60342e-07,4.75601e+06
0.356773,2040.38,5.6975e-07,4.7063e+06
0.357772,2059.01,5.61964e-07,4.54296e+06
0.358776,2078.29,5.59637e-07,4.44161e+06
0.359777,2097.34,5.84097e-07,4.30126e+06
0.360778,2116.62,5.47007e-07,4.19065e+06
0.361781,2135.05,5.81068e-07,4.13554e+06
0.362783,2153.38,5.47209e-07,4.06076e+06
0.363785,2171.78,5.77809e-07,3.98683e+06
0.364788,2190.28,5.87445e-07,3.81477e+06
0.36579,2208,5.27282e-07,3.72247e+06
0.366795,2225.91,5.72199e-07,3.52612e+06
0.367791,2243.72,5.74502e-07,3.40144e+06
0.368797,2260.93,5.61511e-07,3.26577e+06
0.369798,2276.68,5.68408e-07,3.12075e+06
0.370799,2293.59,5.55749e-07,2.96986e+06
0.371801,2310.25,5.7381e-07,2.9591e+06
0.372803,2326.7,5.78112e-07,2.90835e+06
0.373807,2343.17,5.59321e-07,2.78103e+06
0.374804,2359.07,5.77029e-07,2.64692e+06
0.375809,2375.04,5.35257e-07,2.53898e+06
0.376814,2391.91,5.59751e-07,2.43403e+06
0.377811,2406.95,5.76413e-07,2.36177e+06
0.378815,2422.44,5.42499e-07,2.36924e+06
0.37982,2437.48,5.81751e-07,2.4039e+06
0.380819,2453.01,5.79956e-07,2.32569e+06
0.381821,2467.55,5.20281e-07,2.30742e+06
0.382825,2482.73,5.86864e-07,2.24879e+06
0.383822,2497.44,5.5832e-07,2.19854e+06
0.384833,2512,5.42336e-07,2.13382e+06
0.385829,2526.96,6.00807e-07,2.09295e+06
0.386832,2541.25,5.34739e-07,2.01497e+06
0.387835,2554.92,5.87332e-07,1.9485e+06
0.388833,2568.51,5.64099e-07,1.88081e+06
0.389839,2581.79,5.41661e-07,1.82522e+06
0.390839,2595.58,5.87414e-07,1.76091e+06
0.391841,2609.43,5.60594e-07,1.71238e+06
0.392845,2622.69,5.48398e-07,1.67947e+06
0.393845,2636.63,6.05684e-07,1.5874e+06
0.394848,2650.43,5.1697e-07,1.54797e+06
0.39585,2664.12,5.95671e-07,1.50035e+06
0.396848,2676.61,5.47597e-07,1.52089e+06
0.397855,2689.89,5.36092e-07,1.48985e+06
0.398856,2702.4,5.92669e-07,1.5115e+06
0.399859,2715.91,5.18879e-07,1.43535e+06
0.400864,2728.69,5.64198e-07,1.39487e+06
0.40186,2740.11,5.70591e-07,1.39118e+06
0.402866,2753,5.49455e-07,1.36503e+06
0.403865,2765.55,5.79195e-07,1.35061e+06
0.40487,2777.96,5.68101e-07,1.33e+06
0.405869,2790.99,5.48963e-07,1.34386e+06
0.406875,2803.21,5.66169e-07,1.33341e+06
0.407872,2814.81,5.73162e-07,1.3082e+06
0.408877,2826.97,5.38692e-07,1.26954e+06
0.409879,2838.27,5.85819e-07,1.24192e+06
0.410879,2849.69,5.30514e-07,1.22102e+06
0.41188,2861.27,5.98084e-07,1.18574e+06
0.412882,2872.72,5.39092e-07,1.16942e+06
0.413887,2884.37,5.70882e-07,1.16806e+06
0.414889,2895.51,5.8352e-07,1.13727e+06
0.415891,2906.31,5.57106e-07,1.1141e+06
0.416896,2917.5,5.76875e-07,1.07205e+06
0.417895,2928.25,5.472e-07,1.06442e+06
0.418898,2939.45,5.36725e-07,1.05715e+06
0.419895,2950.19,5.82333e-07,1.05005e+06
0.420898,2960.38,5.23875e-07,1.00897e+06
0.421901,2970.43,5.9391e-07,971751
0.422902,2980.69,5.5997e-07,968472
0.423909,2990.94,5.58787e-07,955613
0.424907,3001.47,5.87353e-07,941570
0.42591,3011.93,5.11889e-07,898881
0.426913,3021.59,6.04567e-07,883611
0.427912,3031.49,5.29306e-07,863509
0.428922,3041.04,5.55615e-07,849552
0.429916,3051.03,5.72723e-07,830843
0.430922,3060.31,5.39687e-07,816870
0.431922,3069.41,6.04814e-07,808257
0.432924,3078.83,5.23615e-07,791957
0.433927,3088.51,5.74444e-07,777727
0.434928,3097.72,5.60646e-07,755839
0.435929,3106.88,5.71779e-07,770629
0.436935,3115.9,5.6003e-07,758935
0.437936,3124.83,5.75407e-07,750970
0.438933,3133.55,5.44356e-07,763766
0.439941,3142.66,5.68532e-07,743324
0.440941,3151.53,5.73549e-07,714349
0.441943,3159.76,5.36854e-07,703960
0.442944,3168.62,5.89356e-07,686144
0.443945,3176.93,5.6826e-07,687449
0.444949,3185.9,5.70408e-07,664728
0.445952,3194.27,5.52809e-07,667149
0.446952,3202.85,5.97835e-07,652284
0.447954,3211.2,5.13732e-07,658572
0.448958,3219.34,5.78263e-07,643274
0.449952,3227.07,5.47916e-07,641723
0.450961,3235.01,5.5774e-07,622607
0.451962,3242.97,6.18009e-07,610422
0.452964,3250.74,5.213e-07,595555
0.453968,3258.63,5.82777e-07,589675
0.454966,3266.14,5.68486e-07,571933
0.455972,3273.84,5.39092e-07,555995
0.45697,3281.67,6.0211e-07,553743
0.457976,3289.34,5.4598e-07,542910
0.45898,3296.54,5.85846e-07,550508
0.459978,3304.1,5.49941e-07,538647
0.46098,3310.92,5.60505e-07,525478
0.461981,3317.77,5.48738e-07,527004
0.462982,3324.84,5.88436e-07,519283
0.463985,3332.22,5.42066e-07,514040
0.464991,3339.29,5.78182e-07,515944
0.46599,3346.25,5.78029e-07,512805
0.466995,3353.06,5.27829e-07,500144
0.467993,3359.6,6.19768e-07,479100
0.468994,3366.33,5.07049e-07,469358
0.470001,3373.06,5.77563e-07,471844
0.470996,3379.52,6.03029e-07,459673
0.472003,3386.43,5.12297e-07,458982
0.473007,3392.86,6.0937e-07,446745
0.474004,3398.9,5.34017e-07,442052
0.475008,3404.84,5.72138e-07,439071
0.476008,3411.17,5.93436e-07,425773
0.477015,3417.62,5.29953e-07,418246
0.478016,3423.8,6.03443e-07,420145
0.479016,3429.82,5.32269e-07,408035
0.480021,3435.76,5.76592e-07,397934
0.481019,3441.61,5.69775e-07,384731
0.482025,3447.57,5.38224e-07,376470
0.483023,3453.39,5.97462e-07,375193
0.484024,3458.92,5.27453e-07,368907
0.485027,3464.79,5.892e-07,362930
0.486028,3470.77,5.51105e-07,363707
0.487033,3476.38,5.75957e-07,352992
0.488033,3482,5.74926e-07,347177
0.48904,3487.38,5.52511e-07,333332
0.490037,3493.05,5.99038e-07,322910
0.491042,3498.4,5.33656e-07,325392
0.492042,3503.5,5.948e-07,328001
0.493043,3508.85,5.47825e-07,328093
0.49405,3514.17,5.6112e-07,326923
0.495048,3519.55,6.01913e-07,327402
0.496052,3524.93,5.14976e-07,321030
0.497054,3530.04,5.53287e-07,317201
0.498047,3535.08,4.63358e-07,313056
0.499039,3540.17,4.65254e-07,312976
0.500055,3545.36,8.40982e-07,310156
0.501077,3550.39,4.67904e-07,305391
0.502069,3555.3,4.68469e-07,301851
0.503062,3560.2,5.58229e-07,298260
0.504064,3564.73,5.15682e-07,287100
0.505068,3569.3,6.0154e-07,280999
0.506067,3573.71,5.62029e-07,276889
0.507074,3578.4,5.47596e-07,264092
0.508075,3583.01,5.94736e-07,258023
0.509074,3587.57,5.34158e-07,258183
0.510079,3592.02,5.98977e-07,252614
0.511077,3596.3,5.51748e-07,257855
0.512084,3600.65,5.7693e-07,255546
0.513083,3604.89,5.75784e-07,250606
0.514089,3609.31,5.5235e-07,246674
0.515089,3613.58,5.89944e-07,245562
0.516093,3618.06,5.2771e-07,247397
0.517093,3622.48,5.96418e-07,243495
0.518092,3626.67,5.39427e-07,246134
0.519098,3630.71,5.70534e-07,240996
0.520096,3634.85,5.76257e-07,235977
0.5211,3638.73,5.31609e-07,228549
0.522101,3642.68,6.04941e-07,224590
0.523101,3646.6,5.2875e-07,225078
0.524109,3650.75,5.93958e-07,225599
0.525109,3654.49,5.71119e-07,220329
0.526113,3658.26,5.35489e-07,224276
0.52711,3661.9,6.10613e-07,227029
0.528113,3665.58,5.1184e-07,219893
0.52912,3669.35,6.0213e-07,214240
0.530116,3672.92,5.79593e-07,207585
0.531122,3676.48,5.06162e-07,209041
0.532124,3680.19,6.18394e-07,204076
0.533121,3683.98,5.26632e-07,201458
0.534126,3687.86,5.78232e-07,200187
0.535126,3691.3,5.77955e-07,198432
0.536132,3695.05,5.44209e-07,191845
0.537135,3698.42,5.87312e-07,193840
0.538135,3701.87,5.51144e-07,191631
0.539136,3705.25,5.60488e-07,189797
0.540138,3708.49,5.49488e-07,184365
0.541137,3711.81,5.86229e-07,183213
0.542141,3714.99,5.44784e-07,184011
0.543146,3718.33,6.02878e-07,179967
0.544145,3721.57,5.38428e-07,175423
0.54515,3724.82,5.67831e-07,170577
0.546149,3727.83,5.81643e-07,170082
0.547152,3730.91,5.20957e-07,167521
0.548154,3733.76,6.17481e-07,165586
0.549156,3736.77,5.58617e-07,164310
0.550165,3739.83,5.48034e-07,165159
0.551158,3742.7,5.79632e-07,163805
0.552162,3745.36,5.14873e-07,160519
0.553165,3748.23,5.96358e-07,162323
0.554164,3750.97,5.53924e-07,159564
0.555168,3753.81,5.6927e-07,156902
0.556171,3756.63,5.65423e-07,158680
0.557172,3759.43,5.90138e-07,157128
0.558174,3762.08,5.36861e-07,156257
0.559176,3764.86,5.74002e-07,155432
0.560176,3767.61,5.68675e-07,155393
0.561184,3770.41,5.44411e-07,153321
0.562181,3773.16,5.73821e-07,151147
0.563182,3775.75,5.62187e-07,151037
0.564187,3778.47,5.70864e-07,148408
0.565188,3780.94,5.60926e-07,145936
0.56619,3783.28,5.75724e-07,151850
0.567193,3785.5,5.22343e-07,148725
0.568195,3788.1,6.05774e-07,145720
0.569195,3790.55,5.38461e-07,145376
0.5702,3792.98,5.73011e-07,144790
0.571194,3795.27,5.53901e-07,141855
0.572204,3797.73,5.29053e-07,141385
0.573204,3800.01,6.04456e-07,138503
0.574207,3802.26,5.12107e-07,132653
0.575209,3804.73,5.87944e-07,131381
0.576208,3806.88,5.58112e-07,131974
0.577215,3809.2,5.60323e-07,127793
0.578215,3811.52,5.94474e-07,125031
0.579219,3813.76,5.25346e-07,122218
0.580221,3815.86,5.81632e-07,119717
0.581219,3818.13,5.3741e-07,117641
0.582221,3820.4,5.47348e-07,118590
0.58322,3822.52,5.75613e-07,119071
0.584226,3824.71,5.55522e-07,115030
0.585228,3826.85,5.82624e-07,112089
0.586229,3828.9,5.70795e-07,110739
0.587235,3831.05,5.39987e-07,109114
0.588236,3832.97,5.97532e-07,107249
0.589237,3835.05,5.30111e-07,108162
0.590237,3837.03,5.87083e-07,107716
0.59124,3838.99,5.38817e-07,108928
0.592244,3840.85,5.72925e-07,107236
0.593241,3842.87,5.6656e-07,105935
0.594248,3844.75,5.49891e-07,104917
0.595247,3846.79,5.66349e-07,104810
0.596251,3848.6,5.79706e-07,103176
0.59725,3850.34,5.49342e-07,100938
0.598256,3852.24,5.6991e-07,100494
0.599253,3853.99,5.61846e-07,99429
0.600258,3855.82,5.19379e-07,97147.2
0.60126,3857.6,5.96204e-07,95229.6
0.602261,3859.33,5.35935e-07,95012.5
0.603268,3860.93,5.47106e-07,94196.8
0.604266,3862.57,5.96001e-07,93764.7
0.605268,3864.25,5.17491e-07,92100.7
0.606271,3866.01,6.04245e-07,91559
0.607272,3867.64,5.49185e-07,90893.8
0.608275,3869.31,5.61724e-07,89431.7
0.609278,3871.04,5.87266e-07,89431.2
0.610278,3872.57,5.42104e-07,88190.6
0.611283,3874.13,5.64546e-07,87035.3
0.612282,3875.7,5.87509e-07,84343.4
0.613285,3877.4,5.33197e-07,83774
0.614288,3878.8,6.01605e-07,82608
0.615283,3880.36,5.42655e-07,80622.9
0.616295,3881.87,5.57886e-07,80525.1
0.617291,3883.31,5.88366e-07,79228.2
0.618295,3884.73,5.21337e-07,78841
0.619298,3886.15,5.79332e-07,77898.4
0.620296,3887.61,5.83399e-07,78165
0.621302,3888.98,5.41998e-07,78163.7
0.622306,3890.39,5.76316e-07,76379.4
0.623303,3891.83,5.60396e-07,74967.2
0.624308,3892.99,5.34502e-07,73697.9
0.625312,3894.41,5.77432e-07,73173.1
0.626309,3895.73,5.59496e-07,71551.5
0.627313,3897.03,5.77906e-07,71934.4
0.628315,3898.38,5.73997e-07,69988.3
0.629318,3899.71,5.55209e-07,68191.4
0.630318,3900.99,5.68606e-07,66391.9
0.63132,3902.33,5.61917e-07,67288.9
0.632325,3903.62,5.73564e-07,67407.3
0.633322,3904.9,5.72466e-07,65989.8
0.634326,3906.28,5.27267e-07,63957.2
0.635329,3907.45,5.87048e-07,63275.8
0.636332,3908.62,5.77239e-07,61350.3
0.637334,3909.81,5.47991e-07,59854.3
0.638336,3910.96,5.80297e-07,58594.1
0.639339,3912.13,5.47804e-07,57376.6
0.640339,3913.29,5.82916e-07,55565.8
0.64134,3914.54,5.59492e-07,54436.3
0.642344,3915.52,5.60998e-07,54094.7
0.643344,3916.58,5.71192e-07,53383.5
0.644346,3917.75,5.60184e-07,52831.2
0.645349,3918.87,5.82548e-07,52335.8
0.64635,3919.93,5.64122e-07,51633.7
0.647356,3920.97,5.50116e-07,51435.5
0.648353,3921.92,5.88937e-07,50476.5
0.649357,3922.86,5.20298e-07,50204.2
0.65036,3923.82,5.84186e-07,49295.8
0.65136,3924.78,5.65045e-07,49098.7
0.652362,3925.85,5.62477e-07,47769.1
0.653363,3926.86,5.70697e-07,46529.6
0.654366,3927.83,5.68631e-07,45865.9
0.655372,3928.76,5.68265e-07,45121.2
0.656371,3929.67,5.47514e-07,44206.2
0.657373,3930.65,5.73341e-07,43376.3
0.658373,3931.59,5.68416e-07,42628.8
0.659377,3932.65,5.70238e-07,42253.7
0.66038,3933.49,5.82209e-07,40731
0.661382,3934.4,5.44359e-07,39334
0.662382,3935.29,5.54492e-07,38341.4
0.663384,3936.25,5.71991e-07,37660.2
0.664385,3937.18,5.61709e-07,36987.1
0.665385,3938.09,5.34485e-07,35535.3
0.666394,3939.02,5.11905e-07,34474.8
0.667404,3939.85,5.1348e-07,34417.8
0.668394,3940.71,5.92666e-07,34388.9
0.669396,3941.55,5.62656e-07,33403.8
0.670398,3942.4,5.5691e-07,33121.8
0.671403,3943.21,5.61152e-07,32162.1
0.6724,3943.92,5.82863e-07,31959.1
0.673407,3944.67,5.43029e-07,31543.2
0.674407,3945.47,5.92084e-07,30898.5
0.67541,3946.13,5.23416e-07,30810.6
0.67641,3946.86,6.01542e-07,30520.9
0.67741,3947.55,5.27917e-07,29867.8
0.678418,3948.32,5.77722e-07,30054.8
0.679414,3949.03,5.76436e-07,29762.6
0.680419,3949.8,5.33352e-07,29283.2
0.68142,3950.47,5.91614e-07,28438.4
0.682422,3951.26,5.46945e-07,26954.7
0.683428,3951.97,5.86891e-07,26544.7
0.684425,3952.65,5.48956e-07,25704
0.685429,3953.35,5.7178e-07,25141.4
0.686429,3953.99,5.82954e-07,24804
0.687433,3954.72,5.26182e-07,24207.2
0.688438,3955.44,5.99762e-07,23777
0.689434,3956.12,5.52939e-07,23424.8
0.690441,3956.77,5.2959e-07,22715.1
0.691442,3957.36,6.29971e-07,22637.8
0.692441,3957.95,5.20132e-07,22378.8
0.693447,3958.59,5.46265e-07,22209.1
0.694446,3959.24,5.89917e-07,22692.7
0.69545,3959.83,5.44617e-07,21905.2
0.696452,3960.41,5.6708e-07,22129.1
0.697454,3961,5.65797e-07,21854
0.698453,3961.57,5.55451e-07,21794.5
0.69946,3962.19,5.64595e-07,21321.7
0.700459,3962.75,5.98704e-07,20900.2
0.701461,3963.29,5.25321e-07,20687.8
0.702465,3963.8,5.85973e-07,20581.4
0.703466,3964.35,5.66151e-07,20268
0.704467,3964.91,5.59143e-07,20026.6
0.705468,3965.52,5.5431e-07,19404.8
0.706471,3966,5.64323e-07,19312
0.707473,3966.57,5.68665e-07,18836.5
0.708479,3967.05,5.5038e-07,18858.8
0.709479,3967.57,5.83468e-07,18972.7
0.710477,3968.05,5.26781e-07,18347.9
0.711482,3968.57,5.80994e-07,17802.4
0.712481,3969.05,5.81206e-07,17121.7
0.713486,3969.58,5.40925e-07,16777.6
0.714487,3970.06,5.81956e-07,16664.2
0.715488,3970.54,5.58664e-07,16610.4
0.716493,3970.96,5.28634e-07,16449.4
0.717494,3971.44,6.01248e-07,16333.3
0.718495,3971.91,5.48092e-07,16380.1
0.719497,3972.36,5.56124e-07,15965.2
0.720498,3972.76,5.87779e-07,15741.7
0.7215,3973.2,5.49969e-07,15331.2
0.722504,3973.63,5.8137e-07,14924.6
0.723505,3974.02,5.60499e-07,14392.8
0.72451,3974.42,5.79565e-07,13968.1
0.725509,3974.85,5.6809e-07,13757.8
0.726512,3975.23,5.41509e-07,13425.6
0.727515,3975.65,5.95017e-07,13339.4
0.728514,3976.04,5.44398e-07,12896.3
0.729521,3976.39,5.86628e-07,12853.2
0.730518,3976.82,5.57826e-07,12719.2
0.731521,3977.23,5.54783e-07,12467.1
0.732524,3977.58,6.03156e-07,12121.8
0.733527,3977.96,5.3018e-07,11839.4
0.734528,3978.3,5.4726e-07,11858.6
0.735526,3978.63,6.07025e-07,11703.1
0.736531,3978.96,5.27484e-07,11594.1
0.737536,3979.31,5.83567e-07,11442.2
0.738534,3979.65,5.66875e-07,11053.4
0.739539,3979.96,5.25734e-07,10775
0.740539,3980.3,6.04667e-07,10365.4
0.74154,3980.62,5.53318e-07,10220
0.742544,3980.96,5.85477e-07,10115
0.743544,3981.33,5.71706e-07,10077.2
0.74455,3981.64,5.47649e-07,10102.6
0.74555,3981.99,5.85347e-07,10006.9
0.74655,3982.3,5.28574e-07,9713.79
0.747556,3982.61,6.01071e-07,9647.38
0.748554,3982.86,5.5648e-07,9628.92
0.74955,3983.13,5.46114e-07,9423.29
0.750567,3983.41,5.62555e-07,9203.13
0.751561,3983.71,5.43058e-07,8904.53
0.752563,3983.98,6.01972e-07,8768.84
0.753565,3984.3,5.37272e-07,8572.19
0.754568,3984.61,5.69496e-07,8211.38
0.755566,3984.85,5.47562e-07,8007.05
0.756572,3985.17,5.66145e-07,7739.21
0.757572,3985.46,5.92455e-07,7748.2
0.758576,3985.71,5.45186e-07,7874.53
0.75958,3985.98,5.85886e-07,7731.71
0.760579,3986.21,5.50389e-07,7362.95
0.761582,3986.46,5.42475e-07,7016.2
0.762584,3986.67,5.94388e-07,6934.21
0.763584,3986.9,5.57469e-07,6795.39
0.764592,3987.13,5.92016e-07,6714.02
0.76559,3987.39,5.29083e-07,6614.5
0.766592,3987.6,5.71115e-07,6512.2
0.76759,3987.83,5.7258e-07,6355.86
0.768599,3988.07,5.42777e-07,6195.41
0.769599,3988.28,6.00349e-07,6103.67
0.770595,3988.51,5.58832e-07,5932.98
0.771603,3988.72,5.72973e-07,5721.24
0.772604,3988.93,5.71445e-07,5617.69
0.773605,3989.17,5.58038e-07,5469.89
0.774608,3989.35,5.51072e-07,5420.34
0.775609,3989.54,5.82429e-07,5328.35
0.77661,3989.75,5.72089e-07,5184.74
0.77761,3989.93,5.49187e-07,5220.82
0.778615,3990.1,5.99689e-07,5186.59
0.779616,3990.32,5.45926e-07,5020.07
0.780621,3990.51,5.59613e-07,4870.93
0.781618,3990.72,5.6986e-07,4867.24
0.782625,3990.91,5.50974e-07,4719.77
0.783627,3991.1,5.60409e-07,4558.59
0.784627,3991.26,5.6e-07,4349.15
0.785626,3991.41,5.66853e-07,4294.77
0.78663,3991.55,5.76178e-07,4267.65
0.787633,3991.71,5.6731e-07,4221.78
0.788636,3991.86,5.61005e-07,4261.63
0.78964,3992.02,5.48287e-07,4085.87
0.790639,3992.17,5.64641e-07,3949.86
0.79164,3992.32,5.56929e-07,3852.8
0.792642,3992.47,5.98798e-07,3708.42
0.793645,3992.61,5.38392e-07,3702.95
0.794648,3992.75,5.6836e-07,3619.75
0.795648,3992.9,5.56188e-07,3601.8
0.79665,3993.03,5.60674e-07,3596.55
0.797653,3993.18,5.59353e-07,3516.44
0.798654,3993.33,5.83227e-07,3366.89
0.799649,3993.47,5.31155e-07,3286.61
0.800654,3993.63,5.70348e-07,3270.29
0.801662,3993.77,5.6538e-07,3134.55
0.802664,3993.86,5.44929e-07,3052.2
0.803664,3993.98,5.67952e-07,2939.8
0.804669,3994.11,5.57999e-07,2904.95
0.805672,3994.27,5.76439e-07,2689.62
0.80667,3994.41,5.51748e-07,2608.77
0.80767,3994.52,5.68425e-07,2554.71
0.808674,3994.65,5.63575e-07,2549.14
0.809681,3994.77,5.60181e-07,2561.62
0.810679,3994.89,5.7563e-07,2558.5
0.811681,3995.03,5.57555e-07,2518.55
0.812686,3995.15,5.77055e-07,2481.75
0.813686,3995.26,5.61641e-07,2422.68
0.814688,3995.37,5.79418e-07,2392.55
0.815689,3995.46,5.51663e-07,2320.35
0.81669,3995.58,5.77752e-07,2177.8
0.817694,3995.7,5.55732e-07,2095.4
0.818695,3995.79,5.75463e-07,2034.95
0.819699,3995.88,5.36445e-07,2003.56
0.8207,3995.99,5.98432e-07,1987.97
0.821699,3996.1,5.45641e-07,1901
0.822705,3996.19,5.73546e-07,1838.18
0.823706,3996.27,5.86788e-07,1798.09
0.824707,3996.33,5.38501e-07,1770.21
0.82571,3996.41,5.61437e-07,1749.13
0.826712,3996.49,5.73163e-07,1724.95
0.827715,3996.57,5.77859e-07,1686.41
0.828715,3996.66,5.47976e-07,1584.2
0.829719,3996.75,5.8891e-07,1568.74
0.83072,3996.83,5.46339e-07,1547.86
0.831722,3996.89,5.81376e-07,1477.73
0.832721,3996.98,5.47921e-07,1468.76
0.833733,3997.04,5.45438e-07,1479.35
0.834725,3997.11,5.67013e-07,1409.73
0.835734,3997.19,5.28399e-07,1360.33
0.836732,3997.27,6.11103e-07,1365.62
0.837734,3997.34,4.97664e-07,1366.2
0.838736,3997.4,6.11135e-07,1342.2
0.839735,3997.46,5.2445e-07,1320.03
0.840742,3997.53,6.01178e-07,1258.49
0.841741,3997.61,5.50075e-07,1253.38
0.842747,3997.65,5.72196e-07,1222.05
0.843744,3997.7,5.50224e-07,1199.4
0.844748,3997.78,5.44466e-07,1144.91
0.84575,3997.82,6.18758e-07,1124.44
0.846753,3997.88,5.26768e-07,1104.04
0.847755,3997.93,5.85677e-07,1067.69
0.848753,3997.99,5.57562e-07,1022.98
0.84976,3998.07,5.40521e-07,982.55
0.850758,3998.1,5.88082e-07,956.592
0.851762,3998.15,5.24573e-07,942.448
0.852764,3998.2,5.88262e-07,924
0.853766,3998.26,5.50953e-07,897.152
0.854768,3998.31,5.84954e-07,848.568
0.85577,3998.36,5.40001e-07,825.2
0.856777,3998.42,5.6867e-07,767.638
0.857774,3998.47,5.50515e-07,738.55
0.858777,3998.52,5.78116e-07,724.872
0.859777,3998.54,5.65649e-07,708.118
0.86078,3998.58,5.51398e-07,675.8
0.861782,3998.62,5.76254e-07,645.558
0.862784,3998.66,5.69327e-07,634.518
0.863787,3998.7,5.59341e-07,621.792
0.86479,3998.73,5.90993e-07,604.088
0.865789,3998.78,5.45565e-07,581.8
0.866792,3998.81,5.61714e-07,580.328
0.867793,3998.86,5.74238e-07,559.478
0.868798,3998.9,5.85246e-07,549.798
0.869798,3998.95,5.37887e-07,529.75
0.870801,3998.98,5.68115e-07,503.872
0.871798,3999.02,5.86993e-07,493.872
0.872804,3999.05,5.15868e-07,462.848
0.873809,3999.08,5.99613e-07,447.638
0.874802,3999.12,5.61139e-07,441.272
0.875811,3999.15,5.18352e-07,428.342
0.876811,3999.17,5.96139e-07,419.888
0.87781,3999.19,5.4037e-07,408.182
0.878817,3999.22,5.74248e-07,387.8
0.879819,3999.24,5.79214e-07,379.718
0.880821,3999.26,5.46728e-07,370.2
0.881822,3999.28,5.74798e-07,357.672
0.882822,3999.31,5.72729e-07,344.182
0.883825,3999.33,5.36486e-07,340.208
0.88483,3999.34,5.98978e-07,330.832
0.88583,3999.37,5.60154e-07,324.55
0.886834,3999.4,5.53307e-07,303.798
0.887833,3999.42,5.90761e-07,284.112
0.888838,3999.45,5.34016e-07,269.848
0.889838,3999.47,5.86501e-07,258.662
0.890837,3999.5,5.52241e-07,252.998
0.891844,3999.52,5.65624e-07,238.8
0.892842,3999.53,5.68e-07,234.488
0.893846,3999.55,5.6069e-07,225.75
0.894847,3999.57,5.69881e-07,220.688
0.89585,3999.59,5.356e-07,219.302
0.896852,3999.6,5.94444e-07,210.392
0.897853,3999.61,5.15397e-07,203.168
0.898859,3999.62,5.9505e-07,200.038
0.89985,3999.64,5.34811e-07,193.2
0.900864,3999.65,5.1713e-07,190.342
0.90186,3999.66,6.27547e-07,182.832
0.902864,3999.67,5.09585e-07,180.55
0.903867,3999.69,5.96195e-07,166.182
0.904867,3999.71,5.76514e-07,160.95
0.905871,3999.72,5.41339e-07,151.912
0.906872,3999.73,5.9555e-07,146.088
0.907872,3999.75,5.41488e-07,142.248
0.908879,3999.76,5.60469e-07,134.232
0.909878,3999.76,5.61238e-07,130.678
0.910879,3999.77,5.71709e-07,129.088
0.911881,3999.77,5.67986e-07,127.462
0.912885,3999.78,5.63366e-07,120.672
0.913884,3999.79,5.86229e-07,115.782
0.91489,3999.81,5.2684e-07,101.702
0.915892,3999.83,6.14413e-07,95.862
0.916893,3999.83,5.24257e-07,93.222
0.917899,3999.84,5.74272e-07,91.878
0.918893,3999.84,5.50933e-07,90.518
0.919899,3999.85,5.19526e-07,83.048
0.920898,3999.85,6.17472e-07,82.342
0.921901,3999.87,5.11625e-07,73.288
0.922908,3999.87,6.04504e-07,71.808
0.923906,3999.87,5.43534e-07,71.062
0.924911,3999.88,5.68007e-07,69.558
0.925907,3999.88,5.58154e-07,66.8
0.926913,3999.88,5.34552e-07,66.8
0.927914,3999.89,5.92201e-07,57.728
0.928915,3999.89,5.31217e-07,56.168
0.929919,3999.9,5.91355e-07,53
0.930919,3999.91,5.41491e-07,45.302
0.931923,3999.92,5.83001e-07,42.8
0.932922,3999.92,5.543e-07,41.958
0.933927,3999.93,5.67241e-07,39.408
0.934926,3999.94,5.6942e-07,35.078
0.935928,3999.94,5.49827e-07,33.318
0.936932,3999.94,6.0778e-07,32.432
0.937933,3999.95,5.22072e-07,27.75
0.938936,3999.95,5.77335e-07,26.848
0.939937,3999.95,5.78361e-07,25.942
0.940942,3999.96,5.30952e-07,25.032
0.941941,3999.96,6.1012e-07,21.2
0.942942,3999.96,5.16909e-07,21.2
0.943947,3999.96,5.97668e-07,20.278
0.944946,3999.96,5.63486e-07,20.278
0.945952,3999.96,5.49572e-07,20.278
0.946953,3999.96,5.87983e-07,20.278
0.947954,3999.97,5.33691e-07,18.422
0.948958,3999.97,5.64059e-07,17.488
0.949953,3999.97,5.58871e-07,16.55
0.950961,3999.97,5.55449e-07,15.608
0.951962,3999.97,6.09912e-07,15.608
0.952966,3999.97,5.1478e-07,14.662
0.953966,3999.97,6.06939e-07,14.662
0.954966,3999.97,5.34416e-07,14.662
0.955972,3999.98,5.67676e-07,12.758
0.95697,3999.98,5.93152e-07,11.8
0.957976,3999.98,5.60537e-07,11.8
0.958979,3999.98,5.71084e-07,8.838
0.959978,3999.99,5.68283e-07,6.902
0.960978,3999.99,5.40236e-07,4.95
0.961983,3999.99,5.60794e-07,3.968
0.962982,3999.99,5.77017e-07,2.982
0.963988,3999.99,5.3778e-07,2.982
0.964988,3999.99,6.15644e-07,2.982
0.96599,4000,5.32604e-07,1.992
0.966995,4000,5.70291e-07,1.992
0.967993,4000,5.53633e-07,1.992
0.968997,4000,5.75526e-07,0.998
0.969997,4000,5.49344e-07,0.998
0.971002,4000,5.8235e-07,0.998
0.972001,4000,5.92429e-07,0.998
0.973006,4000,5.38942e-07,0.998
0.974005,4000,5.75956e-07,0.998
0.975007,4000,5.36147e-07,0
0.97601,4000,6.17918e-07,0
0.977012,4000,5.41302e-07,0
0.978016,4000,5.96652e-07,0
0.979016,4000,5.50791e-07,0
0.980018,4000,5.78616e-07,0
0.981019,4000,5.54571e-07,0
0.982025,4000,5.53427e-07,0
0.983024,4000,5.6253e-07,0
0.984026,4000,5.57277e-07,0
0.985027,4000,5.66936e-07,0
0.986029,4000,5.80812e-07,0
0.987032,4000,5.44813e-07,0
0.988035,4000,6.05618e-07,0
0.989037,4000,5.52044e-07,0
0.990039,4000,5.74555e-07,0
0.991039,4000,5.69166e-07,0
0.992045,4000,5.28792e-07,0
0.99304,4000,6.5566e-07,0
0.994048,4000,4.0211e-07,0
0.995053,4000,8.01708e-07,0
0.996037,4000,2.35236e-07,0
0.997078,4000,2.74086e-07,0
0.998019,4000,1.07325e-07,0
0.999067,4000,1.29932e-08,0
1,4000,0,0
0.269322,230.288,0.16484,6.25517e+06
6.1717,-1,-1,-1
