0,1,0,0
0.00105898,2.486,2.92888e-07,354.902
0.00205287,3.062,4.00408e-07,799.078
0.00305411,3.658,3.60469e-07,1330.52
0.00405669,4.252,3.82446e-07,2208.25
0.0050563,4.84,3.84097e-07,3135.2
0.0060599,5.438,3.98229e-07,4281.08
0.0070637,5.98,3.7834e-07,5461.8
0.00806519,6.524,3.80208e-07,6632.71
0.0090661,7.06,3.97577e-07,8196.2
0.0100693,7.682,3.72354e-07,9832.44
0.0110706,8.194,3.95596e-07,11488.2
0.0120721,8.718,3.49764e-07,13253.2
0.0130751,9.26,4.20449e-07,14950.2
0.0140758,9.83,3.71057e-07,17076.5
0.0150791,10.346,4.20002e-07,18609.1
0.0160804,10.87,3.87947e-07,20582.6
0.0170822,11.508,3.73739e-07,23069
0.0180854,12.1,3.51165e-07,25473
0.0190863,12.658,3.96762e-07,28026.5
0.0200897,13.344,3.97013e-07,31020.8
0.0210905,13.886,3.97059e-07,33902.5
0.0220914,14.608,3.91857e-07,39231.2
0.0230955,15.216,3.78985e-07,42258.7
0.024097,15.882,3.90285e-07,47580
0.0250979,16.658,4.00626e-07,52678.5
0.0261023,17.386,4.0119e-07,57842.5
0.0271005,18.108,3.63413e-07,63536.2
0.0281051,18.8,4.0426e-07,67342
0.0291073,19.534,3.94707e-07,72530.4
0.0301095,20.28,3.96075e-07,77254.8
0.0311125,21.022,3.73916e-07,83272.8
0.0321103,21.772,3.79854e-07,90994
0.0331139,22.594,3.91261e-07,98680.6
0.0341168,23.612,3.75094e-07,108783
0.0351174,24.37,4.08968e-07,116983
0.0361218,25.278,3.7666e-07,130064
0.037123,26.068,3.88951e-07,138772
0.0381253,27.196,3.91506e-07,159843
0.0391281,28.094,3.88818e-07,173261
0.0401272,29.066,4.01989e-07,186371
0.0411294,30.02,3.65791e-07,198514
0.0421338,31.042,4.03354e-07,209462
0.0431326,32.36,3.76898e-07,232967
0.0441358,33.406,3.80729e-07,249113
0.0451378,34.69,3.76794e-07,267661
0.0461416,35.894,3.94774e-07,286453
0.0471414,37.072,3.71194e-07,301135
0.048144,38.356,4.00937e-07,324743
0.0491453,39.558,3.97407e-07,347291
0.0501484,40.762,3.94319e-07,374333
0.0511514,41.874,4.01058e-07,399255
0.0521529,43.118,3.50189e-07,428010
0.0531547,44.764,3.87406e-07,463818
0.0541556,46.394,3.72377e-07,508067
0.0551575,47.782,4.17859e-07,537899
0.0561611,49.52,3.74378e-07,582891
0.0571624,51.078,3.89104e-07,620098
0.0581654,52.746,4.02673e-07,666581
0.0591689,54.522,3.98373e-07,716383
0.0601694,56.156,3.63802e-07,760612
0.0611687,57.794,4.04785e-07,805354
0.0621733,59.568,3.80293e-07,847789
0.0631732,61.28,3.94373e-07,893757
0.0641755,63.412,3.92767e-07,957651
0.0651789,65.462,3.82616e-07,1.00948e+06
0.0661804,67.726,3.83968e-07,1.0791e+06
0.0671809,69.976,3.60276e-07,1.175e+06
0.0681851,72.402,4.16525e-07,1.23208e+06
0.069187,74.574,3.78911e-07,1.30004e+06
0.070188,76.944,3.82093e-07,1.39073e+06
0.0711889,80.19,4.11929e-07,1.52431e+06
0.0721937,82.282,4.14401e-07,1.60255e+06
0.0731934,85.47,3.52391e-07,1.74251e+06
0.0741978,87.788,4.16285e-07,1.83606e+06
0.075199,91.072,3.94749e-07,1.95705e+06
0.0762022,93.886,3.71614e-07,2.09279e+06
0.0771985,97.004,3.80222e-07,2.26102e+06
0.0782078,99.812,4.0433e-07,2.38474e+06
0.0792095,102.788,3.54538e-07,2.55498e+06
0.0802068,105.232,3.65205e-07,2.63259e+06
0.0812094,108.95,3.75372e-07,2.79176e+06
0.0822117,111.956,3.7823e-07,2.93175e+06
0.0832137,115.694,3.8121e-07,3.04967e+06
0.0842185,118.85,3.79975e-07,3.22551e+06
0.0852192,121.992,3.72612e-07,3.37556e+06
0.0862183,125.232,3.69776e-07,3.53599e+06
0.0872225,128.478,3.88704e-07,3.69476e+06
0.0882234,133.61,3.84346e-07,4.03777e+06
0.0892286,138.066,3.8697e-07,4.27987e+06
0.0902285,141.958,3.8105e-07,4.45963e+06
0.0912285,145.832,3.77894e-07,4.70527e+06
0.0922311,149.744,3.86648e-07,4.89514e+06
0.0932357,153.478,3.84965e-07,5.08171e+06
0.0942366,157.484,3.83305e-07,5.32486e+06
0.0952384,161.988,3.80573e-07,5.49427e+06
0.0962402,166.462,3.92183e-07,5.66154e+06
0.0972438,170.912,3.87075e-07,5.83487e+06
0.0982437,175.286,3.74495e-07,5.98601e+06
0.0992452,180.714,4.10864e-07,6.17633e+06
0.100248,184.908,3.91037e-07,6.30879e+06
0.10125,190.132,4.13863e-07,6.57585e+06
0.102255,195.608,3.49843e-07,6.80674e+06
0.103253,200.076,4.14692e-07,6.99747e+06
0.104258,205.402,3.73917e-07,7.27689e+06
0.105258,211.052,3.84777e-07,7.53122e+06
0.106259,216.28,3.75196e-07,7.71983e+06
0.107265,221.996,3.82952e-07,7.96308e+06
0.108265,228.064,3.9335e-07,8.25274e+06
0.109266,233.962,3.88696e-07,8.5218e+06
0.110266,239.206,4.03275e-07,8.74202e+06
0.111272,244.58,4.04528e-07,8.91016e+06
0.112272,251.138,3.82482e-07,9.17174e+06
0.113275,256.878,3.57155e-07,9.38642e+06
0.114276,263.46,4.01177e-07,9.61452e+06
0.115277,270.42,3.87086e-07,9.72815e+06
0.116281,277.33,4.07666e-07,9.9362e+06
0.117282,284.076,4.05622e-07,1.01883e+07
0.118285,290.96,3.73725e-07,1.04701e+07
0.119285,297.83,4.03227e-07,1.06577e+07
0.120289,305.954,4.03391e-07,1.08043e+07
0.121291,313.304,3.86915e-07,1.10139e+07
0.122292,319.656,3.63789e-07,1.12006e+07
0.123296,326.528,3.98749e-07,1.1377e+07
0.124295,333.778,3.76933e-07,1.15668e+07
0.1253,341.286,4.06459e-07,1.17215e+07
0.126302,349.362,3.85111e-07,1.19451e+07
0.127304,357.514,3.82792e-07,1.20042e+07
0.128303,365.988,3.48524e-07,1.19779e+07
0.129306,374.344,4.1424e-07,1.21288e+07
0.130311,382.502,4.0591e-07,1.2258e+07
0.131312,390.01,3.63687e-07,1.24047e+07
0.132312,397.312,4.0695e-07,1.25794e+07
0.133318,406.13,3.81406e-07,1.26954e+07
0.134315,414.08,3.80241e-07,1.27857e+07
0.13532,421.706,3.91863e-07,1.29412e+07
0.13632,429.896,3.84392e-07,1.29593e+07
0.137322,438.406,3.74881e-07,1.31345e+07
0.138325,447.002,3.78871e-07,1.32278e+07
0.139326,455.698,4.01532e-07,1.32718e+07
0.140329,464.23,3.99926e-07,1.33438e+07
0.14133,473.108,3.69415e-07,1.34638e+07
0.142332,482.9,3.92963e-07,1.35622e+07
0.143337,492.512,4.06271e-07,1.34856e+07
0.144338,501.23,3.73295e-07,1.34219e+07
0.145338,509.508,3.65553e-07,1.36624e+07
0.146341,518.908,3.94454e-07,1.39178e+07
0.147342,528.346,3.87024e-07,1.40174e+07
0.148345,538.232,4.1567e-07,1.3862e+07
0.149346,547.248,4.0758e-07,1.39079e+07
0.150351,556.8,3.79805e-07,1.37979e+07
0.151353,566.77,3.56088e-07,1.37657e+07
0.152353,576.54,4.12156e-07,1.36821e+07
0.153357,587.072,3.70444e-07,1.35066e+07
0.154357,596.198,3.79087e-07,1.34397e+07
0.155358,605.07,3.73583e-07,1.36058e+07
0.156362,614.686,3.83689e-07,1.33997e+07
0.157363,624.232,4.04814e-07,1.34317e+07
0.158366,634.084,3.70245e-07,1.34885e+07
0.159368,644.2,3.92111e-07,1.34401e+07
0.160368,654.872,3.7533e-07,1.31913e+07
0.161372,665.318,3.72757e-07,1.29177e+07
0.162371,675.4,3.99008e-07,1.30676e+07
0.163375,686.82,3.85796e-07,1.28072e+07
0.164375,697.682,3.92389e-07,1.28555e+07
0.165379,709.132,4.13046e-07,1.27014e+07
0.166379,719.218,4.04506e-07,1.27263e+07
0.167384,730.134,4.1201e-07,1.24391e+07
0.168387,740.322,3.79571e-07,1.24079e+07
0.169386,751.672,3.72155e-07,1.21584e+07
0.170389,762.636,4.2275e-07,1.19254e+07
0.17139,773.102,3.73536e-07,1.19311e+07
0.172395,783.44,3.92088e-07,1.1929e+07
0.173394,793.49,3.66087e-07,1.19594e+07
0.174394,804.494,3.91486e-07,1.18678e+07
0.1754,815.114,4.12275e-07,1.19174e+07
0.176403,825.83,3.72615e-07,1.19009e+07
0.177405,835.972,3.79945e-07,1.19464e+07
0.178404,847.144,3.84734e-07,1.1747e+07
0.179409,859.55,3.9779e-07,1.15868e+07
0.180409,870.558,3.70678e-07,1.15631e+07
0.181411,881.138,3.91025e-07,1.15392e+07
0.182412,891.692,3.54545e-07,1.16459e+07
0.183414,902.854,3.65728e-07,1.15589e+07
0.184414,913.942,3.81098e-07,1.14446e+07
0.18542,925.822,4.16759e-07,1.13534e+07
0.18642,936.466,3.81866e-07,1.14547e+07
0.187423,948.402,3.86084e-07,1.11934e+07
0.188424,958.924,3.97375e-07,1.12414e+07
0.189427,970.584,3.85518e-07,1.09834e+07
0.190429,981.942,3.6224e-07,1.09293e+07
0.191428,993.986,4.2393e-07,1.0946e+07
0.192435,1006.14,3.79608e-07,1.07583e+07
0.193436,1016.97,4.04696e-07,1.06916e+07
0.194438,1027.9,3.58538e-07,1.06524e+07
0.195439,1039.65,3.80056e-07,1.05732e+07
0.196439,1050.78,3.62114e-07,1.05408e+07
0.197441,1062.31,4.0634e-07,1.04439e+07
0.198446,1074.12,4.12256e-07,1.03186e+07
0.199447,1085.81,3.78895e-07,1.02422e+07
0.200449,1097.48,3.84459e-07,1.02043e+07
0.201452,1109.28,3.78774e-07,1.00158e+07
0.202453,1121.04,3.78301e-07,1.00967e+07
0.203455,1132.99,3.68515e-07,1.00465e+07
0.204458,1144.4,4.05425e-07,1.01382e+07
0.205459,1157.05,3.73615e-07,1.00463e+07
0.206462,1168.34,4.21759e-07,1.01027e+07
0.207463,1180.48,3.89854e-07,9.88867e+06
0.208465,1192.97,3.66409e-07,9.73127e+06
0.209467,1204.75,3.79531e-07,9.59392e+06
0.210471,1217.02,3.98282e-07,9.4497e+06
0.211472,1228.82,3.7729e-07,9.40289e+06
0.212471,1241.06,3.94111e-07,9.34375e+06
0.213474,1252.88,3.7936e-07,9.21289e+06
0.214479,1264.63,3.73416e-07,9.14819e+06
0.21548,1276.39,4.22555e-07,9.12512e+06
0.216482,1288.33,3.81831e-07,9.16463e+06
0.217483,1300.57,3.91231e-07,9.10869e+06
0.218484,1312.65,3.79713e-07,8.96845e+06
0.219488,1325.04,3.78047e-07,8.88686e+06
0.220487,1337.05,4.13596e-07,8.75724e+06
0.221492,1348.66,3.91256e-07,8.6973e+06
0.222494,1360.44,3.90818e-07,8.64577e+06
0.223498,1372.79,3.87973e-07,8.51532e+06
0.224497,1384.64,3.80822e-07,8.41325e+06
0.225499,1396.28,3.85287e-07,8.37328e+06
0.226503,1407.7,3.9744e-07,8.3278e+06
0.227506,1419.37,3.96523e-07,8.2718e+06
0.228505,1431.58,3.98958e-07,8.26443e+06
0.229506,1443.23,3.85537e-07,8.11827e+06
0.230509,1455.05,3.74539e-07,8.11108e+06
0.231511,1466.79,4.12653e-07,8.08503e+06
0.232513,1478.94,3.96937e-07,8.00618e+06
0.233513,1491.4,3.99795e-07,8.0022e+06
0.234519,1504.09,3.87504e-07,7.78e+06
0.235519,1515.72,3.62699e-07,7.74541e+06
0.23652,1528.29,3.84124e-07,7.63034e+06
0.237522,1540.61,3.80267e-07,7.48606e+06
0.238524,1552.75,3.82439e-07,7.42413e+06
0.239525,1564.98,4.01944e-07,7.309e+06
0.240529,1577.63,4.14649e-07,7.2105e+06
0.241532,1589.74,3.99511e-07,7.12879e+06
0.242532,1602.23,3.87136e-07,6.98159e+06
0.243535,1614.59,3.90691e-07,6.83562e+06
0.244537,1626.55,3.77928e-07,6.74018e+06
0.245538,1638.41,3.97643e-07,6.61431e+06
0.246543,1650.85,3.85891e-07,6.51278e+06
0.247543,1663.02,3.74115e-07,6.46277e+06
0.248544,1675.44,3.86836e-07,6.38486e+06
0.249546,1687.65,4.12325e-07,6.31621e+06
0.250551,1699.75,3.81618e-07,6.29375e+06
0.251552,1711.89,3.81814e-07,6.21387e+06
0.252555,1724.85,4.04931e-07,6.11379e+06
0.253556,1737.13,3.88779e-07,6.04059e+06
0.254557,1749.01,3.64289e-07,5.93148e+06
0.255559,1761.81,3.96987e-07,5.76808e+06
0.256561,1773.82,3.72473e-07,5.68381e+06
0.257562,1785.39,4.05656e-07,5.64392e+06
0.258565,1797.43,3.74749e-07,5.54122e+06
0.259568,1809.35,4.03037e-07,5.4661e+06
0.26057,1822.08,3.68873e-07,5.41564e+06
0.26157,1834.23,4.04947e-07,5.37664e+06
0.262576,1846.91,4.08384e-07,5.3388e+06
0.263576,1859.09,4.02814e-07,5.22183e+06
0.264579,1870.76,3.68629e-07,5.16362e+06
0.26558,1882.61,3.90091e-07,5.1468e+06
0.266583,1894.9,3.86662e-07,5.09927e+06
0.267584,1906.94,3.89339e-07,5.03772e+06
0.268585,1918.28,3.82988e-07,5.01136e+06
0.269589,1930.36,3.95765e-07,4.97606e+06
0.27059,1941.85,3.96289e-07,4.94103e+06
0.27159,1953.87,3.87607e-07,4.89733e+06
0.272594,1965.56,3.7367e-07,4.80216e+06
0.273592,1977.39,3.78373e-07,4.71782e+06
0.274596,1989.24,3.69826e-07,4.69169e+06
0.275599,2001.39,4.01653e-07,4.60775e+06
0.276602,2013.35,3.93865e-07,4.536e+06
0.277603,2025.07,3.92235e-07,4.46076e+06
0.278605,2036.52,4.19011e-07,4.37367e+06
0.279606,2048.17,3.78434e-07,4.2634e+06
0.280608,2059.79,3.9446e-07,4.1735e+06
0.281611,2071.66,4.11532e-07,4.10707e+06
0.282615,2083.06,4.0204e-07,4.04424e+06
0.283615,2094.58,3.84751e-07,3.96423e+06
0.284617,2106.46,3.95303e-07,3.95095e+06
0.285616,2117.82,3.66092e-07,3.90211e+06
0.286622,2129.61,4.11716e-07,3.85577e+06
0.287625,2141.3,3.94633e-07,3.81104e+06
0.288625,2152.7,3.70749e-07,3.76064e+06
0.289625,2163.66,3.85667e-07,3.72577e+06
0.29063,2175.37,4.0022e-07,3.69341e+06
0.291632,2186.8,3.76058e-07,3.64117e+06
0.292632,2198.36,4.21045e-07,3.58028e+06
0.293638,2209.11,3.75834e-07,3.53134e+06
0.294636,2220.42,4.02315e-07,3.48514e+06
0.29564,2231.94,4.08545e-07,3.4329e+06
0.296643,2243.26,4.06181e-07,3.35512e+06
0.297642,2254.61,3.71895e-07,3.32134e+06
0.298646,2265.88,3.85383e-07,3.2636e+06
0.299648,2277.21,4.1057e-07,3.23643e+06
0.30065,2288.59,4.05639e-07,3.20341e+06
0.301653,2299.07,4.1539e-07,3.17898e+06
0.302656,2310.37,3.65311e-07,3.08335e+06
0.303655,2321.29,3.86566e-07,3.02572e+06
0.304656,2332.05,3.98061e-07,3.00999e+06
0.30566,2342.76,4.03805e-07,2.94774e+06
0.306664,2353.78,3.76887e-07,2.89569e+06
0.307663,2364.34,3.96099e-07,2.87561e+06
0.308665,2375.14,3.93309e-07,2.80449e+06
0.309668,2386.29,3.9848e-07,2.75903e+06
0.31067,2396.91,3.90418e-07,2.71629e+06
0.311673,2407.76,3.81405e-07,2.64341e+06
0.312673,2418.42,3.57804e-07,2.61125e+06
0.313675,2429.03,3.80538e-07,2.53212e+06
0.314677,2439.69,3.847e-07,2.46137e+06
0.315681,2450.24,4.05781e-07,2.42068e+06
0.316684,2460.46,3.67881e-07,2.37919e+06
0.317682,2470.78,3.68391e-07,2.37167e+06
0.318686,2480.89,3.8304e-07,2.34768e+06
0.319688,2491.22,3.81743e-07,2.30763e+06
0.320691,2501.82,3.89855e-07,2.2917e+06
0.321692,2511.69,4.00618e-07,2.25844e+06
0.322696,2521.7,3.63584e-07,2.20686e+06
0.323694,2531.87,3.91715e-07,2.18028e+06
0.324699,2542.05,3.89481e-07,2.15075e+06
0.325701,2551.96,3.87713e-07,2.10575e+06
0.3267,2562.18,3.90374e-07,2.09543e+06
0.327704,2572.08,3.98791e-07,2.05296e+06
0.328704,2582.26,3.54639e-07,2.01676e+06
0.329705,2592.51,4.29553e-07,1.97598e+06
0.330709,2602.29,4.02031e-07,1.9483e+06
0.331713,2612.45,3.98936e-07,1.89997e+06
0.332712,2622.17,3.79446e-07,1.85753e+06
0.33372,2631.95,3.4541e-07,1.82614e+06
0.334717,2641.84,4.00162e-07,1.78053e+06
0.335721,2651.36,3.88252e-07,1.76577e+06
0.336722,2660.56,3.61367e-07,1.74982e+06
0.337723,2670.21,4.03685e-07,1.71958e+06
0.338726,2679.63,3.84797e-07,1.70211e+06
0.339726,2689.21,3.89968e-07,1.64367e+06
0.340731,2698.74,4.16408e-07,1.61212e+06
0.341733,2708.41,3.92034e-07,1.59389e+06
0.342734,2717.72,3.68311e-07,1.55546e+06
0.343735,2727.33,3.79714e-07,1.50644e+06
0.344738,2736.39,3.86044e-07,1.4865e+06
0.34574,2745.72,4.1072e-07,1.45724e+06
0.346742,2754.83,3.61142e-07,1.42589e+06
0.347742,2764.03,3.82134e-07,1.41619e+06
0.348744,2773.28,3.74247e-07,1.41373e+06
0.349747,2782.36,3.99423e-07,1.39223e+06
0.350748,2791.59,4.20804e-07,1.36105e+06
0.35175,2800.68,3.98122e-07,1.33596e+06
0.352755,2809.26,3.93775e-07,1.33339e+06
0.353756,2817.86,4.08072e-07,1.30738e+06
0.354758,2827.04,3.89419e-07,1.28839e+06
0.355758,2835.91,3.88714e-07,1.2662e+06
0.356762,2845.29,3.69953e-07,1.25988e+06
0.357763,2853.79,3.90095e-07,1.25745e+06
0.358765,2862.13,4.11636e-07,1.24992e+06
0.35977,2870.8,3.83962e-07,1.21955e+06
0.360772,2879.02,3.83124e-07,1.21134e+06
0.361771,2887.01,3.76146e-07,1.19282e+06
0.362775,2895.37,3.65002e-07,1.18452e+06
0.363775,2904.1,4.02111e-07,1.16527e+06
0.364778,2912.57,3.80043e-07,1.16068e+06
0.365782,2920.76,3.65047e-07,1.14984e+06
0.366779,2929,3.75025e-07,1.13873e+06
0.367782,2936.83,3.78606e-07,1.11627e+06
0.368783,2944.89,4.18238e-07,1.10112e+06
0.369789,2953.01,3.99898e-07,1.09062e+06
0.370791,2960.75,3.92998e-07,1.09282e+06
0.371792,2968.7,3.73361e-07,1.08501e+06
0.372792,2977.02,3.79802e-07,1.06678e+06
0.373795,2984.88,3.9944e-07,1.0516e+06
0.374797,2992.81,3.6702e-07,1.04914e+06
0.375801,3000.6,3.77178e-07,1.03655e+06
0.3768,3008.33,4.103e-07,1.02083e+06
0.377806,3016.08,3.97959e-07,1.01281e+06
0.378806,3023.77,3.43221e-07,990331
0.379806,3031.66,4.06786e-07,979290
0.38081,3039.32,3.7005e-07,970932
0.381812,3047.25,3.91332e-07,973705
0.382813,3054.79,3.94809e-07,968810
0.383817,3062.25,3.86348e-07,958985
0.384819,3069.65,4.05155e-07,941264
0.385821,3077.37,3.90675e-07,927121
0.38682,3084.8,4.14636e-07,907529
0.387825,3091.91,3.67841e-07,885816
0.388826,3098.79,3.9185e-07,869784
0.389828,3105.97,3.93048e-07,848522
0.390832,3112.99,3.90318e-07,845273
0.391832,3120.29,3.68542e-07,828459
0.392833,3127.19,3.86714e-07,823706
0.393836,3134.14,3.61394e-07,823589
0.394836,3141,3.71084e-07,824086
0.395839,3148.09,3.70467e-07,817357
0.39684,3154.8,4.06038e-07,805847
0.397845,3161.75,4.0451e-07,802555
0.398846,3168.66,3.97426e-07,782118
0.399847,3175.45,3.98202e-07,764300
0.40085,3182.4,3.70519e-07,752418
0.401852,3189.36,4.15913e-07,745167
0.402853,3195.97,3.80174e-07,744813
0.403855,3202.76,3.93178e-07,720513
0.404858,3209.76,3.67852e-07,714344
0.40586,3216.4,4.00036e-07,716782
0.406861,3222.8,3.76313e-07,706259
0.407865,3229.11,3.99947e-07,692530
0.408866,3235.69,3.91202e-07,671631
0.409868,3241.93,3.82408e-07,659706
0.41087,3248.54,3.92448e-07,646904
0.411871,3254.84,3.94875e-07,641432
0.412875,3261.05,4.19394e-07,635678
0.413877,3267.11,3.70714e-07,615280
0.414878,3273.12,3.90653e-07,609539
0.41588,3279.2,3.80787e-07,604345
0.416883,3285.09,3.886e-07,594034
0.417885,3291.17,3.68245e-07,572334
0.418887,3297.17,3.99259e-07,568657
0.419889,3303.41,4.08422e-07,557721
0.420892,3309.45,3.53879e-07,552828
0.42189,3315.69,3.91465e-07,557066
0.422894,3321.44,3.76128e-07,547477
0.423896,3327.18,3.79044e-07,531443
0.424896,3332.93,3.81638e-07,519408
0.4259,3338.63,4.14169e-07,508742
0.426901,3344.5,3.88034e-07,502607
0.427904,3350.02,3.76415e-07,497622
0.428908,3355.57,3.87258e-07,497751
0.429908,3361.21,4.00536e-07,491858
0.430911,3366.69,4.12488e-07,484771
0.431914,3372.24,3.81137e-07,478103
0.432915,3377.62,3.86319e-07,466468
0.433917,3383.03,3.98947e-07,460553
0.434916,3388.51,3.87915e-07,454081
0.435919,3394,3.47657e-07,445613
0.43692,3399.28,3.87816e-07,437223
0.437923,3404.46,3.88594e-07,434342
0.438929,3409.6,3.78452e-07,430280
0.439929,3414.71,3.64355e-07,433337
0.440929,3420.16,4.02602e-07,425434
0.441932,3425.29,4.02105e-07,423717
0.442935,3430.25,3.86273e-07,420689
0.443937,3435.43,3.56169e-07,418278
0.444937,3440.2,4.13296e-07,405609
0.44594,3445.02,3.74838e-07,400008
0.446942,3449.73,3.88856e-07,392269
0.447943,3454.81,3.93478e-07,389640
0.448945,3459.66,4.00021e-07,384524
0.449949,3464.5,3.91076e-07,381019
0.450951,3469.43,3.78168e-07,378420
0.451952,3474.25,4.06413e-07,368028
0.452956,3479.12,3.59528e-07,357670
0.453957,3483.74,3.89108e-07,346663
0.454959,3488.3,3.96688e-07,344453
0.455962,3492.82,3.81788e-07,341873
0.456964,3497.3,4.01044e-07,336762
0.457964,3502,3.84923e-07,333678
0.458966,3506.25,3.99786e-07,333780
0.459969,3510.64,3.65547e-07,326643
0.460969,3515.22,4.0266e-07,318164
0.461971,3519.52,3.80933e-07,310061
0.462974,3523.85,3.82799e-07,313666
0.463976,3528.07,3.95912e-07,307297
0.464978,3532.52,3.73076e-07,298037
0.46598,3536.7,3.88978e-07,301741
0.466981,3540.97,3.67351e-07,303210
0.467984,3545.36,4.0112e-07,298275
0.468985,3549.74,3.86558e-07,297554
0.469987,3553.81,3.93847e-07,295322
0.470989,3557.93,4.04797e-07,292923
0.471993,3561.82,3.60946e-07,289239
0.472993,3565.79,3.98447e-07,287016
0.473995,3569.88,3.67375e-07,282497
0.474997,3573.87,4.05982e-07,277150
0.476001,3578.07,3.99932e-07,270100
0.477002,3582.07,3.95364e-07,264538
0.478006,3586.07,3.71651e-07,264706
0.479005,3589.63,3.76935e-07,266171
0.480009,3593.38,4.0662e-07,259084
0.48101,3597.07,4.02719e-07,253816
0.482011,3600.96,3.57482e-07,250512
0.483012,3604.87,3.91696e-07,248231
0.484017,3608.74,4.32669e-07,247745
0.485019,3612.41,4.06098e-07,248829
0.48602,3616.25,3.49836e-07,246372
0.487022,3620,3.78177e-07,245981
0.488023,3623.51,3.76429e-07,239295
0.489026,3627.08,3.81227e-07,235376
0.490026,3630.48,3.90275e-07,227233
0.491029,3634.11,3.72532e-07,225421
0.492032,3637.61,3.86496e-07,221571
0.493035,3641.16,3.90798e-07,219243
0.494037,3644.61,3.791e-07,216635
0.495037,3648.1,4.06602e-07,214799
0.496039,3651.54,3.83666e-07,213646
0.497042,3655.04,4.08995e-07,216491
0.498043,3658.36,4.00518e-07,211047
0.499046,3661.56,4.08775e-07,209937
0.500048,3664.68,5.67134e-07,211493
0.501051,3667.9,4.11432e-07,212811
0.502053,3670.94,3.98151e-07,209540
0.503055,3674.21,4.10161e-07,204510
0.504057,3677.19,3.84666e-07,205788
0.505059,3680.2,4.045e-07,198653
0.50606,3683.15,3.7667e-07,193242
0.507062,3686.21,3.9151e-07,190104
0.508064,3689.52,3.91078e-07,188443
0.509067,3692.5,3.74322e-07,182627
0.51007,3695.62,3.90624e-07,182272
0.51107,3698.57,3.85829e-07,183208
0.512073,3701.46,3.76638e-07,181362
0.513075,3704.29,3.82143e-07,180267
0.514076,3707.32,3.45328e-07,178255
0.515078,3710.4,4.02125e-07,175816
0.516079,3713.32,4.31413e-07,170809
0.517084,3716.06,3.94166e-07,167966
0.518086,3718.75,3.56961e-07,165165
0.519087,3721.62,3.99498e-07,164918
0.520087,3724.3,4.10457e-07,163865
0.521092,3727.08,3.79302e-07,164390
0.522091,3729.62,3.70766e-07,162440
0.523095,3732.42,3.88739e-07,160564
0.524095,3735.21,4.00743e-07,156856
0.5251,3737.74,4.11451e-07,156635
0.526101,3740.43,3.73162e-07,151670
0.527104,3743.16,3.98038e-07,151942
0.528104,3745.71,3.65282e-07,149671
0.529107,3748.19,4.01512e-07,150089
0.530109,3750.7,3.97149e-07,148888
0.531111,3753.34,3.87004e-07,143899
0.532113,3755.77,4.03038e-07,145377
0.533116,3758.38,3.70427e-07,143170
0.534116,3760.83,3.89552e-07,142624
0.535118,3763.25,3.69865e-07,141433
0.536121,3765.64,3.95004e-07,139073
0.537123,3768.26,3.82369e-07,136515
0.538126,3770.69,3.76939e-07,135079
0.539128,3773.23,4.04037e-07,131759
0.540128,3775.6,3.6791e-07,131400
0.541131,3777.92,3.94693e-07,131104
0.542132,3780.17,3.82896e-07,129685
0.543133,3782.35,3.94067e-07,127883
0.544135,3784.6,3.78864e-07,125318
0.545138,3786.76,3.939e-07,122839
0.54614,3789.14,3.86617e-07,121301
0.54714,3791.31,3.59032e-07,120385
0.548145,3793.58,4.04434e-07,119938
0.549146,3795.72,3.7929e-07,116518
0.550148,3797.96,3.90964e-07,116382
0.551151,3799.87,3.96782e-07,116622
0.552154,3802.03,3.9549e-07,115585
0.553155,3804.14,3.89381e-07,115923
0.554157,3806.26,3.75081e-07,115463
0.55516,3808.22,4.14543e-07,115378
0.556159,3810.31,3.6461e-07,114135
0.557162,3812.3,3.90581e-07,113514
0.558164,3814.28,4.03082e-07,112737
0.559167,3816.36,4.03178e-07,110149
0.560167,3818.18,3.67415e-07,110850
0.561168,3819.97,3.78062e-07,108278
0.562173,3821.8,3.87991e-07,106805
0.563176,3823.68,3.917e-07,107404
0.564178,3825.58,3.47655e-07,105716
0.56518,3827.62,3.88746e-07,104388
0.56618,3829.38,3.96088e-07,102559
0.567181,3831.25,3.84413e-07,99497.2
0.568182,3833.07,3.75781e-07,99536.3
0.569185,3834.88,4.04966e-07,98912.8
0.570189,3836.66,3.97739e-07,97067.9
0.571188,3838.34,3.85983e-07,95594.8
0.572192,3840.07,3.77739e-07,93780.3
0.573195,3841.79,3.84419e-07,91740.1
0.574196,3843.55,4.16361e-07,90707.7
0.5752,3845.38,3.88721e-07,90113.3
0.5762,3846.96,3.8325e-07,90044.1
0.577203,3848.53,3.75742e-07,88984.4
0.578206,3850.26,3.90877e-07,84840.7
0.579204,3851.9,3.53184e-07,83341.8
0.580208,3853.58,4.03791e-07,82791.8
0.58121,3855.13,3.98932e-07,80378.6
0.582212,3856.71,3.64085e-07,79857
0.583213,3858.26,3.88419e-07,79693.7
0.584216,3859.81,3.82967e-07,80643
0.585219,3861.41,3.94024e-07,79373
0.586219,3862.94,3.67249e-07,77481.1
0.587222,3864.52,4.15041e-07,75060.8
0.588226,3866.04,3.93881e-07,73823.2
0.589227,3867.57,3.94942e-07,72742.3
0.590228,3869.14,3.83702e-07,73060.8
0.59123,3870.69,3.92394e-07,73084.9
0.592231,3872.09,3.99861e-07,74176.6
0.593235,3873.56,3.80704e-07,73783.3
0.594236,3875.07,4.02267e-07,72354.8
0.595238,3876.5,3.69216e-07,72779
0.596242,3877.84,3.95439e-07,71844.6
0.597243,3879.13,3.79745e-07,70869.8
0.598245,3880.41,4.18635e-07,70407.1
0.599246,3881.78,3.77573e-07,69334.4
0.60025,3883.08,3.99395e-07,67642
0.601251,3884.38,3.95441e-07,67354.3
0.602252,3885.75,4.02676e-07,66136.2
0.603256,3887.01,4.09135e-07,64991
0.604257,3888.27,3.74059e-07,65346.1
0.60526,3889.54,3.71405e-07,64772.4
0.60626,3890.83,3.58363e-07,64667.9
0.607264,3892.12,3.82609e-07,63692.3
0.608264,3893.36,3.66425e-07,62566.9
0.609265,3894.58,3.88758e-07,61607.5
0.610268,3895.89,3.93531e-07,60887.7
0.611271,3897.07,3.9404e-07,60116.3
0.612272,3898.36,3.67614e-07,59936.6
0.613276,3899.6,4.09978e-07,59167.6
0.614276,3900.74,3.9139e-07,58765.7
0.615278,3902.02,4.01406e-07,57248.8
0.616279,3903.18,3.88565e-07,56056.4
0.617284,3904.38,3.95542e-07,55005.6
0.618285,3905.44,3.94202e-07,54343.1
0.619287,3906.57,3.75199e-07,53164.8
0.62029,3907.66,4.11956e-07,52795.6
0.62129,3908.75,3.45293e-07,52581.8
0.622291,3909.94,3.94304e-07,51342
0.623297,3911,4.08872e-07,51219
0.624296,3912.05,3.8099e-07,51747.9
0.625299,3913.13,3.7119e-07,50386
0.626302,3914.22,3.98785e-07,49582.4
0.627305,3915.28,3.82976e-07,49270.8
0.628305,3916.32,3.74458e-07,49069.2
0.629305,3917.4,3.91055e-07,48770.4
0.630308,3918.4,4.02953e-07,48096
0.631314,3919.39,4.19896e-07,47283.4
0.632315,3920.39,3.80745e-07,47563.4
0.633317,3921.37,3.7844e-07,46130.5
0.634315,3922.39,3.68233e-07,45721.4
0.635319,3923.43,3.76691e-07,45160.3
0.636321,3924.34,3.94888e-07,44829.9
0.637322,3925.26,3.65046e-07,44317.7
0.638325,3926.25,3.73645e-07,43046.7
0.639325,3927.25,3.82872e-07,42862.7
0.640326,3928.13,3.78917e-07,42243.8
0.641331,3929.04,4.11319e-07,41749
0.642334,3930.01,3.91343e-07,40696.9
0.643335,3930.89,3.71447e-07,39568.5
0.644339,3931.74,3.86263e-07,39797.2
0.645339,3932.61,3.91773e-07,39093.2
0.646341,3933.43,4.13013e-07,38368.7
0.647341,3934.24,4.0016e-07,37404.2
0.648346,3935.13,4.02963e-07,36321.3
0.649349,3935.95,4.21084e-07,35757.9
0.650349,3936.89,4.07398e-07,35192.9
0.651353,3937.73,3.77683e-07,35030.1
0.652355,3938.51,3.79197e-07,35097
0.653355,3939.23,3.57337e-07,35374
0.654357,3940.02,4.07974e-07,34980.8
0.655359,3940.77,3.89149e-07,34903.6
0.656362,3941.53,3.80055e-07,34878.6
0.657363,3942.27,3.63714e-07,34649.5
0.658363,3943.03,3.9051e-07,34055.5
0.659366,3943.72,4.15168e-07,34399.9
0.660371,3944.41,3.91364e-07,34207.1
0.661371,3945.2,3.85379e-07,34023.4
0.662374,3945.97,4.05819e-07,33675.6
0.663375,3946.66,3.61602e-07,33528.2
0.664375,3947.35,3.87626e-07,33102.3
0.665379,3948.07,4.05983e-07,32614.5
0.666376,3948.77,3.43758e-07,31701.1
0.667384,3949.47,3.75495e-07,31538.6
0.668384,3950.17,3.96473e-07,30801.9
0.669388,3950.84,3.99825e-07,30253.9
0.670391,3951.51,4.32337e-07,29745
0.671392,3952.13,3.58714e-07,29377.3
0.672393,3952.76,3.98812e-07,28578.7
0.673396,3953.35,3.91542e-07,28613.7
0.674396,3953.97,3.88412e-07,27828.5
0.675398,3954.66,3.90284e-07,27642.8
0.676403,3955.22,3.82909e-07,27207.8
0.6774,3955.79,3.60056e-07,26960.9
0.678404,3956.4,3.97354e-07,26655.8
0.679406,3956.95,3.90144e-07,26228.8
0.680409,3957.49,3.8392e-07,25838.9
0.681411,3958.14,3.85756e-07,25558.8
0.682414,3958.68,3.68849e-07,24620.1
0.683412,3959.27,3.67333e-07,24181.5
0.684416,3959.88,4.021e-07,24168.8
0.68542,3960.43,3.8671e-07,23224.4
0.686422,3960.93,3.80946e-07,22996.8
0.687423,3961.49,3.54133e-07,22692.9
0.688423,3962.06,3.78167e-07,21966.2
0.689427,3962.54,3.86723e-07,21938.2
0.690429,3963.14,3.93429e-07,21378.2
0.691432,3963.7,3.91371e-07,20875.4
0.692434,3964.18,4.00373e-07,20990.5
0.693433,3964.69,3.81904e-07,20632.2
0.694437,3965.2,4.03534e-07,20154
0.69544,3965.69,4.01649e-07,19886.2
0.696442,3966.14,3.90149e-07,19819.5
0.697441,3966.64,3.65432e-07,19478.6
0.698444,3967.11,4.09532e-07,18974.9
0.699447,3967.57,4.04333e-07,18744.4
0.700449,3968.02,4.08195e-07,18227.7
0.70145,3968.47,3.87093e-07,18116.4
0.702454,3968.97,3.6627e-07,17940.5
0.703454,3969.46,3.99773e-07,17752.3
0.704456,3969.88,4.05243e-07,17470
0.70546,3970.37,3.99639e-07,16980.3
0.706458,3970.82,3.75942e-07,16693.8
0.707465,3971.24,4.15202e-07,16302.2
0.708465,3971.72,3.77321e-07,15917.9
0.709466,3972.2,4.00713e-07,15790.8
0.710472,3972.59,3.87631e-07,15568.6
0.711472,3973.04,3.71882e-07,15190.1
0.712472,3973.42,3.90489e-07,14961.8
0.713474,3973.81,4.14823e-07,14862.2
0.71448,3974.23,3.73324e-07,14649.6
0.71548,3974.67,3.98242e-07,14414.2
0.716482,3975.08,3.86953e-07,13925.6
0.717481,3975.53,4.02196e-07,13438.6
0.718485,3975.94,4.08795e-07,13182
0.719489,3976.3,3.97114e-07,13118.2
0.72049,3976.68,3.75225e-07,12703.5
0.721491,3977.03,4.16191e-07,12568.4
0.722493,3977.37,3.94087e-07,12526.6
0.723494,3977.7,3.95273e-07,12295.8
0.724497,3978.06,4.02776e-07,12170
0.7255,3978.36,3.7371e-07,11973.5
0.726504,3978.67,3.77546e-07,11698.2
0.727503,3979,3.79052e-07,11283
0.728506,3979.29,3.91207e-07,11144.1
0.729506,3979.58,3.97721e-07,11152.1
0.730508,3979.87,3.94231e-07,11059.3
0.731512,3980.21,3.79216e-07,10892.4
0.732512,3980.52,3.88745e-07,10528.8
0.733513,3980.84,3.83152e-07,10178.5
0.734517,3981.16,3.90029e-07,10147.2
0.735517,3981.48,3.70789e-07,9820.87
0.73652,3981.78,3.98973e-07,9628.67
0.73752,3982.1,4.07159e-07,9360.59
0.738526,3982.47,4.09739e-07,9464.66
0.739527,3982.77,3.65964e-07,9248.01
0.740529,3983.06,4.03684e-07,9263.32
0.741531,3983.33,3.71222e-07,8987.86
0.742534,3983.59,4.07962e-07,8856.58
0.743536,3983.92,3.70647e-07,8481.11
0.744537,3984.21,3.98048e-07,8398.1
0.745539,3984.49,3.62946e-07,8238.97
0.74654,3984.78,3.86829e-07,8109.8
0.747542,3985.02,4.07791e-07,8025.87
0.748545,3985.28,3.82915e-07,7935.91
0.749546,3985.49,3.79698e-07,7982.98
0.75055,3985.7,4.11913e-07,7948.6
0.751553,3985.96,3.88954e-07,7716.12
0.752554,3986.18,3.71522e-07,7559.07
0.753554,3986.46,3.8445e-07,7482.35
0.754558,3986.72,3.98342e-07,7318.36
0.755559,3986.97,3.81597e-07,7053.61
0.756561,3987.16,3.9556e-07,7044.52
0.757564,3987.38,3.82366e-07,6924.04
0.758564,3987.58,4.00097e-07,6801.96
0.759568,3987.78,4.12895e-07,6704.91
0.760571,3987.97,4.05014e-07,6597.49
0.761572,3988.19,3.81086e-07,6540.33
0.762574,3988.42,3.85609e-07,6473.47
0.763576,3988.63,3.86945e-07,6403.06
0.764578,3988.8,3.63561e-07,6356
0.765578,3989,3.89406e-07,6254
0.766584,3989.18,3.97732e-07,6181.07
0.767584,3989.38,3.93781e-07,6010.04
0.768586,3989.6,4.12088e-07,5933.8
0.769587,3989.81,3.77192e-07,5870.33
0.77059,3990.03,3.82361e-07,5782.66
0.771591,3990.27,3.91279e-07,5709.62
0.772591,3990.45,3.93944e-07,5607.75
0.773594,3990.64,3.976e-07,5503.48
0.774597,3990.84,3.87067e-07,5307.88
0.7756,3990.99,3.77522e-07,5359.93
0.776598,3991.19,3.87312e-07,5249.7
0.777603,3991.32,3.901e-07,5176.44
0.778605,3991.5,3.92016e-07,5061
0.779609,3991.65,4.15293e-07,4981.75
0.780608,3991.84,3.81736e-07,4895.88
0.781612,3991.99,3.816e-07,4856.9
0.782614,3992.13,3.91219e-07,4725.29
0.783614,3992.3,3.81153e-07,4604.19
0.784616,3992.44,4.19108e-07,4459.08
0.785618,3992.58,3.74787e-07,4367.96
0.786622,3992.73,3.76702e-07,4319.46
0.787625,3992.85,3.94631e-07,4244.34
0.788625,3992.98,3.77665e-07,4213.8
0.789626,3993.13,3.9791e-07,3998.02
0.79063,3993.27,3.81032e-07,3810.09
0.791632,3993.39,3.61245e-07,3793.17
0.792633,3993.48,3.86548e-07,3748.84
0.793635,3993.62,4.16307e-07,3637.56
0.794638,3993.73,3.74594e-07,3564.09
0.795639,3993.83,4.09219e-07,3539.89
0.796641,3993.94,3.73999e-07,3464.2
0.797644,3994.06,3.83163e-07,3365.95
0.798644,3994.18,3.81627e-07,3253.8
0.799648,3994.3,3.87937e-07,3222.6
0.80065,3994.43,3.74719e-07,3098.55
0.801651,3994.56,4.11577e-07,2987.2
0.802656,3994.7,4.08216e-07,2909.4
0.803658,3994.81,3.60818e-07,2836.95
0.804657,3994.92,3.82022e-07,2783.64
0.805659,3995.05,3.60523e-07,2768.65
0.806661,3995.16,4.03881e-07,2699.2
0.807662,3995.24,3.76584e-07,2638.68
0.808668,3995.33,4.22835e-07,2560.89
0.809668,3995.41,3.65849e-07,2479.13
0.81067,3995.52,3.8639e-07,2374.76
0.811672,3995.62,3.97102e-07,2335.8
0.812673,3995.72,3.86259e-07,2275.91
0.813676,3995.81,3.79836e-07,2206.33
0.814677,3995.9,4.1265e-07,2234.2
0.815682,3996,3.83865e-07,2170
0.816683,3996.08,3.69323e-07,2146.8
0.817684,3996.17,3.52305e-07,2095.22
0.818685,3996.25,3.92843e-07,1995.25
0.819687,3996.31,3.7197e-07,1980.95
0.820687,3996.39,4.00277e-07,1951.17
0.821692,3996.5,3.83378e-07,1909
0.822691,3996.56,3.80366e-07,1864.95
0.823694,3996.65,3.73328e-07,1802.05
0.824696,3996.73,4.09257e-07,1754.09
0.825702,3996.81,3.95769e-07,1720.18
0.826703,3996.86,3.64678e-07,1650.75
0.827701,3996.96,3.9412e-07,1627.03
0.828706,3997.02,3.71119e-07,1581.71
0.829708,3997.1,4.19651e-07,1545
0.83071,3997.18,3.70461e-07,1523.16
0.831709,3997.24,3.76394e-07,1479.72
0.832713,3997.32,4.09534e-07,1410.07
0.833717,3997.39,4.00047e-07,1399.17
0.834718,3997.45,4.11139e-07,1391.75
0.835722,3997.51,3.93945e-07,1332.97
0.836721,3997.58,3.8906e-07,1294.11
0.837726,3997.65,4.007e-07,1250.34
0.838724,3997.69,3.73386e-07,1216.57
0.839728,3997.76,3.72797e-07,1180.15
0.840729,3997.81,3.92789e-07,1145.7
0.84173,3997.88,3.7176e-07,1123.56
0.842734,3997.95,4.04549e-07,1095.54
0.843735,3998,3.84912e-07,1069.99
0.844738,3998.05,3.73017e-07,1051.54
0.84574,3998.11,3.76943e-07,1020.5
0.846739,3998.16,3.70429e-07,998.552
0.847743,3998.21,4.09243e-07,981.782
0.848744,3998.23,3.52718e-07,967.622
0.849746,3998.29,3.72487e-07,935.782
0.85075,3998.33,4.02384e-07,933.222
0.851751,3998.37,4.14336e-07,887.062
0.852755,3998.43,3.87248e-07,860.262
0.853756,3998.49,3.95364e-07,840.968
0.854758,3998.53,3.64211e-07,836.55
0.855759,3998.57,3.70891e-07,820.822
0.85676,3998.61,4.06784e-07,799.168
0.857765,3998.64,3.95278e-07,775.478
0.858767,3998.68,3.706e-07,734.072
0.859767,3998.71,4.01798e-07,717.368
0.860771,3998.75,4.00427e-07,701.248
0.861772,3998.78,3.82353e-07,680.672
0.862774,3998.82,3.76833e-07,669.072
0.863776,3998.83,3.85107e-07,663.222
0.864777,3998.87,3.95911e-07,638.55
0.865782,3998.89,3.77503e-07,617.728
0.866779,3998.92,3.82153e-07,597.638
0.867785,3998.95,4.07642e-07,597.542
0.868785,3998.97,3.62238e-07,582.422
0.869785,3998.99,4.01388e-07,567.928
0.87079,3999.02,4.13366e-07,555.8
0.871793,3999.06,3.47618e-07,541.078
0.872793,3999.08,3.81529e-07,530.472
0.873794,3999.11,3.83281e-07,504.502
0.874797,3999.14,4.0543e-07,486.918
0.875802,3999.18,3.78051e-07,466.512
0.876801,3999.22,3.97624e-07,442.672
0.877805,3999.24,3.64425e-07,425.718
0.878805,3999.27,3.83139e-07,413.622
0.879808,3999.28,4.00212e-07,393.672
0.880811,3999.31,4.05044e-07,380.568
0.881812,3999.34,3.77082e-07,360.518
0.882815,3999.36,4.05269e-07,347.752
0.883816,3999.39,4.0801e-07,338.502
0.884819,3999.41,3.84528e-07,326.768
0.885821,3999.42,3.96847e-07,320.112
0.886821,3999.45,3.5866e-07,303.542
0.887825,3999.47,3.77463e-07,294.488
0.888824,3999.5,4.02111e-07,278.992
0.88983,3999.52,4.06545e-07,270.8
0.89083,3999.54,3.9224e-07,258.352
0.891832,3999.55,3.97509e-07,247.648
0.892832,3999.57,3.87396e-07,234.262
0.893837,3999.58,3.76617e-07,223.472
0.894838,3999.61,3.83823e-07,211.382
0.895839,3999.62,3.72175e-07,199.8
0.896843,3999.63,4.11413e-07,196.288
0.897842,3999.65,3.52989e-07,189.142
0.898847,3999.67,4.13746e-07,180.55
0.899849,3999.67,3.91571e-07,175.862
0.900851,3999.69,4.08443e-07,166.182
0.901853,3999.71,3.75103e-07,156.95
0.902853,3999.72,3.86733e-07,153.238
0.903856,3999.73,3.89214e-07,145.462
0.904858,3999.73,3.8544e-07,137.622
0.90586,3999.75,3.82973e-07,130.742
0.906861,3999.75,3.84489e-07,128.742
0.907865,3999.77,3.87382e-07,115.622
0.908868,3999.78,3.75624e-07,110.912
0.909868,3999.78,3.80764e-07,109.238
0.910868,3999.79,3.86931e-07,103.782
0.911873,3999.8,3.85268e-07,102
0.912874,3999.81,3.97522e-07,95.702
0.913878,3999.83,3.70988e-07,89.208
0.914877,3999.84,3.75622e-07,84.552
0.915878,3999.84,3.7883e-07,83.878
0.916883,3999.85,3.79728e-07,76.448
0.917885,3999.86,3.78334e-07,68.918
0.918887,3999.86,3.77799e-07,63.478
0.91989,3999.88,3.61303e-07,58.312
0.920887,3999.88,3.53016e-07,55.272
0.921889,3999.89,4.05129e-07,51.382
0.922898,3999.9,3.77649e-07,49
0.923894,3999.9,3.72599e-07,47.392
0.924898,3999.91,3.91642e-07,44.128
0.925899,3999.92,4.20486e-07,42.472
0.926903,3999.93,3.56662e-07,38.262
0.927903,3999.93,4.14065e-07,34.55
0.928908,3999.94,4.1825e-07,29.952
0.929909,3999.94,3.88247e-07,29.952
0.93091,3999.94,3.77239e-07,29.078
0.931912,3999.95,4.18782e-07,25.542
0.932916,3999.95,3.61687e-07,25.542
0.933916,3999.95,3.82402e-07,24.648
0.934918,3999.95,3.79655e-07,22.848
0.935921,3999.95,3.91678e-07,21.942
0.936923,3999.96,3.93825e-07,20.118
0.937923,3999.96,3.81576e-07,17.352
0.938928,3999.97,4.06386e-07,15.488
0.939927,3999.98,3.62523e-07,11.712
0.940928,3999.98,3.96619e-07,11.712
0.941931,3999.98,4.06973e-07,11.712
0.942934,3999.98,3.91534e-07,11.712
0.943935,3999.98,3.71842e-07,9.8
0.944939,3999.98,4.2071e-07,9.8
0.945941,3999.98,3.77219e-07,9.8
0.946942,3999.98,3.89446e-07,8.838
0.947944,3999.98,3.46365e-07,7.872
0.948945,3999.98,3.97319e-07,7.872
0.949948,3999.98,3.91298e-07,7.872
0.950951,3999.98,3.98602e-07,7.872
0.951953,3999.98,4.00365e-07,7.872
0.952955,3999.99,3.73025e-07,5.928
0.953955,3999.99,3.97789e-07,4.95
0.954959,3999.99,3.78675e-07,4.95
0.955961,3999.99,3.81574e-07,4.95
0.956964,3999.99,3.75463e-07,3.968
0.957963,3999.99,4.02917e-07,3.968
0.958967,3999.99,3.65711e-07,3.968
0.959969,3999.99,3.99373e-07,3.968
0.960968,3999.99,3.9156e-07,3.968
0.961971,3999.99,3.94013e-07,3.968
0.962974,3999.99,3.92185e-07,2.982
0.963975,4000,3.79077e-07,1.992
0.964979,4000,4.10352e-07,0.998
0.96598,4000,3.78704e-07,0.998
0.966983,4000,3.88908e-07,0.998
0.967986,4000,3.77076e-07,0.998
0.968984,4000,3.72319e-07,0.998
0.969987,4000,3.9137e-07,0.998
0.970989,4000,3.982e-07,0.998
0.971992,4000,4.04569e-07,0.998
0.972996,4000,3.63819e-07,0.998
0.973994,4000,3.98066e-07,0.998
0.974999,4000,4.00715e-07,0
0.976,4000,3.91725e-07,0
0.977001,4000,3.79738e-07,0
0.978005,4000,3.9015e-07,0
0.979006,4000,3.96506e-07,0
0.980007,4000,3.96942e-07,0
0.98101,4000,4.00339e-07,0
0.982011,4000,3.52974e-07,0
0.983014,4000,3.69586e-07,0
0.984016,4000,3.82051e-07,0
0.985018,4000,4.18733e-07,0
0.986021,4000,3.71487e-07,0
0.987021,4000,4.2045e-07,0
0.988025,4000,3.52684e-07,0
0.989026,4000,3.94556e-07,0
0.990027,4000,3.69924e-07,0
0.99103,4000,3.96393e-07,0
0.992031,4000,3.79425e-07,0
0.993033,4000,3.7852e-07,0
0.994037,4000,3.98099e-07,0
0.99504,4000,3.83674e-07,0
0.99604,4000,3.86617e-07,0
0.997042,4000,3.58966e-07,0
0.998044,4000,3.94533e-07,0
0.999038,4000,2.62247e-07,0
1,4000,0,0
0.0570885,45.728,0.596429,675393
4.30402,-1,-1,-1
