0,1,0,0
0.00110784,2.09,2.24164e-07,56.95
0.00208163,2.252,5.30841e-07,208.248
0.00307333,2.484,6.72052e-07,406.872
0.0040752,2.718,8.04325e-07,553.238
0.00508009,2.944,7.8205e-07,720.432
0.0060785,3.178,8.24788e-07,1021.16
0.00708482,3.39,8.31052e-07,1228.95
0.00808573,3.586,7.88554e-07,1449.3
0.00908791,3.762,8.30633e-07,1756.68
0.0100887,3.93,7.91085e-07,1948.55
0.0110921,4.148,8.18883e-07,2409.05
0.0120918,4.322,7.76761e-07,2797.16
0.0130954,4.512,7.97633e-07,3322.93
0.0140962,4.692,8.16123e-07,3882.57
0.0150973,4.862,8.23289e-07,4109.48
0.0161031,5.068,7.64199e-07,4871.69
0.0171028,5.3,7.62969e-07,5505
0.0181053,5.476,8.38015e-07,5816.71
0.0191087,5.676,7.87267e-07,6527.51
0.0201073,5.848,7.65662e-07,7396.45
0.0211095,6.056,7.87379e-07,8332.43
0.0221134,6.28,8.23444e-07,9058.8
0.0231164,6.484,7.66346e-07,9712.87
0.0241167,6.668,8.01385e-07,10236.9
0.0251189,6.874,7.74927e-07,11239.1
0.0261206,7.092,7.91213e-07,12205.8
0.0271234,7.328,8.02313e-07,13052.2
0.0281242,7.59,7.72162e-07,14349
0.0291267,7.828,7.56031e-07,15379.2
0.0301264,8.07,7.8705e-07,16304.5
0.0311319,8.278,8.57905e-07,17352.4
0.032132,8.504,8.07722e-07,18585
0.0331356,8.724,8.14968e-07,19301.9
0.0341386,8.964,7.93268e-07,20899.4
0.0351375,9.164,7.62092e-07,22564.6
0.0361399,9.412,7.80383e-07,23483.1
0.0371436,9.646,8.53408e-07,25132.3
0.0381461,9.898,8.42121e-07,27063.8
0.0391488,10.116,7.84314e-07,28573.3
0.0401492,10.312,7.47425e-07,29789.3
0.0411494,10.512,8.2748e-07,30980.9
0.0421508,10.73,8.19859e-07,32706.6
0.0431566,11.046,8.5424e-07,36911.9
0.0441586,11.286,7.96492e-07,39300.1
0.045157,11.55,8.0627e-07,41917.7
0.0461619,11.86,8.47422e-07,44860.2
0.0471639,12.148,7.93234e-07,48041
0.0481644,12.386,7.89063e-07,49314.5
0.0491669,12.61,8.20844e-07,51769
0.0501691,12.868,8.13595e-07,53769.3
0.0511708,13.124,8.3583e-07,56074.3
0.0521755,13.424,8.28775e-07,58510.1
0.0531763,13.654,8.37021e-07,60675.1
0.0541794,13.942,7.92398e-07,63257.3
0.0551788,14.196,7.92341e-07,65104.8
0.0561813,14.47,8.09795e-07,68564.6
0.0571799,14.724,8.39967e-07,70631.9
0.0581852,14.942,8.36648e-07,73241.3
0.0591897,15.26,8.07371e-07,76632.2
0.0601891,15.65,7.75949e-07,82889.8
0.0611907,15.984,8.40755e-07,86587.9
0.062195,16.252,8.59921e-07,89968.2
0.0631985,16.618,7.56441e-07,94552
0.064198,16.912,7.96367e-07,97796.1
0.0652015,17.19,7.84425e-07,99708.9
0.0662007,17.556,8.07906e-07,104897
0.0672037,18.026,8.17426e-07,116631
0.0682085,18.338,8.08463e-07,120154
0.0692088,18.596,7.67399e-07,123352
0.0702085,18.93,7.48284e-07,127065
0.0712104,19.276,8.40275e-07,130656
0.0722162,19.608,8.01022e-07,136319
0.0732146,19.914,7.92399e-07,139303
0.0742171,20.198,7.73737e-07,142171
0.0752185,20.554,8.35535e-07,146748
0.076221,20.946,8.37908e-07,153006
0.0772257,21.422,7.47822e-07,165284
0.0782251,21.74,7.81768e-07,169328
0.0792273,22.038,8.22415e-07,173292
0.0802293,22.404,8.09574e-07,178734
0.0812298,22.764,8.29433e-07,183588
0.0822337,23.16,8.30654e-07,188701
0.0832356,23.576,7.50864e-07,197202
0.084234,23.9,7.92998e-07,203287
0.0852389,24.232,8.61422e-07,209371
0.086242,24.586,8.29773e-07,215041
0.0872442,24.97,7.73742e-07,219957
0.0882442,25.276,8.06976e-07,225258
0.0892462,25.662,8.61467e-07,232760
0.0902517,26.064,8.00287e-07,240024
0.0912509,26.53,7.72582e-07,253899
0.0922518,26.954,8.18027e-07,263208
0.0932542,27.438,7.91273e-07,274963
0.0942595,27.922,8.24645e-07,288788
0.0952586,28.392,7.42237e-07,298707
0.0962587,28.868,7.8641e-07,311857
0.0972636,29.404,8.55821e-07,321284
0.0982667,29.822,7.83749e-07,329659
0.0992689,30.362,7.448e-07,342217
0.100268,30.84,7.6449e-07,350121
0.10127,31.284,8.06849e-07,356810
0.102272,31.77,8.1174e-07,366113
0.103276,32.578,8.64245e-07,404324
0.104281,33.076,8.02885e-07,415893
0.105276,33.502,7.86364e-07,426779
0.106281,34.134,8.16923e-07,443618
0.107284,34.712,7.9355e-07,461775
0.108285,35.3,8.2187e-07,473219
0.109288,35.892,8.07468e-07,500170
0.110289,36.418,8.38396e-07,514042
0.111296,37.082,8.18035e-07,537216
0.112297,37.752,8.1452e-07,558425
0.113298,38.252,7.76458e-07,569020
0.114294,38.824,7.68784e-07,585505
0.115299,39.326,7.80084e-07,599402
0.116299,39.998,8.14579e-07,620745
0.117304,40.786,8.62232e-07,654898
0.118307,41.408,8.37164e-07,680457
0.11931,42.204,8.21024e-07,708371
0.120311,42.75,7.43143e-07,720978
0.121311,43.466,7.93473e-07,740802
0.122313,44.008,8.49449e-07,756186
0.123317,44.752,8.45811e-07,783451
0.124319,45.226,8.03677e-07,800455
0.125318,46.034,7.94005e-07,827272
0.126323,46.828,7.96388e-07,852053
0.127322,47.628,8.46042e-07,885375
0.128327,48.43,8.08144e-07,928379
0.129329,49.34,7.8173e-07,972614
0.130332,50.144,7.91538e-07,1.01239e+06
0.131332,50.884,8.02891e-07,1.03517e+06
0.132334,51.646,7.96701e-07,1.06435e+06
0.133334,52.514,7.93012e-07,1.09259e+06
0.134338,53.46,7.55668e-07,1.13948e+06
0.135335,54.27,7.9316e-07,1.17158e+06
0.136341,55.14,8.23667e-07,1.22024e+06
0.137343,55.954,8.30342e-07,1.24434e+06
0.138344,56.824,7.89544e-07,1.269e+06
0.139347,57.814,8.29637e-07,1.31252e+06
0.140349,58.86,7.91814e-07,1.35452e+06
0.141352,59.986,8.58057e-07,1.41434e+06
0.142353,61.064,8.29358e-07,1.44922e+06
0.143357,61.924,8.43051e-07,1.47809e+06
0.14436,62.982,8.10649e-07,1.52802e+06
0.145359,63.946,7.75025e-07,1.57629e+06
0.14636,65.122,7.84928e-07,1.61268e+06
0.147364,66.286,7.85854e-07,1.67788e+06
0.148365,67.336,8.26519e-07,1.70334e+06
0.149367,68.26,8.34048e-07,1.75651e+06
0.15037,69.218,7.72508e-07,1.8208e+06
0.15137,70.14,7.6646e-07,1.86142e+06
0.15237,71.478,8.22883e-07,1.92454e+06
0.153375,72.364,8.31886e-07,1.96738e+06
0.15438,73.266,8.1861e-07,2.01181e+06
0.155377,74.318,8.04465e-07,2.05266e+06
0.156382,76.042,8.21268e-07,2.14225e+06
0.157384,77.114,8.1769e-07,2.18951e+06
0.158388,78.674,7.92929e-07,2.28275e+06
0.159385,80.052,8.09948e-07,2.3639e+06
0.16039,81.078,8.03116e-07,2.42752e+06
0.161392,82.442,8.10058e-07,2.49701e+06
0.162394,84,8.04738e-07,2.6097e+06
0.163397,85.534,7.4751e-07,2.67682e+06
0.164396,86.68,7.54536e-07,2.75584e+06
0.165398,87.746,8.02583e-07,2.82961e+06
0.166401,89.342,7.75736e-07,2.90888e+06
0.167402,90.622,8.28138e-07,2.98796e+06
0.168406,91.796,7.98878e-07,3.0511e+06
0.169408,93.404,8.31895e-07,3.13084e+06
0.170409,94.766,8.57811e-07,3.21221e+06
0.171411,96.148,7.80342e-07,3.28235e+06
0.172413,97.648,8.02133e-07,3.38653e+06
0.173417,99.376,8.21236e-07,3.47017e+06
0.174417,101.104,7.95114e-07,3.57632e+06
0.175421,102.836,8.42865e-07,3.66355e+06
0.176422,104.808,7.74472e-07,3.82577e+06
0.177423,106.604,7.79835e-07,3.93033e+06
0.178423,108.27,7.82999e-07,4.05794e+06
0.179428,109.628,8.534e-07,4.14638e+06
0.18043,111.696,7.3933e-07,4.23317e+06
0.18143,113.262,8.0534e-07,4.33702e+06
0.182432,114.706,8.3729e-07,4.4111e+06
0.183435,116.548,8.22821e-07,4.54944e+06
0.184437,118.492,8.2352e-07,4.6644e+06
0.185444,119.954,7.81412e-07,4.7653e+06
0.186439,122.154,7.65514e-07,4.91624e+06
0.187444,123.926,7.83e-07,5.06024e+06
0.188446,126.32,8.3457e-07,5.20845e+06
0.18945,128.356,8.09196e-07,5.32744e+06
0.190451,130.342,7.60378e-07,5.47079e+06
0.191449,132.87,7.87361e-07,5.60829e+06
0.192452,135.682,8.223e-07,5.8231e+06
0.193457,137.802,8.20431e-07,5.95935e+06
0.194458,140.21,7.80817e-07,6.12837e+06
0.195461,142.706,7.61846e-07,6.35316e+06
0.196459,145.142,7.65547e-07,6.54481e+06
0.197463,147.598,8.12645e-07,6.67189e+06
0.198466,149.594,8.06469e-07,6.82083e+06
0.199466,151.654,8.12268e-07,6.95499e+06
0.200474,154.334,7.84119e-07,7.10062e+06
0.201471,156.858,8.05536e-07,7.2184e+06
0.202474,159.448,8.45928e-07,7.37371e+06
0.20348,161.714,8.37463e-07,7.48921e+06
0.20448,164.012,7.40101e-07,7.66561e+06
0.205479,166.764,7.98697e-07,7.84435e+06
0.206481,170.322,8.42485e-07,7.98465e+06
0.207485,173.228,8.84441e-07,8.13193e+06
0.208489,175.768,8.00548e-07,8.33131e+06
0.209489,178.178,7.30893e-07,8.53938e+06
0.210487,181.278,7.48155e-07,8.73022e+06
0.211489,183.744,7.77058e-07,8.90741e+06
0.212493,187.802,8.46251e-07,9.06122e+06
0.213495,190.596,8.21923e-07,9.22251e+06
0.2145,193.696,8.20165e-07,9.443e+06
0.215502,196.46,8.04272e-07,9.59971e+06
0.216503,199.118,7.91014e-07,9.75412e+06
0.217504,202.938,8.03816e-07,1.00038e+07
0.218506,207.094,8.22796e-07,1.01958e+07
0.219507,211.084,7.7998e-07,1.04961e+07
0.22051,214.75,7.9658e-07,1.07144e+07
0.22151,218.746,8.08586e-07,1.09732e+07
0.222514,222.722,8.03957e-07,1.12064e+07
0.223517,225.884,8.20327e-07,1.14206e+07
0.224519,229.428,8.40486e-07,1.16166e+07
0.22552,233.952,8.06426e-07,1.18494e+07
0.226523,238.178,7.82356e-07,1.21658e+07
0.227522,243.14,7.72955e-07,1.2394e+07
0.228522,247.686,8.34366e-07,1.27063e+07
0.229531,251.836,8.8647e-07,1.29712e+07
0.230532,256.282,7.86728e-07,1.3127e+07
0.231533,260.71,7.57413e-07,1.33152e+07
0.232534,264.488,7.78254e-07,1.36364e+07
0.233534,269.158,8.39629e-07,1.38214e+07
0.23454,273.03,8.0674e-07,1.40702e+07
0.235539,277.944,7.70812e-07,1.42814e+07
0.236541,282.402,8.12924e-07,1.46451e+07
0.237545,287.588,8.19645e-07,1.49678e+07
0.238548,292.918,7.9342e-07,1.53294e+07
0.239546,297.924,7.74281e-07,1.56166e+07
0.240549,303.05,8.28771e-07,1.58993e+07
0.241552,308.036,8.11605e-07,1.61555e+07
0.242554,313.088,7.92094e-07,1.64229e+07
0.243555,318.1,7.79936e-07,1.66798e+07
0.244558,323.752,8.38382e-07,1.69818e+07
0.245561,329.514,7.69576e-07,1.72363e+07
0.246562,334.612,8.28276e-07,1.76283e+07
0.247565,340.282,7.78384e-07,1.78151e+07
0.248567,345.738,7.81739e-07,1.8207e+07
0.249566,351.092,7.62233e-07,1.8563e+07
0.25057,356.586,8.08093e-07,1.8642e+07
0.251573,362.896,8.24932e-07,1.89191e+07
0.252575,369.382,7.30569e-07,1.91726e+07
0.253574,374.882,7.89148e-07,1.94675e+07
0.254577,380.378,7.87533e-07,1.97163e+07
0.25558,385.172,8.12753e-07,2.00927e+07
0.25658,391.744,8.16141e-07,2.02438e+07
0.257585,397.796,8.00531e-07,2.04218e+07
0.258585,403.89,8.00781e-07,2.07133e+07
0.259587,409.614,8.46988e-07,2.08282e+07
0.260591,416.372,8.52373e-07,2.10854e+07
0.261593,421.97,8.27154e-07,2.12861e+07
0.262594,427.588,7.4835e-07,2.14776e+07
0.263594,432.646,7.64274e-07,2.17952e+07
0.264597,438.8,8.61636e-07,2.20196e+07
0.2656,445.754,8.47573e-07,2.21946e+07
0.266605,451.96,7.91688e-07,2.24983e+07
0.267604,459.894,7.74863e-07,2.28842e+07
0.268605,468.182,7.93949e-07,2.31163e+07
0.269609,476.394,7.89384e-07,2.33395e+07
0.270609,483.968,8.11764e-07,2.3411e+07
0.271612,490.024,8.08743e-07,2.37774e+07
0.272615,496.136,8.02568e-07,2.4009e+07
0.273617,502.43,8.03556e-07,2.43373e+07
0.274618,509.458,8.16394e-07,2.45679e+07
0.275621,516.708,8.00364e-07,2.47212e+07
0.276619,524.946,7.66928e-07,2.48496e+07
0.277625,533.506,8.33083e-07,2.49191e+07
0.278626,540.584,8.08913e-07,2.52963e+07
0.279627,549.868,8.03751e-07,2.51847e+07
0.28063,557.968,7.97643e-07,2.53006e+07
0.281632,564.904,8.31333e-07,2.55203e+07
0.282639,573.142,8.06887e-07,2.56299e+07
0.283636,582.158,7.51312e-07,2.55234e+07
0.284637,591.53,7.79068e-07,2.54406e+07
0.285631,599.768,8.0098e-07,2.54698e+07
0.286643,607.852,8.74896e-07,2.53779e+07
0.287647,617.3,8.09751e-07,2.53967e+07
0.288646,625.214,7.63141e-07,2.5604e+07
0.289649,633.894,7.75013e-07,2.57209e+07
0.29065,643.528,7.85344e-07,2.55462e+07
0.291652,652.582,7.93837e-07,2.56683e+07
0.292654,662.17,8.12147e-07,2.56047e+07
0.293655,671.17,8.31762e-07,2.56226e+07
0.294659,680.016,8.49255e-07,2.56235e+07
0.295662,689.484,8.22104e-07,2.56882e+07
0.296664,700.082,8.30967e-07,2.5586e+07
0.297666,710.022,7.45898e-07,2.54003e+07
0.298666,719.036,7.8729e-07,2.54718e+07
0.299669,727.112,7.73359e-07,2.56499e+07
0.30067,736.734,8.17647e-07,2.56841e+07
0.301673,746.092,7.76176e-07,2.58245e+07
0.302673,755.382,7.96475e-07,2.57053e+07
0.303679,764.894,8.28586e-07,2.5334e+07
0.304678,774.264,7.83064e-07,2.52953e+07
0.305681,783.26,7.49159e-07,2.53985e+07
0.306682,793.69,7.93943e-07,2.48467e+07
0.307681,803.942,7.99711e-07,2.47388e+07
0.308689,814.318,8.16507e-07,2.4671e+07
0.309689,824.102,7.82215e-07,2.4234e+07
0.310687,833.56,8.03182e-07,2.41962e+07
0.311691,843.63,8.08432e-07,2.41099e+07
0.312694,853.014,8.17942e-07,2.40971e+07
0.313699,863.154,7.94992e-07,2.38677e+07
0.314699,873.962,7.43209e-07,2.36549e+07
0.315699,884.614,7.59917e-07,2.37274e+07
0.316702,895.224,8.01791e-07,2.34885e+07
0.317702,905.324,7.8527e-07,2.31407e+07
0.318705,916.238,8.818e-07,2.30862e+07
0.319712,925.114,7.80333e-07,2.30928e+07
0.320712,935.666,7.98556e-07,2.27252e+07
0.321714,946.658,7.37097e-07,2.22753e+07
0.322713,957.358,8.05107e-07,2.1926e+07
0.323717,969.85,8.05359e-07,2.15851e+07
0.324718,981.824,8.1487e-07,2.12497e+07
0.32572,992.2,7.92286e-07,2.10711e+07
0.326721,1001.95,7.8881e-07,2.10058e+07
0.327724,1013.08,8.10454e-07,2.09539e+07
0.328726,1025.34,7.56687e-07,2.05564e+07
0.329725,1036.22,8.36949e-07,2.0295e+07
0.33073,1046.78,8.85008e-07,2.02956e+07
0.331733,1057.63,8.73057e-07,2.00816e+07
0.332737,1069.11,7.32732e-07,1.99768e+07
0.333745,1079.26,6.70908e-07,1.99614e+07
0.334736,1089.8,8.41605e-07,1.97996e+07
0.335743,1099.81,8.39936e-07,1.95532e+07
0.336746,1110.67,7.99674e-07,1.94611e+07
0.337747,1122.31,7.69142e-07,1.91035e+07
0.338748,1133.98,8.16109e-07,1.87947e+07
0.33975,1145.88,7.97886e-07,1.83123e+07
0.34075,1156.23,8.56324e-07,1.82459e+07
0.341757,1167.43,7.96839e-07,1.81049e+07
0.342754,1179.64,7.35234e-07,1.76138e+07
0.343757,1191.01,7.98655e-07,1.74615e+07
0.344761,1201.55,8.10084e-07,1.72903e+07
0.34576,1212.42,8.32939e-07,1.71358e+07
0.346764,1223.47,7.67282e-07,1.70544e+07
0.347764,1235.2,7.64083e-07,1.6745e+07
0.348768,1245.69,8.22868e-07,1.65998e+07
0.349769,1257.43,8.49231e-07,1.60579e+07
0.350773,1268.22,7.95822e-07,1.59423e+07
0.351772,1279.39,7.66293e-07,1.58373e+07
0.352774,1290,7.71443e-07,1.5737e+07
0.353775,1301.34,8.16293e-07,1.56695e+07
0.354779,1311.83,8.17269e-07,1.55884e+07
0.355782,1323.19,7.9593e-07,1.5501e+07
0.356782,1334.21,7.91675e-07,1.54338e+07
0.357784,1345.37,8.11011e-07,1.52598e+07
0.358784,1356.06,8.53226e-07,1.52423e+07
0.359791,1366.35,8.12837e-07,1.51872e+07
0.360791,1378.66,7.4581e-07,1.50405e+07
0.361793,1389.22,8.32798e-07,1.49062e+07
0.362796,1401.32,8.45143e-07,1.47695e+07
0.363802,1412.86,7.51403e-07,1.44128e+07
0.364798,1424.1,7.98782e-07,1.40384e+07
0.365802,1435.25,8.34801e-07,1.3914e+07
0.366802,1446.96,7.77211e-07,1.38152e+07
0.367805,1458.02,7.94427e-07,1.37075e+07
0.368805,1468.8,7.74526e-07,1.36175e+07
0.369806,1480.4,8.43327e-07,1.3447e+07
0.370813,1492.31,8.1941e-07,1.32154e+07
0.371814,1503,8.09796e-07,1.31929e+07
0.372814,1513.86,8.28672e-07,1.31012e+07
0.373818,1525.44,8.15185e-07,1.29703e+07
0.37482,1536.54,7.57599e-07,1.27912e+07
0.375819,1548.09,8.05054e-07,1.26323e+07
0.376824,1559.29,8.38573e-07,1.24152e+07
0.377823,1570.75,8.54775e-07,1.22378e+07
0.37883,1582.94,7.98485e-07,1.20358e+07
0.379829,1594.78,7.77292e-07,1.18365e+07
0.380831,1607.02,7.65692e-07,1.13771e+07
0.381832,1618.83,7.7375e-07,1.10775e+07
0.382832,1630.45,8.08336e-07,1.08234e+07
0.383834,1642.16,7.87432e-07,1.06661e+07
0.384838,1653.7,8.29976e-07,1.05736e+07
0.385843,1664.97,8.37841e-07,1.03396e+07
0.386843,1676.39,8.15371e-07,1.01899e+07
0.387847,1687.1,8.01044e-07,9.94985e+06
0.388846,1698.08,7.99225e-07,9.84917e+06
0.38985,1709.53,8.50875e-07,9.73358e+06
0.390853,1720.19,7.84221e-07,9.52696e+06
0.391852,1731.33,7.29639e-07,9.45775e+06
0.392853,1741.92,8.36669e-07,9.32694e+06
0.393859,1753.05,8.36967e-07,9.20942e+06
0.394862,1764.5,7.4423e-07,9.11484e+06
0.395858,1774.84,7.61086e-07,9.14112e+06
0.396863,1786.16,8.03254e-07,9.08735e+06
0.397865,1796.72,7.20062e-07,9.09346e+06
0.398863,1807.21,7.72192e-07,9.08815e+06
0.399859,1818.56,7.95199e-07,9.09785e+06
0.400871,1829.11,8.5365e-07,8.9756e+06
0.401874,1840.14,7.8925e-07,8.84639e+06
0.402876,1851.55,8.03644e-07,8.67393e+06
0.403879,1863.42,8.03873e-07,8.54693e+06
0.404879,1874.36,7.60551e-07,8.47816e+06
0.405881,1885.59,7.90795e-07,8.33984e+06
0.406885,1896.75,7.91336e-07,8.26212e+06
0.407885,1907.94,7.80479e-07,8.15109e+06
0.408886,1918.64,8.10175e-07,7.97863e+06
0.409888,1929.72,8.30803e-07,7.84491e+06
0.410892,1940.86,8.50817e-07,7.84862e+06
0.411897,1952.15,8.19971e-07,7.73832e+06
0.412897,1963.44,7.85231e-07,7.64978e+06
0.413899,1974.35,8.03642e-07,7.53578e+06
0.4149,1985.04,8.23529e-07,7.54851e+06
0.415901,1995.47,8.1875e-07,7.51973e+06
0.416904,2006.32,8.16203e-07,7.44327e+06
0.417907,2017.45,7.59457e-07,7.33296e+06
0.418906,2027.65,7.66526e-07,7.22731e+06
0.419908,2038.12,7.71627e-07,7.13862e+06
0.420909,2049.21,7.89783e-07,7.0198e+06
0.421913,2059.56,8.51808e-07,6.94515e+06
0.422915,2070.57,7.96578e-07,6.85879e+06
0.423919,2081.2,8.20191e-07,6.75347e+06
0.42492,2091.68,7.95365e-07,6.58411e+06
0.425922,2102.64,7.80358e-07,6.46285e+06
0.426922,2112.75,7.50708e-07,6.35254e+06
0.427921,2123.59,8.24906e-07,6.31757e+06
0.42893,2134.19,8.57039e-07,6.23296e+06
0.42993,2145.34,8.02698e-07,6.2173e+06
0.430933,2155.8,8.10885e-07,6.10767e+06
0.431934,2166.1,8.23362e-07,5.97577e+06
0.432935,2176.41,7.87296e-07,5.93988e+06
0.433938,2186.66,7.63175e-07,5.79111e+06
0.434938,2196.97,7.6866e-07,5.74739e+06
0.43594,2207.84,7.91644e-07,5.64581e+06
0.436942,2218.28,7.64884e-07,5.56749e+06
0.437944,2229.26,7.95165e-07,5.51043e+06
0.438946,2239.92,8.17452e-07,5.48537e+06
0.439948,2250.36,8.58034e-07,5.3628e+06
0.440955,2260.96,8.15136e-07,5.27091e+06
0.441956,2271.43,7.21413e-07,5.21378e+06
0.442955,2282.53,7.81848e-07,5.10446e+06
0.443955,2292.43,8.14651e-07,5.0489e+06
0.444958,2302.42,8.40684e-07,4.96876e+06
0.445961,2312.87,8.08197e-07,4.8227e+06
0.446965,2323.33,8.30591e-07,4.73125e+06
0.447963,2333.69,8.08841e-07,4.64553e+06
0.44897,2344.49,8.09256e-07,4.57995e+06
0.449972,2354.39,7.57606e-07,4.52193e+06
0.45097,2364.28,7.27346e-07,4.43697e+06
0.451973,2374.4,8.17491e-07,4.38694e+06
0.452975,2384.21,8.49523e-07,4.29773e+06
0.453979,2394.45,7.7779e-07,4.24187e+06
0.454977,2404.5,7.79742e-07,4.18861e+06
0.455982,2414.9,7.74057e-07,4.12878e+06
0.456982,2424.03,7.75147e-07,4.07849e+06
0.457986,2434.58,8.16291e-07,3.96199e+06
0.458988,2444.13,7.959e-07,3.86369e+06
0.45999,2453.96,7.1744e-07,3.8044e+06
0.460987,2463.78,7.49077e-07,3.74242e+06
0.461992,2473.49,8.75342e-07,3.69378e+06
0.462997,2483.01,8.33828e-07,3.64495e+06
0.463998,2493.07,7.69284e-07,3.63207e+06
0.465001,2502.75,7.39498e-07,3.56083e+06
0.465997,2512.37,7.65033e-07,3.46221e+06
0.467,2521.93,8.50555e-07,3.43617e+06
0.468008,2531.87,8.36819e-07,3.41826e+06
0.469009,2541.21,8.03949e-07,3.40307e+06
0.470008,2550.41,7.67075e-07,3.35436e+06
0.471011,2559.77,8.23775e-07,3.32063e+06
0.472014,2568.94,8.40423e-07,3.24328e+06
0.473013,2578.38,8.14025e-07,3.17355e+06
0.474017,2588.56,8.8937e-07,3.07145e+06
0.475023,2597.93,8.00831e-07,3.0355e+06
0.476023,2607.39,7.8686e-07,2.99643e+06
0.477024,2616.68,7.94478e-07,2.97075e+06
0.478025,2625.79,7.4816e-07,2.92224e+06
0.479027,2634.94,7.84748e-07,2.87834e+06
0.480028,2644.79,8.37684e-07,2.81373e+06
0.481031,2653.32,8.0508e-07,2.77289e+06
0.482034,2662.96,8.09655e-07,2.70981e+06
0.483035,2672.5,8.01711e-07,2.68637e+06
0.484037,2681.74,8.05594e-07,2.65698e+06
0.48504,2690.82,8.35458e-07,2.61654e+06
0.486045,2699.91,8.42551e-07,2.60151e+06
0.487044,2709.18,7.48326e-07,2.54784e+06
0.488044,2717.87,8.04494e-07,2.52557e+06
0.489047,2726.25,8.82703e-07,2.5091e+06
0.490054,2734.72,7.93965e-07,2.50534e+06
0.491052,2743.77,7.4969e-07,2.46834e+06
0.492052,2752.54,7.63982e-07,2.4264e+06
0.493056,2761.28,8.07652e-07,2.36069e+06
0.494059,2770.13,7.77266e-07,2.32519e+06
0.495059,2778.38,7.87294e-07,2.27904e+06
0.49606,2787.1,8.35443e-07,2.24221e+06
0.497066,2796.14,7.75612e-07,2.19114e+06
0.498067,2804.89,7.71115e-07,2.20246e+06
0.499065,2813.83,7.16464e-07,2.21875e+06
0.500068,2822.51,1.16399e-06,2.20013e+06
0.501074,2830.79,7.43603e-07,2.17661e+06
0.502072,2839.42,7.71524e-07,2.15145e+06
0.503073,2848.03,7.77804e-07,2.10998e+06
0.504078,2856.67,8.34404e-07,2.07746e+06
0.50508,2865.18,7.81354e-07,2.04941e+06
0.50608,2873.46,7.76922e-07,2.02849e+06
0.507083,2881.5,8.11308e-07,1.99437e+06
0.508087,2888.94,7.57465e-07,1.96432e+06
0.509086,2897.05,7.42935e-07,1.96227e+06
0.510085,2904.96,7.91996e-07,1.94911e+06
0.511092,2913.17,8.80279e-07,1.92104e+06
0.512095,2921.49,7.94822e-07,1.85847e+06
0.513095,2930.29,7.49625e-07,1.8323e+06
0.514094,2938.38,8.42977e-07,1.82298e+06
0.515099,2946.34,8.26382e-07,1.81032e+06
0.516102,2954.53,8.08969e-07,1.77608e+06
0.517104,2962.11,7.97308e-07,1.74658e+06
0.518105,2969.76,8.05046e-07,1.72556e+06
0.519108,2977.31,8.07955e-07,1.71199e+06
0.520111,2985.15,8.38705e-07,1.68058e+06
0.521112,2992.87,7.88571e-07,1.64268e+06
0.522114,3000.9,7.44301e-07,1.64472e+06
0.523114,3008.48,7.86889e-07,1.62275e+06
0.524116,3015.84,7.77214e-07,1.62685e+06
0.525116,3023.66,7.98001e-07,1.59014e+06
0.526122,3031.13,8.88058e-07,1.55721e+06
0.527126,3038.73,8.09725e-07,1.54732e+06
0.528125,3046.45,8.43909e-07,1.52324e+06
0.529128,3053.88,8.24497e-07,1.50407e+06
0.530131,3060.7,7.66726e-07,1.489e+06
0.53113,3067.89,8.1228e-07,1.45078e+06
0.532131,3074.73,8.49264e-07,1.42561e+06
0.533139,3082.32,8.51932e-07,1.42549e+06
0.534141,3090.15,7.68789e-07,1.38355e+06
0.535138,3097.43,7.4121e-07,1.35842e+06
0.536141,3104.86,7.67001e-07,1.34692e+06
0.537142,3111.77,8.33409e-07,1.32011e+06
0.538147,3118.54,8.81952e-07,1.30416e+06
0.539151,3125.7,7.52734e-07,1.29267e+06
0.540149,3132.45,7.19205e-07,1.28007e+06
0.541151,3139.26,7.95094e-07,1.25794e+06
0.542153,3146.22,8.20913e-07,1.23482e+06
0.543157,3152.9,7.77897e-07,1.21712e+06
0.544157,3159.92,7.76085e-07,1.20735e+06
0.545162,3166.94,7.72062e-07,1.1892e+06
0.54616,3173.77,7.80696e-07,1.17083e+06
0.547164,3180.68,8.48626e-07,1.14272e+06
0.548166,3187.27,8.16933e-07,1.13481e+06
0.549169,3194.04,7.27871e-07,1.12622e+06
0.550167,3200.64,7.61169e-07,1.13163e+06
0.551169,3207.3,8.06829e-07,1.10867e+06
0.552176,3214.02,8.05427e-07,1.08478e+06
0.553174,3220.45,8.31417e-07,1.05097e+06
0.554178,3226.97,8.03841e-07,1.04331e+06
0.555181,3233.21,8.39713e-07,1.03898e+06
0.556184,3239.71,8.15561e-07,1.01655e+06
0.557184,3245.99,7.85259e-07,992278
0.558183,3252.24,7.17359e-07,980253
0.559184,3258.97,8.21484e-07,963963
0.56019,3265.2,8.54749e-07,958465
0.561193,3271.29,8.22852e-07,943103
0.562195,3277.55,7.98348e-07,922536
0.563197,3283.98,7.69384e-07,899023
0.564199,3289.83,7.97274e-07,888249
0.565201,3295.82,7.64001e-07,877823
0.566201,3301.66,7.63941e-07,861879
0.567203,3307.41,7.81417e-07,843659
0.568205,3313.5,8.12978e-07,845929
0.569206,3319.31,8.09565e-07,829994
0.570209,3325.22,7.98111e-07,806327
0.571209,3331.06,8.48193e-07,811945
0.572218,3336.83,8.24998e-07,805119
0.573217,3342.48,7.52174e-07,788569
0.574217,3348.42,7.82125e-07,779633
0.575219,3353.81,7.93892e-07,768534
0.57622,3359.48,8.16841e-07,758663
0.577224,3365.07,7.99235e-07,741060
0.578226,3370.55,8.55218e-07,740528
0.57923,3376.31,7.87331e-07,735787
0.580231,3381.68,7.74758e-07,728243
0.581233,3387.4,7.64507e-07,719948
0.582231,3392.8,7.56502e-07,713071
0.583235,3398.03,8.06309e-07,706976
0.584238,3403.56,8.14422e-07,694529
0.585239,3408.69,8.27047e-07,685089
0.58624,3414.14,7.97014e-07,675886
0.587242,3419.61,7.82467e-07,663235
0.588242,3424.9,8.14352e-07,653366
0.589246,3429.92,8.51162e-07,642723
0.590251,3435.48,8.34906e-07,628381
0.591253,3440.32,8.13216e-07,625188
0.592254,3445.64,7.88644e-07,614835
0.593254,3450.58,8.01024e-07,599947
0.594258,3455.56,7.9272e-07,591255
0.595259,3460.69,7.59812e-07,587964
0.59626,3465.59,8.06682e-07,584387
0.597263,3470.52,8.02469e-07,580741
0.598265,3475.31,7.84116e-07,574250
0.599268,3480.55,8.50991e-07,568450
0.60028,3485.22,8.07131e-07,565067
0.601276,3490.11,7.77187e-07,557398
0.602274,3494.82,7.26882e-07,547467
0.603276,3499.96,8.03636e-07,531621
0.604281,3504.95,7.63786e-07,529540
0.605277,3509.53,7.40961e-07,517225
0.60628,3514.04,8.33403e-07,512784
0.607286,3518.69,8.37682e-07,497905
0.608287,3523.19,7.24789e-07,478754
0.609286,3527.72,7.83839e-07,469772
0.610289,3532.7,8.4593e-07,461650
0.611293,3537.27,7.96382e-07,451812
0.612292,3541.58,8.00138e-07,445120
0.613296,3545.96,8.12901e-07,441199
0.614296,3549.99,8.39821e-07,434872
0.615301,3554.13,8.28389e-07,419765
0.616304,3558.36,7.9043e-07,415953
0.617307,3562.71,8.06551e-07,415900
0.618307,3566.84,7.73737e-07,409692
0.619308,3571.46,7.72761e-07,402858
0.62031,3575.39,7.68906e-07,400307
0.621309,3579.75,8.08033e-07,385858
0.622315,3583.98,8.48426e-07,384959
0.623315,3587.99,8.41745e-07,377823
0.62432,3592.02,8.00898e-07,371552
0.625319,3595.93,7.68283e-07,370309
0.626321,3600.16,8.1713e-07,365689
0.627325,3604.17,8.1799e-07,364163
0.628325,3608.22,8.10397e-07,360129
0.629326,3612.02,8.20784e-07,352674
0.630333,3615.85,8.44348e-07,347190
0.631334,3619.82,7.78504e-07,346291
0.632334,3623.8,7.99303e-07,338851
0.633337,3627.89,7.78275e-07,335968
0.634337,3631.94,8.38369e-07,337618
0.635341,3635.52,7.91345e-07,334101
0.636337,3639.21,7.52633e-07,329956
0.637342,3642.97,8.49008e-07,322684
0.638346,3646.77,8.3212e-07,319220
0.639347,3650.18,7.51093e-07,315080
0.640348,3653.96,8.17196e-07,304809
0.641355,3657.9,8.4742e-07,310357
0.642355,3661.28,8.06438e-07,303245
0.643357,3664.75,7.92907e-07,300978
0.644357,3668.24,8.00741e-07,300331
0.64536,3671.64,8.16614e-07,294463
0.646364,3675.3,8.14114e-07,293232
0.647365,3678.58,7.74982e-07,289570
0.648367,3681.98,7.69383e-07,282306
0.649366,3685.41,7.92534e-07,277355
0.65037,3688.75,8.48467e-07,276431
0.651371,3692.02,8.22816e-07,273334
0.652375,3695.5,7.65285e-07,269013
0.653375,3698.98,7.68143e-07,263792
0.654378,3702.33,8.30837e-07,258739
0.655378,3705.39,8.1388e-07,256543
0.656382,3708.87,8.05722e-07,252201
0.657385,3711.84,7.33321e-07,248491
0.658382,3715.05,7.96848e-07,239381
0.659389,3718.04,8.49731e-07,235727
0.660389,3720.98,8.00154e-07,233986
0.661391,3724.22,8.12489e-07,227466
0.662392,3727.31,7.67447e-07,222735
0.663393,3730.5,7.99973e-07,221205
0.664396,3733.49,8.38532e-07,217303
0.665403,3736.62,8.35509e-07,208967
0.666394,3739.46,6.58559e-07,207518
0.667402,3742.43,7.50471e-07,202820
0.668406,3745.25,8.65678e-07,200884
0.669409,3748.32,8.89924e-07,196437
0.670414,3751.08,8.42324e-07,190317
0.671413,3753.71,7.6268e-07,185985
0.672414,3756.53,8.12828e-07,186631
0.673418,3759.22,7.8802e-07,184117
0.674419,3762.07,7.92009e-07,185429
0.675421,3764.66,8.16776e-07,184317
0.676421,3767.52,8.09237e-07,178271
0.677426,3770.1,8.04386e-07,175758
0.678425,3772.77,7.39809e-07,173250
0.679427,3775.29,7.99351e-07,170897
0.680427,3778.12,7.81116e-07,167619
0.681434,3780.61,8.75519e-07,165351
0.682436,3783.18,7.93592e-07,164534
0.683437,3785.66,8.11403e-07,161881
0.68444,3788.18,7.60297e-07,161404
0.68544,3790.59,7.41493e-07,159795
0.68644,3793.08,8.02889e-07,157329
0.687445,3795.55,8.1264e-07,154348
0.688448,3797.81,8.0689e-07,150844
0.689452,3800.15,7.97726e-07,150429
0.690449,3802.36,7.85636e-07,148841
0.69145,3804.62,8.16223e-07,147066
0.692458,3807.03,8.01042e-07,147437
0.693457,3809.26,7.96608e-07,146863
0.694458,3811.66,7.51172e-07,145022
0.695461,3813.99,7.82647e-07,142147
0.69646,3816.29,8.30936e-07,141197
0.697466,3818.49,7.97929e-07,139865
0.698466,3820.59,7.8003e-07,139063
0.699469,3822.81,8.14712e-07,137482
0.70047,3825.11,7.75948e-07,136096
0.701473,3827.22,7.88277e-07,131813
0.702473,3829.38,7.44678e-07,131104
0.703475,3831.5,8.21718e-07,129615
0.704477,3833.64,8.21206e-07,128173
0.70548,3835.45,8.46341e-07,127796
0.706484,3837.32,8.36331e-07,126525
0.707485,3839.29,8.14466e-07,124539
0.708487,3841.22,8.04436e-07,123400
0.709489,3843.18,7.88123e-07,122999
0.71049,3845.07,7.75904e-07,122329
0.711493,3847.14,7.57085e-07,120787
0.712492,3849.08,8.11712e-07,117967
0.713496,3851.1,8.70075e-07,113757
0.714508,3852.98,8.07283e-07,112620
0.715502,3854.66,7.8782e-07,112599
0.716503,3856.62,7.51548e-07,110846
0.7175,3858.38,8.13946e-07,111094
0.718506,3860.21,8.25382e-07,110816
0.719509,3862.2,7.96059e-07,108874
0.720512,3863.92,8.04947e-07,104173
0.721512,3865.65,8.06921e-07,100013
0.722514,3867.39,8.34416e-07,98366.7
0.72352,3869.25,7.67373e-07,98543.2
0.724518,3870.94,8.06445e-07,95460
0.725521,3872.66,8.1122e-07,96232.5
0.726522,3874.36,8.07284e-07,96266.9
0.727524,3875.99,8.07785e-07,95661.9
0.728526,3877.59,8.09303e-07,94598.6
0.72953,3879.11,8.11636e-07,92916.5
0.730529,3880.76,7.90098e-07,92839.2
0.731534,3882.27,7.97201e-07,93872.6
0.732534,3884.03,7.72904e-07,92738.4
0.733534,3885.47,7.93384e-07,91436.7
0.734539,3887.08,8.44651e-07,89926.5
0.735542,3888.64,8.62277e-07,87015.2
0.736545,3890.07,7.65891e-07,84336.8
0.737545,3891.66,7.5045e-07,83112.5
0.738546,3893.12,8.29461e-07,79689.6
0.739548,3894.52,8.51272e-07,78882.8
0.740551,3896.01,8.44709e-07,80533.9
0.741554,3897.48,8.08881e-07,76696.9
0.742553,3898.92,8.07109e-07,75955.1
0.743558,3900.33,8.19754e-07,74427.2
0.744559,3901.74,8.19795e-07,72853.2
0.745562,3903.08,7.96619e-07,71596.8
0.746564,3904.35,7.89473e-07,70729.8
0.747563,3905.73,7.32464e-07,69472.6
0.748566,3907.04,8.3115e-07,68702.3
0.749569,3908.28,7.91803e-07,67395.2
0.750573,3909.55,7.79799e-07,66075.9
0.751572,3910.77,7.8108e-07,64235.6
0.752574,3912,7.80946e-07,63669
0.753577,3913.18,8.27826e-07,62442.4
0.754577,3914.48,7.6626e-07,62472.7
0.75558,3915.79,8.42658e-07,61995
0.756584,3916.99,7.77986e-07,61183
0.757585,3918.2,7.91114e-07,60202
0.758587,3919.48,8.07997e-07,59084.8
0.759589,3920.6,8.30622e-07,57744
0.760592,3921.87,7.736e-07,56732.6
0.761591,3923.06,7.89049e-07,55002.2
0.762594,3924.12,8.20438e-07,54435.6
0.763598,3925.33,8.15288e-07,53641.9
0.764599,3926.45,7.65344e-07,53931.6
0.765598,3927.61,8.18043e-07,53314.7
0.766605,3928.66,8.41007e-07,52486.8
0.767604,3929.73,7.77496e-07,51834.1
0.768605,3930.81,7.53106e-07,50017.7
0.769607,3931.76,7.90266e-07,50174.2
0.770608,3932.77,8.89483e-07,49535.1
0.771616,3933.86,8.35711e-07,49651.6
0.772617,3934.87,7.7012e-07,50148
0.773615,3935.87,7.86169e-07,48845.1
0.774619,3936.89,8.02519e-07,46850.2
0.775619,3937.83,8.4301e-07,46727.9
0.776622,3938.84,8.2166e-07,46147.9
0.777624,3939.81,8.06054e-07,44360.9
0.778629,3940.81,8.10699e-07,43483.7
0.779628,3941.78,8.01766e-07,43112.7
0.780632,3942.65,7.82622e-07,43133.4
0.781632,3943.55,8.27171e-07,42329.9
0.782635,3944.49,7.98134e-07,41257
0.783636,3945.41,7.95958e-07,39551.1
0.784637,3946.32,8.02454e-07,39255.2
0.785638,3947.3,8.17155e-07,38103.8
0.786643,3948.08,8.2321e-07,37912.5
0.787645,3948.89,8.4963e-07,37718.2
0.78865,3949.78,7.8199e-07,37362.4
0.789651,3950.5,7.47983e-07,36051
0.79065,3951.34,7.2962e-07,35252.8
0.791649,3952.12,7.92437e-07,35262.8
0.792653,3952.91,8.83918e-07,34476.6
0.793658,3953.63,8.41262e-07,33536
0.79466,3954.35,7.97396e-07,33542.3
0.795659,3955.15,7.4359e-07,33250.4
0.796659,3955.86,8.42502e-07,32622.9
0.797664,3956.6,8.4356e-07,31910.2
0.798667,3957.3,8.05842e-07,31107
0.799665,3958.02,7.7541e-07,30525.7
0.800673,3958.78,8.19146e-07,29419.8
0.801673,3959.5,8.15044e-07,29007
0.802676,3960.26,8.11426e-07,28315.2
0.80368,3960.89,7.69763e-07,28383.7
0.804678,3961.6,7.64866e-07,28409.6
0.805681,3962.3,7.77958e-07,28365
0.806682,3962.95,8.18967e-07,28195.7
0.807686,3963.55,8.21936e-07,27089.8
0.80869,3964.19,7.86204e-07,26488.3
0.809688,3964.74,7.64905e-07,26296.2
0.810689,3965.47,8.16735e-07,25282.4
0.811692,3966.06,8.35407e-07,25096
0.812695,3966.76,7.93442e-07,23943.2
0.813699,3967.4,7.55916e-07,23784.4
0.814695,3968.05,7.87041e-07,22925.7
0.815701,3968.61,8.1878e-07,22294.5
0.816704,3969.15,8.23751e-07,21768.3
0.817707,3969.71,8.37321e-07,20912.1
0.818709,3970.35,8.06374e-07,20527.7
0.819709,3970.93,7.45827e-07,19950.3
0.820711,3971.49,8.54631e-07,20039
0.821716,3972,7.81373e-07,19692
0.822716,3972.46,7.80263e-07,19280.2
0.823717,3973.03,7.79039e-07,18944.7
0.824718,3973.44,8.44189e-07,18883.3
0.825722,3973.94,7.95748e-07,18373.3
0.826721,3974.45,8.25284e-07,17975.9
0.827726,3974.95,8.04905e-07,17981.9
0.828728,3975.45,7.84247e-07,17641.9
0.829729,3975.96,8.54647e-07,17259.4
0.830731,3976.46,8.3499e-07,17114.4
0.831732,3976.96,8.04409e-07,16476.1
0.832737,3977.39,8.36649e-07,16080.5
0.833738,3977.75,7.87694e-07,15960.2
0.83474,3978.19,8.11705e-07,15292.3
0.835742,3978.6,7.61399e-07,15357.8
0.836742,3979.01,7.46408e-07,14874.9
0.837745,3979.44,8.06019e-07,14471.4
0.838747,3979.93,8.1187e-07,14256.3
0.839748,3980.32,8.0369e-07,14121.2
0.840753,3980.75,8.03247e-07,13638.2
0.841751,3981.21,7.99623e-07,13243.5
0.842755,3981.54,8.15392e-07,13034.1
0.843757,3981.98,8.19975e-07,12532.8
0.844761,3982.36,8.04282e-07,12145.5
0.845758,3982.71,8.21671e-07,12107.8
0.846764,3983.09,8.38796e-07,11963.8
0.847768,3983.47,8.24363e-07,11718.5
0.848769,3983.87,7.70576e-07,11422
0.849768,3984.24,7.75778e-07,11014.2
0.850772,3984.61,8.32493e-07,10769.4
0.851773,3984.94,8.22721e-07,10500.2
0.852774,3985.25,7.89379e-07,10172.7
0.853779,3985.57,7.90176e-07,10034.4
0.854779,3985.88,7.74268e-07,9761.56
0.855779,3986.22,8.05989e-07,9611.24
0.856781,3986.5,8.36123e-07,9299
0.857785,3986.79,8.40196e-07,9179.78
0.858787,3987.09,8.59109e-07,8823.77
0.85979,3987.41,7.99516e-07,8418.95
0.860792,3987.67,8.27826e-07,8246.89
0.861795,3987.99,7.93556e-07,7896.9
0.862796,3988.27,8.28142e-07,7693.01
0.863797,3988.53,8.39034e-07,7518.61
0.864804,3988.78,7.90895e-07,7302.91
0.865801,3989.05,7.62224e-07,7228.85
0.866805,3989.31,7.96658e-07,7070.57
0.867805,3989.58,7.98888e-07,6961.8
0.868806,3989.82,8.00592e-07,6775.8
0.869807,3990.06,7.91656e-07,6577.08
0.87081,3990.33,7.82682e-07,6463.22
0.871811,3990.58,8.10014e-07,6267.47
0.872817,3990.81,8.46975e-07,6074.18
0.873816,3990.99,7.97552e-07,5986.95
0.874821,3991.2,7.81769e-07,5765.4
0.87582,3991.42,7.99479e-07,5601.8
0.876822,3991.67,8.45026e-07,5450.89
0.877826,3991.89,8.57177e-07,5366.5
0.878828,3992.07,7.90888e-07,5206.55
0.879828,3992.29,7.44244e-07,5063.37
0.880829,3992.51,8.15787e-07,4808.98
0.881832,3992.74,8.34798e-07,4717.15
0.882835,3992.93,8.72856e-07,4614.55
0.88384,3993.13,8.18296e-07,4535.06
0.88484,3993.28,7.8523e-07,4429.91
0.885844,3993.46,7.69818e-07,4226.35
0.886841,3993.61,7.77066e-07,4155.38
0.887841,3993.79,8.14186e-07,4162.37
0.888843,3993.98,8.14842e-07,4095.71
0.889849,3994.2,8.42695e-07,3817.19
0.890851,3994.35,8.16428e-07,3746.34
0.891854,3994.53,8.22713e-07,3596.55
0.892855,3994.67,7.94749e-07,3508.55
0.893858,3994.8,8.20012e-07,3467.4
0.894863,3994.99,7.86552e-07,3296.95
0.895857,3995.16,8.02629e-07,3165.83
0.896863,3995.3,8.66994e-07,3081.4
0.897867,3995.42,8.16485e-07,2961.64
0.898869,3995.56,8.11453e-07,2901.08
0.899871,3995.67,7.62239e-07,2862.55
0.90087,3995.85,7.49816e-07,2709.14
0.901872,3995.98,7.83892e-07,2621.8
0.902875,3996.1,8.56979e-07,2548.2
0.90388,3996.24,7.83386e-07,2372.68
0.90488,3996.34,7.4646e-07,2328.52
0.905879,3996.46,8.25515e-07,2204.12
0.906884,3996.59,7.89761e-07,2060.58
0.907887,3996.71,8.15785e-07,1942.95
0.908888,3996.82,7.69214e-07,1878.44
0.909887,3996.94,8.03172e-07,1787.95
0.910892,3997.03,8.58412e-07,1740.42
0.911894,3997.12,8.07931e-07,1709.27
0.912894,3997.2,7.76251e-07,1619.4
0.913897,3997.29,8.3333e-07,1590.95
0.9149,3997.37,8.68117e-07,1592.02
0.915905,3997.47,7.89008e-07,1512.49
0.916903,3997.55,7.61909e-07,1445.65
0.917905,3997.65,8.3443e-07,1397.45
0.918909,3997.73,8.29369e-07,1305.01
0.91991,3997.81,8.13611e-07,1294.95
0.920912,3997.9,8.31837e-07,1243
0.921914,3998.02,7.83992e-07,1137.87
0.922913,3998.11,7.47566e-07,1076.5
0.923918,3998.21,8.37315e-07,999.782
0.92492,3998.29,8.35199e-07,955.368
0.925922,3998.36,7.75249e-07,929.752
0.926924,3998.43,7.9416e-07,876.55
0.927923,3998.5,8.08585e-07,852.992
0.928929,3998.56,8.43965e-07,801.432
0.92993,3998.61,7.49157e-07,770.728
0.93093,3998.68,7.66365e-07,738.8
0.93193,3998.75,8.13423e-07,714.742
0.932935,3998.8,8.21316e-07,706
0.933938,3998.86,8.05813e-07,677.478
0.934937,3998.9,7.89031e-07,661.392
0.935941,3998.98,7.87851e-07,616.758
0.93694,3999.03,7.55128e-07,577.608
0.937944,3999.09,8.49806e-07,542.128
0.938948,3999.14,8.43299e-07,511.632
0.93995,3999.19,7.75434e-07,486.95
0.940949,3999.23,8.03627e-07,464.008
0.941954,3999.26,8.36686e-07,458.678
0.942959,3999.3,8.42221e-07,442.598
0.943958,3999.34,8.1079e-07,433.552
0.94496,3999.35,7.97159e-07,426.342
0.94596,3999.4,7.92473e-07,402
0.946963,3999.44,8.35029e-07,361.078
0.947963,3999.47,8.24802e-07,338.662
0.948968,3999.5,8.39044e-07,324.992
0.94997,3999.52,8.15782e-07,312.872
0.950972,3999.54,8.20808e-07,300.118
0.951974,3999.57,7.88268e-07,284.688
0.952975,3999.6,7.92444e-07,254.198
0.953977,3999.62,8.50296e-07,233.312
0.954982,3999.65,7.99669e-07,219.448
0.95598,3999.68,8.01582e-07,196.8
0.956982,3999.7,8.55971e-07,183.398
0.957988,3999.71,8.20964e-07,181.368
0.95899,3999.72,8.32028e-07,171.912
0.95999,3999.76,7.48046e-07,143.718
0.96099,3999.78,7.89894e-07,131.8
0.961993,3999.81,8.41642e-07,112.182
0.962995,3999.83,8.5671e-07,101.862
0.963999,3999.85,7.89159e-07,88.448
0.965001,3999.86,7.68043e-07,77.478
0.966,3999.87,7.99645e-07,70.55
0.967003,3999.88,8.15755e-07,64.312
0.968007,3999.89,8.04602e-07,60.502
0.969007,3999.89,8.62065e-07,57.382
0.970012,3999.91,7.9214e-07,49.768
0.971012,3999.91,7.62711e-07,45.302
0.972014,3999.92,7.76608e-07,42.8
0.973015,3999.94,8.03614e-07,33.078
0.974018,3999.95,7.90068e-07,29.542
0.97502,3999.95,7.78211e-07,26.848
0.976022,3999.96,8.05172e-07,24.118
0.977022,3999.96,7.71247e-07,21.352
0.978025,3999.97,8.24595e-07,16.55
0.979029,3999.97,7.9069e-07,14.662
0.980031,3999.98,7.65121e-07,13.712
0.98103,3999.98,7.90135e-07,12.758
0.982033,3999.98,8.42516e-07,11.8
0.983036,3999.99,7.66226e-07,7.928
0.984035,3999.99,7.64328e-07,3.968
0.985041,4000,8.21141e-07,1.992
0.986042,4000,8.16149e-07,0.998
0.987043,4000,7.98227e-07,0.998
0.988047,4000,7.78564e-07,0.998
0.989047,4000,8.16028e-07,0.998
0.99005,4000,7.92332e-07,0.998
0.991051,4000,8.28754e-07,0.998
0.992053,4000,7.81107e-07,0
0.993054,4000,8.34341e-07,0
0.99406,4000,8.19718e-07,0
0.995059,4000,7.87336e-07,0
0.996064,4000,7.95687e-07,0
0.997066,4000,6.52113e-07,0
0.998057,4000,4.78277e-07,0
0.999031,4000,1.9712e-07,0
1,4000,0,0
0.177825,98.378,2.0706,1.71007e+06
6.00367,-1,-1,-1
