0,1,0,0
0.00104672,2.018,1.20586e-07,10.838
0.00209265,2.068,3.41428e-07,35.688
0.00313642,2.144,7.65936e-07,71.632
0.00413352,2.23,2.16271e-06,104.55
0.00510473,2.34,2.09122e-06,136.2
0.00611063,2.414,1.58993e-06,155.302
0.00712168,2.518,1.63914e-06,180.838
0.00812804,2.642,1.84432e-06,200.918
0.00912231,2.734,1.90283e-06,219.622
0.0101217,2.852,1.88806e-06,265.048
0.011126,2.942,1.78772e-06,283.318
0.0121325,3.024,1.84538e-06,287.712
0.0131314,3.118,1.92594e-06,314.038
0.0141303,3.216,1.77488e-06,314.672
0.0151342,3.292,1.74504e-06,351.368
0.0161415,3.36,1.89105e-06,395.2
0.0171349,3.45,1.84027e-06,423.75
0.0181393,3.522,1.70967e-06,468.758
0.0191457,3.606,1.7305e-06,527.382
0.0201455,3.698,1.93732e-06,597.398
0.0211456,3.768,1.8424e-06,685.088
0.02215,3.844,1.82595e-06,757.832
0.0231485,3.938,1.7236e-06,833.078
0.0241565,4.022,1.77184e-06,928.758
0.0251525,4.098,1.83252e-06,998.198
0.0261581,4.16,1.81958e-06,1071.2
0.0271604,4.242,1.80501e-06,1137.72
0.0281622,4.316,1.86587e-06,1184.07
0.0291612,4.428,1.87094e-06,1394.41
0.0301622,4.512,1.82531e-06,1424.93
0.0311665,4.596,1.78812e-06,1512.39
0.0321704,4.686,1.86004e-06,1627.7
0.0331668,4.778,1.85537e-06,1748.36
0.0341732,4.852,1.76345e-06,1841.05
0.0351785,4.932,1.81737e-06,1935.69
0.0361769,5.018,1.8848e-06,2034.84
0.037177,5.092,1.78476e-06,2165.77
0.0381822,5.192,1.72203e-06,2259.57
0.0391866,5.274,1.87301e-06,2329.46
0.0401834,5.39,1.9762e-06,2474.95
0.0411844,5.46,1.8707e-06,2606.2
0.0421871,5.546,1.65461e-06,2765.94
0.0431957,5.614,1.73051e-06,2900.5
0.0441974,5.718,1.96769e-06,3157.24
0.0451922,5.81,1.89192e-06,3378.95
0.0461924,5.884,1.75994e-06,3487.27
0.0472,5.982,1.68604e-06,3708.84
0.0482064,6.04,1.77929e-06,3797.2
0.0492041,6.142,1.9936e-06,4016.92
0.0501972,6.23,1.87529e-06,4128.55
0.0512061,6.294,1.73161e-06,4149.78
0.0522088,6.4,1.76684e-06,4400
0.0532106,6.508,1.771e-06,4564.97
0.0542124,6.568,1.76829e-06,4614.69
0.0552172,6.674,1.88163e-06,5051.86
0.0562173,6.778,1.89992e-06,5302.36
0.0572167,6.908,1.83441e-06,5481.77
0.0582177,6.984,1.80755e-06,5693.87
0.0592212,7.078,1.78029e-06,5963.96
0.0602251,7.174,1.81304e-06,6101.86
0.0612253,7.284,1.76364e-06,6319.67
0.0622292,7.354,1.77142e-06,6520.34
0.0632357,7.448,1.89025e-06,6631.65
0.064232,7.542,1.86026e-06,6844.12
0.065233,7.588,1.80949e-06,6997.13
0.0662366,7.702,1.87488e-06,7120.6
0.0672401,7.8,1.92763e-06,7388
0.0682415,7.89,1.83658e-06,7438.95
0.0692379,7.994,1.66334e-06,7752.98
0.0702473,8.108,1.76941e-06,7860.17
0.0712466,8.194,1.89898e-06,8086.18
0.072248,8.312,1.8554e-06,8351.33
0.0732511,8.398,1.78588e-06,8569.8
0.0742558,8.512,1.80952e-06,8960.93
0.0752535,8.618,1.83552e-06,9222.04
0.076257,8.694,1.78967e-06,9466.18
0.0772655,8.806,1.8523e-06,9726.18
0.078262,8.89,1.88035e-06,9838.95
0.0792592,9.016,1.78778e-06,10309.9
0.0802639,9.122,1.75814e-06,10639.6
0.081272,9.228,1.81033e-06,11202
0.0822714,9.35,1.91865e-06,11631.8
0.0832682,9.434,1.82707e-06,11994.8
0.0842725,9.52,1.84938e-06,12346.8
0.085274,9.588,1.76016e-06,12661.1
0.0862783,9.724,1.76123e-06,13355.9
0.0872809,9.844,1.7686e-06,13725.8
0.0882865,9.944,1.8549e-06,14082.4
0.0892812,10.08,1.857e-06,14972.8
0.090284,10.212,1.78494e-06,15431.5
0.0912896,10.32,1.84276e-06,15804.8
0.0922893,10.43,1.82061e-06,16288.5
0.0932878,10.536,1.86542e-06,16650.4
0.0942917,10.684,1.73645e-06,17012.1
0.0952952,10.784,1.71753e-06,17508.7
0.0963012,10.926,1.79951e-06,18376.3
0.097303,11.084,1.93862e-06,18896.5
0.0982995,11.186,1.98149e-06,19319.7
0.0992975,11.294,1.84934e-06,19501.8
0.100301,11.434,1.70525e-06,20278.8
0.101305,11.564,1.72934e-06,20639
0.102312,11.718,1.74155e-06,21257.2
0.103313,11.872,1.81591e-06,22099.8
0.104315,11.986,1.83646e-06,22710.9
0.105316,12.108,1.85377e-06,23148.2
0.106316,12.218,1.89596e-06,23751.2
0.107316,12.334,1.85796e-06,24363.2
0.108317,12.454,1.74647e-06,25167.9
0.109323,12.584,1.76605e-06,25763.5
0.110329,12.732,1.83803e-06,26626.1
0.111321,12.846,1.83029e-06,26999.1
0.112329,13.002,1.87191e-06,27795
0.113327,13.13,1.80759e-06,28436.6
0.11433,13.22,1.76393e-06,28773.8
0.115337,13.34,1.79269e-06,29300.2
0.116336,13.494,1.88698e-06,30049
0.117341,13.62,1.79087e-06,30743.8
0.118339,13.74,1.77968e-06,31352.2
0.119348,13.864,1.83809e-06,32132.8
0.120344,14.028,1.92754e-06,32887.6
0.121344,14.19,1.81108e-06,33455
0.122346,14.332,1.77314e-06,34774.9
0.123355,14.498,1.76391e-06,35203
0.124352,14.62,1.78661e-06,35647.8
0.125355,14.78,1.77357e-06,36113.8
0.126361,14.952,1.9202e-06,36966.8
0.127356,15.106,1.9074e-06,37913.4
0.12836,15.274,1.75828e-06,38879.5
0.129363,15.464,1.73796e-06,39916.4
0.130363,15.63,1.83491e-06,41230.5
0.131369,15.79,1.91777e-06,42109
0.132367,15.912,1.91672e-06,42406.1
0.133371,16.068,1.81633e-06,43607.7
0.134374,16.182,1.76023e-06,44428.4
0.135377,16.364,1.69735e-06,45739.8
0.136385,16.594,1.85552e-06,47934.6
0.137373,16.766,1.94279e-06,49529.6
0.138375,16.958,1.73965e-06,50580.1
0.139384,17.076,1.77048e-06,51539.1
0.140385,17.27,1.80648e-06,52432.5
0.141388,17.454,1.82855e-06,53259.9
0.142385,17.606,1.82449e-06,53933.4
0.143395,17.772,1.77825e-06,55468
0.144392,17.942,1.90952e-06,56053.3
0.145394,18.118,1.88508e-06,57514
0.146396,18.28,1.80139e-06,58474.8
0.147399,18.514,1.65318e-06,59984.9
0.148407,18.68,1.81276e-06,60992.8
0.149403,18.804,1.99147e-06,62198.8
0.150402,18.972,1.92678e-06,64189.6
0.151401,19.146,1.74523e-06,65124.3
0.152407,19.304,1.67706e-06,66567.8
0.153413,19.458,1.74044e-06,68034.1
0.154419,19.64,1.78279e-06,69549.2
0.155417,19.808,1.89817e-06,70391.6
0.156416,19.968,1.9069e-06,72667.5
0.157416,20.094,1.81495e-06,73440.6
0.15842,20.254,1.77285e-06,74576.7
0.159425,20.484,1.79027e-06,75728.9
0.160425,20.688,1.81298e-06,77321.3
0.161427,20.898,1.87237e-06,79197.8
0.16243,21.096,1.81618e-06,80865.4
0.163435,21.328,1.84947e-06,82960.2
0.164434,21.532,1.89703e-06,84118.5
0.165431,21.65,1.86105e-06,85373.8
0.166438,21.896,1.63861e-06,88942.6
0.167446,22.076,1.79885e-06,90123.1
0.168441,22.192,1.91553e-06,91137.6
0.169444,22.344,1.8247e-06,91998.8
0.170445,22.512,1.77053e-06,92718.9
0.171448,22.744,1.91339e-06,94277.2
0.172448,23.07,1.92202e-06,99518.5
0.173447,23.354,1.84682e-06,103680
0.174451,23.542,1.71589e-06,104796
0.175453,23.722,1.67764e-06,107132
0.176466,23.922,1.73279e-06,109382
0.177462,24.198,1.98857e-06,110601
0.178459,24.394,1.89148e-06,113067
0.179461,24.63,1.72564e-06,116517
0.180469,24.836,1.7936e-06,118173
0.181472,25.012,1.97719e-06,119276
0.182467,25.198,1.89855e-06,120887
0.183465,25.392,1.73474e-06,121629
0.184474,25.588,1.68935e-06,123377
0.185478,25.862,1.8567e-06,124467
0.186474,26.076,1.88281e-06,125461
0.187478,26.252,1.67782e-06,127420
0.188482,26.442,1.72096e-06,129213
0.189486,26.664,1.90995e-06,130772
0.190482,26.922,1.87588e-06,136012
0.191485,27.128,1.71221e-06,138868
0.192492,27.454,1.77371e-06,143526
0.193494,27.766,1.91213e-06,148104
0.194493,28.05,1.89656e-06,152016
0.195495,28.238,1.84946e-06,154129
0.196498,28.638,1.81283e-06,163215
0.1975,28.844,1.80621e-06,167382
0.1985,29.058,1.75608e-06,168549
0.199497,29.31,1.70079e-06,174231
0.200504,29.47,1.71942e-06,176735
0.201513,29.728,1.91375e-06,179645
0.202508,30.168,1.84212e-06,189028
0.20351,30.396,1.77879e-06,190808
0.204521,30.696,1.77015e-06,196078
0.205517,30.89,1.94247e-06,197995
0.206514,31.124,1.89022e-06,200444
0.207517,31.364,1.75544e-06,202228
0.208523,31.62,1.7828e-06,207074
0.209523,31.868,1.87653e-06,213181
0.210525,32.1,1.75658e-06,214855
0.211526,32.378,1.82956e-06,217954
0.21253,32.678,1.85716e-06,220305
0.213534,32.922,1.83436e-06,223020
0.21453,33.404,1.85816e-06,239388
0.215538,33.8,1.83184e-06,244440
0.216536,34.048,1.78967e-06,249039
0.217539,34.404,1.80559e-06,250982
0.21854,34.712,1.85187e-06,255219
0.219543,34.906,1.76449e-06,256885
0.220548,35.176,1.76068e-06,261087
0.221549,35.53,1.87888e-06,267083
0.222547,35.84,1.80599e-06,276291
0.223551,36.064,1.77373e-06,278728
0.224553,36.368,1.86699e-06,281578
0.225555,36.66,1.90874e-06,284560
0.226556,36.996,1.78007e-06,290894
0.227562,37.294,1.81991e-06,297382
0.228558,37.574,1.81628e-06,300230
0.229566,37.814,1.72608e-06,303030
0.230564,38.226,1.78729e-06,309005
0.231566,38.648,1.91006e-06,319482
0.232566,39.012,1.85699e-06,323366
0.23357,39.418,1.67736e-06,332286
0.23458,39.802,1.75993e-06,339105
0.235581,40.246,1.98192e-06,347597
0.236574,40.688,1.84314e-06,362291
0.237577,41.078,1.75949e-06,377662
0.238586,41.78,1.75685e-06,391592
0.239586,42.152,1.85843e-06,403672
0.240583,42.508,1.84217e-06,414375
0.241589,42.922,1.80697e-06,421136
0.242589,43.4,1.81321e-06,428314
0.243595,43.81,1.8606e-06,437777
0.244591,44.178,1.89128e-06,441469
0.245593,44.474,1.74095e-06,446233
0.246604,44.866,1.73612e-06,457162
0.2476,45.21,1.94378e-06,472783
0.248601,45.722,1.88393e-06,489526
0.249606,46.172,1.72039e-06,507633
0.2506,46.444,1.66189e-06,511763
0.251609,47.028,1.69953e-06,529886
0.252614,47.396,1.86801e-06,549282
0.253612,47.744,1.90317e-06,556619
0.254615,48.188,1.8163e-06,576430
0.255615,48.612,1.79358e-06,584515
0.256617,48.994,1.8099e-06,596743
0.25762,49.332,1.79952e-06,606507
0.258623,49.654,1.83276e-06,614595
0.259626,50.016,1.934e-06,623510
0.260618,50.344,1.83617e-06,629805
0.261625,50.812,1.67792e-06,647092
0.26263,51.324,1.81e-06,665348
0.263632,51.872,1.84922e-06,677348
0.264633,52.274,1.83027e-06,684993
0.265635,52.666,1.7216e-06,691703
0.266642,53.07,1.73559e-06,702089
0.267645,53.518,1.85443e-06,714365
0.268644,54.022,1.96919e-06,725925
0.26964,54.434,1.89536e-06,730149
0.270641,54.868,1.7126e-06,754689
0.27165,55.434,1.71083e-06,773629
0.272653,55.974,1.77793e-06,791553
0.273655,56.57,1.87193e-06,799607
0.27465,56.978,1.91484e-06,812091
0.275656,57.326,1.79835e-06,823430
0.276657,58.026,1.7496e-06,881055
0.27766,58.578,1.82087e-06,896302
0.278661,59,1.88159e-06,905262
0.279662,59.432,1.80647e-06,922777
0.280666,59.986,1.779e-06,933401
0.281669,60.532,1.81848e-06,949674
0.282671,61.142,1.83075e-06,972879
0.283674,61.646,1.91817e-06,977432
0.284668,62.332,1.8314e-06,999969
0.285683,62.926,1.74629e-06,1.02247e+06
0.286676,63.4,1.70952e-06,1.04367e+06
0.287686,64.048,1.88806e-06,1.05742e+06
0.288682,64.698,1.95362e-06,1.07064e+06
0.28968,65.246,1.77898e-06,1.07929e+06
0.290686,65.696,1.70593e-06,1.09942e+06
0.291689,66.334,1.76954e-06,1.1219e+06
0.292693,66.928,1.91715e-06,1.14352e+06
0.293687,67.774,1.88431e-06,1.17032e+06
0.294692,68.274,1.77609e-06,1.18387e+06
0.295696,68.928,1.71929e-06,1.20674e+06
0.296699,69.552,1.87715e-06,1.22855e+06
0.297701,70.33,1.81977e-06,1.26732e+06
0.2987,70.916,1.84921e-06,1.27405e+06
0.299705,71.69,1.76261e-06,1.28834e+06
0.300707,72.36,1.87616e-06,1.30424e+06
0.301708,73.212,1.86534e-06,1.33503e+06
0.302707,73.884,1.87766e-06,1.35436e+06
0.303709,74.444,1.78109e-06,1.37906e+06
0.304712,75.12,1.76258e-06,1.40824e+06
0.305716,75.78,1.87547e-06,1.42025e+06
0.306716,76.576,1.79939e-06,1.44835e+06
0.307723,77.232,1.63161e-06,1.46828e+06
0.308731,78.112,1.72809e-06,1.50676e+06
0.309729,79,1.98016e-06,1.53379e+06
0.310724,79.86,1.91784e-06,1.56383e+06
0.311729,80.584,1.85511e-06,1.59907e+06
0.312727,81.364,1.78952e-06,1.6233e+06
0.313732,82.082,1.78705e-06,1.64703e+06
0.314734,82.776,1.79944e-06,1.66223e+06
0.315734,83.76,1.81662e-06,1.71514e+06
0.316741,84.472,1.81597e-06,1.74309e+06
0.317739,85.628,1.76972e-06,1.80758e+06
0.31874,86.518,1.88578e-06,1.83433e+06
0.319741,87.534,1.84653e-06,1.86866e+06
0.320744,88.536,1.76381e-06,1.90055e+06
0.321747,89.466,1.75058e-06,1.96451e+06
0.322752,90.258,1.87418e-06,1.98716e+06
0.323751,92.14,1.88789e-06,2.09699e+06
0.324754,93.046,1.81045e-06,2.14616e+06
0.325756,94.004,1.75538e-06,2.18437e+06
0.326759,94.854,1.86502e-06,2.2105e+06
0.327759,95.692,1.8293e-06,2.25677e+06
0.328763,96.512,1.74485e-06,2.30756e+06
0.329769,97.792,1.75752e-06,2.36377e+06
0.330766,98.666,1.97104e-06,2.39225e+06
0.331768,99.604,1.98833e-06,2.43881e+06
0.33277,100.506,1.6166e-06,2.48749e+06
0.333755,101.426,1.55612e-06,2.5474e+06
0.334782,102.248,1.88318e-06,2.58747e+06
0.335776,103.286,1.8331e-06,2.67025e+06
0.336776,104.432,1.78459e-06,2.72122e+06
0.337782,105.328,1.83328e-06,2.75388e+06
0.338784,106.44,1.93508e-06,2.8254e+06
0.339783,107.236,1.81907e-06,2.87537e+06
0.340786,108.252,1.77696e-06,2.91997e+06
0.341789,109.378,1.84897e-06,2.95201e+06
0.342789,110.66,1.89894e-06,2.96916e+06
0.343791,111.57,1.78267e-06,3.01458e+06
0.344794,112.678,1.78075e-06,3.05745e+06
0.345791,114.158,1.80276e-06,3.14961e+06
0.346798,115.652,1.83058e-06,3.26386e+06
0.347802,117.076,1.75609e-06,3.35394e+06
0.348804,118.74,1.88987e-06,3.44314e+06
0.349802,119.604,1.92577e-06,3.49281e+06
0.350804,121.068,1.81583e-06,3.5536e+06
0.351805,122.056,1.7374e-06,3.60306e+06
0.352812,123.24,1.71605e-06,3.64e+06
0.353812,124.87,1.90066e-06,3.73128e+06
0.354813,125.856,1.88883e-06,3.79262e+06
0.355814,127.32,1.84364e-06,3.8543e+06
0.35682,128.678,1.78386e-06,3.91687e+06
0.357824,129.968,1.86266e-06,3.94397e+06
0.35882,131.008,1.81551e-06,3.97347e+06
0.359822,132.692,1.77599e-06,4.0767e+06
0.360828,134.208,1.81916e-06,4.22625e+06
0.361828,135.602,1.75802e-06,4.27781e+06
0.362834,137.09,1.82654e-06,4.32113e+06
0.363826,138.268,1.78301e-06,4.38628e+06
0.364836,139.906,1.79273e-06,4.4787e+06
0.365837,141.264,1.96237e-06,4.53331e+06
0.366833,143.248,1.84346e-06,4.65938e+06
0.367839,144.612,1.775e-06,4.72841e+06
0.368843,145.596,1.78156e-06,4.77742e+06
0.36985,147.22,1.8369e-06,4.86757e+06
0.370845,148.694,1.83422e-06,4.96135e+06
0.371849,149.846,1.76538e-06,4.9882e+06
0.37285,151.562,1.83317e-06,5.06744e+06
0.373848,152.936,1.84062e-06,5.15388e+06
0.374858,154.578,1.72521e-06,5.23941e+06
0.375857,156.446,1.90558e-06,5.40061e+06
0.376854,158.08,1.89605e-06,5.4977e+06
0.377859,159.74,1.82656e-06,5.57919e+06
0.378864,161.4,1.76773e-06,5.66683e+06
0.379866,162.988,1.80433e-06,5.7324e+06
0.380865,164.566,1.86096e-06,5.81888e+06
0.381868,166.188,1.93677e-06,5.96162e+06
0.382866,167.554,1.77091e-06,6.07862e+06
0.383872,169.258,1.69447e-06,6.18246e+06
0.384877,171.394,1.77232e-06,6.32361e+06
0.385879,173.214,1.95531e-06,6.39419e+06
0.386876,174.812,1.91842e-06,6.48476e+06
0.387876,177.05,1.78464e-06,6.62942e+06
0.388883,179.624,1.7246e-06,6.84606e+06
0.389883,181.726,1.74459e-06,7.00611e+06
0.390888,184.658,1.79456e-06,7.14965e+06
0.391892,187.114,1.82439e-06,7.29389e+06
0.39289,189.23,1.92845e-06,7.42748e+06
0.39389,191.95,1.86575e-06,7.58982e+06
0.394894,194.076,1.78669e-06,7.76339e+06
0.395894,196.234,1.74665e-06,7.85735e+06
0.3969,199.458,1.73093e-06,8.01979e+06
0.397902,201.1,1.83272e-06,8.09797e+06
0.398904,203.322,1.99921e-06,8.26917e+06
0.399909,205.754,1.8411e-06,8.40476e+06
0.400907,208.992,1.62578e-06,8.53674e+06
0.401914,211.906,1.67085e-06,8.66007e+06
0.402914,213.91,1.98127e-06,8.80463e+06
0.403909,216.384,1.93646e-06,8.98835e+06
0.404913,218.47,1.72709e-06,9.10511e+06
0.405918,221.744,1.75012e-06,9.38384e+06
0.40692,223.916,1.89717e-06,9.47174e+06
0.40792,226.606,1.70161e-06,9.5562e+06
0.408929,229.072,1.75411e-06,9.65586e+06
0.409927,231.716,1.93526e-06,9.79594e+06
0.410925,233.806,1.93554e-06,9.89595e+06
0.41192,236.462,1.77123e-06,1.00407e+07
0.412931,239.058,1.78331e-06,1.02422e+07
0.41393,241.804,1.85348e-06,1.0361e+07
0.414932,244.486,1.80152e-06,1.05344e+07
0.415937,246.812,1.82098e-06,1.06891e+07
0.416939,249.01,1.73169e-06,1.07972e+07
0.417943,251.416,1.87373e-06,1.09065e+07
0.418943,254.332,1.91708e-06,1.10655e+07
0.419942,257.422,1.87566e-06,1.12614e+07
0.420946,260.706,1.75735e-06,1.14154e+07
0.421951,263.75,1.79996e-06,1.1605e+07
0.422948,267.008,1.89052e-06,1.18097e+07
0.423953,269.506,1.8306e-06,1.18618e+07
0.424952,272.5,1.86057e-06,1.20765e+07
0.425952,275.984,1.72189e-06,1.21944e+07
0.426961,278.82,1.71175e-06,1.23206e+07
0.427965,282.318,1.90112e-06,1.24718e+07
0.42896,286.698,1.83127e-06,1.2823e+07
0.429964,290.072,1.75797e-06,1.32342e+07
0.430974,294.106,1.823e-06,1.34845e+07
0.431965,296.458,1.94807e-06,1.36305e+07
0.432965,300.086,1.80226e-06,1.38062e+07
0.433971,303.38,1.73715e-06,1.39322e+07
0.434976,306.502,1.72377e-06,1.40118e+07
0.43598,310.06,1.79162e-06,1.42141e+07
0.436977,313.874,1.90527e-06,1.44181e+07
0.43798,318.3,1.80705e-06,1.46298e+07
0.438985,321.544,1.81998e-06,1.47642e+07
0.439982,325.318,1.85423e-06,1.48547e+07
0.440989,327.414,1.75894e-06,1.49642e+07
0.441989,331.422,1.82631e-06,1.50409e+07
0.442992,335.582,1.87381e-06,1.53493e+07
0.44399,338.834,1.87764e-06,1.53736e+07
0.444994,342.664,1.78047e-06,1.55217e+07
0.445999,347,1.72584e-06,1.56862e+07
0.447002,350.804,1.80971e-06,1.59729e+07
0.448,354.702,1.86666e-06,1.63017e+07
0.448999,358.784,1.83636e-06,1.65005e+07
0.450006,362.124,1.82095e-06,1.65841e+07
0.451008,366.25,1.89892e-06,1.67164e+07
0.452004,370.782,1.87843e-06,1.6931e+07
0.453009,374.338,1.78335e-06,1.7127e+07
0.454012,378.228,1.71488e-06,1.71903e+07
0.455019,382.518,1.79413e-06,1.73646e+07
0.456013,386.212,1.93258e-06,1.76269e+07
0.457014,389.416,1.77609e-06,1.78011e+07
0.45802,393.426,1.70788e-06,1.79892e+07
0.459024,397.392,1.82891e-06,1.8134e+07
0.460027,400.98,1.84951e-06,1.83571e+07
0.461025,404.574,1.90907e-06,1.85949e+07
0.462027,408.806,1.90798e-06,1.89095e+07
0.463025,412.726,1.77957e-06,1.89964e+07
0.464033,417.436,1.77393e-06,1.91663e+07
0.465034,421.578,1.81838e-06,1.92919e+07
0.466038,425.962,1.87502e-06,1.94695e+07
0.467038,431.34,1.79353e-06,1.94255e+07
0.46804,436.15,1.77269e-06,1.95682e+07
0.469045,440.924,1.80633e-06,1.96306e+07
0.470045,444.466,1.87815e-06,1.98628e+07
0.471047,449.812,1.82705e-06,2.00226e+07
0.472048,454.98,1.766e-06,2.0108e+07
0.473054,458.966,1.73757e-06,2.02825e+07
0.474057,464.232,1.86036e-06,2.05135e+07
0.475056,469.83,2.00465e-06,2.06529e+07
0.47605,475.202,1.81543e-06,2.0668e+07
0.477062,480.6,1.66971e-06,2.09452e+07
0.478061,486.086,1.75562e-06,2.12766e+07
0.479067,492.342,1.79267e-06,2.12232e+07
0.480067,496.572,1.99218e-06,2.12994e+07
0.481062,501.904,1.8664e-06,2.17157e+07
0.482068,506.526,1.74599e-06,2.18097e+07
0.483071,511.636,1.78768e-06,2.19672e+07
0.484071,516.656,1.92628e-06,2.21644e+07
0.485074,520.932,1.80592e-06,2.2224e+07
0.486076,525.282,1.70832e-06,2.25927e+07
0.487082,530.628,1.75848e-06,2.28109e+07
0.488081,535.348,1.80502e-06,2.32462e+07
0.489084,540.222,1.87925e-06,2.35865e+07
0.490085,545.766,1.95308e-06,2.37732e+07
0.491087,550.75,1.84433e-06,2.37611e+07
0.492083,556.012,1.79326e-06,2.38494e+07
0.493093,561.624,1.75129e-06,2.40194e+07
0.494091,567.612,1.82098e-06,2.41376e+07
0.495095,573.736,1.8848e-06,2.41599e+07
0.496092,579.49,1.83215e-06,2.42595e+07
0.4971,586.526,1.7177e-06,2.42142e+07
0.498092,591.634,1.86656e-06,2.44501e+07
0.499113,597.338,1.4358e-06,2.45105e+07
0.500113,602.384,2.84772e-06,2.44946e+07
0.501096,608.51,1.46187e-06,2.43471e+07
0.502117,614.854,1.8501e-06,2.43789e+07
0.503109,621.224,1.72274e-06,2.44448e+07
0.504117,626.914,1.82969e-06,2.45693e+07
0.505115,632.91,1.87858e-06,2.4662e+07
0.506118,638.692,1.81896e-06,2.48676e+07
0.507116,643.498,1.74487e-06,2.48258e+07
0.508126,649.48,1.7966e-06,2.51012e+07
0.509122,654.432,1.84329e-06,2.52205e+07
0.510124,661.668,1.96114e-06,2.51851e+07
0.511125,666.676,1.88786e-06,2.54128e+07
0.512128,673.234,1.81037e-06,2.54241e+07
0.513128,680.228,1.76011e-06,2.53126e+07
0.514133,685.516,1.70955e-06,2.52145e+07
0.515135,691.6,1.80614e-06,2.51121e+07
0.516139,698.686,1.91681e-06,2.51602e+07
0.517138,705.136,1.76992e-06,2.52692e+07
0.518141,711.182,1.74253e-06,2.53612e+07
0.519147,716.504,1.86707e-06,2.54542e+07
0.520142,723.034,1.99266e-06,2.5512e+07
0.521142,729.952,1.80039e-06,2.53687e+07
0.522148,735.586,1.7569e-06,2.53653e+07
0.523148,742.098,1.66868e-06,2.53777e+07
0.524159,749.48,1.80582e-06,2.53643e+07
0.525153,755.934,2.00408e-06,2.52555e+07
0.526152,763.562,1.86355e-06,2.50722e+07
0.527155,769.684,1.74528e-06,2.48076e+07
0.528161,776.32,1.76596e-06,2.47698e+07
0.529162,782.58,1.82735e-06,2.47271e+07
0.530164,789.036,1.88585e-06,2.46273e+07
0.531164,795.568,1.80165e-06,2.46473e+07
0.53217,801.118,1.77597e-06,2.48588e+07
0.533171,809.85,1.79823e-06,2.45724e+07
0.534171,816.306,1.87146e-06,2.47938e+07
0.535175,823.44,1.80986e-06,2.46666e+07
0.536176,831.458,1.76365e-06,2.45543e+07
0.537184,837.822,1.76764e-06,2.4396e+07
0.538182,844.57,1.90847e-06,2.42676e+07
0.539184,851.004,1.90628e-06,2.43502e+07
0.540182,856.87,1.85667e-06,2.45965e+07
0.541185,864.252,1.83498e-06,2.44905e+07
0.54219,870.21,1.71521e-06,2.45566e+07
0.543195,877.972,1.78803e-06,2.45413e+07
0.544196,884.266,1.93108e-06,2.4465e+07
0.54519,892.504,1.79917e-06,2.41524e+07
0.546197,899.252,1.7266e-06,2.38455e+07
0.5472,906.004,1.78597e-06,2.40137e+07
0.548205,912.778,1.8658e-06,2.41084e+07
0.549201,921.24,1.89327e-06,2.38835e+07
0.550203,927.744,1.8229e-06,2.384e+07
0.55121,935.202,1.83756e-06,2.40412e+07
0.552209,942.256,1.87308e-06,2.41734e+07
0.553207,949.928,1.81367e-06,2.392e+07
0.55421,956.918,1.72774e-06,2.36994e+07
0.555216,963.362,1.7821e-06,2.35631e+07
0.556219,970.068,1.87254e-06,2.35874e+07
0.557217,977.174,1.87575e-06,2.3547e+07
0.55822,986.018,1.82638e-06,2.32832e+07
0.55922,993.302,1.75938e-06,2.31629e+07
0.560227,999.996,1.86103e-06,2.32326e+07
0.561224,1006.97,1.81898e-06,2.31214e+07
0.562229,1014.66,1.80517e-06,2.27968e+07
0.563232,1023.09,1.91836e-06,2.28218e+07
0.564229,1031.21,1.79963e-06,2.23796e+07
0.565233,1038.32,1.71145e-06,2.22052e+07
0.566238,1045.2,1.72924e-06,2.22685e+07
0.567245,1052.76,1.79465e-06,2.21848e+07
0.568244,1060.19,1.93879e-06,2.20756e+07
0.569235,1067.36,1.81926e-06,2.21337e+07
0.570245,1074.14,1.76716e-06,2.20391e+07
0.57125,1080.7,1.83558e-06,2.1991e+07
0.572244,1088.15,1.88916e-06,2.18361e+07
0.573249,1096.55,1.71012e-06,2.15078e+07
0.574258,1104.99,1.72421e-06,2.09719e+07
0.575258,1110.88,1.85487e-06,2.09172e+07
0.576257,1117.37,1.82924e-06,2.09962e+07
0.577261,1124.9,1.88643e-06,2.10042e+07
0.578259,1132.4,1.80275e-06,2.10222e+07
0.579263,1140.05,1.75324e-06,2.09726e+07
0.580267,1147.87,1.87596e-06,2.07376e+07
0.581267,1155.31,1.91313e-06,2.08089e+07
0.582266,1162.82,1.88101e-06,2.03567e+07
0.58327,1171.32,1.73024e-06,1.97911e+07
0.584272,1179.02,1.807e-06,1.96684e+07
0.585278,1186.57,1.79296e-06,1.97861e+07
0.586279,1193.83,1.84555e-06,1.95865e+07
0.587278,1200.71,1.77657e-06,1.95978e+07
0.588289,1208.9,1.75962e-06,1.90357e+07
0.589284,1216.42,1.94298e-06,1.87712e+07
0.590282,1222.92,1.94793e-06,1.85739e+07
0.59128,1229.75,1.75586e-06,1.86775e+07
0.592289,1236.72,1.7282e-06,1.8852e+07
0.593289,1244.57,1.90791e-06,1.85981e+07
0.594291,1252.19,1.73654e-06,1.84524e+07
0.595296,1259.85,1.72951e-06,1.84063e+07
0.5963,1268.19,1.94728e-06,1.79343e+07
0.597295,1276.51,1.97755e-06,1.77161e+07
0.598295,1285.01,1.66655e-06,1.7505e+07
0.599303,1293.08,1.63128e-06,1.73554e+07
0.600301,1300.62,1.84248e-06,1.74001e+07
0.601305,1308.92,1.98956e-06,1.72638e+07
0.602307,1316.41,1.83056e-06,1.71299e+07
0.60331,1323.46,1.74718e-06,1.71928e+07
0.604316,1330.39,1.75737e-06,1.71872e+07
0.605316,1337.32,1.76912e-06,1.72371e+07
0.606319,1345.73,1.86319e-06,1.71425e+07
0.607319,1354.6,1.93179e-06,1.65406e+07
0.608317,1361.49,1.82509e-06,1.64155e+07
0.609321,1368.75,1.80173e-06,1.64128e+07
0.610326,1376.51,1.75262e-06,1.64295e+07
0.611326,1384.11,1.71507e-06,1.62119e+07
0.612333,1391.64,1.77979e-06,1.61996e+07
0.613334,1399.22,1.91944e-06,1.61802e+07
0.61433,1406.87,1.9492e-06,1.61596e+07
0.615332,1414.2,1.77116e-06,1.61109e+07
0.616337,1420.87,1.69199e-06,1.61839e+07
0.617344,1428.06,1.77671e-06,1.61371e+07
0.618341,1435.14,1.92452e-06,1.59919e+07
0.619345,1444.02,1.85626e-06,1.57007e+07
0.620343,1451.62,1.80164e-06,1.55563e+07
0.621345,1459.59,1.76229e-06,1.53607e+07
0.62235,1467.23,1.82308e-06,1.52388e+07
0.623355,1475.28,1.89956e-06,1.49016e+07
0.624352,1483.98,1.89678e-06,1.48584e+07
0.625351,1492.15,1.74525e-06,1.4601e+07
0.626361,1500.49,1.85592e-06,1.46102e+07
0.627359,1509.05,1.83327e-06,1.4554e+07
0.62836,1516.99,1.76991e-06,1.45889e+07
0.629364,1525.31,1.83777e-06,1.4498e+07
0.630359,1533.65,1.83976e-06,1.42971e+07
0.631367,1541.67,1.77578e-06,1.42623e+07
0.63237,1549.23,1.76957e-06,1.41648e+07
0.633376,1556.47,1.83245e-06,1.41968e+07
0.634372,1564.09,1.95695e-06,1.42316e+07
0.635373,1571.15,1.79834e-06,1.41826e+07
0.636383,1579.02,1.78547e-06,1.41906e+07
0.637375,1585.76,1.83437e-06,1.41153e+07
0.638381,1593.68,1.75938e-06,1.40713e+07
0.639381,1601.38,1.82038e-06,1.39765e+07
0.640387,1609.63,1.76935e-06,1.39702e+07
0.641389,1617.33,1.81347e-06,1.39784e+07
0.642386,1625.57,1.86707e-06,1.37275e+07
0.643389,1632.44,1.77289e-06,1.36699e+07
0.644396,1640.22,1.84525e-06,1.36795e+07
0.645396,1648.21,1.8947e-06,1.36783e+07
0.646397,1656.85,1.89684e-06,1.35126e+07
0.647397,1665.16,1.70908e-06,1.31959e+07
0.648405,1673.93,1.74085e-06,1.29569e+07
0.649406,1682.15,1.80444e-06,1.30025e+07
0.650407,1689.72,1.91436e-06,1.29497e+07
0.651405,1697.39,1.87925e-06,1.28935e+07
0.652407,1705.28,1.7655e-06,1.28117e+07
0.653411,1713.27,1.83566e-06,1.25883e+07
0.654418,1721.8,1.80844e-06,1.26179e+07
0.655415,1729.67,1.76933e-06,1.24814e+07
0.656418,1738.42,1.79028e-06,1.2335e+07
0.65742,1745.95,1.8982e-06,1.23093e+07
0.65842,1753.88,1.84096e-06,1.21912e+07
0.659423,1762.5,1.78231e-06,1.22456e+07
0.660426,1770.56,1.8236e-06,1.21836e+07
0.661425,1778.47,1.9317e-06,1.21121e+07
0.662427,1787.06,1.82641e-06,1.20344e+07
0.663433,1795.54,1.79809e-06,1.18129e+07
0.664434,1803.41,1.83263e-06,1.17764e+07
0.665427,1811.31,1.89298e-06,1.18064e+07
0.666454,1819.93,1.54395e-06,1.17307e+07
0.66744,1827.11,1.63432e-06,1.17124e+07
0.668441,1835.22,1.96058e-06,1.15315e+07
0.669443,1843.46,1.96327e-06,1.13606e+07
0.67044,1851.14,1.75526e-06,1.12768e+07
0.671446,1858.57,1.75558e-06,1.12069e+07
0.67245,1866.67,1.84086e-06,1.11767e+07
0.67345,1875,1.8597e-06,1.12446e+07
0.674454,1882.82,1.75912e-06,1.12052e+07
0.675455,1890.84,1.82308e-06,1.11371e+07
0.676458,1898.84,1.89604e-06,1.10635e+07
0.677457,1907.44,1.87082e-06,1.09762e+07
0.678462,1914.65,1.75989e-06,1.09664e+07
0.679465,1922.42,1.75979e-06,1.0961e+07
0.680468,1930.51,1.84642e-06,1.08952e+07
0.681469,1938.41,1.87439e-06,1.08494e+07
0.68247,1947.25,1.76164e-06,1.06208e+07
0.683468,1956,1.82139e-06,1.05351e+07
0.684475,1964.67,1.81978e-06,1.0436e+07
0.685475,1972.83,1.79191e-06,1.02876e+07
0.686478,1981.19,1.78923e-06,1.02109e+07
0.687482,1989.38,1.76791e-06,1.01819e+07
0.68848,1998.04,1.84447e-06,1.01391e+07
0.689485,2006.4,1.93019e-06,1.00647e+07
0.69048,2014.46,1.9922e-06,1.00698e+07
0.691478,2022.85,1.72511e-06,9.95398e+06
0.692486,2031.21,1.6415e-06,9.96581e+06
0.693493,2039.62,1.80526e-06,9.85436e+06
0.694493,2047.55,1.86837e-06,9.80594e+06
0.695497,2055.69,1.74298e-06,9.80096e+06
0.6965,2063.95,1.77474e-06,9.66686e+06
0.697502,2071.8,1.88782e-06,9.66444e+06
0.698501,2080.14,1.84804e-06,9.54756e+06
0.699502,2089.23,1.88795e-06,9.50569e+06
0.700504,2097.44,1.76707e-06,9.47392e+06
0.701509,2105.51,1.84877e-06,9.38959e+06
0.702508,2114.01,1.82957e-06,9.29594e+06
0.70351,2121.76,1.86937e-06,9.24306e+06
0.704514,2129.5,1.71192e-06,9.26123e+06
0.705517,2138.24,1.77616e-06,9.17546e+06
0.706522,2146.78,1.89176e-06,9.14435e+06
0.707516,2154.83,1.92044e-06,9.13285e+06
0.70852,2163.44,1.77374e-06,8.96362e+06
0.709523,2171.38,1.70922e-06,8.92386e+06
0.710529,2180.26,1.7843e-06,8.77298e+06
0.711527,2188.26,1.95448e-06,8.72178e+06
0.712524,2196.3,1.88679e-06,8.74724e+06
0.713533,2204.45,1.70968e-06,8.6997e+06
0.714526,2213.13,1.739e-06,8.57587e+06
0.715541,2221.69,1.82251e-06,8.57873e+06
0.716535,2230.09,1.91727e-06,8.59997e+06
0.717538,2238.73,1.83365e-06,8.46906e+06
0.718541,2247.86,1.81749e-06,8.4654e+06
0.719543,2256.1,1.78473e-06,8.41138e+06
0.720547,2264.28,1.81167e-06,8.29086e+06
0.721548,2272.36,1.89185e-06,8.27179e+06
0.722549,2281.01,1.82511e-06,8.17116e+06
0.723552,2289.3,1.74826e-06,8.16414e+06
0.724553,2298.96,1.80364e-06,8.17555e+06
0.72556,2307.64,1.91856e-06,8.03685e+06
0.726554,2315.59,1.87105e-06,8.01687e+06
0.727556,2324.78,1.78732e-06,7.84071e+06
0.728559,2334.16,1.7023e-06,7.79438e+06
0.729569,2342.11,1.70084e-06,7.72556e+06
0.730569,2350.45,1.88891e-06,7.6501e+06
0.731565,2358.96,1.97091e-06,7.59734e+06
0.732564,2366.95,1.86962e-06,7.51127e+06
0.733568,2375.88,1.74401e-06,7.3808e+06
0.734575,2384.14,1.73084e-06,7.34104e+06
0.735576,2392.73,1.83682e-06,7.37383e+06
0.736577,2401.45,1.84749e-06,7.33261e+06
0.737579,2410.4,1.80038e-06,7.20051e+06
0.738584,2419.58,1.67682e-06,7.08123e+06
0.739591,2428.31,1.82942e-06,7.0982e+06
0.740583,2436.41,1.93122e-06,7.01432e+06
0.741587,2444.69,1.83749e-06,6.91285e+06
0.74259,2452.91,1.80822e-06,6.81902e+06
0.743593,2461.38,1.80884e-06,6.81794e+06
0.744594,2469.68,1.78244e-06,6.74514e+06
0.745594,2478.47,1.81787e-06,6.68148e+06
0.746597,2486.51,1.91166e-06,6.61658e+06
0.747595,2494.98,1.86507e-06,6.51209e+06
0.7486,2503.59,1.69664e-06,6.47623e+06
0.749609,2512.02,1.64697e-06,6.42475e+06
0.750603,2520.41,1.72383e-06,6.35108e+06
0.751609,2528.8,1.887e-06,6.31108e+06
0.752609,2536.79,1.93375e-06,6.27175e+06
0.753606,2545.1,1.73109e-06,6.22374e+06
0.754617,2553.08,1.74426e-06,6.1665e+06
0.755618,2561.57,1.89308e-06,6.02704e+06
0.756614,2569.89,1.85893e-06,6.00888e+06
0.75762,2578.07,1.81605e-06,6.00775e+06
0.75862,2586.61,1.79386e-06,5.97164e+06
0.759626,2595.28,1.84373e-06,5.9153e+06
0.760623,2603.16,1.86551e-06,5.9105e+06
0.761623,2611.25,1.75141e-06,5.87591e+06
0.762633,2619.15,1.75727e-06,5.7821e+06
0.763635,2627.69,1.85482e-06,5.66467e+06
0.764628,2635.87,1.97354e-06,5.69618e+06
0.76563,2644.19,1.75097e-06,5.6655e+06
0.766639,2652.16,1.68564e-06,5.66901e+06
0.767643,2660.34,1.86246e-06,5.53122e+06
0.768643,2668.78,1.90682e-06,5.47265e+06
0.769645,2677.44,1.78265e-06,5.45609e+06
0.770644,2686.25,1.74496e-06,5.407e+06
0.771652,2695.09,1.82579e-06,5.3195e+06
0.772647,2703.68,1.8137e-06,5.27881e+06
0.773653,2712.06,1.78169e-06,5.22458e+06
0.774655,2720.4,1.90543e-06,5.08863e+06
0.775656,2729.16,1.86005e-06,5.02072e+06
0.776659,2738.07,1.77436e-06,4.98969e+06
0.777662,2746.44,1.80164e-06,4.965e+06
0.778661,2755.29,1.87424e-06,4.88821e+06
0.779662,2763.1,1.75705e-06,4.85352e+06
0.780666,2771.31,1.77226e-06,4.83192e+06
0.781669,2779.19,1.85711e-06,4.77629e+06
0.78267,2787.55,1.79695e-06,4.72472e+06
0.783673,2795.37,1.78801e-06,4.70289e+06
0.784671,2804.32,1.82851e-06,4.59765e+06
0.785679,2812.98,1.86294e-06,4.56e+06
0.786675,2821.34,1.83334e-06,4.48387e+06
0.78768,2829.75,1.86055e-06,4.43728e+06
0.788683,2837.65,1.8242e-06,4.3901e+06
0.789684,2845.83,1.7639e-06,4.33314e+06
0.790686,2854.34,1.87319e-06,4.27777e+06
0.791687,2862.33,1.76502e-06,4.23808e+06
0.792693,2871.08,1.75046e-06,4.19607e+06
0.793695,2879.21,1.89094e-06,4.18127e+06
0.794693,2887.16,1.94356e-06,4.1625e+06
0.795688,2894.81,1.76975e-06,4.16371e+06
0.7967,2903.44,1.78926e-06,4.09692e+06
0.797701,2911.62,1.84689e-06,4.06229e+06
0.798697,2919.26,1.91352e-06,4.0205e+06
0.799705,2927.6,1.71189e-06,4.00425e+06
0.800712,2935.63,1.71893e-06,3.95808e+06
0.801709,2943.27,1.76294e-06,3.91845e+06
0.80271,2951.22,1.78051e-06,3.8762e+06
0.803712,2959.06,1.80794e-06,3.83257e+06
0.804715,2967.17,1.85599e-06,3.79476e+06
0.805716,2975.2,1.89093e-06,3.78069e+06
0.806715,2983.24,1.91559e-06,3.71337e+06
0.807717,2991.02,1.77565e-06,3.67221e+06
0.808725,2999.38,1.72099e-06,3.65937e+06
0.809728,3007.52,1.88418e-06,3.60317e+06
0.810724,3015.68,1.90494e-06,3.57718e+06
0.811727,3023.54,1.71958e-06,3.50569e+06
0.812731,3031.44,1.6916e-06,3.52874e+06
0.813735,3039.32,1.87909e-06,3.49194e+06
0.814731,3047.5,1.85187e-06,3.44858e+06
0.815735,3055.61,1.68015e-06,3.42237e+06
0.816744,3063.64,1.72741e-06,3.38187e+06
0.817743,3071.73,1.89739e-06,3.32071e+06
0.818737,3079.48,1.9731e-06,3.31358e+06
0.81974,3087.39,1.78443e-06,3.25904e+06
0.820748,3095.26,1.72783e-06,3.2297e+06
0.82175,3103.08,1.8964e-06,3.16996e+06
0.822748,3110.85,1.98766e-06,3.15257e+06
0.823744,3118.71,1.73434e-06,3.08075e+06
0.824756,3126.53,1.67361e-06,3.04902e+06
0.825758,3134.56,1.70526e-06,3.033e+06
0.826762,3142.5,1.83803e-06,3.03701e+06
0.827761,3150.18,1.91885e-06,2.9709e+06
0.828762,3157.72,1.90946e-06,2.91742e+06
0.829764,3165.06,1.77024e-06,2.87988e+06
0.830765,3172.88,1.8357e-06,2.79811e+06
0.831768,3180.57,1.93364e-06,2.74902e+06
0.832763,3188.03,1.79974e-06,2.71493e+06
0.833772,3195.66,1.6482e-06,2.66101e+06
0.834778,3203.28,1.86712e-06,2.62141e+06
0.835775,3210.74,1.88852e-06,2.59346e+06
0.836774,3218.38,1.84503e-06,2.5612e+06
0.837779,3225.62,1.82965e-06,2.54714e+06
0.838782,3233.22,1.87081e-06,2.51109e+06
0.839784,3240.81,1.81476e-06,2.48454e+06
0.840784,3248.46,1.78372e-06,2.42859e+06
0.841789,3255.93,1.77366e-06,2.38547e+06
0.842793,3263.81,1.81288e-06,2.36972e+06
0.843793,3271.64,1.89556e-06,2.31386e+06
0.844792,3278.61,1.9087e-06,2.2922e+06
0.84579,3285.85,1.78802e-06,2.29594e+06
0.846796,3293.16,1.74654e-06,2.28366e+06
0.847802,3300.76,1.66517e-06,2.28253e+06
0.848808,3308.32,1.74241e-06,2.18238e+06
0.849807,3315.57,1.92606e-06,2.17217e+06
0.850806,3323.02,1.9938e-06,2.13158e+06
0.851802,3330.22,1.8125e-06,2.13534e+06
0.85281,3337.91,1.65584e-06,2.12262e+06
0.853813,3344.95,1.81178e-06,2.13571e+06
0.854816,3352.08,1.88299e-06,2.08994e+06
0.855817,3359.53,1.90193e-06,2.05455e+06
0.856814,3366.39,1.77407e-06,1.99725e+06
0.857824,3373.73,1.81668e-06,2.00116e+06
0.858821,3381,1.8297e-06,1.98006e+06
0.859824,3387.83,1.80343e-06,1.96038e+06
0.860825,3394.96,1.76151e-06,1.92804e+06
0.861835,3402.18,1.73393e-06,1.89166e+06
0.862837,3409.4,1.94245e-06,1.84569e+06
0.863825,3416.29,1.86063e-06,1.84212e+06
0.864833,3423.3,1.69066e-06,1.85878e+06
0.865835,3430.48,1.76007e-06,1.83276e+06
0.866838,3437.16,1.81903e-06,1.80053e+06
0.867842,3444.01,1.92311e-06,1.78017e+06
0.86884,3450.74,1.91619e-06,1.7761e+06
0.869846,3457.93,1.83649e-06,1.77342e+06
0.870846,3465.12,1.7353e-06,1.75346e+06
0.87185,3472.15,1.75299e-06,1.7305e+06
0.872853,3478.94,1.90341e-06,1.6881e+06
0.873848,3485.71,1.9132e-06,1.65649e+06
0.874854,3492.67,1.76334e-06,1.63215e+06
0.875857,3499.14,1.79807e-06,1.62435e+06
0.876854,3505.54,1.76077e-06,1.58446e+06
0.877863,3512.58,1.76789e-06,1.57003e+06
0.878865,3519.13,1.81828e-06,1.53358e+06
0.879865,3525.67,1.9317e-06,1.47991e+06
0.880861,3532.11,1.83062e-06,1.47884e+06
0.88187,3538.71,1.79401e-06,1.44118e+06
0.882869,3545.64,1.79508e-06,1.40261e+06
0.883873,3552.31,1.8899e-06,1.3824e+06
0.884873,3558.74,1.78854e-06,1.36986e+06
0.885879,3565.19,1.76765e-06,1.36554e+06
0.886882,3571.8,1.80932e-06,1.34569e+06
0.88788,3577.98,1.86934e-06,1.32172e+06
0.888888,3584.53,1.83177e-06,1.31319e+06
0.889881,3590.66,1.83636e-06,1.28166e+06
0.890887,3596.96,1.76735e-06,1.26336e+06
0.891892,3603.05,1.75032e-06,1.25239e+06
0.892894,3609.16,1.86044e-06,1.23252e+06
0.893893,3614.86,1.88957e-06,1.21571e+06
0.894893,3620.87,1.86057e-06,1.19674e+06
0.895895,3626.93,1.8307e-06,1.18113e+06
0.896896,3632.91,1.82745e-06,1.14134e+06
0.897897,3638.87,1.75056e-06,1.10934e+06
0.898905,3645.28,1.72213e-06,1.09311e+06
0.899908,3651.16,1.6926e-06,1.07387e+06
0.900912,3656.8,1.85211e-06,1.0443e+06
0.90191,3662.83,1.98e-06,1.01957e+06
0.902906,3669.14,1.94321e-06,991409
0.903908,3675.37,1.81088e-06,977298
0.904914,3681.47,1.72501e-06,974907
0.905917,3687.47,1.73673e-06,935004
0.906921,3693.13,1.85644e-06,931222
0.90792,3698.61,1.80751e-06,894443
0.90892,3704.36,1.83043e-06,874553
0.909925,3710.12,1.77339e-06,855715
0.910928,3715.66,1.86888e-06,846809
0.911923,3721.37,1.86511e-06,836268
0.912928,3727.16,1.76682e-06,830705
0.913931,3732.08,1.76076e-06,810828
0.914935,3737.38,1.75457e-06,788680
0.915937,3742.88,1.847e-06,756180
0.916941,3748.29,1.82747e-06,739262
0.917938,3753.19,1.91595e-06,716405
0.918937,3758.32,1.80979e-06,710323
0.919945,3763.93,1.76258e-06,686742
0.92095,3768.74,1.78412e-06,659290
0.921947,3773.93,1.87117e-06,636927
0.922944,3778.74,1.84838e-06,609419
0.923952,3783.95,1.78313e-06,587144
0.924956,3788.85,1.84108e-06,573741
0.925953,3793.49,1.81043e-06,584879
0.926958,3798.69,1.78823e-06,574776
0.927961,3803.86,1.86154e-06,546420
0.928963,3808.66,1.89901e-06,528845
0.929962,3813.49,1.76218e-06,525471
0.930971,3818.59,1.65802e-06,499771
0.931968,3823.57,1.8374e-06,482382
0.932969,3827.72,1.92238e-06,478388
0.933973,3831.91,1.86884e-06,474048
0.934976,3836.68,1.81697e-06,455498
0.935977,3841.1,1.86776e-06,440152
0.936974,3845.56,1.89077e-06,428795
0.93798,3849.78,1.78463e-06,424787
0.938984,3854.19,1.76355e-06,416234
0.939984,3858.31,1.80905e-06,395751
0.940988,3862.23,1.78234e-06,387851
0.941991,3866.39,1.80166e-06,371465
0.942992,3870.66,1.82414e-06,358486
0.943992,3875.18,1.90561e-06,345667
0.944992,3879.53,1.8857e-06,330690
0.945997,3883.63,1.77251e-06,321743
0.946999,3887.89,1.77748e-06,307138
0.948,3891.58,1.75707e-06,292324
0.949003,3895.51,1.7293e-06,281623
0.950012,3899.2,1.8702e-06,279917
0.951005,3902.82,1.9911e-06,266888
0.952003,3906.37,1.78365e-06,258673
0.953009,3910.2,1.68737e-06,249969
0.954017,3913.72,1.74402e-06,238371
0.955017,3916.94,1.88465e-06,230977
0.956012,3920.47,1.97225e-06,218120
0.957014,3923.74,1.71681e-06,206066
0.958022,3927.1,1.65063e-06,200573
0.959025,3930.15,1.86959e-06,194770
0.960026,3933.38,1.97404e-06,180876
0.961023,3936.73,1.87127e-06,171964
0.962027,3939.72,1.72859e-06,160360
0.963032,3942.76,1.79602e-06,146168
0.964032,3945.94,1.89268e-06,136124
0.965031,3948.63,1.81083e-06,130711
0.966036,3951.34,1.76903e-06,128079
0.967042,3953.96,1.8579e-06,119636
0.968039,3956.76,1.8597e-06,114028
0.969043,3959.33,1.7887e-06,106813
0.970047,3961.47,1.8214e-06,101933
0.971048,3963.85,1.86633e-06,94099.1
0.972047,3966.05,1.86345e-06,88314.8
0.973049,3968.23,1.81255e-06,81028.6
0.974051,3970.41,1.8213e-06,75933
0.975057,3972.51,1.84011e-06,73673
0.976053,3974.6,1.78282e-06,66203.6
0.977061,3976.49,1.7136e-06,63108.9
0.978059,3978.47,1.82514e-06,57262.5
0.979064,3980.32,1.84443e-06,52542.8
0.980064,3981.99,1.93278e-06,47982.9
0.981063,3983.6,1.72609e-06,44746.2
0.98207,3985.34,1.71685e-06,41409.9
0.983074,3987.07,1.84748e-06,36909.7
0.984068,3988.36,1.87911e-06,33433.2
0.985075,3989.65,1.73655e-06,29581.4
0.986079,3991.05,1.77626e-06,25318.8
0.987078,3992.13,1.92363e-06,22345.8
0.988077,3993.11,1.84004e-06,19235
0.989083,3994.14,1.78742e-06,16850.8
0.990088,3995.02,1.88918e-06,15277.9
0.991087,3995.77,1.91411e-06,12660
0.992081,3996.44,1.84726e-06,10425.1
0.993088,3997.06,1.62579e-06,8831.95
0.994099,3997.63,1.57936e-06,7632.81
0.995104,3998.08,2.14346e-06,6752.8
0.996076,3998.53,2.19862e-06,4322.42
0.997073,3998.79,6.8567e-07,3860.95
0.998117,3999.09,2.83022e-07,2551.3
0.999162,3999.28,9.77732e-08,1983.67
1,3999.37,0,1620.29
0.354908,122.672,3.36463,1.92377e+06
10.748,-1,-1,-1
