0,1,0,0
0.00102928,2.858,1.31228e-07,612.918
0.00203305,3.914,1.48351e-07,1655.3
0.00303619,4.832,1.51442e-07,3183.89
0.00403779,5.742,1.45039e-07,5043.72
0.00503988,6.468,1.44459e-07,6624.49
0.006043,7.32,1.44038e-07,8762.8
0.00704366,8.04,1.44109e-07,10625.2
0.00804611,8.832,1.60744e-07,13357.9
0.00904807,9.568,1.45007e-07,15700.7
0.0100496,10.394,1.43699e-07,18627.4
0.0110525,11.222,1.67012e-07,22104.4
0.0120537,12.056,1.472e-07,25598.4
0.0130552,12.924,1.41103e-07,28837.1
0.0140576,13.726,1.44809e-07,33675.5
0.0150596,14.548,1.47895e-07,37745.8
0.0160618,15.474,1.52668e-07,42810.7
0.0170642,16.416,1.3473e-07,47727.5
0.0180653,17.264,1.46847e-07,51177.2
0.0190684,18.248,1.55239e-07,58873.2
0.0200706,19.046,1.46126e-07,64113.9
0.0210726,19.96,1.41718e-07,70147.2
0.0220741,20.956,1.48486e-07,77183
0.0230768,22.132,1.51723e-07,85175.3
0.0240775,23.182,1.52005e-07,92772.4
0.0250807,24.256,1.40205e-07,103389
0.0260811,25.29,1.54076e-07,112803
0.0270846,26.282,1.42867e-07,122777
0.0280862,27.356,1.40749e-07,139277
0.0290887,28.508,1.41087e-07,149025
0.0300898,29.694,1.45575e-07,161426
0.0310914,30.816,1.45494e-07,173193
0.0320942,32.424,1.46925e-07,203462
0.0330964,33.78,1.4653e-07,218388
0.0340971,35.162,1.40262e-07,242768
0.0351002,36.776,1.38607e-07,266725
0.0361018,38.466,1.55948e-07,301130
0.0371036,39.88,1.53134e-07,329637
0.038106,41.564,1.54219e-07,362133
0.0391075,43.268,1.44283e-07,392438
0.0401106,45.31,1.48567e-07,439289
0.041113,47.208,1.59533e-07,490740
0.0421141,48.944,1.46455e-07,533672
0.0431162,50.676,1.56423e-07,569162
0.0441179,52.696,1.48005e-07,623576
0.0451194,54.528,1.57448e-07,662443
0.046122,56.94,1.40917e-07,719552
0.0471232,59.288,1.46462e-07,776221
0.0481254,61.796,1.53914e-07,851067
0.0491274,64.146,1.48859e-07,896296
0.0501301,66.79,1.50559e-07,1.01787e+06
0.0511326,69.202,1.36754e-07,1.13015e+06
0.0521339,72.248,1.46279e-07,1.25816e+06
0.0531361,74.694,1.47377e-07,1.35258e+06
0.0541385,77.768,1.39992e-07,1.46258e+06
0.0551389,80.58,1.55317e-07,1.5597e+06
0.0561418,83.76,1.43418e-07,1.68738e+06
0.0571434,86.644,1.39917e-07,1.7954e+06
0.0581463,90.24,1.45184e-07,1.94431e+06
0.0591496,93.816,1.40254e-07,2.10257e+06
0.0601508,97.03,1.49598e-07,2.20538e+06
0.061153,100.598,1.46206e-07,2.42671e+06
0.0621549,104.21,1.41593e-07,2.62031e+06
0.0631564,108.026,1.49629e-07,2.79423e+06
0.0641587,112.508,1.58867e-07,3.02594e+06
0.0651595,116.112,1.44885e-07,3.23307e+06
0.0661626,119.976,1.53066e-07,3.43341e+06
0.0671637,125.094,1.53617e-07,3.69472e+06
0.0681663,128.79,1.42611e-07,3.89465e+06
0.0691674,133.228,1.4211e-07,4.11332e+06
0.0701696,137.716,1.38353e-07,4.29364e+06
0.0711727,142.52,1.45152e-07,4.5555e+06
0.072174,147.526,1.50531e-07,4.77956e+06
0.0731767,152.378,1.5036e-07,5.06719e+06
0.0741787,157.302,1.46188e-07,5.34956e+06
0.07518,163.016,1.48244e-07,5.67966e+06
0.0761817,168.524,1.53055e-07,5.91037e+06
0.0771846,174.058,1.5209e-07,6.23847e+06
0.0781857,179.816,1.58424e-07,6.57588e+06
0.0791861,186.116,1.32654e-07,7.04117e+06
0.0801898,191.546,1.58843e-07,7.32999e+06
0.0811917,198.186,1.54085e-07,7.67378e+06
0.0821943,204.402,1.50934e-07,7.93314e+06
0.0831962,210.458,1.43578e-07,8.31609e+06
0.0841974,218.47,1.42069e-07,8.72904e+06
0.0852004,225.998,1.50823e-07,9.09891e+06
0.0862019,233.672,1.50115e-07,9.57918e+06
0.0872041,239.834,1.51314e-07,9.7949e+06
0.0882064,247.636,1.59185e-07,1.02829e+07
0.0892074,255.808,1.54603e-07,1.06871e+07
0.0902095,263.522,1.43036e-07,1.11543e+07
0.091213,271.7,1.44019e-07,1.15562e+07
0.0922141,278.92,1.55375e-07,1.18725e+07
0.093216,287.022,1.45901e-07,1.22997e+07
0.094218,295.994,1.49908e-07,1.26663e+07
0.0952214,303.596,1.46551e-07,1.2905e+07
0.0962218,311.816,1.54298e-07,1.31246e+07
0.0972238,320.532,1.4786e-07,1.34584e+07
0.0982254,329.17,1.43589e-07,1.38902e+07
0.0992288,337.214,1.41956e-07,1.41905e+07
0.100231,345.85,1.52287e-07,1.44865e+07
0.101231,354.228,1.46183e-07,1.48651e+07
0.102235,363.564,1.38782e-07,1.51258e+07
0.103238,373.718,1.5379e-07,1.55876e+07
0.104238,383.094,1.40328e-07,1.58015e+07
0.105242,392.796,1.5051e-07,1.60526e+07
0.106242,402.296,1.51116e-07,1.63341e+07
0.107243,411.652,1.48193e-07,1.65794e+07
0.108246,420.496,1.49951e-07,1.6958e+07
0.109249,430.132,1.52646e-07,1.72106e+07
0.11025,440.106,1.43353e-07,1.7468e+07
0.111252,448.234,1.53714e-07,1.78213e+07
0.112255,458.182,1.48212e-07,1.82083e+07
0.113257,469.408,1.52934e-07,1.83912e+07
0.114258,479.17,1.51359e-07,1.87006e+07
0.11526,488.92,1.50133e-07,1.90314e+07
0.116263,501.03,1.4661e-07,1.91865e+07
0.117264,511.096,1.52191e-07,1.95118e+07
0.118266,521.878,1.50772e-07,1.97236e+07
0.119269,533.73,1.50476e-07,1.95578e+07
0.12027,543.618,1.44386e-07,1.99035e+07
0.121272,554.45,1.6002e-07,2.01514e+07
0.122275,566.12,1.43615e-07,2.04135e+07
0.123277,576.764,1.51866e-07,2.07669e+07
0.12428,588.5,1.44407e-07,2.10574e+07
0.12528,599.668,1.33814e-07,2.12805e+07
0.126284,610.978,1.60684e-07,2.16158e+07
0.127285,622.054,1.50556e-07,2.18189e+07
0.128285,634.208,1.43002e-07,2.19101e+07
0.129289,646.874,1.58608e-07,2.18438e+07
0.13029,659.024,1.45084e-07,2.1887e+07
0.131294,672.41,1.48863e-07,2.16701e+07
0.132294,685.208,1.58223e-07,2.14905e+07
0.133296,696.87,1.42856e-07,2.1432e+07
0.134299,708.964,1.52025e-07,2.16193e+07
0.135302,721.932,1.49175e-07,2.14085e+07
0.136303,733.016,1.50197e-07,2.16312e+07
0.137306,745.316,1.5369e-07,2.15044e+07
0.138305,757.95,1.36199e-07,2.14502e+07
0.139309,769.642,1.50723e-07,2.14742e+07
0.140311,781.512,1.50789e-07,2.13172e+07
0.141312,793.064,1.41477e-07,2.16049e+07
0.142315,804.996,1.41258e-07,2.17214e+07
0.143317,817.362,1.43396e-07,2.18715e+07
0.144318,830.228,1.52118e-07,2.1824e+07
0.145319,843.364,1.45602e-07,2.1645e+07
0.146325,857.498,1.43662e-07,2.13042e+07
0.147324,870.37,1.48119e-07,2.13752e+07
0.148326,883.502,1.52487e-07,2.11891e+07
0.149328,896.308,1.44305e-07,2.11159e+07
0.150331,907.848,1.45731e-07,2.13144e+07
0.151332,920.566,1.50892e-07,2.14768e+07
0.152335,934.77,1.43565e-07,2.15916e+07
0.153337,947.652,1.45893e-07,2.17426e+07
0.154339,960.678,1.53945e-07,2.1748e+07
0.155341,974.358,1.45851e-07,2.15038e+07
0.156342,986.63,1.43603e-07,2.131e+07
0.157344,999.484,1.45153e-07,2.13457e+07
0.158345,1013.09,1.42684e-07,2.12518e+07
0.159348,1026.63,1.44299e-07,2.13029e+07
0.160352,1039.05,1.49498e-07,2.15992e+07
0.161351,1052.44,1.45302e-07,2.18391e+07
0.162355,1066.66,1.50079e-07,2.17402e+07
0.163358,1079.61,1.3991e-07,2.19381e+07
0.164358,1093.06,1.57224e-07,2.18124e+07
0.165358,1107.1,1.39403e-07,2.17471e+07
0.166362,1120.81,1.39614e-07,2.11598e+07
0.167365,1134.22,1.49611e-07,2.09667e+07
0.168367,1148.12,1.40756e-07,2.06005e+07
0.169369,1162.04,1.51466e-07,2.0649e+07
0.17037,1174.57,1.53504e-07,2.08551e+07
0.171372,1188.97,1.46056e-07,2.07502e+07
0.172375,1202.56,1.45498e-07,2.08371e+07
0.173378,1217.25,1.47165e-07,2.02601e+07
0.174379,1231.29,1.57059e-07,1.98769e+07
0.175381,1245.25,1.53548e-07,1.97245e+07
0.176383,1259.49,1.5272e-07,1.96888e+07
0.177385,1273.2,1.42382e-07,1.97158e+07
0.178385,1287.88,1.57051e-07,1.95851e+07
0.179388,1302.54,1.37971e-07,1.94055e+07
0.180392,1316.49,1.45657e-07,1.94561e+07
0.181391,1330.18,1.52952e-07,1.95331e+07
0.182396,1344.32,1.51389e-07,1.95184e+07
0.183397,1358.97,1.44725e-07,1.93454e+07
0.184398,1372.31,1.39719e-07,1.94593e+07
0.1854,1386.64,1.42612e-07,1.94384e+07
0.186403,1400.61,1.49762e-07,1.95685e+07
0.187407,1414.53,1.50963e-07,1.95233e+07
0.188406,1429.85,1.4501e-07,1.94258e+07
0.189409,1444.27,1.49802e-07,1.93715e+07
0.190411,1459.19,1.42037e-07,1.93908e+07
0.191413,1474.09,1.5613e-07,1.92199e+07
0.192414,1488.47,1.51563e-07,1.92118e+07
0.193418,1503.9,1.5644e-07,1.92104e+07
0.194418,1518.58,1.42313e-07,1.9123e+07
0.195421,1533.66,1.54918e-07,1.88455e+07
0.196423,1548.67,1.43588e-07,1.87584e+07
0.197426,1563.89,1.54698e-07,1.86034e+07
0.198427,1578.82,1.51767e-07,1.8687e+07
0.199429,1594.85,1.49557e-07,1.84751e+07
0.200431,1609.9,1.34987e-07,1.84332e+07
0.201433,1624.59,1.53372e-07,1.83099e+07
0.202435,1640.36,1.47444e-07,1.81526e+07
0.203437,1654.64,1.49523e-07,1.8197e+07
0.204438,1670.55,1.42765e-07,1.81383e+07
0.205441,1685.8,1.49828e-07,1.81403e+07
0.206443,1700.39,1.60978e-07,1.81766e+07
0.207444,1715.58,1.55087e-07,1.81522e+07
0.208447,1731,1.40821e-07,1.81394e+07
0.209448,1745.79,1.46902e-07,1.81211e+07
0.210452,1761.41,1.45149e-07,1.81911e+07
0.211452,1777.3,1.4931e-07,1.80847e+07
0.212456,1792.24,1.45051e-07,1.80703e+07
0.213457,1808.87,1.57258e-07,1.81169e+07
0.214458,1824.34,1.51243e-07,1.80293e+07
0.215461,1839.98,1.49226e-07,1.80007e+07
0.216462,1855.62,1.42002e-07,1.79857e+07
0.217464,1871.09,1.41072e-07,1.79269e+07
0.218468,1887.36,1.49494e-07,1.7898e+07
0.219468,1903.01,1.50784e-07,1.79709e+07
0.220471,1918.03,1.39554e-07,1.79744e+07
0.221472,1933.5,1.51567e-07,1.78498e+07
0.222475,1949.22,1.35871e-07,1.78071e+07
0.223476,1965.17,1.44637e-07,1.76202e+07
0.224479,1980.68,1.51196e-07,1.76813e+07
0.22548,1996.28,1.48439e-07,1.76722e+07
0.226482,2012.36,1.57077e-07,1.75003e+07
0.227485,2028.19,1.51024e-07,1.7459e+07
0.228486,2044.64,1.46168e-07,1.74926e+07
0.229488,2060.9,1.42756e-07,1.74376e+07
0.23049,2077.42,1.44398e-07,1.7397e+07
0.231494,2092.87,1.4582e-07,1.73219e+07
0.232496,2108.91,1.49087e-07,1.72948e+07
0.233496,2125.22,1.52052e-07,1.7301e+07
0.234499,2141.75,1.54706e-07,1.72426e+07
0.235501,2158.96,1.55077e-07,1.72966e+07
0.236503,2175.58,1.37908e-07,1.71775e+07
0.237507,2191.63,1.41783e-07,1.70636e+07
0.238506,2207.88,1.54588e-07,1.69779e+07
0.239509,2223.53,1.43504e-07,1.69167e+07
0.240511,2239.13,1.48449e-07,1.69202e+07
0.241512,2254.58,1.58163e-07,1.69264e+07
0.242515,2270.65,1.48879e-07,1.68824e+07
0.243517,2286.77,1.46196e-07,1.6706e+07
0.244519,2302.93,1.54535e-07,1.6543e+07
0.245521,2318.95,1.51079e-07,1.65577e+07
0.246523,2335.3,1.53549e-07,1.64907e+07
0.247526,2352.4,1.46526e-07,1.63696e+07
0.248528,2368.82,1.36194e-07,1.63883e+07
0.249529,2385.64,1.44268e-07,1.62955e+07
0.250528,2402.46,1.41208e-07,1.61422e+07
0.251534,2418.73,1.5104e-07,1.6071e+07
0.252535,2434.76,1.47026e-07,1.60986e+07
0.253537,2451.68,1.44647e-07,1.60945e+07
0.254537,2468.4,1.54417e-07,1.59431e+07
0.25554,2484.94,1.42793e-07,1.58466e+07
0.256543,2501.69,1.43462e-07,1.5758e+07
0.257544,2518.25,1.37691e-07,1.56683e+07
0.258547,2535.07,1.42503e-07,1.55341e+07
0.259549,2552.04,1.35282e-07,1.552e+07
0.26055,2568.71,1.41065e-07,1.54478e+07
0.261553,2585.5,1.45847e-07,1.53536e+07
0.262555,2602.17,1.50542e-07,1.52933e+07
0.263558,2619.24,1.45916e-07,1.53113e+07
0.264559,2635.79,1.53607e-07,1.52466e+07
0.26556,2652.64,1.48092e-07,1.51857e+07
0.266563,2669.74,1.46395e-07,1.50972e+07
0.267566,2686.63,1.53198e-07,1.49765e+07
0.268567,2703.12,1.54138e-07,1.49163e+07
0.269567,2720.68,1.53063e-07,1.49145e+07
0.270572,2737.05,1.48835e-07,1.49411e+07
0.271573,2754.09,1.47573e-07,1.48983e+07
0.272574,2770.65,1.41608e-07,1.4915e+07
0.273578,2787.41,1.44156e-07,1.48631e+07
0.27458,2804.48,1.51895e-07,1.47056e+07
0.27558,2821.35,1.53599e-07,1.47611e+07
0.276582,2838.02,1.51621e-07,1.47486e+07
0.277584,2855.46,1.50716e-07,1.48635e+07
0.278588,2872.76,1.47517e-07,1.47195e+07
0.279589,2889.55,1.48366e-07,1.46739e+07
0.280592,2906.99,1.52094e-07,1.45413e+07
0.281592,2924.08,1.4276e-07,1.45365e+07
0.282595,2940.91,1.41768e-07,1.44521e+07
0.283598,2957.76,1.58226e-07,1.4381e+07
0.284599,2973.77,1.51693e-07,1.43207e+07
0.285602,2990.92,1.47619e-07,1.42636e+07
0.286605,3007.61,1.56851e-07,1.41181e+07
0.287604,3025.35,1.4906e-07,1.40772e+07
0.288607,3042.3,1.52902e-07,1.3947e+07
0.289609,3059.55,1.45255e-07,1.38623e+07
0.290611,3076.33,1.48075e-07,1.37485e+07
0.291613,3093.34,1.46648e-07,1.36985e+07
0.292616,3111.41,1.46702e-07,1.36054e+07
0.293617,3128.62,1.60534e-07,1.35604e+07
0.294618,3145.42,1.63049e-07,1.3539e+07
0.295621,3162.6,1.44911e-07,1.34566e+07
0.296623,3180.23,1.46944e-07,1.32671e+07
0.297626,3197.54,1.42153e-07,1.32397e+07
0.298626,3215.46,1.44764e-07,1.31255e+07
0.299629,3233.07,1.45339e-07,1.31196e+07
0.300632,3249.71,1.41689e-07,1.30756e+07
0.301634,3266.86,1.62706e-07,1.29894e+07
0.302635,3283.92,1.61013e-07,1.28867e+07
0.303636,3301.37,1.36397e-07,1.28501e+07
0.30464,3318.8,1.50014e-07,1.2773e+07
0.305641,3336.38,1.39476e-07,1.27297e+07
0.306643,3353.32,1.46917e-07,1.26129e+07
0.307645,3370.79,1.4381e-07,1.24053e+07
0.308649,3388.27,1.4479e-07,1.23316e+07
0.309651,3405.7,1.42816e-07,1.22045e+07
0.310652,3422.75,1.49746e-07,1.20601e+07
0.311654,3439.55,1.48166e-07,1.19816e+07
0.312655,3456.44,1.47335e-07,1.19335e+07
0.313655,3473.99,1.51039e-07,1.18266e+07
0.314659,3491.39,1.41275e-07,1.1734e+07
0.315661,3508.37,1.47934e-07,1.16279e+07
0.316662,3525.71,1.49117e-07,1.15694e+07
0.317665,3542.72,1.57269e-07,1.14911e+07
0.318667,3559.72,1.51567e-07,1.13855e+07
0.319668,3576.63,1.43496e-07,1.13251e+07
0.320673,3593.86,1.41655e-07,1.13572e+07
0.321673,3611.71,1.55296e-07,1.12982e+07
0.322674,3629.02,1.37955e-07,1.12438e+07
0.323678,3646.5,1.40664e-07,1.11213e+07
0.32468,3664,1.49748e-07,1.1087e+07
0.32568,3681.35,1.51109e-07,1.10368e+07
0.326683,3699.09,1.3375e-07,1.09966e+07
0.327686,3716.61,1.62564e-07,1.09049e+07
0.328688,3733.91,1.46774e-07,1.07683e+07
0.32969,3751.03,1.49145e-07,1.06627e+07
0.33069,3767.85,1.40874e-07,1.06186e+07
0.331692,3785.56,1.40123e-07,1.05615e+07
0.332695,3803.22,1.42449e-07,1.04928e+07
0.333696,3820.46,1.45036e-07,1.03536e+07
0.3347,3837.81,1.40126e-07,1.02716e+07
0.335701,3855.22,1.56914e-07,1.01809e+07
0.336703,3872.17,1.4433e-07,1.00813e+07
0.337705,3888.74,1.42477e-07,9.98042e+06
0.338708,3906.27,1.48478e-07,9.95471e+06
0.339708,3922.94,1.52333e-07,9.8556e+06
0.340712,3939.68,1.44983e-07,9.81482e+06
0.341713,3956.49,1.59521e-07,9.74433e+06
0.342715,3973.86,1.46299e-07,9.64121e+06
0.343716,3990.43,1.46458e-07,9.54318e+06
0.344719,4006.79,1.53185e-07,9.43268e+06
0.34572,4024.04,1.44898e-07,9.32013e+06
0.346723,4041.21,1.39121e-07,9.24863e+06
0.347725,4058.16,1.61758e-07,9.1743e+06
0.348728,4074.82,1.45813e-07,9.12803e+06
0.349728,4091.41,1.43173e-07,8.98774e+06
0.350731,4107.88,1.49557e-07,8.94149e+06
0.351733,4125.14,1.52024e-07,8.93554e+06
0.352736,4142.06,1.39812e-07,8.90895e+06
0.353738,4159.15,1.47226e-07,8.86449e+06
0.354739,4175.7,1.48075e-07,8.73747e+06
0.355741,4192.59,1.53693e-07,8.61123e+06
0.356742,4209.5,1.55322e-07,8.58918e+06
0.357745,4226.05,1.52114e-07,8.58927e+06
0.358746,4242.94,1.49323e-07,8.55414e+06
0.359748,4259.72,1.4674e-07,8.47047e+06
0.360752,4276.38,1.4553e-07,8.37229e+06
0.361753,4293.15,1.50934e-07,8.33085e+06
0.362754,4309.41,1.53505e-07,8.22609e+06
0.363758,4326.22,1.52223e-07,8.20048e+06
0.36476,4343.1,1.50359e-07,8.07173e+06
0.36576,4359.96,1.52292e-07,8.02357e+06
0.366765,4376.45,1.4949e-07,7.96111e+06
0.367766,4393.17,1.59092e-07,7.89969e+06
0.368767,4409.15,1.45996e-07,7.87385e+06
0.36977,4425.3,1.4711e-07,7.80854e+06
0.370771,4442.04,1.47111e-07,7.71857e+06
0.371773,4458.02,1.47124e-07,7.62595e+06
0.372776,4474.43,1.49796e-07,7.54874e+06
0.373777,4491.18,1.53268e-07,7.44905e+06
0.374781,4507.79,1.52685e-07,7.30379e+06
0.375783,4524.15,1.46063e-07,7.23807e+06
0.376783,4540.51,1.46193e-07,7.2121e+06
0.377785,4557.05,1.54378e-07,7.14743e+06
0.378787,4573.66,1.41539e-07,7.09517e+06
0.37979,4589.57,1.47459e-07,7.03961e+06
0.380791,4605.89,1.48465e-07,6.97684e+06
0.381792,4621.78,1.47234e-07,6.91064e+06
0.382795,4637.71,1.51701e-07,6.85797e+06
0.383797,4653.84,1.49444e-07,6.85548e+06
0.384799,4669.8,1.4324e-07,6.85654e+06
0.385801,4686.19,1.5785e-07,6.72198e+06
0.386804,4702.1,1.47758e-07,6.69171e+06
0.387805,4718.36,1.51887e-07,6.64758e+06
0.388807,4734.47,1.47046e-07,6.55878e+06
0.38981,4750.4,1.49788e-07,6.51475e+06
0.39081,4766.58,1.53799e-07,6.45855e+06
0.391814,4782.44,1.34538e-07,6.44831e+06
0.392816,4798.31,1.40364e-07,6.34329e+06
0.393818,4814.21,1.47653e-07,6.3015e+06
0.394819,4829.83,1.56745e-07,6.27316e+06
0.39582,4846.56,1.52054e-07,6.1989e+06
0.396823,4862.66,1.54714e-07,6.15459e+06
0.397826,4878.78,1.37189e-07,6.14047e+06
0.398828,4894.64,1.49878e-07,6.05342e+06
0.399828,4910.4,1.47438e-07,6.02399e+06
0.400832,4926.45,1.47641e-07,5.92803e+06
0.401834,4941.95,1.421e-07,5.90316e+06
0.402837,4957.97,1.53864e-07,5.83646e+06
0.403837,4973.84,1.40079e-07,5.76442e+06
0.404839,4989.73,1.44345e-07,5.73937e+06
0.405842,5005.12,1.5639e-07,5.68241e+06
0.406843,5020.85,1.43239e-07,5.57783e+06
0.407845,5036.44,1.47475e-07,5.50952e+06
0.408848,5052.01,1.40458e-07,5.47199e+06
0.409849,5067.48,1.54546e-07,5.45611e+06
0.410853,5082.85,1.45627e-07,5.39673e+06
0.411854,5097.45,1.52808e-07,5.37692e+06
0.412856,5112.7,1.48679e-07,5.26773e+06
0.413857,5127.7,1.51658e-07,5.22361e+06
0.414859,5143.48,1.36523e-07,5.14508e+06
0.415863,5158.74,1.42128e-07,5.13603e+06
0.416864,5174,1.43967e-07,5.05568e+06
0.417866,5189.01,1.5233e-07,5.02602e+06
0.418868,5204.02,1.5178e-07,4.98863e+06
0.419868,5219.07,1.45872e-07,4.94009e+06
0.420873,5234.13,1.51365e-07,4.85968e+06
0.421874,5249.46,1.49494e-07,4.81824e+06
0.422875,5264.48,1.54316e-07,4.76531e+06
0.423878,5279.54,1.42258e-07,4.76975e+06
0.424881,5294.74,1.43792e-07,4.7189e+06
0.425881,5309.23,1.44821e-07,4.65032e+06
0.426883,5324.36,1.44367e-07,4.59169e+06
0.427887,5339.09,1.44334e-07,4.57014e+06
0.428887,5354.25,1.52573e-07,4.58938e+06
0.42989,5369.07,1.57238e-07,4.57642e+06
0.430892,5383.42,1.50447e-07,4.51542e+06
0.431893,5397.62,1.55983e-07,4.45738e+06
0.432895,5412.07,1.46875e-07,4.37268e+06
0.433897,5426.3,1.55755e-07,4.32102e+06
0.4349,5441.17,1.35651e-07,4.27667e+06
0.435901,5455.86,1.39175e-07,4.23069e+06
0.436903,5470.52,1.49695e-07,4.18462e+06
0.437904,5484.74,1.48012e-07,4.1085e+06
0.438907,5498.79,1.50056e-07,4.05198e+06
0.43991,5512.4,1.50781e-07,4.01857e+06
0.440911,5526.58,1.42953e-07,3.9934e+06
0.441912,5540.86,1.47282e-07,3.95358e+06
0.442915,5555.24,1.47731e-07,3.90064e+06
0.443916,5569.23,1.39937e-07,3.87241e+06
0.44492,5583.53,1.50913e-07,3.86286e+06
0.445921,5597.38,1.45885e-07,3.83396e+06
0.446924,5611.73,1.38652e-07,3.7981e+06
0.447925,5626.18,1.40628e-07,3.74483e+06
0.448928,5640.24,1.39014e-07,3.70683e+06
0.449929,5654.28,1.49045e-07,3.65384e+06
0.450932,5667.93,1.51203e-07,3.61424e+06
0.451933,5681.18,1.35427e-07,3.59519e+06
0.452935,5695.29,1.5794e-07,3.52693e+06
0.453937,5709.24,1.52156e-07,3.45995e+06
0.45494,5723.17,1.43219e-07,3.43647e+06
0.455942,5736.51,1.45384e-07,3.38057e+06
0.456943,5749.88,1.49679e-07,3.33906e+06
0.457946,5763.3,1.42501e-07,3.28288e+06
0.458948,5776.66,1.53468e-07,3.28744e+06
0.45995,5790.43,1.44718e-07,3.27982e+06
0.460952,5803.9,1.52023e-07,3.27433e+06
0.461954,5816.98,1.43334e-07,3.24873e+06
0.462955,5829.94,1.45984e-07,3.19756e+06
0.463958,5842.97,1.4422e-07,3.15526e+06
0.46496,5856.14,1.52411e-07,3.10455e+06
0.465962,5868.97,1.42884e-07,3.08771e+06
0.466964,5882.08,1.4784e-07,3.07974e+06
0.467964,5895.12,1.43796e-07,3.0553e+06
0.468967,5908.21,1.55807e-07,3.02425e+06
0.46997,5921.26,1.42202e-07,2.95096e+06
0.470972,5934.09,1.52115e-07,2.88941e+06
0.471974,5946.85,1.43903e-07,2.82997e+06
0.472976,5959.93,1.45726e-07,2.8285e+06
0.473978,5973.06,1.45773e-07,2.7943e+06
0.47498,5985.55,1.50665e-07,2.77555e+06
0.475982,5998.27,1.47579e-07,2.756e+06
0.476983,6010.79,1.44054e-07,2.70692e+06
0.477986,6023.29,1.46519e-07,2.66786e+06
0.478988,6035.97,1.49317e-07,2.64268e+06
0.479989,6048.66,1.51276e-07,2.60192e+06
0.480992,6061.21,1.46061e-07,2.55751e+06
0.481994,6073.54,1.61073e-07,2.53431e+06
0.482996,6085.6,1.51039e-07,2.48421e+06
0.483998,6097.79,1.34449e-07,2.45778e+06
0.485,6110.71,1.42783e-07,2.42915e+06
0.486002,6122.8,1.55315e-07,2.43349e+06
0.487004,6134.89,1.37878e-07,2.40168e+06
0.488007,6147.11,1.63282e-07,2.38561e+06
0.489009,6158.85,1.46108e-07,2.35581e+06
0.49001,6171.02,1.52725e-07,2.32191e+06
0.491013,6182.93,1.60791e-07,2.34701e+06
0.492014,6194.78,1.42327e-07,2.31528e+06
0.493016,6207.13,1.48861e-07,2.29022e+06
0.494019,6218.94,1.49936e-07,2.25541e+06
0.495019,6230.93,1.48216e-07,2.22104e+06
0.496021,6242.56,1.57303e-07,2.20557e+06
0.497023,6254.31,1.46551e-07,2.21241e+06
0.498026,6265.75,1.49276e-07,2.17453e+06
0.499029,6277.49,1.40572e-07,2.16363e+06
0.500028,6288.94,2.24908e-07,2.1457e+06
0.501031,6300.55,1.39492e-07,2.10598e+06
0.502034,6311.98,1.50074e-07,2.08616e+06
0.503036,6323.18,1.44913e-07,2.05168e+06
0.504039,6334.69,1.58107e-07,2.03277e+06
0.505041,6345.86,1.47944e-07,1.98362e+06
0.506041,6356.76,1.50505e-07,1.96439e+06
0.507043,6368.17,1.48717e-07,1.9137e+06
0.508046,6379.5,1.42687e-07,1.88047e+06
0.509046,6390.65,1.60283e-07,1.84243e+06
0.510049,6401.94,1.53618e-07,1.81837e+06
0.511051,6412.82,1.44866e-07,1.7982e+06
0.512053,6424.25,1.64458e-07,1.77333e+06
0.513055,6435.12,1.3757e-07,1.74489e+06
0.514058,6446.27,1.55417e-07,1.73853e+06
0.51506,6456.84,1.42615e-07,1.71612e+06
0.516062,6467.78,1.3452e-07,1.69241e+06
0.517064,6478.26,1.51565e-07,1.67041e+06
0.518065,6489.14,1.61882e-07,1.66222e+06
0.519067,6499.95,1.46485e-07,1.65774e+06
0.520071,6510.46,1.51097e-07,1.6194e+06
0.521072,6521.19,1.48732e-07,1.61166e+06
0.522073,6532.08,1.45115e-07,1.60333e+06
0.523077,6543.05,1.44409e-07,1.57417e+06
0.524078,6553.2,1.47273e-07,1.55165e+06
0.525079,6563.5,1.51354e-07,1.53657e+06
0.526082,6573.98,1.46114e-07,1.5208e+06
0.527084,6584.04,1.44497e-07,1.50083e+06
0.528085,6594.09,1.44051e-07,1.49668e+06
0.529088,6604.27,1.52469e-07,1.46263e+06
0.53009,6614.48,1.42612e-07,1.44754e+06
0.531093,6624.54,1.54838e-07,1.41732e+06
0.532095,6634.72,1.44499e-07,1.40167e+06
0.533096,6644.61,1.47401e-07,1.37424e+06
0.534098,6654.89,1.43481e-07,1.35426e+06
0.5351,6664.93,1.52034e-07,1.34003e+06
0.536101,6674.72,1.44048e-07,1.32289e+06
0.537104,6684.32,1.47211e-07,1.31556e+06
0.538105,6693.91,1.44623e-07,1.30011e+06
0.539108,6703.3,1.51051e-07,1.27748e+06
0.540109,6712.9,1.45653e-07,1.27039e+06
0.541112,6722.44,1.54279e-07,1.26595e+06
0.542114,6732.11,1.43084e-07,1.25706e+06
0.543117,6741.62,1.5013e-07,1.25647e+06
0.544118,6751.01,1.44011e-07,1.24725e+06
0.545119,6760.7,1.43308e-07,1.21556e+06
0.546123,6770.29,1.51615e-07,1.21419e+06
0.547124,6779.4,1.56854e-07,1.20103e+06
0.548127,6788.78,1.36717e-07,1.19739e+06
0.549128,6797.78,1.52003e-07,1.18912e+06
0.550131,6806.26,1.4822e-07,1.17326e+06
0.551131,6815.2,1.38822e-07,1.16017e+06
0.552134,6824.33,1.40994e-07,1.14633e+06
0.553136,6833,1.36778e-07,1.14251e+06
0.554139,6841.8,1.45352e-07,1.14353e+06
0.55514,6850.62,1.50279e-07,1.11468e+06
0.556143,6859.72,1.41171e-07,1.0945e+06
0.557144,6868.31,1.47284e-07,1.07684e+06
0.558148,6877.47,1.47381e-07,1.05099e+06
0.559148,6886.22,1.4292e-07,1.03907e+06
0.56015,6895.15,1.50054e-07,1.01796e+06
0.561152,6903.86,1.49111e-07,1.00889e+06
0.562155,6912.22,1.48495e-07,1.01116e+06
0.563156,6920.9,1.48674e-07,995774
0.564158,6929.54,1.39266e-07,986370
0.56516,6938.04,1.34003e-07,961219
0.566162,6946.14,1.54522e-07,955233
0.567165,6954.03,1.47467e-07,941965
0.568166,6962.42,1.5434e-07,936098
0.569168,6971.07,1.48386e-07,923325
0.57017,6979.63,1.58753e-07,908293
0.571172,6987.7,1.53449e-07,910143
0.572173,6996.06,1.4397e-07,897878
0.573177,7004.39,1.44488e-07,887929
0.574178,7012.55,1.44997e-07,873410
0.575179,7020.5,1.43551e-07,873131
0.576182,7028.44,1.4229e-07,858177
0.577185,7036.13,1.53294e-07,853782
0.578186,7044.02,1.4909e-07,839720
0.579187,7051.93,1.5026e-07,828582
0.580191,7059.52,1.46588e-07,823981
0.581192,7067.16,1.51182e-07,821143
0.582194,7074.97,1.52626e-07,825421
0.583196,7082.59,1.42871e-07,823847
0.584197,7090.31,1.41484e-07,813785
0.585201,7097.93,1.37262e-07,799005
0.586202,7105.17,1.50496e-07,777421
0.587204,7112.66,1.48643e-07,772497
0.588206,7120.18,1.52354e-07,766328
0.589207,7127.24,1.47148e-07,750790
0.590211,7134.75,1.55337e-07,733119
0.591212,7142.18,1.3965e-07,711999
0.592215,7149.22,1.48839e-07,698743
0.593217,7156.67,1.42137e-07,692579
0.594217,7163.97,1.56572e-07,679761
0.595221,7171.01,1.43651e-07,660376
0.596223,7178.24,1.39801e-07,660767
0.597223,7185.53,1.53857e-07,648561
0.598226,7192.46,1.41004e-07,646222
0.599228,7199.47,1.47007e-07,628994
0.600231,7206.78,1.48164e-07,630785
0.601232,7213.82,1.49477e-07,610361
0.602234,7220.61,1.37616e-07,600201
0.603236,7227.51,1.55547e-07,596713
0.604239,7234.15,1.52394e-07,593045
0.60524,7240.93,1.55781e-07,599205
0.606242,7247.45,1.48344e-07,597820
0.607243,7254.34,1.40418e-07,593077
0.608246,7260.89,1.34866e-07,594706
0.60925,7267.57,1.55002e-07,600057
0.61025,7274.09,1.49203e-07,592513
0.611253,7280.59,1.46711e-07,584845
0.612255,7287.09,1.51972e-07,580711
0.613256,7293.74,1.48981e-07,571571
0.614258,7299.99,1.58833e-07,567702
0.615261,7306.25,1.44254e-07,561668
0.616262,7312.5,1.4807e-07,555349
0.617265,7318.95,1.50333e-07,552302
0.618268,7324.97,1.46936e-07,548599
0.619268,7331.16,1.47506e-07,539107
0.62027,7337.43,1.48089e-07,536365
0.621273,7343.56,1.41065e-07,527905
0.622275,7349.68,1.54177e-07,516348
0.623277,7355.87,1.48613e-07,510630
0.624277,7361.72,1.46262e-07,502447
0.625279,7367.31,1.54164e-07,495940
0.626283,7373.31,1.53281e-07,497974
0.627283,7379.06,1.48684e-07,494804
0.628287,7384.71,1.49939e-07,486311
0.629289,7390.31,1.47174e-07,483714
0.63029,7395.9,1.47723e-07,482373
0.631293,7401.62,1.46822e-07,479832
0.632294,7407.27,1.60001e-07,476602
0.633295,7412.9,1.47983e-07,472200
0.6343,7418.5,1.53588e-07,469561
0.6353,7424.23,1.514e-07,457407
0.636302,7429.84,1.53474e-07,455675
0.637306,7435.45,1.53348e-07,449474
0.638307,7440.66,1.50718e-07,445031
0.639308,7446.18,1.45641e-07,442487
0.640312,7451.47,1.474e-07,428057
0.641314,7456.62,1.48174e-07,428261
0.642314,7461.88,1.50229e-07,424247
0.643318,7466.93,1.55236e-07,418069
0.644319,7471.97,1.53494e-07,411091
0.64532,7477.14,1.48348e-07,405695
0.646322,7481.94,1.48132e-07,398894
0.647323,7487.05,1.39842e-07,387672
0.648327,7491.9,1.51247e-07,381001
0.649328,7496.99,1.47981e-07,378663
0.650332,7501.96,1.42546e-07,378015
0.651332,7506.81,1.46445e-07,373042
0.652335,7511.83,1.63831e-07,368280
0.653336,7516.67,1.38606e-07,358771
0.65434,7521.38,1.44052e-07,359816
0.655341,7526.29,1.52466e-07,350429
0.656343,7531.02,1.4462e-07,347409
0.657345,7535.83,1.45557e-07,350236
0.658346,7540.41,1.59815e-07,345897
0.659348,7545.12,1.44852e-07,341463
0.660351,7549.78,1.51487e-07,337631
0.661352,7554.37,1.46238e-07,334301
0.662355,7559.01,1.41973e-07,325805
0.663357,7563.36,1.43468e-07,316378
0.664359,7567.72,1.56033e-07,315116
0.66536,7572.25,1.39105e-07,309929
0.666364,7576.79,1.45117e-07,310234
0.667365,7581.16,1.43221e-07,308966
0.668367,7585.51,1.40761e-07,307817
0.669369,7589.81,1.4153e-07,307128
0.67037,7594.09,1.49718e-07,302762
0.671372,7598.37,1.47227e-07,299765
0.672374,7602.43,1.63144e-07,297947
0.673376,7606.71,1.35055e-07,297279
0.67438,7611.1,1.50167e-07,295115
0.67538,7615.25,1.50064e-07,294562
0.676382,7619.38,1.38771e-07,291314
0.677386,7623.51,1.39091e-07,287145
0.678387,7627.41,1.55175e-07,281141
0.679387,7631.35,1.43122e-07,275374
0.680391,7635.53,1.42837e-07,272621
0.681393,7639.24,1.52208e-07,267441
0.682394,7643.18,1.5693e-07,261417
0.683397,7647.22,1.50118e-07,258287
0.684398,7650.95,1.48521e-07,253122
0.685401,7654.86,1.40439e-07,255219
0.686404,7658.63,1.52066e-07,251220
0.687405,7662.51,1.46975e-07,250195
0.688406,7666.24,1.47334e-07,249750
0.689408,7670.1,1.50018e-07,245790
0.690409,7673.79,1.44759e-07,245429
0.691411,7677.52,1.45761e-07,242763
0.692415,7681.15,1.42859e-07,241316
0.693417,7684.54,1.45701e-07,243694
0.694419,7688.17,1.39785e-07,240629
0.695419,7691.77,1.47698e-07,235166
0.696424,7695.25,1.37349e-07,230355
0.697425,7698.86,1.6087e-07,224246
0.698426,7702.35,1.61326e-07,219282
0.699427,7705.61,1.41768e-07,220313
0.700431,7709.31,1.45428e-07,214547
0.701433,7712.73,1.46994e-07,212359
0.702433,7715.94,1.42131e-07,210314
0.703437,7719.28,1.47621e-07,206254
0.704439,7722.7,1.43313e-07,205535
0.705442,7725.9,1.62722e-07,204810
0.706443,7729.02,1.61572e-07,202131
0.707444,7732.18,1.46302e-07,197783
0.708446,7735.35,1.47695e-07,195710
0.709449,7738.49,1.47732e-07,193857
0.710451,7741.56,1.47257e-07,191639
0.711453,7744.81,1.53184e-07,189694
0.712456,7747.88,1.49335e-07,185927
0.713455,7750.79,1.57697e-07,185380
0.714458,7754,1.4648e-07,184678
0.715461,7756.94,1.53984e-07,182850
0.716462,7759.8,1.59295e-07,181995
0.717464,7762.74,1.42542e-07,179696
0.718467,7765.5,1.44973e-07,180577
0.719468,7768.17,1.51288e-07,180848
0.720471,7770.93,1.48487e-07,177536
0.721472,7773.74,1.46996e-07,174367
0.722475,7776.7,1.51567e-07,170768
0.723477,7779.69,1.5271e-07,168897
0.724479,7782.53,1.55265e-07,163553
0.72548,7785.16,1.51992e-07,159474
0.726482,7787.76,1.46223e-07,156624
0.727486,7790.22,1.41533e-07,154987
0.728486,7792.83,1.45744e-07,152129
0.729488,7795.49,1.49145e-07,150169
0.730493,7798.04,1.53494e-07,142603
0.731493,7800.6,1.53679e-07,137810
0.732494,7803.16,1.53323e-07,135096
0.733496,7805.74,1.47266e-07,132415
0.734499,7808.2,1.47588e-07,131291
0.735501,7810.75,1.53912e-07,127589
0.736502,7813.41,1.46903e-07,124769
0.737505,7815.8,1.50275e-07,120481
0.738507,7818.28,1.45843e-07,121141
0.739509,7820.81,1.41002e-07,121658
0.74051,7822.96,1.35337e-07,118982
0.741512,7825.23,1.42404e-07,115895
0.742515,7827.58,1.37264e-07,114692
0.743517,7829.87,1.43555e-07,114411
0.744519,7832.28,1.43417e-07,113161
0.745522,7834.37,1.53485e-07,112285
0.746522,7836.67,1.45021e-07,109095
0.747525,7838.76,1.47127e-07,104610
0.748526,7840.97,1.51036e-07,102785
0.749532,7843.3,1.41385e-07,102360
0.75053,7845.4,1.44212e-07,99642.2
0.751532,7847.35,1.35631e-07,97163.8
0.752533,7849.32,1.46564e-07,95896.4
0.753537,7851.4,1.53729e-07,95380.2
0.754538,7853.52,1.50789e-07,94040.8
0.755541,7855.54,1.53728e-07,93834
0.756542,7857.47,1.45312e-07,92698.5
0.757545,7859.38,1.48619e-07,91250.3
0.758547,7861.38,1.57741e-07,88508.3
0.759549,7863.29,1.48303e-07,87145.8
0.760551,7865.34,1.43664e-07,84889.9
0.761553,7867.27,1.54166e-07,84079
0.762553,7869.13,1.42257e-07,82173.8
0.763556,7870.92,1.38562e-07,80993.6
0.764559,7872.72,1.55665e-07,79009.9
0.76556,7874.51,1.54289e-07,78274.9
0.766563,7876.27,1.52164e-07,77612.6
0.767564,7878.14,1.50328e-07,77630.2
0.768566,7879.9,1.46217e-07,77625
0.769569,7881.58,1.44484e-07,78175.5
0.770571,7883.24,1.43195e-07,78224.7
0.771573,7885.03,1.45107e-07,76543.5
0.772574,7886.81,1.51064e-07,75629.6
0.773578,7888.43,1.5565e-07,75654.8
0.77458,7890.05,1.49692e-07,75031.9
0.77558,7891.73,1.49948e-07,73329.5
0.776584,7893.53,1.42958e-07,73114.5
0.777585,7895.24,1.35094e-07,70854.7
0.778588,7896.82,1.52138e-07,70014.4
0.779589,7898.46,1.38379e-07,69760.1
0.780592,7900.07,1.49725e-07,68058.8
0.781591,7901.43,1.49482e-07,67520.4
0.782596,7903.06,1.41401e-07,66524
0.783598,7904.6,1.42923e-07,65326
0.784599,7906.08,1.47255e-07,63221.1
0.785602,7907.46,1.51285e-07,61676.3
0.786602,7908.88,1.56155e-07,60551.3
0.787604,7910.23,1.44459e-07,59536.6
0.788607,7911.66,1.48711e-07,58018.8
0.789608,7912.94,1.44353e-07,56540
0.790612,7914.26,1.45772e-07,56938.2
0.791613,7915.58,1.39837e-07,55519.5
0.792616,7916.98,1.55767e-07,55320.8
0.793617,7918.45,1.60721e-07,54793.5
0.794618,7919.8,1.4999e-07,55114.8
0.795621,7920.97,1.41922e-07,53908.4
0.796623,7922.35,1.49048e-07,53554.3
0.797625,7923.49,1.47429e-07,52729
0.798626,7924.66,1.52337e-07,51852.8
0.799629,7925.89,1.34812e-07,50896.5
0.800631,7927.12,1.50083e-07,50422
0.801633,7928.35,1.52628e-07,49087.4
0.802634,7929.54,1.54398e-07,47970.3
0.803637,7930.92,1.43869e-07,47186.5
0.804639,7932.27,1.56004e-07,46726.1
0.805642,7933.4,1.42847e-07,45132
0.806642,7934.52,1.56845e-07,44402.9
0.807646,7935.61,1.52105e-07,44232.7
0.808646,7936.69,1.54921e-07,43720.6
0.809648,7937.76,1.42814e-07,42332.2
0.810651,7938.84,1.49848e-07,41498.6
0.811654,7939.94,1.47213e-07,40966
0.812653,7941.08,1.52029e-07,40308
0.813656,7942.11,1.48793e-07,39502.2
0.814659,7943.13,1.43694e-07,39417.3
0.815661,7944.22,1.39054e-07,38768.4
0.816662,7945.31,1.45003e-07,38681.7
0.817664,7946.24,1.52557e-07,38136.2
0.818669,7947.24,1.53845e-07,36494.2
0.819668,7948.19,1.45825e-07,35411
0.820671,7949.26,1.37575e-07,34395.2
0.821674,7950.26,1.57391e-07,33428.2
0.822675,7951.11,1.42581e-07,33463.7
0.823677,7952.03,1.53139e-07,32458.4
0.824678,7953,1.52896e-07,31888
0.82568,7953.87,1.57969e-07,31141.8
0.826682,7954.72,1.46924e-07,30843.9
0.827685,7955.65,1.46982e-07,29886.3
0.828688,7956.45,1.44701e-07,29595.7
0.82969,7957.2,1.53592e-07,29600.6
0.830691,7958.05,1.49126e-07,29456.6
0.831693,7958.95,1.41624e-07,28597.8
0.832695,7959.7,1.48214e-07,27723
0.833698,7960.5,1.39322e-07,27233
0.834701,7961.28,1.39904e-07,26781.9
0.835701,7961.99,1.57454e-07,26361.9
0.836702,7962.71,1.40538e-07,25473.4
0.837705,7963.41,1.51372e-07,24838.6
0.838708,7964.15,1.45971e-07,24496.4
0.839707,7964.85,1.48892e-07,24292.4
0.840711,7965.59,1.43952e-07,23693.3
0.841715,7966.32,1.44711e-07,23005.5
0.842716,7967,1.45677e-07,22338
0.843718,7967.63,1.42251e-07,22172.8
0.844719,7968.34,1.4518e-07,21778.8
0.84572,7968.98,1.56369e-07,21069.8
0.846723,7969.6,1.44677e-07,20693.8
0.847725,7970.19,1.42606e-07,20662.2
0.848728,7970.82,1.51295e-07,20238.4
0.849729,7971.49,1.45688e-07,19758.9
0.850732,7972.15,1.46072e-07,19215.7
0.851734,7972.78,1.51189e-07,18748.9
0.852736,7973.33,1.4785e-07,18639.2
0.853735,7973.94,1.43154e-07,18069.1
0.85474,7974.44,1.45324e-07,17847.2
0.855742,7975,1.52233e-07,16979
0.856743,7975.61,1.43431e-07,16351.2
0.857745,7976.1,1.41805e-07,15855
0.858748,7976.64,1.42437e-07,15303.2
0.859749,7977.17,1.49801e-07,14387.9
0.860751,7977.64,1.50784e-07,14115.2
0.861755,7978.13,1.37284e-07,13821.1
0.862754,7978.59,1.52347e-07,13398.9
0.863757,7979.04,1.50366e-07,13255
0.864758,7979.53,1.51116e-07,12920.5
0.865761,7980.05,1.52335e-07,12849.8
0.866764,7980.54,1.43037e-07,12674.4
0.867765,7981.01,1.5851e-07,12349
0.868766,7981.43,1.49007e-07,12096.4
0.86977,7981.87,1.46569e-07,11777.1
0.870771,7982.31,1.57495e-07,11321.3
0.871774,7982.78,1.43575e-07,11026.4
0.872775,7983.23,1.51363e-07,10745.5
0.873776,7983.63,1.59369e-07,10466
0.874779,7984.03,1.34474e-07,9998.66
0.87578,7984.42,1.43927e-07,9625.64
0.876783,7984.79,1.52881e-07,9505.78
0.877785,7985.17,1.43427e-07,9317.86
0.878788,7985.59,1.60251e-07,9007.13
0.87979,7986,1.44515e-07,8779.99
0.880791,7986.35,1.49659e-07,8426.34
0.881793,7986.71,1.5069e-07,8303.78
0.882796,7987.07,1.52288e-07,7799.69
0.883797,7987.34,1.47218e-07,7788.83
0.8848,7987.68,1.50466e-07,7364.44
0.885802,7987.98,1.50591e-07,7214.84
0.886803,7988.31,1.52418e-07,7117.7
0.887805,7988.65,1.47752e-07,6901.45
0.888808,7988.95,1.50739e-07,6758.85
0.889809,7989.29,1.43734e-07,6347.78
0.890811,7989.63,1.52336e-07,6186.81
0.891814,7989.96,1.50462e-07,6005.35
0.892817,7990.23,1.47905e-07,5933.09
0.893818,7990.53,1.51231e-07,5778.66
0.894818,7990.79,1.49523e-07,5720.95
0.895821,7991.02,1.40173e-07,5505.87
0.896822,7991.31,1.53533e-07,5292.95
0.897825,7991.63,1.38374e-07,5110.81
0.898828,7991.88,1.4692e-07,4908.8
0.899829,7992.13,1.51748e-07,4788.55
0.900831,7992.41,1.42636e-07,4427.3
0.901834,7992.62,1.42879e-07,4372.04
0.902836,7992.87,1.49027e-07,4143.06
0.903838,7993.09,1.53641e-07,4192.95
0.904838,7993.32,1.46885e-07,4038.07
0.905842,7993.53,1.51867e-07,3794.49
0.906844,7993.75,1.45113e-07,3598.74
0.907846,7993.97,1.54474e-07,3397.61
0.908847,7994.14,1.44627e-07,3288.2
0.90985,7994.33,1.44131e-07,3212.89
0.910852,7994.51,1.52794e-07,3150.97
0.911853,7994.7,1.60313e-07,2981
0.912856,7994.85,1.52351e-07,2952.45
0.913858,7995.05,1.50964e-07,2802.65
0.914859,7995.21,1.51854e-07,2676.1
0.915862,7995.38,1.41521e-07,2596.27
0.916863,7995.54,1.43665e-07,2522.28
0.917865,7995.69,1.5199e-07,2500.57
0.918868,7995.87,1.55461e-07,2429.29
0.91987,7996.04,1.57663e-07,2266.12
0.920874,7996.2,1.32447e-07,2201.4
0.921874,7996.37,1.58339e-07,2042.02
0.922875,7996.47,1.53679e-07,1932.55
0.923878,7996.61,1.51431e-07,1872.73
0.92488,7996.73,1.48984e-07,1747.62
0.925881,7996.88,1.45796e-07,1643.27
0.926883,7996.99,1.49978e-07,1568.9
0.927886,7997.13,1.50684e-07,1539.06
0.928887,7997.24,1.45309e-07,1454.23
0.92989,7997.38,1.3789e-07,1367.8
0.930892,7997.49,1.42536e-07,1268.9
0.931893,7997.59,1.42402e-07,1200.58
0.932896,7997.71,1.53378e-07,1154.53
0.933897,7997.81,1.53598e-07,1099.57
0.9349,7997.89,1.45565e-07,1062.17
0.935901,7997.99,1.59407e-07,998.902
0.936903,7998.08,1.51041e-07,969.112
0.937905,7998.17,1.41517e-07,915.862
0.938907,7998.25,1.46333e-07,910.248
0.939909,7998.36,1.49117e-07,845.478
0.94091,7998.46,1.3997e-07,812.352
0.941913,7998.55,1.45704e-07,759.75
0.942916,7998.63,1.38145e-07,715.062
0.943918,7998.72,1.43961e-07,658.8
0.944921,7998.79,1.55005e-07,632.95
0.945921,7998.86,1.41222e-07,593.478
0.946924,7998.92,1.46159e-07,553.112
0.947926,7998.99,1.45341e-07,516.902
0.948927,7999.05,1.36654e-07,480.848
0.94993,7999.09,1.50409e-07,452.582
0.950932,7999.15,1.47701e-07,445.75
0.951934,7999.2,1.53028e-07,399.192
0.952936,7999.25,1.47915e-07,381.75
0.953938,7999.3,1.40636e-07,357.398
0.95494,7999.34,1.58179e-07,336.518
0.955942,7999.37,1.47667e-07,320.022
0.956943,7999.42,1.56877e-07,289.638
0.957946,7999.46,1.46408e-07,280.278
0.958947,7999.51,1.60102e-07,256.902
0.959949,7999.55,1.49079e-07,243.942
0.960952,7999.57,1.45298e-07,234.262
0.961954,7999.61,1.52731e-07,219.382
0.962956,7999.62,1.53178e-07,212.038
0.963958,7999.66,1.56276e-07,194.832
0.964959,7999.68,1.37022e-07,177.158
0.965963,7999.7,1.38792e-07,164.192
0.966963,7999.72,1.47092e-07,158.8
0.967965,7999.74,1.46935e-07,152.678
0.968968,7999.76,1.45067e-07,138.152
0.96997,7999.79,1.45767e-07,122.368
0.970971,7999.82,1.41434e-07,107.072
0.971973,7999.83,1.42816e-07,95.888
0.972975,7999.84,1.42772e-07,89.832
0.973979,7999.86,1.54976e-07,80.918
0.974979,7999.88,1.39948e-07,72.312
0.975982,7999.89,1.51379e-07,65.728
0.976983,7999.9,1.52725e-07,59
0.977986,7999.92,1.50053e-07,41.112
0.978987,7999.93,1.42686e-07,36.822
0.979989,7999.95,1.45868e-07,26.648
0.980991,7999.95,1.52953e-07,23.942
0.981994,7999.96,1.47186e-07,23.032
0.982995,7999.96,1.34137e-07,17.352
0.983998,7999.97,1.51232e-07,12.662
0.985,7999.98,1.47385e-07,11.712
0.986002,7999.98,1.45961e-07,9.8
0.987004,7999.98,1.41072e-07,8.838
0.988006,7999.99,1.47321e-07,6.902
0.989007,7999.99,1.67004e-07,5.928
0.99001,7999.99,1.43266e-07,4.95
0.991012,7999.99,1.44396e-07,4.95
0.992014,7999.99,1.60311e-07,2.982
0.993016,8000,1.44798e-07,0.998
0.994017,8000,1.45371e-07,0
0.99502,8000,1.43973e-07,0
0.996022,8000,1.45328e-07,0
0.997023,8000,1.51574e-07,0
0.998027,8000,1.47516e-07,0
0.99903,8000,1.31364e-07,0
1,8000,0,0
0.0425075,43.512,0.373664,456683
4.75284,-1,-1,-1
