0,1,0,0
0.00105612,2.122,1.26824e-07,71.558
0.00204683,2.376,3.78447e-07,245.312
0.00305559,2.616,4.27552e-07,378.272
0.00405605,2.872,3.74171e-07,593.808
0.00505719,3.174,3.6005e-07,817.862
0.00606092,3.412,4.24805e-07,1005.13
0.00706041,3.646,3.62157e-07,1250.34
0.00806387,3.888,3.82486e-07,1621.73
0.00906779,4.124,4.10407e-07,2030.31
0.0100678,4.348,3.6617e-07,2463.45
0.01107,4.584,3.97298e-07,3077.47
0.0120733,4.814,3.73386e-07,3401.7
0.0130729,5.026,4.01123e-07,3708.66
0.0140768,5.282,3.62077e-07,4167.24
0.0150765,5.556,4.05887e-07,4825.43
0.0160809,5.748,3.71593e-07,5264.25
0.0170819,5.98,3.8263e-07,5859.8
0.018085,6.262,3.8698e-07,7062.68
0.0190876,6.504,3.80544e-07,7800.99
0.020087,6.79,3.83997e-07,8736.95
0.0210898,7.08,3.97339e-07,9704.8
0.022092,7.354,3.83155e-07,10868.3
0.0230935,7.604,3.91605e-07,11629.6
0.0240959,7.886,3.67992e-07,13068.5
0.0250986,8.132,3.71116e-07,13937.3
0.0261001,8.366,4.01064e-07,15014
0.0271035,8.632,3.85359e-07,16234.3
0.0281008,8.918,3.75922e-07,17871.6
0.0291061,9.218,3.77064e-07,18941.2
0.0301082,9.498,4.00637e-07,20227
0.0311108,9.744,4.04949e-07,21305.2
0.0321137,10.046,3.62454e-07,22747.9
0.0331135,10.302,3.92234e-07,24141.4
0.0341172,10.554,3.60194e-07,25067.5
0.0351174,10.81,3.77235e-07,26183
0.0361223,11.094,3.9592e-07,27890.6
0.0371214,11.344,3.7521e-07,29232.8
0.0381241,11.63,3.80819e-07,31050.6
0.0391276,11.946,3.7659e-07,33411.5
0.0401284,12.212,4.12517e-07,35029.5
0.0411289,12.54,3.69285e-07,37180.2
0.0421321,12.83,3.71958e-07,39094.5
0.0431316,13.074,3.92569e-07,41110.3
0.0441367,13.414,3.67603e-07,43595.3
0.045138,13.764,3.73536e-07,45752.2
0.046139,14.108,4.05031e-07,50518.2
0.0471408,14.408,4.05672e-07,52436.8
0.0481449,14.682,3.60299e-07,55160.4
0.0491459,14.956,3.88089e-07,57497
0.0501478,15.266,3.80003e-07,61183.6
0.0511498,15.566,3.61784e-07,63776.8
0.0521525,15.892,4.06172e-07,66694.2
0.053153,16.208,3.80044e-07,69588.4
0.0541557,16.61,3.86808e-07,73231
0.0551602,16.938,3.55589e-07,76979.1
0.0561575,17.33,3.78042e-07,81466.6
0.0571626,17.59,3.9523e-07,84274.9
0.0581639,17.912,3.60236e-07,87890.1
0.0591668,18.28,3.82623e-07,91152.8
0.060169,18.638,3.88919e-07,93855.5
0.061171,19.002,3.62231e-07,96899
0.062172,19.45,4.1254e-07,101446
0.0631738,19.864,3.76771e-07,105191
0.0641774,20.304,3.80816e-07,110564
0.0651788,20.742,3.8593e-07,113738
0.0661787,21.096,3.78853e-07,118577
0.0671827,21.506,3.76039e-07,122347
0.0681855,21.86,3.75456e-07,125918
0.0691828,22.272,3.93041e-07,131169
0.0701907,22.75,3.70283e-07,137392
0.0711908,23.084,3.95983e-07,140640
0.0721929,23.426,3.47476e-07,145182
0.0731937,23.812,3.99764e-07,151190
0.0741965,24.322,3.83903e-07,166227
0.0751985,24.778,3.83204e-07,170320
0.0762008,25.216,3.77231e-07,175623
0.077202,25.692,3.79598e-07,180983
0.0782053,26.136,3.7767e-07,186637
0.0792067,26.55,3.5865e-07,191252
0.0802073,26.968,4.26635e-07,197315
0.081212,27.494,3.72859e-07,205073
0.0822128,27.956,3.61348e-07,211965
0.0832147,28.414,4.08548e-07,219985
0.084215,28.828,3.75197e-07,226953
0.0852192,29.314,3.8876e-07,238412
0.0862191,29.812,3.71901e-07,248958
0.0872233,30.312,3.97933e-07,260483
0.0882245,30.872,3.59814e-07,270072
0.0892249,31.382,3.90923e-07,277204
0.0902285,31.904,3.8058e-07,285833
0.0912314,32.4,3.78278e-07,293660
0.0922308,33.006,4.16986e-07,301039
0.0932363,33.52,3.73668e-07,307609
0.0942351,34.132,3.67963e-07,315253
0.0952381,34.696,3.85989e-07,325714
0.0962414,35.432,3.70336e-07,343001
0.0972428,36.062,3.9392e-07,353815
0.0982442,36.674,4.04681e-07,367180
0.0992465,37.444,3.53754e-07,390935
0.100247,38.04,3.82441e-07,404049
0.101252,38.588,4.00421e-07,421531
0.102254,39.098,3.64801e-07,431098
0.103252,39.728,3.75229e-07,443037
0.104257,40.22,3.91133e-07,452500
0.105259,40.856,3.75505e-07,465396
0.106258,41.572,3.78488e-07,485160
0.107266,42.32,3.71646e-07,511767
0.108264,43.164,3.72601e-07,531887
0.109266,43.734,4.19189e-07,545184
0.11027,44.358,3.57348e-07,561363
0.11127,45.11,3.88788e-07,590141
0.112271,45.928,3.86763e-07,603853
0.113277,46.752,3.88476e-07,634087
0.114275,47.512,3.68477e-07,649001
0.115279,48.55,4.01013e-07,709124
0.116279,49.14,3.87864e-07,722644
0.117283,50.052,3.9048e-07,751961
0.118287,50.872,3.72196e-07,776598
0.119286,51.422,3.75317e-07,795930
0.120288,52.168,3.94122e-07,821408
0.121289,53.076,3.79386e-07,852247
0.122294,53.942,4.103e-07,871815
0.123294,54.634,3.56551e-07,892112
0.124296,55.312,3.95471e-07,908783
0.125299,56.038,3.7872e-07,924820
0.126301,56.734,3.89756e-07,947154
0.127303,57.62,3.88427e-07,966630
0.128305,58.434,3.94937e-07,990179
0.129305,59.392,3.66311e-07,1.02047e+06
0.130309,60.174,4.02239e-07,1.04163e+06
0.131309,60.904,3.62009e-07,1.06633e+06
0.132311,61.99,3.86351e-07,1.10799e+06
0.133315,62.914,3.72342e-07,1.13115e+06
0.134316,63.916,3.80736e-07,1.16838e+06
0.135319,65.012,4.18869e-07,1.206e+06
0.136323,66.086,3.6755e-07,1.2447e+06
0.13732,67.078,3.51936e-07,1.2834e+06
0.138323,68.108,4.07585e-07,1.32199e+06
0.139326,69.306,3.87913e-07,1.38051e+06
0.14033,70.184,3.71038e-07,1.41531e+06
0.141329,71.308,3.75642e-07,1.4551e+06
0.142333,72.15,3.84009e-07,1.49276e+06
0.143333,73.166,3.87794e-07,1.52398e+06
0.144337,74.19,3.81955e-07,1.55738e+06
0.145339,75.436,3.94237e-07,1.65745e+06
0.146341,76.594,3.75282e-07,1.72485e+06
0.147342,77.696,3.90865e-07,1.77999e+06
0.148344,78.512,3.77408e-07,1.81594e+06
0.149347,79.55,3.66653e-07,1.84823e+06
0.15035,80.676,3.88637e-07,1.92837e+06
0.151351,82.264,4.00378e-07,2.03162e+06
0.152352,83.79,3.53085e-07,2.11454e+06
0.153355,85.222,4.00881e-07,2.16562e+06
0.154358,86.482,3.78201e-07,2.206e+06
0.155357,87.53,3.97288e-07,2.26663e+06
0.156361,88.822,3.62583e-07,2.30637e+06
0.157364,89.892,4.01675e-07,2.35001e+06
0.158365,91.426,3.88766e-07,2.45176e+06
0.159365,93.208,3.64214e-07,2.52548e+06
0.160368,95.068,3.95039e-07,2.5943e+06
0.16137,96.458,3.79513e-07,2.64214e+06
0.162374,98.3,3.81736e-07,2.77878e+06
0.163373,100.096,3.90504e-07,2.86573e+06
0.164378,101.482,3.82714e-07,2.94e+06
0.165378,102.972,3.82169e-07,3.01056e+06
0.166381,104.938,3.96981e-07,3.10968e+06
0.167382,106.326,3.79321e-07,3.18815e+06
0.168383,108.204,3.72692e-07,3.3062e+06
0.169385,110.006,3.65271e-07,3.40151e+06
0.170389,111.902,4.05639e-07,3.54173e+06
0.171392,113.638,3.72184e-07,3.61524e+06
0.172391,115.692,3.69035e-07,3.75831e+06
0.173395,117.558,4.15362e-07,3.87543e+06
0.174397,119.958,3.73498e-07,4.04721e+06
0.175397,122.096,3.79816e-07,4.18696e+06
0.176403,123.704,3.75491e-07,4.27361e+06
0.177402,126.132,3.70723e-07,4.43372e+06
0.178403,127.81,3.73868e-07,4.56603e+06
0.179409,130.014,4.0769e-07,4.71783e+06
0.18041,132.08,3.44273e-07,4.81061e+06
0.18141,133.86,3.78785e-07,4.92864e+06
0.182412,135.874,4.21537e-07,5.02827e+06
0.183416,138.036,3.43986e-07,5.19339e+06
0.184415,140.178,3.96772e-07,5.29284e+06
0.18542,141.944,3.82749e-07,5.43797e+06
0.186422,143.984,3.88284e-07,5.59355e+06
0.187422,146.152,3.66624e-07,5.77502e+06
0.188424,148.252,3.72119e-07,5.98791e+06
0.189427,150.016,4.02435e-07,6.121e+06
0.190429,152.242,3.57229e-07,6.2807e+06
0.191431,154.304,3.96226e-07,6.4615e+06
0.192433,156.568,3.8334e-07,6.65656e+06
0.193433,158.982,3.72863e-07,6.84259e+06
0.19444,161.72,4.03145e-07,7.01607e+06
0.195437,163.806,3.66769e-07,7.17515e+06
0.19644,165.71,3.89023e-07,7.30242e+06
0.197444,167.908,3.92043e-07,7.47134e+06
0.198445,170.676,3.70089e-07,7.69497e+06
0.199446,173.328,4.02413e-07,7.94643e+06
0.200448,175.998,3.65978e-07,8.1374e+06
0.201449,179.134,3.71984e-07,8.34608e+06
0.202452,181.902,3.78169e-07,8.53982e+06
0.203454,184.776,4.04917e-07,8.76781e+06
0.204457,187.182,3.77211e-07,8.93232e+06
0.20546,189.68,3.93313e-07,9.10881e+06
0.206462,192.938,3.86587e-07,9.40556e+06
0.207463,195.346,3.87885e-07,9.55062e+06
0.208464,197.568,3.58026e-07,9.69149e+06
0.209465,200.524,3.89617e-07,9.84896e+06
0.210469,203.73,3.94928e-07,1.00346e+07
0.211471,206.884,3.79429e-07,1.02489e+07
0.212473,210.486,3.93318e-07,1.04746e+07
0.213475,213.71,3.71998e-07,1.06852e+07
0.214478,217.272,3.95221e-07,1.09683e+07
0.215479,220.37,3.94829e-07,1.11048e+07
0.216481,224.582,3.66243e-07,1.14133e+07
0.217483,227.512,3.81747e-07,1.15678e+07
0.218483,231.042,3.77844e-07,1.18719e+07
0.219486,233.932,4.03325e-07,1.21617e+07
0.22049,236.722,3.84644e-07,1.24526e+07
0.221493,240.736,3.72272e-07,1.27926e+07
0.22249,244.254,3.80311e-07,1.31132e+07
0.223496,248.138,3.65553e-07,1.3424e+07
0.224495,252.156,4.03747e-07,1.36866e+07
0.225501,255.418,3.86116e-07,1.39092e+07
0.226501,259.792,3.82964e-07,1.41787e+07
0.227502,263.44,3.86482e-07,1.43544e+07
0.228504,267.358,3.80828e-07,1.46238e+07
0.229506,270.94,3.62257e-07,1.49524e+07
0.230509,275.422,4.01201e-07,1.52816e+07
0.23151,279.428,3.697e-07,1.54948e+07
0.232512,283.75,3.9463e-07,1.57002e+07
0.233516,287.04,3.91097e-07,1.60045e+07
0.234517,291.324,3.86698e-07,1.63374e+07
0.235518,295.922,3.83813e-07,1.6743e+07
0.236522,300.494,3.85747e-07,1.69696e+07
0.237522,304.576,3.92038e-07,1.72589e+07
0.238526,308.446,3.61351e-07,1.75984e+07
0.239528,313.41,3.88703e-07,1.79482e+07
0.240528,317.142,3.87112e-07,1.82e+07
0.241532,321.514,3.86562e-07,1.85643e+07
0.242531,326.152,4.02161e-07,1.8907e+07
0.243536,331.016,3.9015e-07,1.91871e+07
0.244536,336.606,3.66009e-07,1.95178e+07
0.245538,341.07,3.87388e-07,1.97098e+07
0.24654,345.584,3.84351e-07,2.00268e+07
0.247544,349.194,3.62028e-07,2.03657e+07
0.248543,355.17,4.02087e-07,2.06595e+07
0.249548,359.698,3.67581e-07,2.10138e+07
0.25055,364.996,3.91281e-07,2.15355e+07
0.251551,370.432,3.91404e-07,2.17654e+07
0.252553,376.05,3.75367e-07,2.20539e+07
0.253555,381.518,3.76847e-07,2.23926e+07
0.254558,386.34,3.79459e-07,2.25729e+07
0.255558,391.188,3.7715e-07,2.2745e+07
0.256562,396.534,4.149e-07,2.29264e+07
0.257563,401.558,3.68037e-07,2.31964e+07
0.258566,407.568,3.85796e-07,2.35291e+07
0.259567,414.316,3.80484e-07,2.37819e+07
0.260568,420.714,3.73228e-07,2.40681e+07
0.261572,426.272,4.02319e-07,2.42552e+07
0.262573,431.844,3.8307e-07,2.46973e+07
0.263577,437.578,3.7817e-07,2.50556e+07
0.264576,443.06,3.74427e-07,2.53441e+07
0.26558,447.974,4.02687e-07,2.56701e+07
0.266583,455.156,3.67687e-07,2.58234e+07
0.267582,461.71,4.02151e-07,2.62859e+07
0.268586,467.064,3.82199e-07,2.66283e+07
0.269588,474.082,3.64105e-07,2.69538e+07
0.27059,479.824,4.05905e-07,2.71796e+07
0.271592,486.274,3.66665e-07,2.72433e+07
0.272594,492.458,3.89678e-07,2.74505e+07
0.273595,498.716,3.91998e-07,2.78502e+07
0.274596,505.296,3.73132e-07,2.82332e+07
0.2756,512.352,3.77384e-07,2.8487e+07
0.276599,518.878,3.99876e-07,2.90195e+07
0.277606,524.86,3.79681e-07,2.92192e+07
0.278605,532.066,3.71693e-07,2.94164e+07
0.279607,539.862,4.08191e-07,2.96345e+07
0.28061,545.764,3.63279e-07,2.99621e+07
0.281611,551.768,3.96544e-07,3.04025e+07
0.282614,558.638,3.85585e-07,3.06788e+07
0.283617,565.114,3.90306e-07,3.08301e+07
0.284616,571.49,3.74842e-07,3.10503e+07
0.285618,579.326,3.75112e-07,3.15967e+07
0.286622,585.83,3.85036e-07,3.17529e+07
0.287623,592.53,3.75472e-07,3.19955e+07
0.288626,598.96,4.02984e-07,3.21668e+07
0.289629,607.13,3.91742e-07,3.24723e+07
0.290631,614.128,3.67276e-07,3.26744e+07
0.291631,621.488,3.7697e-07,3.27691e+07
0.292635,629.244,4.03475e-07,3.30251e+07
0.293633,637.164,3.57418e-07,3.33078e+07
0.294636,644.59,3.90826e-07,3.35107e+07
0.295639,653.07,4.04476e-07,3.37473e+07
0.29664,659.978,3.58647e-07,3.39439e+07
0.297643,666.732,4.037e-07,3.40618e+07
0.298645,673.798,3.61098e-07,3.43973e+07
0.299646,680.72,3.96731e-07,3.49947e+07
0.300651,687.782,3.78292e-07,3.53764e+07
0.301652,696.776,3.7764e-07,3.53468e+07
0.302653,704.516,3.8058e-07,3.52788e+07
0.303655,712.034,4.03003e-07,3.55543e+07
0.304657,720.534,3.81084e-07,3.57477e+07
0.305658,727.882,3.80275e-07,3.6038e+07
0.306662,735.734,3.96978e-07,3.60827e+07
0.307663,743.556,3.89489e-07,3.63586e+07
0.308667,750.624,3.9004e-07,3.66848e+07
0.309668,760.976,3.54952e-07,3.67489e+07
0.310667,770.406,3.85231e-07,3.68883e+07
0.31167,776.892,4.01154e-07,3.72149e+07
0.312675,784.568,3.59793e-07,3.71481e+07
0.313672,791.886,3.95913e-07,3.73637e+07
0.31468,800.67,3.89915e-07,3.73001e+07
0.315679,809.332,3.57983e-07,3.74957e+07
0.31668,819.128,3.92857e-07,3.74925e+07
0.317686,826.99,3.87448e-07,3.77722e+07
0.318683,836.272,3.71513e-07,3.79338e+07
0.319687,844.382,3.79709e-07,3.80764e+07
0.320689,853.202,3.99127e-07,3.82102e+07
0.321694,860.272,3.63515e-07,3.84524e+07
0.322691,869.856,3.66472e-07,3.85872e+07
0.323693,877.734,3.91966e-07,3.88246e+07
0.3247,886.12,3.88068e-07,3.9009e+07
0.325699,895.262,3.83856e-07,3.8848e+07
0.326702,904.554,3.84555e-07,3.88047e+07
0.327703,914.428,3.90757e-07,3.86039e+07
0.328705,922.988,3.88745e-07,3.89703e+07
0.329708,930.528,3.88829e-07,3.92232e+07
0.33071,939.654,3.73843e-07,3.89659e+07
0.331712,948.456,3.5862e-07,3.90582e+07
0.332715,956.758,3.95525e-07,3.92951e+07
0.333718,966.434,3.71052e-07,3.90854e+07
0.334716,975.21,3.66053e-07,3.90547e+07
0.335719,983.58,3.91598e-07,3.95169e+07
0.336721,991.922,3.92823e-07,3.94936e+07
0.337724,1000.65,3.73454e-07,3.95164e+07
0.338724,1009.55,3.61136e-07,3.9625e+07
0.339731,1019.29,4.02762e-07,3.9429e+07
0.340729,1029.32,3.66926e-07,3.92952e+07
0.341732,1039.37,3.90221e-07,3.90607e+07
0.342732,1048.09,3.90972e-07,3.93312e+07
0.343735,1059.26,3.7885e-07,3.8881e+07
0.344739,1069.23,3.89628e-07,3.87493e+07
0.345738,1078.96,3.6057e-07,3.85746e+07
0.346741,1088.97,4.01184e-07,3.87234e+07
0.347743,1098.13,3.67478e-07,3.87448e+07
0.348744,1107.21,4.02735e-07,3.87227e+07
0.349748,1116.66,3.88514e-07,3.82958e+07
0.350748,1125.4,3.63222e-07,3.85164e+07
0.351752,1134.2,3.79062e-07,3.86809e+07
0.352755,1142.65,3.8815e-07,3.88495e+07
0.353754,1153.14,3.92089e-07,3.85979e+07
0.354758,1162.06,3.61751e-07,3.88706e+07
0.355759,1172.76,3.92014e-07,3.86402e+07
0.356761,1181.17,3.70514e-07,3.89297e+07
0.357763,1190.74,3.9707e-07,3.90351e+07
0.358768,1201.23,3.80935e-07,3.84715e+07
0.359766,1211.98,3.83019e-07,3.78857e+07
0.360772,1221.69,3.62734e-07,3.77488e+07
0.36177,1232.09,3.98472e-07,3.72458e+07
0.362776,1242.13,3.71796e-07,3.72404e+07
0.363776,1251.14,3.86318e-07,3.72856e+07
0.364776,1262.63,3.73058e-07,3.72233e+07
0.365778,1273.14,3.77611e-07,3.66431e+07
0.366782,1283.84,3.9318e-07,3.65031e+07
0.367783,1293.63,3.74711e-07,3.65871e+07
0.368785,1303.68,3.87707e-07,3.59843e+07
0.369788,1313.99,3.7822e-07,3.52913e+07
0.370789,1323.51,3.75667e-07,3.54202e+07
0.371791,1333.47,4.10226e-07,3.51943e+07
0.372795,1343.54,3.60582e-07,3.53118e+07
0.373794,1352.11,3.85869e-07,3.51857e+07
0.374797,1361.19,3.72163e-07,3.53362e+07
0.375801,1371.48,3.86695e-07,3.54479e+07
0.376801,1381.5,3.8703e-07,3.55269e+07
0.377805,1390.8,3.80632e-07,3.566e+07
0.378808,1401.17,3.66802e-07,3.56361e+07
0.379808,1412.74,4.01465e-07,3.4929e+07
0.380809,1423.52,3.76466e-07,3.4636e+07
0.381812,1433.37,3.85424e-07,3.44866e+07
0.382814,1443.28,3.76013e-07,3.44883e+07
0.383817,1453.07,3.69359e-07,3.4525e+07
0.384816,1463.85,3.97354e-07,3.41309e+07
0.385821,1474.83,3.68944e-07,3.40603e+07
0.38682,1484.94,3.9749e-07,3.37755e+07
0.387823,1494.11,3.78992e-07,3.38609e+07
0.388828,1504.82,3.89138e-07,3.37739e+07
0.389828,1514.92,3.83302e-07,3.37754e+07
0.390829,1525.57,3.76028e-07,3.37328e+07
0.391831,1536.47,3.71759e-07,3.35199e+07
0.392834,1547.92,3.91344e-07,3.26474e+07
0.393834,1558.31,3.70671e-07,3.24527e+07
0.394837,1568.42,3.85626e-07,3.25482e+07
0.39584,1578.15,3.88321e-07,3.25256e+07
0.396842,1588.78,3.75479e-07,3.24402e+07
0.397843,1598.79,3.82202e-07,3.24543e+07
0.398846,1609.13,3.90873e-07,3.26547e+07
0.399847,1619.96,3.69807e-07,3.23274e+07
0.40085,1630.72,3.66383e-07,3.21019e+07
0.401851,1641.56,3.98894e-07,3.15268e+07
0.402852,1652.28,3.74656e-07,3.13081e+07
0.403856,1663.4,4.00996e-07,3.14103e+07
0.404858,1673.49,3.51228e-07,3.14942e+07
0.40586,1684.08,4.03693e-07,3.14525e+07
0.406862,1694.89,3.71519e-07,3.13674e+07
0.407865,1706.2,3.84529e-07,3.13041e+07
0.408864,1717.49,3.99391e-07,3.11454e+07
0.409867,1727.45,3.89279e-07,3.10254e+07
0.410872,1738.67,3.75889e-07,3.09588e+07
0.411869,1749.57,3.52387e-07,3.1055e+07
0.412875,1760.9,3.87768e-07,3.08981e+07
0.413877,1772.92,3.67797e-07,3.06444e+07
0.414876,1784.02,3.98106e-07,3.04179e+07
0.415882,1794.3,3.82503e-07,3.0478e+07
0.41688,1804.85,3.75818e-07,3.04505e+07
0.417884,1816.36,4.00158e-07,3.04151e+07
0.418885,1827.24,3.71551e-07,3.05624e+07
0.419889,1837.32,3.78711e-07,3.05499e+07
0.420888,1847.28,3.94588e-07,3.06942e+07
0.421892,1858.15,3.73914e-07,3.06918e+07
0.422893,1869.49,3.81389e-07,3.06162e+07
0.423895,1880.12,3.86706e-07,3.05529e+07
0.424897,1890.91,3.7926e-07,3.03718e+07
0.4259,1902.47,3.74827e-07,3.02439e+07
0.426902,1913.41,3.86391e-07,3.01465e+07
0.427903,1923.88,3.83792e-07,3.02043e+07
0.428907,1935,3.93412e-07,2.9987e+07
0.429906,1945.71,3.64962e-07,3.00374e+07
0.43091,1956.64,4.06305e-07,2.97893e+07
0.431912,1967.59,3.79135e-07,2.97301e+07
0.432913,1978.98,3.74031e-07,2.97231e+07
0.433918,1990.66,4.07131e-07,2.9971e+07
0.434917,2001.36,3.67479e-07,2.99257e+07
0.435919,2012.76,3.86349e-07,2.98341e+07
0.43692,2023.46,4.0434e-07,2.98415e+07
0.437924,2034.14,3.84046e-07,2.99171e+07
0.438925,2045.56,3.98518e-07,2.98976e+07
0.439928,2056.27,3.85565e-07,2.98458e+07
0.440928,2067.58,3.85356e-07,2.96881e+07
0.441933,2079.63,3.89976e-07,2.95374e+07
0.442934,2090.39,3.83021e-07,2.96524e+07
0.443937,2102.18,3.74833e-07,2.9593e+07
0.444935,2114.19,3.64185e-07,2.92991e+07
0.445941,2125.45,3.98544e-07,2.92482e+07
0.446943,2136.25,3.90296e-07,2.9248e+07
0.447945,2147.4,3.8514e-07,2.91003e+07
0.448945,2159.44,3.74429e-07,2.8905e+07
0.449948,2170.95,4.02867e-07,2.88742e+07
0.450951,2182.36,3.72886e-07,2.90082e+07
0.451949,2194.19,3.82594e-07,2.88418e+07
0.452956,2206,3.80526e-07,2.88671e+07
0.453957,2217.31,3.99855e-07,2.88278e+07
0.454955,2228.86,3.74505e-07,2.86339e+07
0.455961,2240.37,3.9642e-07,2.86014e+07
0.45696,2251.43,3.60729e-07,2.85866e+07
0.457964,2261.89,3.90177e-07,2.86994e+07
0.458965,2273.03,3.74261e-07,2.88057e+07
0.45997,2285.09,3.94979e-07,2.87096e+07
0.460968,2296.7,3.80552e-07,2.86409e+07
0.461972,2308.61,3.93283e-07,2.84784e+07
0.462975,2320.4,3.88539e-07,2.81646e+07
0.463975,2331.48,3.73958e-07,2.80045e+07
0.464978,2344.02,3.72297e-07,2.77527e+07
0.465978,2355.92,3.68242e-07,2.77531e+07
0.466982,2368.65,3.93589e-07,2.75828e+07
0.467985,2380.41,3.74929e-07,2.75146e+07
0.468986,2392.13,4.11067e-07,2.74521e+07
0.469988,2403.22,3.94247e-07,2.75561e+07
0.470991,2414.43,3.71639e-07,2.72992e+07
0.471994,2426.14,3.80505e-07,2.7074e+07
0.472994,2437.89,3.77099e-07,2.70205e+07
0.473996,2450.61,3.87942e-07,2.69482e+07
0.474998,2462.65,3.81577e-07,2.6936e+07
0.475999,2474.96,3.95924e-07,2.69736e+07
0.477001,2486.87,3.7958e-07,2.68888e+07
0.478003,2498.37,3.93177e-07,2.66156e+07
0.479007,2510.29,4.02286e-07,2.64028e+07
0.480007,2521.81,3.48999e-07,2.64008e+07
0.48101,2534.23,3.95114e-07,2.62357e+07
0.48201,2545.98,3.96136e-07,2.61495e+07
0.483014,2558.11,3.80069e-07,2.6101e+07
0.484014,2569.55,3.83427e-07,2.61589e+07
0.485017,2581.58,3.73735e-07,2.59721e+07
0.486021,2593.01,3.95486e-07,2.59009e+07
0.487022,2605.76,3.82513e-07,2.55451e+07
0.488024,2618.1,3.74087e-07,2.54679e+07
0.489025,2629.46,3.88038e-07,2.54627e+07
0.490029,2641.51,3.93357e-07,2.5221e+07
0.491029,2653.86,3.70877e-07,2.50807e+07
0.492032,2665.82,3.83361e-07,2.50117e+07
0.493032,2678.26,3.78306e-07,2.50278e+07
0.494036,2689.66,4.04213e-07,2.50476e+07
0.49504,2702.48,3.50609e-07,2.49051e+07
0.496039,2714.23,3.86638e-07,2.48363e+07
0.49704,2726.92,3.81319e-07,2.47275e+07
0.498046,2738.96,3.93216e-07,2.46002e+07
0.499046,2751.12,3.72666e-07,2.4605e+07
0.500047,2763.42,5.97583e-07,2.46412e+07
0.50105,2775.07,3.66821e-07,2.47148e+07
0.50205,2787.52,3.92931e-07,2.46342e+07
0.503056,2799.4,3.8004e-07,2.45577e+07
0.504057,2811.3,3.85345e-07,2.45319e+07
0.505056,2824.13,3.50687e-07,2.45606e+07
0.50606,2836.36,4.01836e-07,2.47093e+07
0.507064,2849.47,3.77304e-07,2.44368e+07
0.508064,2862,3.83853e-07,2.43407e+07
0.509067,2874.1,3.69119e-07,2.44264e+07
0.510067,2886.6,3.88882e-07,2.42889e+07
0.511071,2898.81,3.90328e-07,2.39034e+07
0.512072,2910.9,3.74097e-07,2.39042e+07
0.513074,2923.01,3.80167e-07,2.38372e+07
0.514075,2935.32,3.95838e-07,2.37774e+07
0.515079,2947.58,3.7302e-07,2.37641e+07
0.516082,2960.38,3.81156e-07,2.36395e+07
0.517082,2974.04,3.79629e-07,2.34956e+07
0.518086,2985.86,3.93726e-07,2.35671e+07
0.519086,2998.36,3.97546e-07,2.33532e+07
0.520089,3010.67,3.48122e-07,2.34515e+07
0.521089,3023.26,3.99442e-07,2.32753e+07
0.522093,3036.06,3.94178e-07,2.32226e+07
0.523095,3049.12,3.77672e-07,2.30187e+07
0.524097,3061.88,3.94947e-07,2.29378e+07
0.525098,3074.24,3.8109e-07,2.28879e+07
0.5261,3086.89,3.87355e-07,2.28124e+07
0.527102,3099.49,3.76991e-07,2.28958e+07
0.528102,3111.83,3.79433e-07,2.29353e+07
0.529105,3125.36,3.71109e-07,2.29391e+07
0.530108,3137.58,3.91375e-07,2.29869e+07
0.53111,3150.88,4.1111e-07,2.27297e+07
0.532111,3163.47,3.76832e-07,2.26486e+07
0.533114,3176.21,3.93495e-07,2.26131e+07
0.534118,3188.88,3.69027e-07,2.25888e+07
0.535118,3201.03,3.72171e-07,2.24789e+07
0.536121,3213.82,3.71487e-07,2.24438e+07
0.537121,3226.92,3.86846e-07,2.23302e+07
0.538124,3239.26,3.93718e-07,2.22672e+07
0.539128,3252.14,3.79412e-07,2.21234e+07
0.540126,3264.16,3.94108e-07,2.21208e+07
0.541131,3276.83,3.7265e-07,2.21423e+07
0.542132,3289.2,3.90034e-07,2.20877e+07
0.543136,3301.31,3.57728e-07,2.21179e+07
0.544135,3313.91,3.95551e-07,2.2047e+07
0.545141,3327,3.7357e-07,2.19441e+07
0.546139,3339.86,3.99475e-07,2.18673e+07
0.54714,3352.93,3.79253e-07,2.17974e+07
0.548147,3365.77,3.80986e-07,2.16957e+07
0.549145,3378.06,3.71105e-07,2.15978e+07
0.550148,3390.54,3.98279e-07,2.14964e+07
0.551151,3402.82,3.74768e-07,2.14307e+07
0.552151,3415.11,3.82002e-07,2.14609e+07
0.553153,3427.44,3.8887e-07,2.14104e+07
0.554155,3440.79,3.98298e-07,2.15497e+07
0.555161,3453.09,3.6588e-07,2.15688e+07
0.556159,3466.53,3.75039e-07,2.13622e+07
0.557162,3479.15,3.81394e-07,2.10962e+07
0.558163,3492.51,3.87513e-07,2.09867e+07
0.559168,3505.47,3.85593e-07,2.08775e+07
0.560168,3518.61,3.85656e-07,2.08229e+07
0.561171,3530.96,3.9991e-07,2.07977e+07
0.562172,3544.06,3.83838e-07,2.0832e+07
0.563176,3556.49,4.04555e-07,2.06495e+07
0.564177,3569.54,3.90166e-07,2.06609e+07
0.565179,3582.38,3.64121e-07,2.06776e+07
0.566178,3594.78,4.06162e-07,2.07207e+07
0.567183,3608.4,3.73899e-07,2.06842e+07
0.568184,3620.89,3.79767e-07,2.06324e+07
0.569186,3633.83,4.05254e-07,2.05608e+07
0.57019,3646.6,3.64108e-07,2.0413e+07
0.571189,3660,3.9421e-07,2.04452e+07
0.572193,3673.06,3.82017e-07,2.03133e+07
0.573194,3686.58,3.88778e-07,2.0157e+07
0.574196,3699.64,3.76343e-07,2.01047e+07
0.575199,3711.75,3.77955e-07,2.01946e+07
0.576201,3724.86,3.87255e-07,2.01583e+07
0.577203,3737.81,3.8268e-07,2.0103e+07
0.578204,3750.26,3.73181e-07,2.00237e+07
0.579208,3763.59,3.93924e-07,1.99523e+07
0.580207,3776.46,3.79873e-07,1.99299e+07
0.581211,3788.93,3.70862e-07,1.98828e+07
0.582212,3801.85,4.01185e-07,1.99111e+07
0.583216,3815.68,3.75341e-07,1.9724e+07
0.584214,3828.98,3.84871e-07,1.96416e+07
0.58522,3842.47,4.00167e-07,1.95953e+07
0.586219,3855.62,3.67805e-07,1.9457e+07
0.587221,3869.26,3.90577e-07,1.92544e+07
0.588227,3882.64,3.51507e-07,1.9138e+07
0.589224,3895.46,3.71829e-07,1.90103e+07
0.590229,3908.58,3.88532e-07,1.90152e+07
0.591231,3921.79,4.00166e-07,1.89142e+07
0.592231,3934.42,3.86723e-07,1.88421e+07
0.593234,3947.05,3.72439e-07,1.87532e+07
0.594236,3960.42,4.02379e-07,1.88408e+07
0.595238,3973.09,3.51306e-07,1.86931e+07
0.59624,3986.2,4.00033e-07,1.85861e+07
0.597244,3999.35,3.74762e-07,1.84499e+07
0.598245,4012.43,3.9739e-07,1.83587e+07
0.599246,4025.17,3.6855e-07,1.83203e+07
0.600249,4037.84,3.73267e-07,1.81754e+07
0.60125,4050.82,3.91426e-07,1.81481e+07
0.602253,4064.68,3.8354e-07,1.81467e+07
0.603254,4077.72,3.74839e-07,1.79988e+07
0.604256,4091.25,3.88027e-07,1.78686e+07
0.605259,4103.87,3.8931e-07,1.77486e+07
0.606262,4117.16,3.73926e-07,1.77343e+07
0.607262,4131.05,3.91679e-07,1.75791e+07
0.608265,4143.87,3.73134e-07,1.75558e+07
0.609267,4156.87,3.74006e-07,1.74088e+07
0.610268,4170.78,3.82722e-07,1.71966e+07
0.611267,4183.51,3.89444e-07,1.71184e+07
0.612272,4197.3,3.76442e-07,1.71536e+07
0.613276,4210.3,3.99197e-07,1.71626e+07
0.614275,4223.52,3.71534e-07,1.70951e+07
0.61528,4236.36,3.98379e-07,1.71218e+07
0.616279,4249.53,3.71486e-07,1.70109e+07
0.617282,4262.46,3.74516e-07,1.6859e+07
0.618284,4275.33,3.83128e-07,1.66832e+07
0.619287,4288.41,3.75643e-07,1.65202e+07
0.620288,4301.22,3.99792e-07,1.63591e+07
0.621288,4314.28,3.68502e-07,1.62159e+07
0.622291,4327.54,3.80475e-07,1.61539e+07
0.623295,4341.33,3.88017e-07,1.59831e+07
0.624295,4354.53,3.89256e-07,1.59509e+07
0.625299,4367.36,3.69692e-07,1.58873e+07
0.626302,4380.74,3.84806e-07,1.57643e+07
0.627301,4393.52,3.60178e-07,1.56582e+07
0.628305,4406.99,4.09223e-07,1.55773e+07
0.629307,4420.05,3.766e-07,1.54474e+07
0.630308,4433.74,3.76184e-07,1.53618e+07
0.631311,4446.59,3.88029e-07,1.52797e+07
0.632313,4459.89,3.74294e-07,1.51935e+07
0.633314,4473.28,3.93298e-07,1.50269e+07
0.634318,4486.33,3.79423e-07,1.50201e+07
0.63532,4499.3,3.72081e-07,1.49817e+07
0.63632,4512.76,3.82172e-07,1.48495e+07
0.63732,4525.43,3.72339e-07,1.47992e+07
0.638326,4538.2,3.96625e-07,1.47179e+07
0.639324,4551.56,3.62783e-07,1.46295e+07
0.64033,4565.13,3.82738e-07,1.45661e+07
0.641328,4578.51,3.8002e-07,1.44919e+07
0.642333,4592.17,3.9899e-07,1.43295e+07
0.643335,4605.65,3.70936e-07,1.42791e+07
0.644337,4618.83,3.92514e-07,1.41451e+07
0.645338,4631.79,3.61908e-07,1.39486e+07
0.646342,4645.39,3.91244e-07,1.38541e+07
0.647341,4658.08,3.86295e-07,1.3753e+07
0.648344,4671.28,3.80814e-07,1.36181e+07
0.649348,4684.86,3.63351e-07,1.35259e+07
0.650348,4697.86,3.86104e-07,1.34709e+07
0.651352,4711.32,4.04895e-07,1.3357e+07
0.652353,4724.66,3.67584e-07,1.32945e+07
0.653355,4737.93,4.02324e-07,1.32136e+07
0.654358,4750.87,3.60442e-07,1.32013e+07
0.655357,4763.79,3.88135e-07,1.31015e+07
0.656361,4777.02,3.74975e-07,1.30056e+07
0.657364,4790.53,3.90451e-07,1.29283e+07
0.658364,4803.8,3.9028e-07,1.28137e+07
0.659367,4816.48,3.64765e-07,1.27655e+07
0.660365,4829.24,4.05298e-07,1.27963e+07
0.661372,4842.56,3.60969e-07,1.27141e+07
0.662372,4855.48,3.72473e-07,1.267e+07
0.663375,4868.35,3.89837e-07,1.26302e+07
0.664377,4881.69,3.91233e-07,1.2591e+07
0.66538,4894.73,3.65094e-07,1.23831e+07
0.666378,4908.38,3.60719e-07,1.23117e+07
0.667381,4921.43,3.95574e-07,1.21853e+07
0.668384,4935.16,3.60301e-07,1.19904e+07
0.669386,4948.16,3.70915e-07,1.20099e+07
0.670388,4961.75,3.88909e-07,1.19247e+07
0.671391,4974.79,3.87869e-07,1.18292e+07
0.672393,4987.96,3.92094e-07,1.17268e+07
0.673394,5001.3,3.84673e-07,1.17028e+07
0.674397,5014.51,3.81521e-07,1.15757e+07
0.675396,5027.73,3.86975e-07,1.14611e+07
0.676403,5040.8,3.94065e-07,1.14118e+07
0.677405,5053.69,3.67853e-07,1.14298e+07
0.678402,5067.21,3.62556e-07,1.14057e+07
0.679407,5080.17,3.98579e-07,1.13194e+07
0.680409,5093.67,3.81392e-07,1.12703e+07
0.681413,5107.08,3.71273e-07,1.12232e+07
0.68241,5119.49,3.89621e-07,1.10899e+07
0.683416,5132.39,3.94253e-07,1.10245e+07
0.684417,5145.53,3.59605e-07,1.09882e+07
0.685416,5158.29,3.87874e-07,1.09202e+07
0.686424,5171.68,3.96649e-07,1.08284e+07
0.687421,5184.69,3.63422e-07,1.07374e+07
0.688425,5197.74,4.00211e-07,1.0609e+07
0.689429,5211.08,3.86732e-07,1.05313e+07
0.690428,5223.95,3.55523e-07,1.0439e+07
0.691429,5237.12,3.90239e-07,1.03949e+07
0.692433,5250.31,3.91946e-07,1.03409e+07
0.693434,5263.22,3.97112e-07,1.03202e+07
0.694438,5275.66,3.80301e-07,1.0235e+07
0.695438,5289.16,3.80897e-07,1.02013e+07
0.696441,5302.22,4.03532e-07,1.01556e+07
0.697443,5315.89,3.80457e-07,1.00484e+07
0.698444,5328.79,3.7772e-07,9.90397e+06
0.699445,5341.66,3.78215e-07,9.81058e+06
0.70045,5354.74,3.95864e-07,9.69526e+06
0.701451,5367.12,3.5946e-07,9.66098e+06
0.702453,5380.2,4.03644e-07,9.557e+06
0.703456,5393.19,3.58823e-07,9.51195e+06
0.704457,5406.11,4.02649e-07,9.46779e+06
0.70546,5418.84,3.95455e-07,9.36736e+06
0.706463,5431.93,3.54893e-07,9.34045e+06
0.70746,5444.29,4.02226e-07,9.25183e+06
0.708465,5457.2,3.7725e-07,9.21626e+06
0.709465,5470.22,3.68242e-07,9.09202e+06
0.710467,5482.82,3.89573e-07,9.03941e+06
0.71147,5495.4,4.01625e-07,9.02303e+06
0.712473,5508.18,3.76394e-07,9.04918e+06
0.713474,5520.88,3.85825e-07,8.99564e+06
0.714478,5533.49,3.79469e-07,8.91671e+06
0.71548,5546.11,3.74216e-07,8.83574e+06
0.716479,5559,3.90225e-07,8.81335e+06
0.717482,5571.36,3.89551e-07,8.77213e+06
0.718485,5584.12,3.99498e-07,8.77227e+06
0.719486,5596.95,3.62684e-07,8.68489e+06
0.720488,5609.36,4.07438e-07,8.63916e+06
0.721491,5622.46,3.73144e-07,8.66061e+06
0.72249,5635.1,3.7866e-07,8.59135e+06
0.723497,5647.57,4.01409e-07,8.57309e+06
0.724496,5660.16,3.79244e-07,8.54767e+06
0.7255,5672.88,3.73782e-07,8.52804e+06
0.726501,5685.34,3.93352e-07,8.51792e+06
0.727502,5698.04,3.904e-07,8.46218e+06
0.728504,5710.41,3.67506e-07,8.40628e+06
0.729506,5723.15,4.06719e-07,8.24787e+06
0.730508,5735.51,3.66399e-07,8.05714e+06
0.73151,5748.31,3.81124e-07,8.02381e+06
0.732514,5760.85,4.03138e-07,7.91897e+06
0.733513,5773.42,3.69695e-07,7.87536e+06
0.734516,5785.69,4.03058e-07,7.80285e+06
0.73552,5799.19,3.75634e-07,7.78265e+06
0.736519,5811.68,3.77633e-07,7.6959e+06
0.737523,5824.09,3.81745e-07,7.62792e+06
0.738524,5836.83,4.06566e-07,7.59726e+06
0.739528,5849.49,3.77139e-07,7.52987e+06
0.740529,5862.39,3.79826e-07,7.51215e+06
0.74153,5874.89,3.86041e-07,7.51722e+06
0.742533,5887.22,3.6622e-07,7.57137e+06
0.743534,5899.91,4.1531e-07,7.4982e+06
0.744538,5912.78,3.77265e-07,7.41959e+06
0.745538,5925.16,3.80317e-07,7.3636e+06
0.746541,5938.01,3.7809e-07,7.24405e+06
0.747543,5950.31,3.74502e-07,7.14468e+06
0.748545,5962.85,3.89929e-07,7.10361e+06
0.749546,5975.45,3.96092e-07,7.00956e+06
0.750548,5988.45,3.65019e-07,7.00749e+06
0.751553,6001.14,3.99916e-07,6.88852e+06
0.752552,6013.72,3.62739e-07,6.8313e+06
0.753556,6025.68,3.81849e-07,6.78184e+06
0.754558,6038.09,3.8755e-07,6.73223e+06
0.75556,6050.28,3.65419e-07,6.59396e+06
0.75656,6062.79,3.85759e-07,6.53478e+06
0.757565,6075.35,4.00083e-07,6.43949e+06
0.758564,6087.76,3.86957e-07,6.35899e+06
0.759568,6099.99,3.89116e-07,6.33468e+06
0.760568,6112.32,3.87733e-07,6.27387e+06
0.76157,6125.02,3.60662e-07,6.19091e+06
0.762574,6136.87,3.89245e-07,6.19991e+06
0.763574,6149.15,3.85775e-07,6.10584e+06
0.764578,6161.65,3.83679e-07,6.06313e+06
0.765579,6173.62,3.87019e-07,5.96085e+06
0.76658,6185.61,3.90292e-07,5.87879e+06
0.767584,6198.13,3.94552e-07,5.80733e+06
0.768586,6210.59,3.68237e-07,5.77882e+06
0.769587,6222.86,4.02515e-07,5.7143e+06
0.77059,6234.8,3.62498e-07,5.69059e+06
0.771592,6246.91,3.79401e-07,5.58177e+06
0.772594,6259.39,3.85838e-07,5.50847e+06
0.773595,6271.1,3.81501e-07,5.4443e+06
0.774595,6282.77,3.83166e-07,5.42076e+06
0.775601,6295.18,4.03949e-07,5.38183e+06
0.7766,6306.99,3.66549e-07,5.31265e+06
0.777606,6319.75,3.80047e-07,5.27053e+06
0.778603,6331.83,3.72946e-07,5.21365e+06
0.779606,6344.08,3.83414e-07,5.20085e+06
0.78061,6355.92,4.05549e-07,5.15587e+06
0.781613,6367.64,3.79225e-07,5.12613e+06
0.782613,6379.39,3.78716e-07,5.14257e+06
0.783615,6391.47,3.65987e-07,5.03875e+06
0.784617,6403.31,3.92243e-07,4.9724e+06
0.785618,6415.26,3.9633e-07,4.90833e+06
0.786621,6427.12,3.73646e-07,4.84437e+06
0.787623,6438.92,3.92165e-07,4.78547e+06
0.788625,6450.36,3.79529e-07,4.72662e+06
0.789627,6461.88,3.93407e-07,4.65159e+06
0.790631,6473.63,3.90664e-07,4.56597e+06
0.791632,6485.18,3.57982e-07,4.55193e+06
0.792633,6496.95,3.86525e-07,4.55979e+06
0.793634,6508.68,3.87005e-07,4.48771e+06
0.794636,6519.84,3.9063e-07,4.42653e+06
0.795639,6531.43,3.76173e-07,4.43346e+06
0.796642,6543.16,4.03952e-07,4.37643e+06
0.797644,6554.6,3.80157e-07,4.32762e+06
0.798647,6566.27,3.71961e-07,4.3051e+06
0.799648,6577.36,3.66795e-07,4.23235e+06
0.80065,6589.23,4.00784e-07,4.23794e+06
0.801651,6600.56,3.6909e-07,4.16988e+06
0.802652,6612.18,3.92496e-07,4.14172e+06
0.803656,6623.26,3.92019e-07,4.08525e+06
0.804659,6635.19,3.645e-07,4.07848e+06
0.805656,6647.12,4.04297e-07,4.05561e+06
0.806663,6658.43,3.73974e-07,4.02621e+06
0.807663,6669.76,3.82421e-07,4.01856e+06
0.808665,6681.64,3.9631e-07,3.93513e+06
0.809667,6692.59,3.57453e-07,3.88666e+06
0.810669,6704.26,4.03182e-07,3.83417e+06
0.811672,6715.35,3.76317e-07,3.78118e+06
0.812674,6726.93,3.6449e-07,3.74326e+06
0.813674,6738.03,3.86037e-07,3.6873e+06
0.814676,6749.44,3.82561e-07,3.61613e+06
0.815681,6760.64,3.99599e-07,3.58278e+06
0.81668,6772.46,3.4318e-07,3.54031e+06
0.817684,6783.05,4.19453e-07,3.47201e+06
0.818686,6794.36,3.83843e-07,3.39494e+06
0.819686,6805.59,3.44133e-07,3.33834e+06
0.820687,6816.12,4.0517e-07,3.31909e+06
0.821693,6826.83,3.73697e-07,3.26056e+06
0.822694,6837.91,3.69668e-07,3.19623e+06
0.823693,6848.84,3.741e-07,3.15942e+06
0.824699,6859.92,3.79464e-07,3.11914e+06
0.825699,6870.61,3.725e-07,3.12101e+06
0.826701,6881.77,4.16616e-07,3.06333e+06
0.827705,6892.27,3.68971e-07,3.00311e+06
0.828704,6903.02,3.69624e-07,2.94427e+06
0.829707,6913.35,4.03367e-07,2.9251e+06
0.830711,6923.84,3.65632e-07,2.91342e+06
0.831713,6934.28,3.70109e-07,2.86562e+06
0.832713,6944.56,3.76676e-07,2.79942e+06
0.833715,6955.21,3.96304e-07,2.72742e+06
0.834718,6965.42,3.80324e-07,2.72423e+06
0.835718,6975.64,3.82191e-07,2.68444e+06
0.836723,6986.51,3.88308e-07,2.62618e+06
0.837722,6997.13,3.7905e-07,2.61274e+06
0.838726,7007.35,3.78451e-07,2.57107e+06
0.839728,7017.33,3.96007e-07,2.55154e+06
0.840731,7027.9,3.63361e-07,2.52705e+06
0.841731,7038.22,3.88394e-07,2.48036e+06
0.842732,7048.36,4.00648e-07,2.45929e+06
0.843735,7058.07,3.6394e-07,2.45374e+06
0.844739,7068.45,3.97093e-07,2.41864e+06
0.845737,7078.9,3.78229e-07,2.37024e+06
0.846741,7088.83,4.0221e-07,2.33806e+06
0.847744,7099.1,3.51546e-07,2.31315e+06
0.848745,7108.94,3.99609e-07,2.27813e+06
0.849746,7118.72,3.89859e-07,2.28751e+06
0.850749,7129.03,3.66061e-07,2.23416e+06
0.851752,7138.79,3.77254e-07,2.19532e+06
0.852754,7148.71,3.91892e-07,2.16796e+06
0.853755,7158.67,3.73495e-07,2.12839e+06
0.854757,7168.1,3.93908e-07,2.12481e+06
0.855759,7178.33,3.81612e-07,2.07704e+06
0.856763,7188,3.87581e-07,2.06306e+06
0.857763,7197.7,3.86386e-07,2.0304e+06
0.858766,7207.36,3.77874e-07,1.98e+06
0.859766,7216.85,3.70059e-07,1.94492e+06
0.86077,7226.91,3.85492e-07,1.94178e+06
0.861773,7236.77,4.10199e-07,1.88977e+06
0.862776,7245.97,3.5227e-07,1.8738e+06
0.863773,7255.25,3.65814e-07,1.8346e+06
0.864777,7264.78,4.18109e-07,1.78937e+06
0.86578,7274.33,3.82398e-07,1.77218e+06
0.866781,7284.31,3.75211e-07,1.74232e+06
0.867785,7293.57,3.86472e-07,1.71724e+06
0.868787,7303.13,3.60757e-07,1.68421e+06
0.869787,7312.45,4.03663e-07,1.65364e+06
0.870791,7321.68,3.65226e-07,1.60436e+06
0.871791,7330.8,3.9377e-07,1.58891e+06
0.872793,7339.92,3.87969e-07,1.53651e+06
0.873795,7348.76,3.90035e-07,1.51127e+06
0.874797,7357.97,3.82702e-07,1.48258e+06
0.8758,7367.45,3.95146e-07,1.44502e+06
0.876802,7376.73,3.52196e-07,1.42103e+06
0.877802,7385.69,4.09229e-07,1.37999e+06
0.878807,7395.02,3.77218e-07,1.33226e+06
0.879808,7403.65,3.96318e-07,1.31792e+06
0.88081,7411.97,3.7761e-07,1.29729e+06
0.881809,7420.89,3.72786e-07,1.29185e+06
0.882813,7429.42,3.90818e-07,1.29135e+06
0.883816,7438.07,3.88074e-07,1.26538e+06
0.884817,7446.39,4.0322e-07,1.24053e+06
0.885821,7455.12,3.67659e-07,1.20575e+06
0.886819,7463.27,3.89434e-07,1.18318e+06
0.887825,7471.76,3.86039e-07,1.18416e+06
0.888826,7480.3,3.87204e-07,1.15633e+06
0.889826,7488.99,3.55379e-07,1.12811e+06
0.89083,7497.51,4.19672e-07,1.10481e+06
0.891832,7505.53,3.75051e-07,1.09042e+06
0.89283,7513.28,3.74225e-07,1.0796e+06
0.893838,7521.11,3.76443e-07,1.05981e+06
0.894837,7529.13,3.76444e-07,1.02203e+06
0.895839,7536.88,3.93744e-07,992522
0.896844,7544.84,3.77305e-07,948654
0.897842,7553.02,3.64954e-07,922381
0.898844,7561.28,4.02191e-07,890615
0.899848,7568.87,3.85516e-07,868469
0.900849,7576.23,3.52788e-07,845424
0.901852,7583.7,4.05086e-07,832203
0.902853,7591.32,3.96007e-07,810034
0.903855,7598.69,3.71771e-07,798862
0.904858,7606.34,3.88194e-07,774884
0.905861,7613.73,3.71397e-07,757335
0.90686,7621.25,3.70197e-07,743881
0.907865,7628.45,4.18331e-07,737950
0.908865,7635.74,3.79543e-07,731832
0.909867,7643.22,3.7912e-07,705908
0.910871,7650.36,3.93748e-07,699541
0.911871,7657.48,3.59735e-07,686471
0.912873,7664.46,3.9969e-07,674946
0.913877,7671.4,3.72983e-07,645304
0.914877,7678.34,3.89095e-07,637168
0.915881,7685.36,3.72813e-07,634847
0.916881,7692.42,4.09381e-07,623686
0.917883,7699.32,3.61518e-07,609892
0.918884,7706.19,3.68102e-07,605220
0.919889,7712.5,4.29171e-07,591949
0.920889,7718.92,3.6179e-07,574225
0.921891,7725.49,3.78078e-07,570699
0.922894,7731.61,3.79555e-07,561917
0.923895,7737.85,3.76986e-07,538084
0.924898,7744.21,3.82492e-07,534502
0.925899,7750.53,3.83608e-07,524606
0.926902,7756.83,4.03251e-07,493989
0.927903,7762.9,3.49253e-07,491695
0.928905,7768.84,3.96934e-07,486264
0.929905,7774.96,3.70406e-07,469305
0.930913,7781.1,3.92537e-07,454703
0.93191,7786.94,3.75239e-07,443508
0.932913,7793.08,3.7815e-07,427095
0.933917,7798.89,3.78192e-07,409271
0.934917,7804.62,3.86671e-07,398906
0.935919,7810.47,3.80854e-07,388433
0.936922,7815.95,3.75174e-07,378944
0.937924,7821.41,4.12759e-07,379373
0.938925,7826.73,3.6283e-07,373979
0.939927,7832.27,3.88539e-07,353494
0.940929,7837.55,3.84179e-07,344262
0.941932,7842.26,3.59092e-07,340867
0.942933,7847.44,3.94807e-07,336019
0.943938,7852.05,3.79063e-07,321730
0.944936,7856.85,3.55608e-07,320742
0.94594,7861.77,3.85505e-07,313789
0.946943,7866.99,3.7616e-07,296230
0.947943,7871.63,4.08318e-07,285047
0.948946,7876.02,3.64117e-07,268435
0.949948,7880.43,3.81928e-07,260177
0.95095,7884.94,3.88162e-07,252579
0.951951,7889.59,3.58907e-07,241135
0.952955,7893.72,4.05076e-07,233229
0.953957,7898.3,4.08756e-07,221893
0.954958,7902.37,3.73695e-07,208727
0.955959,7906.3,3.65197e-07,205397
0.956964,7910.14,3.90875e-07,202995
0.957964,7914.2,3.72563e-07,196499
0.958967,7918.21,3.66241e-07,188581
0.959968,7921.61,4.144e-07,181835
0.960968,7925.37,3.78219e-07,166583
0.961972,7928.93,3.80515e-07,168029
0.962975,7932.54,3.71703e-07,157984
0.963974,7936.08,3.97902e-07,143756
0.964979,7939.36,3.79977e-07,131363
0.965979,7942.65,3.60051e-07,124258
0.966982,7945.81,3.91695e-07,123550
0.967982,7948.93,3.6287e-07,116676
0.968985,7951.78,4.01415e-07,114443
0.969988,7954.52,4.0047e-07,105765
0.97099,7957.25,3.77445e-07,103758
0.971995,7960.09,3.74728e-07,94422.1
0.972992,7963.03,3.82759e-07,86218.7
0.973996,7965.44,4.02952e-07,81601.4
0.974997,7968.09,3.7412e-07,73828.1
0.976,7970.24,3.66863e-07,69049.2
0.977002,7972.63,3.91674e-07,65042.5
0.978004,7974.71,3.78696e-07,60537.8
0.979006,7976.8,3.96982e-07,56096
0.980009,7978.69,3.85473e-07,53070.6
0.981008,7980.77,3.81276e-07,47643.5
0.982011,7982.93,3.86514e-07,41148.5
0.983014,7984.76,3.83527e-07,36984.7
0.984015,7986.5,3.70536e-07,34009
0.98502,7988.11,4.06006e-07,27317.7
0.986019,7989.49,3.62702e-07,24678.9
0.987023,7990.91,4.00737e-07,21003.8
0.988023,7992.01,3.72628e-07,18626.9
0.989026,7993.06,3.95512e-07,16660
0.990028,7994.26,3.65586e-07,14592.2
0.991028,7995.3,4.08072e-07,11725.4
0.992032,7996.28,3.84052e-07,8766.8
0.993036,7997.03,3.59452e-07,7286.55
0.994035,7997.79,4.24408e-07,5042.95
0.995039,7998.37,3.63838e-07,3850.02
0.99604,7998.74,3.72806e-07,2979.23
0.99704,7999.09,4.28645e-07,2169.3
0.998049,7999.38,3.87076e-07,1378.04
0.99904,7999.56,1.05861e-07,962.952
1,7999.63,0,814.808
0.170825,101.458,2.00342,1.82133e+06
8.05346,-1,-1,-1
