0,1,0,0
0.00103252,2.092,2.33829e-08,43.768
0.00205358,2.234,2.24627e-07,107.622
0.00303564,2.44,1.84401e-07,165.2
0.00404821,2.642,2.15532e-07,184.918
0.00504603,2.826,2.42668e-07,213.862
0.00604741,2.978,2.24016e-07,214.758
0.0070514,3.108,2.19106e-07,256.168
0.00805407,3.21,2.27376e-07,302.95
0.00905516,3.306,2.29148e-07,342.182
0.0100567,3.39,2.34129e-07,422.95
0.0110595,3.472,2.26597e-07,568.608
0.0120619,3.562,2.29561e-07,607.078
0.0130622,3.676,2.1634e-07,711.512
0.0140655,3.788,2.35587e-07,841.528
0.0150657,3.916,2.24284e-07,940.472
0.0160695,4.01,2.24207e-07,1006.95
0.0170706,4.118,2.33811e-07,1174.04
0.0180732,4.194,2.32062e-07,1264.18
0.0190743,4.34,2.06378e-07,1484.2
0.0200772,4.476,2.46613e-07,1732.71
0.0210785,4.61,2.14608e-07,1946.95
0.0220832,4.702,2.38237e-07,2078.6
0.0230819,4.826,2.25158e-07,2537.86
0.0240882,4.944,2.1938e-07,2726.43
0.0250875,5.072,2.38043e-07,3001.41
0.0260882,5.18,2.21281e-07,3239.8
0.0270919,5.298,2.31059e-07,3578.6
0.0280932,5.398,2.20107e-07,3741.8
0.0290965,5.538,2.30921e-07,4078.28
0.0300962,5.666,2.29339e-07,4429.22
0.0310989,5.794,2.17139e-07,4703.78
0.0321006,5.926,2.31307e-07,5110.26
0.0331034,6.056,2.25039e-07,5498.43
0.0341041,6.17,2.30075e-07,5760.55
0.0351076,6.314,2.29872e-07,6061.7
0.0361109,6.42,2.2752e-07,6451.8
0.0371106,6.522,2.17752e-07,6810.76
0.0381123,6.624,2.20712e-07,7349.31
0.0391159,6.746,2.22463e-07,7632.74
0.0401165,6.884,2.38226e-07,7817.27
0.0411187,7,2.15593e-07,8274
0.0421213,7.15,2.33403e-07,8999.75
0.043122,7.306,2.17103e-07,9322.18
0.0441252,7.418,2.40495e-07,9545.64
0.0451284,7.566,2.13267e-07,9886.82
0.0461286,7.694,2.43392e-07,10198.2
0.0471312,7.822,1.99299e-07,10699.2
0.0481353,7.934,2.45735e-07,11348.8
0.0491346,8.076,2.19345e-07,11859.1
0.0501373,8.224,2.31191e-07,12312.9
0.0511378,8.396,2.26434e-07,12843.6
0.0521409,8.532,2.33384e-07,13350.5
0.0531438,8.684,2.3114e-07,14098.1
0.054146,8.844,2.27158e-07,14621.8
0.0551466,9.042,2.25159e-07,15606.1
0.0561505,9.154,2.27573e-07,16265.1
0.0571498,9.332,2.16083e-07,17080.9
0.0581531,9.478,2.26974e-07,17476.8
0.059154,9.626,2.36643e-07,18315.1
0.0601572,9.774,2.16024e-07,18767.5
0.0611604,9.92,2.42276e-07,19572.8
0.0621603,10.054,2.07889e-07,19959.5
0.0631646,10.238,2.33464e-07,20648.7
0.0641648,10.436,2.37394e-07,21999
0.0651666,10.632,2.17265e-07,23068.3
0.0661695,10.792,2.26259e-07,24234.4
0.0671703,10.958,2.18512e-07,25300.1
0.0681723,11.152,2.32754e-07,26556.4
0.0691749,11.306,2.0824e-07,27502.2
0.0701785,11.504,2.43036e-07,28621
0.0711766,11.644,2.17287e-07,29696.6
0.0721846,11.814,2.1605e-07,30459.7
0.0731821,11.97,2.41345e-07,31614.6
0.0741854,12.116,2.14225e-07,32347.3
0.0751868,12.284,2.45926e-07,32907.7
0.076189,12.508,2.18816e-07,35239
0.0771914,12.698,2.37544e-07,37475.4
0.0781925,12.846,2.23506e-07,38417.1
0.0791974,13.028,2.22065e-07,39085.6
0.0801979,13.212,2.28723e-07,40201.5
0.0811978,13.368,2.33521e-07,40652.3
0.0822,13.51,2.22039e-07,41485
0.0832034,13.69,2.25143e-07,43278.9
0.0842055,13.858,2.27728e-07,44626.9
0.0852081,14.072,2.23692e-07,46231.4
0.0862079,14.328,2.27925e-07,47768.2
0.0872103,14.504,2.23135e-07,49307
0.0882149,14.672,2.25336e-07,49812.2
0.0892147,14.84,2.29778e-07,51731.2
0.090219,15.006,2.1968e-07,53841
0.0912167,15.144,2.28591e-07,55309.6
0.0922226,15.308,2.21182e-07,56478.6
0.0932216,15.492,2.30402e-07,57971
0.0942259,15.634,2.19589e-07,59006
0.0952272,15.796,2.26937e-07,61019.2
0.0962316,16.014,2.33869e-07,63712.9
0.097231,16.24,2.19228e-07,67485.2
0.0982346,16.45,2.2842e-07,68615.7
0.0992342,16.684,2.34743e-07,70900.1
0.100238,16.912,2.17888e-07,73766.1
0.101241,17.1,2.29133e-07,74989
0.10224,17.278,2.40135e-07,76718.4
0.103244,17.49,1.99792e-07,78700.9
0.104245,17.722,2.54594e-07,81188.4
0.105248,17.922,2.07456e-07,82990
0.106251,18.226,2.3985e-07,87725.5
0.107252,18.404,2.08654e-07,88368.4
0.108256,18.644,2.26863e-07,90398.6
0.109255,18.836,2.23317e-07,91248.6
0.110257,19.068,2.29996e-07,93979.7
0.111258,19.312,2.22145e-07,98211.3
0.112263,19.594,2.1535e-07,104447
0.113262,19.768,2.39398e-07,106277
0.114264,19.988,2.04923e-07,108112
0.115268,20.236,2.47804e-07,111266
0.116269,20.486,2.24443e-07,115263
0.117271,20.668,2.20119e-07,117245
0.118273,20.914,2.27489e-07,119759
0.119276,21.15,2.30108e-07,122930
0.120278,21.398,2.33809e-07,125954
0.121279,21.656,2.22377e-07,127879
0.122283,21.982,2.37042e-07,130281
0.123283,22.244,2.20283e-07,134810
0.124286,22.492,2.21523e-07,136723
0.12529,22.852,2.34359e-07,140919
0.12629,23.156,2.28863e-07,143864
0.127293,23.49,2.14475e-07,148231
0.128295,23.806,2.31512e-07,154006
0.129294,24.104,2.27801e-07,157385
0.130298,24.396,2.24501e-07,159326
0.131301,24.798,2.28535e-07,163319
0.132301,25.078,2.17832e-07,166206
0.133304,25.388,2.26895e-07,171863
0.134304,25.712,2.14075e-07,175011
0.135309,26.112,2.32506e-07,182758
0.136309,26.434,2.21587e-07,189147
0.13731,26.698,2.41806e-07,193445
0.138314,27.01,2.12592e-07,197963
0.139316,27.324,2.30502e-07,203668
0.140318,27.592,2.27588e-07,208705
0.141318,27.886,2.13866e-07,213699
0.142321,28.188,2.35855e-07,218958
0.143322,28.496,2.18023e-07,225157
0.144327,28.93,2.37594e-07,236555
0.145327,29.308,2.26407e-07,243463
0.14633,29.61,2.26131e-07,246413
0.147333,29.912,2.27402e-07,250750
0.148333,30.244,2.35936e-07,256042
0.149338,30.69,1.99032e-07,262027
0.150337,31.104,2.4617e-07,277973
0.151341,31.45,2.10472e-07,280886
0.152342,31.93,2.34096e-07,287439
0.153343,32.26,2.1456e-07,295096
0.154347,32.858,2.38625e-07,304717
0.155347,33.372,2.15756e-07,318697
0.15635,33.692,2.31609e-07,322515
0.157351,34.054,2.19873e-07,329550
0.158355,34.422,2.31857e-07,343020
0.159355,34.952,2.2519e-07,360199
0.160358,35.33,2.22405e-07,369533
0.161361,35.73,2.26701e-07,375467
0.16236,36.144,2.4078e-07,379940
0.163364,36.684,2.05021e-07,402894
0.164365,37.152,2.4573e-07,410978
0.165366,37.55,2.25589e-07,420430
0.166367,38.088,2.31068e-07,429026
0.167371,38.466,2.2439e-07,439076
0.168375,39.056,2.33035e-07,453796
0.169376,39.746,2.38552e-07,469609
0.170378,40.246,2.1005e-07,479607
0.17138,40.848,2.40834e-07,498414
0.172381,41.472,2.1548e-07,508403
0.173385,41.962,2.28503e-07,516838
0.174385,42.552,2.33615e-07,541304
0.175386,43.04,2.10489e-07,550261
0.176391,43.526,2.29782e-07,557853
0.177391,44,2.36559e-07,569400
0.178394,44.558,2.28829e-07,574819
0.179395,45.146,2.25363e-07,587536
0.180399,45.658,2.17406e-07,601371
0.181402,46.22,2.42951e-07,611112
0.182401,46.832,2.19551e-07,620788
0.183404,47.33,2.285e-07,627959
0.184406,47.872,2.21415e-07,637572
0.185408,48.492,2.32306e-07,646755
0.18641,49.026,2.17341e-07,676153
0.187411,49.76,2.3334e-07,701349
0.188413,50.262,2.21362e-07,711335
0.189416,51.046,2.18386e-07,731736
0.190417,51.784,2.31177e-07,745817
0.191419,52.492,2.19935e-07,760371
0.192424,53.208,2.36501e-07,783806
0.193424,53.712,2.11614e-07,794747
0.194427,54.398,2.36163e-07,817752
0.195427,54.984,2.24291e-07,854636
0.196431,55.654,2.24159e-07,898979
0.19743,56.43,2.264e-07,952523
0.198434,57.31,2.28891e-07,1.00617e+06
0.199438,58.492,2.28935e-07,1.05086e+06
0.20044,59.23,2.32287e-07,1.08404e+06
0.201439,60.032,2.21451e-07,1.11206e+06
0.202442,60.848,2.34665e-07,1.13252e+06
0.203443,61.614,2.25912e-07,1.18077e+06
0.204446,62.296,2.25201e-07,1.20612e+06
0.205448,62.978,2.27949e-07,1.21929e+06
0.20645,63.652,2.21228e-07,1.24475e+06
0.207453,64.388,2.25224e-07,1.28529e+06
0.208453,65.372,2.3733e-07,1.32016e+06
0.209456,66.568,2.23499e-07,1.3583e+06
0.210458,67.336,2.29878e-07,1.3921e+06
0.211458,68.226,2.29621e-07,1.4271e+06
0.212464,69.016,2.17685e-07,1.45859e+06
0.213462,69.912,2.32344e-07,1.49093e+06
0.214468,70.65,2.17274e-07,1.52208e+06
0.215465,71.668,2.25691e-07,1.55667e+06
0.216472,72.846,2.09484e-07,1.6125e+06
0.217471,73.886,2.50889e-07,1.6639e+06
0.218473,75.15,2.17129e-07,1.73754e+06
0.219476,76.32,2.27353e-07,1.78276e+06
0.220477,77.432,2.20105e-07,1.8373e+06
0.221481,78.614,2.2955e-07,1.87898e+06
0.222483,79.604,2.30085e-07,1.93132e+06
0.223482,80.694,2.22715e-07,1.99325e+06
0.224488,81.928,2.16419e-07,2.01956e+06
0.225488,83.042,2.45263e-07,2.06594e+06
0.226489,83.94,2.13292e-07,2.12227e+06
0.227493,85.444,2.36148e-07,2.19657e+06
0.228493,86.508,2.25525e-07,2.24732e+06
0.229496,87.854,2.13847e-07,2.30854e+06
0.230498,89.042,2.45847e-07,2.38265e+06
0.2315,90.494,2.1697e-07,2.47227e+06
0.232502,91.732,2.30216e-07,2.52782e+06
0.233503,93.106,2.33634e-07,2.5745e+06
0.234506,94.624,2.12803e-07,2.65237e+06
0.235507,95.922,2.28417e-07,2.71613e+06
0.236509,97.698,2.29383e-07,2.82762e+06
0.237513,99.108,2.27747e-07,2.90235e+06
0.238514,100.604,2.38727e-07,2.96668e+06
0.239514,101.814,2.22285e-07,3.02523e+06
0.24052,103.232,2.24527e-07,3.10295e+06
0.24152,105.07,2.29235e-07,3.23906e+06
0.242523,106.732,2.36603e-07,3.33855e+06
0.243522,108.51,2.16376e-07,3.45273e+06
0.244528,109.922,2.33131e-07,3.5299e+06
0.245527,111.534,2.34582e-07,3.65801e+06
0.24653,113.042,2.22091e-07,3.73267e+06
0.247532,114.522,2.34558e-07,3.80564e+06
0.248533,117.8,2.24104e-07,4.0802e+06
0.249533,119.39,2.22696e-07,4.20475e+06
0.250542,121.312,2.35789e-07,4.35959e+06
0.25154,123.082,2.20641e-07,4.44574e+06
0.252543,126.054,2.22232e-07,4.72969e+06
0.253544,128.506,2.41521e-07,4.86662e+06
0.254547,130.288,2.20402e-07,4.97478e+06
0.255548,132.426,2.36014e-07,5.09397e+06
0.256551,135,2.25568e-07,5.34875e+06
0.257552,137.578,2.3185e-07,5.5431e+06
0.258552,140.238,2.30858e-07,5.71247e+06
0.259555,142.62,2.23019e-07,5.84512e+06
0.260559,145.068,2.31164e-07,6.024e+06
0.261561,148.1,2.3248e-07,6.21209e+06
0.262562,150.616,2.19121e-07,6.39888e+06
0.263564,153.192,2.47402e-07,6.54464e+06
0.264567,155.604,1.97973e-07,6.71499e+06
0.265569,158.776,2.477e-07,6.93459e+06
0.266569,161.678,2.09097e-07,7.19337e+06
0.267573,164.402,2.39091e-07,7.39437e+06
0.268572,167.97,2.20292e-07,7.63391e+06
0.269577,170.454,2.31295e-07,7.80875e+06
0.270579,173.616,2.25967e-07,8.04682e+06
0.27158,177.03,2.22089e-07,8.37481e+06
0.272582,179.758,2.25976e-07,8.53023e+06
0.273585,183.006,2.37842e-07,8.95241e+06
0.274585,187.318,2.25826e-07,9.23022e+06
0.275588,190.188,2.25354e-07,9.40911e+06
0.276591,193.254,2.29013e-07,9.55863e+06
0.277592,196.616,2.2592e-07,9.85916e+06
0.278593,200.792,2.27865e-07,1.02769e+07
0.279595,205.586,2.32021e-07,1.06627e+07
0.280598,209.278,2.13152e-07,1.08983e+07
0.281601,215.48,2.368e-07,1.187e+07
0.282602,220.63,2.23559e-07,1.21676e+07
0.283604,224.982,2.36719e-07,1.2629e+07
0.284606,230.018,2.16684e-07,1.30742e+07
0.28561,234.326,2.12956e-07,1.33483e+07
0.286611,239.66,2.34814e-07,1.36705e+07
0.287611,244.072,2.25828e-07,1.3966e+07
0.288615,249.152,2.33415e-07,1.46156e+07
0.289617,254.876,2.15746e-07,1.51465e+07
0.290617,259.596,2.46168e-07,1.57368e+07
0.29162,265.054,2.22165e-07,1.61674e+07
0.292622,270.62,2.30755e-07,1.66189e+07
0.293624,276.962,2.21854e-07,1.70248e+07
0.294625,283.124,2.35329e-07,1.77641e+07
0.295628,289.44,2.25288e-07,1.87753e+07
0.296631,295.802,2.23268e-07,1.96038e+07
0.297631,303.334,2.36237e-07,2.02788e+07
0.298635,311.232,2.11565e-07,2.1342e+07
0.299635,319.008,2.42564e-07,2.25203e+07
0.300637,325.52,2.24022e-07,2.30054e+07
0.30164,331.65,2.37208e-07,2.36026e+07
0.302643,340.988,2.18807e-07,2.45111e+07
0.303645,348.306,2.35171e-07,2.52496e+07
0.304646,356.19,2.19695e-07,2.59077e+07
0.305648,363.508,2.30809e-07,2.6607e+07
0.306649,371.27,2.2475e-07,2.72099e+07
0.307652,378.786,2.24069e-07,2.80103e+07
0.308654,387.792,2.27601e-07,2.90741e+07
0.309657,397.454,2.20873e-07,3.01565e+07
0.310657,406.026,2.29143e-07,3.1197e+07
0.311661,414.712,2.16408e-07,3.20036e+07
0.312662,425.45,2.27134e-07,3.34134e+07
0.313664,436.298,2.24931e-07,3.41788e+07
0.314665,447.468,2.27047e-07,3.56055e+07
0.315669,457.82,2.18533e-07,3.69969e+07
0.316671,469.268,2.28969e-07,3.80117e+07
0.317672,479.718,2.30127e-07,3.95941e+07
0.318673,489.844,2.22288e-07,4.02224e+07
0.319677,500.29,2.36774e-07,4.16792e+07
0.320678,509.574,2.24865e-07,4.2919e+07
0.321682,522.178,2.15473e-07,4.43895e+07
0.322682,533.908,2.47105e-07,4.59345e+07
0.323683,545.658,2.25915e-07,4.68972e+07
0.324687,558.236,2.21817e-07,4.85206e+07
0.325689,571.958,2.28755e-07,5.00427e+07
0.326689,585.43,2.19721e-07,5.19909e+07
0.327692,599.294,2.30327e-07,5.39753e+07
0.328692,613.082,2.30207e-07,5.62773e+07
0.329698,625.69,2.10501e-07,5.77316e+07
0.330696,644.958,2.45133e-07,5.94423e+07
0.3317,658.526,2.23789e-07,6.07561e+07
0.332698,673.434,2.29893e-07,6.1791e+07
0.333702,691.672,2.02996e-07,6.42852e+07
0.334707,710.108,2.37735e-07,6.57142e+07
0.335709,724.742,2.1309e-07,6.6806e+07
0.33671,740.988,2.42071e-07,6.8198e+07
0.33771,758.418,2.1209e-07,6.91165e+07
0.338716,778.716,2.34347e-07,7.02666e+07
0.339716,796.028,2.23526e-07,7.13759e+07
0.340719,813.322,2.23871e-07,7.24467e+07
0.341721,835.106,2.25651e-07,7.46695e+07
0.342722,855.412,2.36304e-07,7.60323e+07
0.343724,877.282,2.16209e-07,7.69035e+07
0.344727,895.708,2.25571e-07,7.77029e+07
0.345728,920.354,2.36514e-07,7.80367e+07
0.346731,939.248,2.18338e-07,7.85277e+07
0.347732,963.188,2.3028e-07,7.96149e+07
0.348732,984.664,2.22247e-07,7.95096e+07
0.349737,1005.91,2.20889e-07,7.98284e+07
0.350737,1034.14,2.26758e-07,7.87159e+07
0.35174,1058.52,2.18157e-07,7.93043e+07
0.352742,1084.66,2.38563e-07,8.00581e+07
0.353745,1109.2,2.162e-07,8.04784e+07
0.354746,1132.45,2.47674e-07,8.09769e+07
0.355747,1160.39,2.16083e-07,7.99783e+07
0.35675,1185.17,2.26972e-07,8.00026e+07
0.357753,1217.23,2.22577e-07,7.92901e+07
0.358754,1240.42,2.37846e-07,7.85463e+07
0.359757,1266.14,2.13376e-07,7.81655e+07
0.360758,1291.74,2.31388e-07,7.69565e+07
0.361761,1322.11,2.15833e-07,7.63756e+07
0.362763,1349.38,2.3426e-07,7.56709e+07
0.363763,1375.42,2.22936e-07,7.53769e+07
0.364766,1405.16,2.32519e-07,7.33545e+07
0.365768,1430.04,2.22636e-07,7.38601e+07
0.366771,1458.04,2.14418e-07,7.27521e+07
0.367772,1485.52,2.22288e-07,7.24402e+07
0.368774,1515.39,2.25923e-07,7.12569e+07
0.369776,1542.76,2.33833e-07,7.08635e+07
0.370779,1570.75,2.18083e-07,7.07788e+07
0.371781,1595.52,2.27956e-07,7.02625e+07
0.372783,1627.22,2.20285e-07,6.91669e+07
0.373783,1660.31,2.34599e-07,6.62e+07
0.374785,1693.7,2.18555e-07,6.43355e+07
0.375789,1719.44,2.36069e-07,6.39526e+07
0.37679,1751.64,2.17366e-07,6.18687e+07
0.377792,1779.08,2.30721e-07,6.14148e+07
0.378794,1811.05,2.24172e-07,5.99919e+07
0.379794,1837.7,2.3868e-07,5.94911e+07
0.380797,1868.43,2.15839e-07,5.83636e+07
0.381802,1895.74,2.33299e-07,5.67651e+07
0.382801,1927.01,2.29592e-07,5.49612e+07
0.383804,1958.53,2.13224e-07,5.20781e+07
0.384809,1988.42,2.36104e-07,5.03458e+07
0.385808,2015.99,2.22989e-07,4.9397e+07
0.386811,2043.2,2.21314e-07,4.85456e+07
0.387811,2072.67,2.25381e-07,4.77311e+07
0.388813,2099.13,2.22798e-07,4.74826e+07
0.389818,2128.88,2.2526e-07,4.633e+07
0.390817,2157.53,2.2914e-07,4.62997e+07
0.391819,2186.25,2.11949e-07,4.56227e+07
0.392821,2219.34,2.2381e-07,4.32996e+07
0.393825,2245.48,2.34674e-07,4.31474e+07
0.394825,2278.09,2.21256e-07,3.95112e+07
0.395831,2306.87,2.22055e-07,3.81691e+07
0.396829,2335.32,2.40672e-07,3.70716e+07
0.397833,2364.18,1.98172e-07,3.6956e+07
0.398836,2394.7,2.49817e-07,3.43281e+07
0.399836,2425.14,2.1081e-07,3.30554e+07
0.400839,2452.87,2.29237e-07,3.34038e+07
0.40184,2481.94,2.20129e-07,3.27267e+07
0.402842,2512.99,2.2961e-07,3.20821e+07
0.403843,2541.56,2.32317e-07,3.15103e+07
0.404846,2569.55,2.35299e-07,3.13226e+07
0.405849,2599.64,2.13003e-07,3.10409e+07
0.40685,2628.14,2.29351e-07,3.07327e+07
0.407853,2657.54,2.17982e-07,2.97844e+07
0.408854,2685.97,2.37187e-07,2.99078e+07
0.409856,2713.12,2.16434e-07,2.96535e+07
0.410859,2740.72,2.25483e-07,2.88225e+07
0.411859,2767.69,2.29108e-07,2.80221e+07
0.412863,2795.97,2.2997e-07,2.76556e+07
0.413864,2824.63,2.2038e-07,2.74064e+07
0.414866,2852.82,2.24887e-07,2.6762e+07
0.415869,2882.54,2.21882e-07,2.6786e+07
0.416871,2912.63,2.40641e-07,2.59313e+07
0.417874,2941.5,2.15023e-07,2.53441e+07
0.418875,2971.01,2.47718e-07,2.50526e+07
0.419876,2998.44,2.14398e-07,2.46963e+07
0.420878,3027.7,2.29209e-07,2.43142e+07
0.421881,3057.25,2.29002e-07,2.34149e+07
0.422881,3088.02,2.31912e-07,2.2702e+07
0.423884,3115.48,2.29301e-07,2.24663e+07
0.424887,3145.15,2.25671e-07,2.19616e+07
0.42589,3173.33,2.34187e-07,2.17953e+07
0.42689,3202.37,2.22195e-07,2.12786e+07
0.427892,3229.77,2.33937e-07,2.10408e+07
0.428896,3257.58,2.20196e-07,2.05766e+07
0.429897,3283.96,2.3725e-07,2.01907e+07
0.430897,3311.13,2.15313e-07,2.00361e+07
0.431902,3340.04,2.17499e-07,1.98138e+07
0.432903,3367.6,2.39017e-07,1.97362e+07
0.433904,3395.08,2.11565e-07,1.9386e+07
0.434908,3422.71,2.30116e-07,1.89847e+07
0.435908,3450.95,2.22528e-07,1.85922e+07
0.43691,3479.19,2.34238e-07,1.81486e+07
0.437912,3506.55,2.18765e-07,1.79951e+07
0.438915,3535.42,2.33984e-07,1.77073e+07
0.439917,3563.48,2.31535e-07,1.7081e+07
0.440918,3590.42,2.29287e-07,1.69453e+07
0.441921,3617.42,2.20096e-07,1.66373e+07
0.442923,3646.24,2.22511e-07,1.6286e+07
0.443923,3674.91,2.28407e-07,1.60287e+07
0.444926,3702.3,2.18214e-07,1.57741e+07
0.445928,3729.47,2.26603e-07,1.56083e+07
0.446929,3756.62,2.37674e-07,1.52617e+07
0.447933,3784.88,2.18072e-07,1.48811e+07
0.448936,3812.61,2.40574e-07,1.45106e+07
0.449937,3839.55,2.12571e-07,1.42721e+07
0.450938,3866.86,2.34729e-07,1.40702e+07
0.45194,3893.08,2.22458e-07,1.39965e+07
0.452941,3919.3,2.3324e-07,1.38959e+07
0.453945,3947.45,2.08453e-07,1.36524e+07
0.454947,3973.77,2.34233e-07,1.34198e+07
0.455947,4000.39,2.37516e-07,1.32781e+07
0.45695,4027.61,2.0378e-07,1.29579e+07
0.457954,4054.11,2.41506e-07,1.26568e+07
0.458953,4080.93,2.22422e-07,1.25821e+07
0.459958,4105.96,2.19835e-07,1.22353e+07
0.460958,4132.09,2.4542e-07,1.21224e+07
0.46196,4158.3,1.99134e-07,1.19765e+07
0.462964,4184.83,2.36221e-07,1.1573e+07
0.463961,4209.71,2.21274e-07,1.12196e+07
0.464966,4234.31,2.18409e-07,1.09437e+07
0.46597,4260.22,2.27192e-07,1.07402e+07
0.46697,4286.13,2.27505e-07,1.03416e+07
0.467973,4313,2.36154e-07,1.01104e+07
0.468974,4337.67,2.15277e-07,1.01427e+07
0.469978,4363.61,2.2509e-07,9.95024e+06
0.470977,4389.41,2.27014e-07,9.66749e+06
0.471982,4414.35,2.17828e-07,9.38066e+06
0.47298,4439.96,2.41363e-07,9.23779e+06
0.473985,4465.87,2.1532e-07,9.0546e+06
0.474987,4491.05,2.31238e-07,9.08919e+06
0.475988,4515.12,2.33316e-07,8.9077e+06
0.47699,4539.3,2.3332e-07,8.74657e+06
0.477993,4564.08,2.12184e-07,8.52754e+06
0.478994,4589.07,2.48145e-07,8.2921e+06
0.479997,4613.84,2.11393e-07,8.16191e+06
0.481,4639.2,2.41831e-07,7.99479e+06
0.481999,4664.17,2.13708e-07,7.94e+06
0.483005,4688.83,2.26803e-07,7.57887e+06
0.484005,4711.48,2.33308e-07,7.44517e+06
0.485007,4735.79,2.30372e-07,7.34306e+06
0.48601,4759.54,2.17577e-07,7.11467e+06
0.48701,4783.46,2.40548e-07,6.83033e+06
0.488011,4806.68,2.09702e-07,6.75183e+06
0.489014,4830.09,2.42982e-07,6.73129e+06
0.490017,4854.53,2.23876e-07,6.65732e+06
0.491018,4878.22,2.37442e-07,6.57051e+06
0.492021,4900.3,2.15906e-07,6.67111e+06
0.493022,4923.14,2.37617e-07,6.59395e+06
0.494024,4946.02,2.17123e-07,6.51104e+06
0.495027,4968.19,2.33437e-07,6.37579e+06
0.496029,4990.32,2.29658e-07,6.28112e+06
0.497029,5012.75,2.24457e-07,6.2184e+06
0.498033,5035.9,2.12129e-07,6.14941e+06
0.499027,5058.02,2.31566e-07,6.02783e+06
0.500037,5081.07,3.24131e-07,6.00687e+06
0.501046,5104.15,2.36042e-07,5.95865e+06
0.502041,5125.27,2.12295e-07,5.71876e+06
0.503044,5147.26,2.26193e-07,5.62225e+06
0.504045,5169.53,2.28302e-07,5.63392e+06
0.505046,5192.09,2.33826e-07,5.4011e+06
0.50605,5213.67,2.17123e-07,5.30462e+06
0.507051,5235.64,2.37787e-07,5.2143e+06
0.508053,5256.76,2.15464e-07,5.17812e+06
0.509055,5277.68,2.38286e-07,5.13403e+06
0.510056,5298.88,2.23496e-07,4.98092e+06
0.511059,5319.85,2.43372e-07,4.89275e+06
0.512063,5341.2,2.09322e-07,4.82085e+06
0.513063,5363.02,2.40321e-07,4.70059e+06
0.514064,5384.36,2.17092e-07,4.68737e+06
0.515067,5406.42,2.29972e-07,4.56576e+06
0.516069,5426.98,2.33106e-07,4.42522e+06
0.517069,5448.19,2.26088e-07,4.35592e+06
0.518075,5468.71,2.13632e-07,4.31072e+06
0.519073,5489.25,2.40139e-07,4.3309e+06
0.520077,5509.28,2.11053e-07,4.20545e+06
0.521079,5529.78,2.483e-07,4.09323e+06
0.522081,5549.89,2.12193e-07,4.11666e+06
0.523083,5570.64,2.33926e-07,4.13463e+06
0.524086,5590.27,2.33131e-07,3.97189e+06
0.525086,5610.66,2.3188e-07,3.93069e+06
0.526089,5630.66,2.14382e-07,3.83115e+06
0.527093,5650.51,2.42587e-07,3.79711e+06
0.528092,5669.41,2.1757e-07,3.73626e+06
0.529096,5688.41,2.28102e-07,3.68655e+06
0.530096,5706.86,2.24401e-07,3.60983e+06
0.531099,5725.76,2.16206e-07,3.61811e+06
0.5321,5744.25,2.36153e-07,3.57308e+06
0.533103,5763.22,2.27399e-07,3.50683e+06
0.534104,5782.15,2.27737e-07,3.44497e+06
0.535107,5801.16,2.18816e-07,3.44095e+06
0.536112,5820.03,2.21014e-07,3.3183e+06
0.537109,5838.94,2.35683e-07,3.19463e+06
0.538114,5857.47,1.99543e-07,3.19815e+06
0.539115,5875.26,2.45537e-07,3.16628e+06
0.540116,5893.83,2.1943e-07,3.12744e+06
0.54112,5912.38,2.22568e-07,3.02937e+06
0.54212,5929.59,2.411e-07,2.97264e+06
0.543123,5948.03,2.03685e-07,2.91009e+06
0.544127,5966,2.36435e-07,2.92249e+06
0.545126,5983.63,2.34565e-07,2.90051e+06
0.546129,6001.28,2.0898e-07,2.83205e+06
0.547132,6018.84,2.346e-07,2.78937e+06
0.548134,6036.28,2.22566e-07,2.77334e+06
0.549135,6052.8,2.34948e-07,2.76032e+06
0.550137,6069.56,2.12624e-07,2.72499e+06
0.551137,6085.51,2.39716e-07,2.6406e+06
0.552141,6102.31,2.17414e-07,2.60331e+06
0.553144,6119.21,2.38815e-07,2.51724e+06
0.554145,6135.33,2.26404e-07,2.45961e+06
0.555147,6152.2,2.17682e-07,2.39973e+06
0.556151,6168.23,2.27725e-07,2.39866e+06
0.55715,6184.83,2.21888e-07,2.38457e+06
0.558153,6200.25,2.20348e-07,2.38e+06
0.559155,6216.15,2.29307e-07,2.36586e+06
0.560156,6231.88,2.31534e-07,2.36536e+06
0.561158,6248.36,2.34563e-07,2.31381e+06
0.562161,6264.22,2.1823e-07,2.28313e+06
0.563163,6280.45,2.34276e-07,2.24452e+06
0.564166,6296.41,2.22632e-07,2.17516e+06
0.565165,6311.84,2.2901e-07,2.13689e+06
0.56617,6326.98,2.11162e-07,2.10689e+06
0.56717,6342.39,2.38367e-07,2.04008e+06
0.568172,6357.73,2.17877e-07,1.98919e+06
0.569176,6372.95,2.15476e-07,1.97138e+06
0.570176,6387.84,2.37083e-07,1.94651e+06
0.571177,6402.97,2.19764e-07,1.92419e+06
0.572182,6417.83,2.33923e-07,1.86655e+06
0.573183,6432.5,2.22083e-07,1.84309e+06
0.574184,6446.75,2.34193e-07,1.78419e+06
0.575186,6461.05,2.25237e-07,1.72202e+06
0.57619,6475.54,2.29159e-07,1.66455e+06
0.577192,6490.41,2.32347e-07,1.61252e+06
0.578193,6504.54,2.29043e-07,1.61296e+06
0.579196,6517.74,2.29999e-07,1.59615e+06
0.580198,6531.16,2.13848e-07,1.5741e+06
0.581198,6544.62,2.47514e-07,1.53755e+06
0.5822,6558.5,2.14989e-07,1.49056e+06
0.583203,6572.03,2.40396e-07,1.48741e+06
0.584204,6585.93,2.21909e-07,1.44954e+06
0.585207,6599.52,2.24785e-07,1.44108e+06
0.58621,6612.6,2.2057e-07,1.42e+06
0.58721,6625.29,2.29458e-07,1.42782e+06
0.588215,6638.46,2.29387e-07,1.43209e+06
0.589214,6651.64,2.25567e-07,1.42962e+06
0.590218,6663.98,2.15197e-07,1.42916e+06
0.591219,6676.93,2.3779e-07,1.40461e+06
0.59222,6689.51,2.17796e-07,1.38118e+06
0.593223,6702.54,2.30347e-07,1.35873e+06
0.594225,6715.37,2.12973e-07,1.33395e+06
0.595227,6727.55,2.34477e-07,1.32178e+06
0.596231,6739.66,2.33458e-07,1.29652e+06
0.597231,6751.81,2.297e-07,1.28453e+06
0.598234,6763.61,2.20071e-07,1.28385e+06
0.599234,6775.89,2.27851e-07,1.26328e+06
0.600238,6788.29,2.11281e-07,1.23231e+06
0.601237,6800.57,2.4931e-07,1.22648e+06
0.602241,6812.98,1.98484e-07,1.21644e+06
0.603244,6824.62,2.41199e-07,1.21e+06
0.604243,6836.47,2.22107e-07,1.18274e+06
0.605249,6847.67,2.22106e-07,1.18111e+06
0.606249,6859.15,2.34669e-07,1.14628e+06
0.607252,6870.44,2.25265e-07,1.12693e+06
0.608255,6881.82,2.11755e-07,1.107e+06
0.609256,6893.05,2.303e-07,1.0709e+06
0.610256,6904.25,2.25162e-07,1.02813e+06
0.61126,6915.58,2.24067e-07,1.00646e+06
0.612263,6926.69,2.24899e-07,1.00042e+06
0.613262,6937.98,2.20033e-07,970312
0.614265,6948.41,2.23224e-07,976305
0.615264,6959.06,2.34471e-07,963928
0.61627,6968.92,2.13345e-07,959968
0.617272,6979.91,2.29721e-07,952868
0.618272,6990.4,2.3389e-07,957810
0.619276,7000.46,2.16379e-07,941258
0.62028,7011.19,2.38289e-07,935904
0.621279,7021.52,2.25319e-07,927309
0.622282,7031.39,2.31208e-07,900263
0.623283,7040.94,2.17283e-07,876767
0.624285,7050.84,2.36414e-07,868591
0.625288,7060.72,2.19194e-07,834763
0.626291,7070.25,2.34324e-07,811577
0.627291,7079.74,2.20353e-07,793534
0.628293,7089.08,2.28178e-07,796601
0.629294,7098.56,2.17685e-07,805303
0.630298,7107.71,2.33084e-07,788069
0.631299,7116.77,2.25978e-07,810347
0.632302,7126.36,2.22704e-07,809623
0.633302,7135.64,2.13736e-07,796085
0.634306,7144.8,2.22356e-07,784053
0.635307,7154.45,2.31767e-07,779394
0.636311,7163.44,2.22621e-07,761695
0.63731,7172.25,2.34442e-07,744560
0.638313,7180.93,2.15791e-07,750331
0.639315,7189.48,2.31696e-07,756655
0.640317,7198.04,2.13258e-07,757263
0.64132,7206.67,2.37715e-07,739999
0.64232,7215.41,2.23377e-07,721855
0.643323,7223.87,2.2708e-07,706539
0.644327,7232.78,2.15698e-07,683949
0.645327,7240.99,2.47545e-07,667989
0.646329,7249.29,2.16031e-07,666930
0.647332,7257.89,2.39035e-07,657109
0.648334,7265.82,2.17688e-07,654603
0.649337,7274.08,2.27416e-07,644971
0.650336,7282.29,2.2096e-07,642182
0.651342,7290.22,2.22148e-07,639988
0.652341,7298.04,2.30681e-07,634393
0.653343,7305.95,2.1849e-07,636270
0.654346,7314.05,2.36418e-07,624660
0.655347,7321.89,2.26109e-07,602442
0.65635,7329.43,2.15139e-07,599321
0.657352,7337.14,2.36759e-07,586801
0.658353,7344.7,2.25648e-07,586963
0.659355,7352.11,2.2438e-07,582860
0.660358,7359.07,2.23994e-07,578059
0.661358,7366.55,2.34603e-07,568684
0.662363,7373.73,2.11776e-07,559679
0.663363,7380.94,2.41404e-07,537203
0.664365,7388.2,2.13327e-07,528283
0.665366,7395.4,2.37122e-07,523192
0.666372,7402.42,2.02245e-07,511864
0.667376,7409.41,2.30122e-07,504339
0.668374,7416.17,2.23648e-07,506227
0.669377,7422.76,2.45315e-07,498320
0.670376,7429.54,2.10329e-07,483460
0.671382,7436.32,2.30102e-07,473856
0.672381,7442.8,2.29581e-07,477327
0.673385,7449.15,2.20375e-07,466107
0.674384,7455.83,2.28532e-07,457349
0.675387,7462.18,2.22209e-07,452632
0.676391,7468.64,2.24878e-07,456831
0.677392,7475.02,2.47624e-07,454833
0.678392,7481.27,2.15649e-07,435330
0.679396,7487.49,2.24666e-07,442043
0.680397,7493.85,2.36829e-07,442389
0.6814,7499.74,2.21883e-07,435745
0.682402,7505.76,2.30323e-07,437884
0.683403,7511.71,2.29572e-07,426204
0.684405,7517.44,2.18588e-07,413769
0.685409,7523.07,2.27005e-07,406178
0.68641,7528.71,2.24342e-07,400403
0.687412,7534.43,2.27699e-07,392513
0.688413,7540.16,2.16514e-07,388041
0.689417,7545.8,2.29096e-07,384881
0.690416,7551.46,2.20587e-07,372868
0.69142,7556.92,2.28085e-07,366754
0.692422,7562.45,2.24172e-07,363392
0.693425,7567.72,2.2469e-07,357976
0.694425,7572.97,2.3076e-07,347365
0.695427,7577.9,2.19632e-07,351348
0.696429,7583,2.34948e-07,345764
0.697431,7588.22,2.1901e-07,340921
0.698434,7593.59,2.37306e-07,330995
0.699437,7598.37,2.23074e-07,330644
0.700439,7603.42,2.4333e-07,322456
0.701439,7608.27,2.11258e-07,312869
0.702443,7612.96,2.36674e-07,309419
0.703442,7617.84,2.23497e-07,308862
0.704446,7622.72,2.25177e-07,300721
0.705448,7627.59,2.35392e-07,297703
0.70645,7632.19,2.21616e-07,297620
0.707452,7636.71,2.31199e-07,293401
0.708454,7641.36,2.21239e-07,291631
0.709457,7645.94,2.46388e-07,285385
0.710457,7650.52,2.15682e-07,282009
0.711459,7655.37,2.33373e-07,276585
0.712462,7659.7,2.25916e-07,272041
0.713464,7664.19,2.35264e-07,267966
0.714464,7668.55,2.13401e-07,265578
0.715469,7672.82,2.15931e-07,260743
0.71647,7677.02,2.36888e-07,251537
0.717473,7681.22,2.23648e-07,246735
0.718473,7685.36,2.37352e-07,244183
0.719476,7689.52,2.12541e-07,236605
0.720479,7693.78,2.31392e-07,244406
0.721481,7697.75,2.26985e-07,241550
0.722481,7701.82,2.2573e-07,234908
0.723484,7705.61,2.29782e-07,229951
0.724486,7709.49,2.25113e-07,229793
0.725489,7713.21,2.25137e-07,224430
0.726489,7717.31,2.37673e-07,220801
0.727493,7721.08,2.25421e-07,216226
0.728494,7724.79,2.22308e-07,214036
0.729495,7728.47,2.26572e-07,212288
0.730497,7732.24,2.32031e-07,209445
0.731502,7736.06,2.18707e-07,204014
0.732501,7739.87,2.39029e-07,200603
0.733505,7743.5,2.08719e-07,201431
0.734504,7747.28,2.47502e-07,198376
0.735507,7750.42,1.98736e-07,193044
0.73651,7753.89,2.46639e-07,187087
0.737512,7757,2.19262e-07,185594
0.738513,7760.38,2.32502e-07,183526
0.739515,7763.92,2.32548e-07,183944
0.740519,7767.35,2.23283e-07,183301
0.741522,7770.63,2.28675e-07,182591
0.742522,7773.72,2.32301e-07,183590
0.743523,7776.71,2.26033e-07,180813
0.744526,7779.88,2.36195e-07,177381
0.745527,7782.89,2.20219e-07,177001
0.74653,7786.07,2.42126e-07,177771
0.747531,7789.01,2.23574e-07,177017
0.748534,7792.03,2.20101e-07,176557
0.749532,7795.3,2.38217e-07,171626
0.750541,7798.15,2.22983e-07,167118
0.751542,7800.97,2.23262e-07,166154
0.752541,7803.96,2.35005e-07,162155
0.753544,7806.81,2.22049e-07,159178
0.754547,7809.71,2.35072e-07,155868
0.755546,7812.49,2.33977e-07,152533
0.756552,7815.22,2.16403e-07,147231
0.757551,7818.1,2.35425e-07,143385
0.758554,7820.88,2.30676e-07,141365
0.759554,7823.63,2.25738e-07,135587
0.76056,7826.16,2.22146e-07,131556
0.76156,7828.7,2.38419e-07,130727
0.762561,7831.39,2.28612e-07,126105
0.763566,7833.99,2.28449e-07,125113
0.764567,7836.46,2.29037e-07,124334
0.765569,7838.79,2.12194e-07,122966
0.766571,7841.24,2.33202e-07,121713
0.767572,7843.73,2.30704e-07,120702
0.768573,7846.26,2.1745e-07,116625
0.769577,7848.69,2.45403e-07,114350
0.770578,7850.85,2.13576e-07,112347
0.771581,7853.01,2.24507e-07,108243
0.772581,7855.35,2.36391e-07,104570
0.773585,7857.73,2.13082e-07,103129
0.774586,7859.93,2.45588e-07,100475
0.775586,7862.17,2.18203e-07,100287
0.776592,7864.44,2.22627e-07,99855.1
0.777592,7866.71,2.29917e-07,98653.8
0.778593,7868.78,2.29806e-07,96982.4
0.779597,7870.85,2.19819e-07,96920.4
0.780598,7872.83,2.27568e-07,96976.6
0.781601,7874.83,2.15642e-07,94211.2
0.782602,7876.79,2.50804e-07,92281.5
0.783602,7878.81,2.11148e-07,88603
0.784609,7880.83,2.25596e-07,87281.9
0.785606,7882.94,2.17865e-07,85127.3
0.786612,7884.95,2.33099e-07,84608.6
0.787611,7886.83,2.17724e-07,81417.2
0.788616,7888.8,2.30293e-07,80388.6
0.789616,7890.63,2.30292e-07,77139.1
0.790618,7892.44,2.23665e-07,74975.1
0.791621,7894.24,2.36605e-07,73144.2
0.792621,7896.02,2.25129e-07,72114.8
0.793625,7897.81,2.21137e-07,72943.7
0.794625,7899.53,2.27852e-07,70368.5
0.795629,7901.3,2.25389e-07,68593.4
0.796631,7902.82,2.26189e-07,68698.5
0.797633,7904.47,2.33999e-07,66972.5
0.798635,7906.07,2.21257e-07,66657.4
0.799634,7907.76,2.33434e-07,64595.7
0.800635,7909.44,2.29101e-07,64661.3
0.801641,7910.92,2.28316e-07,63722
0.802644,7912.52,2.26702e-07,60828.8
0.803644,7914.11,2.24993e-07,60214.9
0.804647,7915.72,2.24746e-07,58748.8
0.805647,7917.27,2.37082e-07,57032.1
0.80665,7918.77,2.1184e-07,55841.6
0.80765,7920.13,2.37036e-07,55696
0.808655,7921.66,2.198e-07,54704.5
0.809657,7923.02,2.30673e-07,53392.8
0.810658,7924.39,2.19115e-07,51913.2
0.811661,7925.71,2.20409e-07,50918.5
0.812663,7927.01,2.33332e-07,48717
0.813664,7928.31,2.17915e-07,48789.3
0.814665,7929.65,2.32064e-07,48751.4
0.815668,7930.9,2.21582e-07,48178.6
0.816669,7932.13,2.28295e-07,46747.3
0.817673,7933.47,2.18588e-07,45990.5
0.818672,7934.71,2.43581e-07,45347.8
0.819676,7935.96,2.18761e-07,44487.4
0.820679,7937.04,2.24767e-07,43924.1
0.821681,7938.27,2.28086e-07,42392.1
0.822682,7939.49,2.37207e-07,42743
0.823684,7940.71,2.30504e-07,42080.9
0.824687,7941.9,2.10996e-07,40954.2
0.82569,7943.03,2.32192e-07,39742.6
0.826689,7944.32,2.29113e-07,39039.2
0.827693,7945.38,2.15146e-07,37965.6
0.828694,7946.54,2.40873e-07,37168.2
0.829696,7947.64,2.10024e-07,36586.6
0.830698,7948.6,2.37836e-07,35551.6
0.8317,7949.62,2.33175e-07,35135.6
0.832702,7950.59,2.2447e-07,34925.3
0.833707,7951.65,2.30076e-07,33624.3
0.834708,7952.72,2.24768e-07,32865.9
0.835709,7953.7,2.45927e-07,31735.4
0.83671,7954.67,2.04944e-07,30979.2
0.837714,7955.71,2.40221e-07,30007.4
0.838713,7956.75,2.26889e-07,29403.2
0.839717,7957.63,2.2229e-07,28310
0.840719,7958.64,2.24894e-07,28073.2
0.841719,7959.45,2.33485e-07,27343.9
0.842722,7960.25,2.19597e-07,26656.7
0.843724,7961.09,2.32254e-07,25345
0.844727,7961.92,2.16091e-07,24905.6
0.845727,7962.69,2.39611e-07,24329.7
0.846731,7963.47,2.15036e-07,24048.6
0.847732,7964.31,2.34337e-07,23592.2
0.848733,7965.06,2.10195e-07,23264.4
0.849737,7965.82,2.46179e-07,22938.4
0.850736,7966.57,1.98074e-07,22540.8
0.851742,7967.34,2.3524e-07,21994.8
0.852741,7968.08,2.27609e-07,21551.1
0.853744,7968.73,2.27009e-07,21033.6
0.854747,7969.46,2.26697e-07,20702.3
0.855748,7970.23,2.38017e-07,20180
0.856752,7970.97,2.18323e-07,19558.4
0.857753,7971.63,2.35083e-07,19010.8
0.858755,7972.29,2.14301e-07,18849.8
0.859757,7972.94,2.2708e-07,18678
0.860758,7973.59,2.31022e-07,17685.1
0.861761,7974.26,2.12537e-07,17053.2
0.862763,7974.94,2.4147e-07,17006.4
0.863766,7975.49,2.21641e-07,16722.9
0.864765,7976.09,2.3252e-07,16593.8
0.86577,7976.77,2.13404e-07,16019.6
0.86677,7977.35,2.26411e-07,15099.4
0.867773,7977.91,2.17928e-07,14882.9
0.868773,7978.41,2.28606e-07,14385.3
0.869777,7979,2.25354e-07,13782
0.87078,7979.62,2.26857e-07,13441.6
0.871779,7980.15,2.32866e-07,12979
0.872781,7980.65,2.14003e-07,12593.1
0.873784,7981.15,2.29107e-07,12090.4
0.874784,7981.62,2.34597e-07,11814.3
0.875788,7982.08,2.21979e-07,11456.5
0.876791,7982.61,2.19915e-07,10958.5
0.877791,7983.04,2.37372e-07,10487
0.878795,7983.52,2.21626e-07,10148.8
0.879797,7983.97,2.33384e-07,9954.66
0.880798,7984.43,2.30363e-07,9836.41
0.881801,7984.88,2.27389e-07,9499.27
0.882802,7985.3,2.20098e-07,9135
0.883806,7985.7,2.2333e-07,8769
0.884806,7986.03,2.48433e-07,8574.42
0.88581,7986.45,2.03745e-07,8335.65
0.886812,7986.78,2.39322e-07,8186.67
0.887811,7987.14,2.16653e-07,7817.48
0.888816,7987.5,2.21438e-07,7371
0.889817,7987.86,2.29684e-07,7117.48
0.890819,7988.19,2.22649e-07,6832.18
0.891818,7988.52,2.29184e-07,6668.71
0.892821,7988.85,2.08169e-07,6423.75
0.893824,7989.19,2.39688e-07,6345.7
0.894826,7989.5,2.07788e-07,6173
0.895829,7989.81,2.55038e-07,6008.33
0.896829,7990.14,1.99965e-07,5921.48
0.897835,7990.46,2.38978e-07,5704.35
0.898833,7990.77,2.29571e-07,5369.62
0.899836,7991.06,2.17751e-07,5280.2
0.90084,7991.34,2.34011e-07,5124.83
0.90184,7991.6,2.29457e-07,4963.8
0.902843,7991.85,2.19177e-07,4811.75
0.903843,7992.12,2.33837e-07,4678.31
0.904846,7992.4,2.27959e-07,4441.8
0.905848,7992.64,2.18999e-07,4321.75
0.906852,7992.86,2.30949e-07,4196.2
0.907852,7993.1,2.21259e-07,3975.39
0.908857,7993.34,2.28586e-07,3904.2
0.909855,7993.57,2.20564e-07,3696.26
0.910859,7993.82,2.29806e-07,3580.51
0.911859,7994.08,2.26583e-07,3390.8
0.912863,7994.31,2.22982e-07,3284.18
0.913866,7994.55,2.26848e-07,3065.94
0.914866,7994.75,2.23255e-07,3001.75
0.915869,7994.94,2.28389e-07,2896.43
0.91687,7995.18,2.25134e-07,2781.16
0.917874,7995.32,2.21381e-07,2674.44
0.918876,7995.49,2.33013e-07,2536.95
0.919876,7995.69,2.2953e-07,2463.33
0.920876,7995.86,2.22598e-07,2319.63
0.921882,7996.04,2.22688e-07,2191.35
0.922882,7996.18,2.37435e-07,2149.16
0.923885,7996.33,2.18287e-07,2107.86
0.924887,7996.49,2.46623e-07,2058.9
0.925889,7996.64,2.13853e-07,1981.2
0.926892,7996.79,2.42308e-07,1943.53
0.92789,7996.88,2.17907e-07,1855.56
0.928897,7997.03,2.17098e-07,1739.49
0.929896,7997.19,2.42992e-07,1605.7
0.930899,7997.3,2.08736e-07,1513.4
0.931901,7997.41,2.32843e-07,1440.58
0.932903,7997.51,2.19204e-07,1366.95
0.933904,7997.64,2.2695e-07,1306.63
0.934907,7997.75,2.17246e-07,1273.25
0.935909,7997.86,2.3695e-07,1233.63
0.936909,7997.97,2.33867e-07,1165.61
0.937913,7998.11,2.08597e-07,1064.5
0.938913,7998.2,2.41554e-07,984
0.939916,7998.28,2.16339e-07,923.912
0.94092,7998.34,2.36847e-07,879.878
0.941921,7998.45,2.27261e-07,835.848
0.942924,7998.55,2.16162e-07,787.648
0.943923,7998.63,2.27484e-07,764.022
0.944927,7998.71,2.25161e-07,682.95
0.945928,7998.79,2.27697e-07,636.95
0.94693,7998.85,2.3076e-07,599.048
0.947933,7998.91,2.34039e-07,572.582
0.948936,7998.96,2.2666e-07,556.278
0.949936,7999.02,2.31196e-07,526.838
0.950939,7999.07,2.19142e-07,482.262
0.951938,7999.14,2.45304e-07,444.752
0.952943,7999.18,1.98941e-07,431.072
0.953945,7999.24,2.42844e-07,388.232
0.954945,7999.29,2.13478e-07,354.95
0.955949,7999.33,2.41286e-07,332.208
0.956952,7999.36,2.17229e-07,319.478
0.957953,7999.4,2.33835e-07,296.198
0.958955,7999.45,2.14779e-07,259.75
0.959958,7999.48,2.3809e-07,242.838
0.960958,7999.51,2.22423e-07,224.928
0.961962,7999.55,2.20648e-07,217.848
0.962963,7999.59,2.17079e-07,189.128
0.963963,7999.62,2.28631e-07,173.312
0.964966,7999.65,2.29181e-07,164.342
0.96597,7999.68,2.29252e-07,150.072
0.96697,7999.71,2.24615e-07,138.528
0.967974,7999.74,2.3101e-07,124.678
0.968975,7999.76,2.17019e-07,115.2
0.969978,7999.77,2.2923e-07,111.462
0.970977,7999.8,2.31003e-07,96
0.971981,7999.82,2.20778e-07,89.072
0.972982,7999.83,2.30466e-07,80.55
0.973986,7999.84,2.20819e-07,77.878
0.974986,7999.85,2.38409e-07,72.342
0.975986,7999.86,2.21228e-07,68.752
0.976992,7999.88,2.25327e-07,59.558
0.977991,7999.89,2.39343e-07,52.168
0.978995,7999.9,2.15018e-07,49
0.979997,7999.91,2.46679e-07,43.302
0.980999,7999.92,2.07137e-07,39.112
0.982001,7999.94,2.3102e-07,33.952
0.983003,7999.95,2.34174e-07,24.848
0.984004,7999.96,2.24812e-07,23.032
0.985008,7999.97,2.24678e-07,15.608
0.986008,7999.98,2.36034e-07,12.758
0.987012,7999.98,2.16731e-07,7.872
0.988012,7999.99,2.29484e-07,5.928
0.989014,7999.99,2.2656e-07,4.95
0.990017,7999.99,2.3422e-07,3.968
0.991019,7999.99,2.28794e-07,3.968
0.99202,7999.99,2.28561e-07,3.968
0.993022,8000,2.19139e-07,1.992
0.994026,8000,2.22806e-07,0
0.995028,8000,2.42888e-07,0
0.996026,8000,2.15575e-07,0
0.997038,8000,1.84303e-07,0
0.998021,8000,2.33789e-07,0
0.999041,8000,2.04739e-08,0
1,8000,0,0
0.284981,235.822,1.0609,7.17328e+06
7.67112,-1,-1,-1
