0,1,0,0
0.0010145,2.042,2.40747e-07,20.118
0.0020207,2.13,2.08419e-07,56.55
0.0030272,2.286,1.93505e-07,104.102
0.00403339,2.452,1.83919e-07,133.848
0.00503912,2.614,1.81892e-07,130.502
0.006045,2.742,1.92917e-07,117.718
0.00704995,2.858,2.08665e-07,100.918
0.00805396,2.952,2.21415e-07,86.848
0.00905627,3.026,2.33893e-07,78.662
0.0100578,3.092,2.38438e-07,87.768
0.0110601,3.146,2.37203e-07,88.342
0.0120626,3.206,2.35576e-07,103.782
0.013065,3.268,2.35344e-07,124.088
0.0140672,3.31,2.36686e-07,132.95
0.0150698,3.372,2.37303e-07,158.808
0.0160718,3.43,2.38991e-07,184.55
0.0170734,3.492,2.4549e-07,208.968
0.0180751,3.544,2.46358e-07,226.032
0.019078,3.618,2.46748e-07,242.038
0.0200781,3.72,2.49517e-07,270.8
0.0210809,3.786,2.4751e-07,274.102
0.0220826,3.88,2.41e-07,290.8
0.0230857,3.928,2.37101e-07,289.408
0.0240878,4.024,2.35685e-07,289.712
0.0250897,4.104,2.41421e-07,304.592
0.0260918,4.158,2.42296e-07,304.518
0.0270931,4.238,2.44574e-07,304.678
0.0280957,4.3,2.47726e-07,311
0.0290969,4.354,2.45281e-07,328.342
0.0300989,4.402,2.44905e-07,354.198
0.0311003,4.462,2.3929e-07,350.278
0.0321039,4.522,2.39705e-07,358.758
0.0331051,4.574,2.46129e-07,356.262
0.0341079,4.626,2.50682e-07,367.062
0.0351088,4.69,2.53531e-07,408.95
0.0361099,4.73,2.49937e-07,434.55
0.0371123,4.788,2.46488e-07,455.528
0.0381156,4.828,2.47386e-07,477.208
0.039117,4.89,2.4621e-07,508.95
0.0401171,4.954,2.46733e-07,503.942
0.0411213,5.022,2.47779e-07,542.758
0.0421227,5.09,2.53164e-07,598.95
0.043124,5.156,2.51356e-07,651.832
0.0441262,5.21,2.45463e-07,662.95
0.0451297,5.28,2.47455e-07,684.8
0.0461313,5.352,2.51768e-07,766.048
0.0471336,5.416,2.53053e-07,791.472
0.0481347,5.488,2.55315e-07,794.928
0.0491387,5.546,2.59081e-07,823.942
0.0501374,5.606,2.64656e-07,823.382
0.051141,5.66,2.59714e-07,894.2
0.0521427,5.722,2.54279e-07,924.358
0.0531442,5.784,2.53299e-07,928.672
0.0541459,5.84,2.52386e-07,959.2
0.0551485,5.894,2.47606e-07,1025.38
0.0561516,5.97,2.46732e-07,1062.55
0.0571553,6.03,2.45756e-07,1058.55
0.0581562,6.12,2.49531e-07,1086.8
0.0591576,6.17,2.5839e-07,1126.55
0.0601576,6.242,2.60751e-07,1115.72
0.0611602,6.3,2.56981e-07,1195
0.0621629,6.364,2.51652e-07,1237.75
0.0631652,6.426,2.51319e-07,1246.26
0.0641666,6.488,2.52181e-07,1296.93
0.0651695,6.544,2.51628e-07,1296.03
0.0661699,6.6,2.45631e-07,1340
0.0671726,6.674,2.40781e-07,1357.86
0.0681763,6.74,2.36085e-07,1424.2
0.0691769,6.818,2.37129e-07,1506.44
0.0701787,6.868,2.32974e-07,1509.29
0.0711815,6.93,2.26738e-07,1582.55
0.0721827,7.014,2.25317e-07,1610.9
0.073186,7.084,2.2764e-07,1632.47
0.0741884,7.178,2.33144e-07,1671.16
0.0751903,7.268,2.45502e-07,1684.09
0.0761923,7.342,2.53876e-07,1686.52
0.0771904,7.422,2.50777e-07,1781.96
0.0781951,7.492,2.43557e-07,1744.97
0.0791977,7.54,2.44252e-07,1774.2
0.0801981,7.598,2.40516e-07,1790.2
0.0812006,7.68,2.39721e-07,1842.8
0.0822035,7.744,2.42846e-07,1875.23
0.0832079,7.82,2.48593e-07,1915.8
0.0842066,7.894,2.57225e-07,1959.38
0.0852086,7.958,2.60828e-07,2000.12
0.0862106,8.044,2.54919e-07,2077.03
0.0872118,8.126,2.48337e-07,2277.06
0.0882148,8.192,2.44548e-07,2403.57
0.0892171,8.292,2.48327e-07,2507.37
0.0902192,8.376,2.53779e-07,2611.31
0.0912195,8.436,2.57517e-07,2600.95
0.0922223,8.512,2.58148e-07,2628.93
0.0932249,8.574,2.53711e-07,2734.26
0.0942269,8.652,2.52705e-07,2783.45
0.0952311,8.75,2.49434e-07,2827.75
0.0962306,8.848,2.44588e-07,2884.45
0.0972343,8.936,2.4293e-07,3039.95
0.0982374,9.008,2.48302e-07,3159.97
0.0992382,9.102,2.56731e-07,3277.8
0.100236,9.168,2.5726e-07,3345.89
0.10124,9.268,2.51554e-07,3368.09
0.102244,9.344,2.46912e-07,3378.83
0.103246,9.44,2.48856e-07,3505.2
0.104247,9.534,2.52417e-07,3632.42
0.105251,9.636,2.56348e-07,3683.75
0.10625,9.718,2.57383e-07,3705.24
0.107251,9.804,2.53487e-07,3944.79
0.108254,9.87,2.52528e-07,3952.55
0.109256,9.974,2.49219e-07,4082.66
0.110259,10.058,2.44257e-07,4213.32
0.111259,10.148,2.45575e-07,4313.05
0.112264,10.258,2.43913e-07,4591.72
0.113266,10.344,2.44403e-07,4648.83
0.114269,10.464,2.4667e-07,4840.35
0.11527,10.572,2.49741e-07,4996.41
0.116272,10.654,2.48481e-07,5195.14
0.117274,10.816,2.51382e-07,5219.07
0.118276,10.91,2.60312e-07,5354.95
0.119277,11.004,2.63424e-07,5519.99
0.120277,11.096,2.55212e-07,5619.39
0.121278,11.19,2.5039e-07,5802.95
0.122282,11.274,2.45471e-07,5879.46
0.123284,11.34,2.42971e-07,5938.2
0.124287,11.442,2.40254e-07,6137.32
0.125286,11.572,2.39307e-07,6324.41
0.126291,11.642,2.43715e-07,6312.92
0.127293,11.726,2.48971e-07,6373.46
0.128294,11.828,2.52922e-07,6365.21
0.129297,11.948,2.51846e-07,6686.65
0.1303,12.088,2.51725e-07,7004.13
0.131299,12.182,2.45223e-07,7184.44
0.132302,12.29,2.36096e-07,7284.95
0.133307,12.412,2.37394e-07,7479.13
0.134309,12.534,2.38823e-07,7664.42
0.13531,12.636,2.43893e-07,7775.75
0.136315,12.746,2.46858e-07,7934.74
0.137315,12.858,2.55958e-07,8246.92
0.138317,12.958,2.6472e-07,8472.12
0.139318,13.098,2.6714e-07,8946.2
0.140319,13.226,2.68495e-07,9119.46
0.141321,13.368,2.64325e-07,9316.29
0.142325,13.486,2.60724e-07,9344.9
0.143323,13.626,2.58413e-07,9751.06
0.144327,13.762,2.58326e-07,9976.68
0.14533,13.868,2.57075e-07,10191.3
0.146331,14.022,2.52176e-07,10554.8
0.147334,14.166,2.4785e-07,10689.2
0.148336,14.284,2.50195e-07,11043.7
0.149338,14.378,2.55562e-07,11577.6
0.150339,14.452,2.57405e-07,11763.8
0.151343,14.58,2.59438e-07,12019.8
0.152344,14.676,2.61635e-07,12187.5
0.153346,14.846,2.59739e-07,12581.1
0.154345,14.94,2.50562e-07,12718.2
0.155348,15.104,2.34419e-07,12816.6
0.156351,15.228,2.2487e-07,13022
0.157356,15.366,2.25585e-07,13150
0.158357,15.52,2.38613e-07,13462.8
0.159359,15.614,2.46312e-07,13636.5
0.16036,15.704,2.5019e-07,13808.2
0.161362,15.842,2.55259e-07,14146.5
0.162364,15.976,2.59574e-07,14457.7
0.163366,16.126,2.55716e-07,15035.1
0.164368,16.26,2.50599e-07,15044.2
0.16537,16.352,2.44218e-07,15104
0.166376,16.46,2.41318e-07,15086.2
0.167371,16.636,2.44161e-07,15271.8
0.168375,16.772,2.45273e-07,15708
0.169378,16.946,2.48539e-07,16053.5
0.170381,17.118,2.51736e-07,16526
0.171383,17.226,2.52848e-07,16911.5
0.172385,17.362,2.46768e-07,17285.5
0.173386,17.582,2.48305e-07,18675.6
0.174388,17.762,2.50392e-07,19130.7
0.175389,17.928,2.48616e-07,19433.4
0.176393,18.12,2.48147e-07,19752.8
0.177393,18.296,2.53521e-07,20232.2
0.178396,18.436,2.57808e-07,20545
0.179398,18.566,2.6309e-07,21174.8
0.180397,18.788,2.64055e-07,21867.5
0.181401,18.966,2.62671e-07,22834.4
0.182401,19.134,2.56283e-07,23196
0.183403,19.304,2.51373e-07,23089.8
0.184406,19.494,2.44509e-07,23709
0.185407,19.706,2.32168e-07,24765.8
0.186411,19.902,2.29525e-07,25134.2
0.187415,20.062,2.34328e-07,25651.1
0.188416,20.27,2.42089e-07,25942.6
0.189418,20.472,2.46149e-07,26480.6
0.190421,20.606,2.47817e-07,26801.4
0.191422,20.864,2.46479e-07,27068.8
0.192422,21.032,2.41499e-07,27783.5
0.193425,21.172,2.38704e-07,28559.2
0.194428,21.312,2.39868e-07,29029.3
0.195432,21.484,2.48113e-07,29376.9
0.196434,21.684,2.58136e-07,30084.1
0.197433,21.874,2.63396e-07,30835.1
0.198436,22.084,2.6017e-07,31378.5
0.199441,22.274,2.59312e-07,31639.5
0.200435,22.418,2.5612e-07,31575.6
0.20144,22.592,2.48424e-07,32788.8
0.202443,22.802,2.39386e-07,33147.4
0.203446,23.022,2.28194e-07,33510.8
0.20445,23.298,2.25995e-07,34810.6
0.205452,23.486,2.3247e-07,35982.9
0.206454,23.744,2.41542e-07,37217.2
0.207455,23.954,2.5449e-07,39693.9
0.208456,24.208,2.63409e-07,40238.4
0.209459,24.428,2.66493e-07,40576.4
0.210462,24.576,2.67808e-07,41018.1
0.211462,24.824,2.69383e-07,41282.5
0.212463,25.014,2.71127e-07,41792.9
0.213464,25.276,2.68566e-07,43361.9
0.214465,25.492,2.58562e-07,45341
0.215467,25.776,2.54409e-07,45796.9
0.216471,26.058,2.53585e-07,47253.3
0.217471,26.292,2.51935e-07,48387.4
0.218474,26.544,2.48532e-07,50062
0.219477,26.734,2.43239e-07,51221.6
0.220478,26.982,2.31656e-07,51532.8
0.221482,27.224,2.29373e-07,53634.9
0.222483,27.502,2.39364e-07,55463
0.223488,27.668,2.44675e-07,55580.9
0.224489,27.986,2.51701e-07,57902.9
0.22549,28.314,2.55921e-07,60499.7
0.226493,28.682,2.57399e-07,64956.4
0.227494,29.038,2.62622e-07,64986.3
0.228497,29.398,2.6444e-07,67621.8
0.229498,29.678,2.66083e-07,68207.2
0.2305,30.024,2.64873e-07,74953.7
0.231499,30.294,2.46179e-07,76011.8
0.232503,30.484,2.38979e-07,76692.9
0.233506,30.888,2.381e-07,78955.7
0.234509,31.22,2.37758e-07,80085.8
0.23551,31.372,2.43845e-07,80572.8
0.236513,31.742,2.52212e-07,81167.7
0.237515,31.956,2.59049e-07,83161
0.238515,32.328,2.59812e-07,84614.2
0.239517,32.7,2.54729e-07,86277
0.240519,32.91,2.44542e-07,87114.9
0.24152,33.262,2.41466e-07,89872.7
0.242522,33.468,2.40807e-07,91266.5
0.243524,33.764,2.40201e-07,91700.2
0.244528,34.088,2.36605e-07,93030.1
0.245531,34.406,2.36788e-07,96030.6
0.246532,34.792,2.40374e-07,97040.4
0.247535,35.236,2.41641e-07,98716.2
0.248538,35.516,2.3846e-07,100733
0.249544,35.856,2.39705e-07,102844
0.250534,36.272,2.40832e-07,106085
0.25154,36.592,2.38808e-07,107335
0.252544,36.988,2.41603e-07,110304
0.253546,37.302,2.43459e-07,113107
0.254548,37.792,2.41474e-07,115388
0.255551,38.248,2.39608e-07,120201
0.256553,38.628,2.4494e-07,119909
0.257555,39.116,2.48514e-07,125149
0.258557,39.594,2.48178e-07,129243
0.259559,39.95,2.47562e-07,131820
0.260561,40.396,2.52712e-07,135012
0.261563,40.832,2.5394e-07,136380
0.262563,41.364,2.52484e-07,140334
0.263564,41.946,2.47148e-07,149460
0.264566,42.4,2.39818e-07,152480
0.265569,42.834,2.37013e-07,155929
0.266573,43.22,2.39391e-07,158386
0.267574,43.726,2.38221e-07,161301
0.268578,44.306,2.39921e-07,165708
0.269579,44.804,2.47526e-07,167339
0.27058,45.19,2.47739e-07,168051
0.271582,45.552,2.46865e-07,171172
0.272587,46.098,2.49248e-07,176898
0.273586,46.726,2.55448e-07,186311
0.274589,47.198,2.54171e-07,192275
0.27559,47.576,2.56761e-07,194492
0.276592,47.974,2.5899e-07,197327
0.277593,48.464,2.52865e-07,200202
0.278596,49.208,2.51499e-07,208864
0.279598,49.94,2.5003e-07,216836
0.280599,50.34,2.4738e-07,219044
0.281602,50.968,2.4256e-07,241205
0.282604,51.576,2.40169e-07,249548
0.283606,52.076,2.35621e-07,254639
0.284609,52.866,2.34988e-07,266222
0.285615,53.436,2.38126e-07,272349
0.286612,54.122,2.50719e-07,282762
0.287614,54.76,2.53504e-07,291899
0.288616,55.55,2.5083e-07,295714
0.289619,56.32,2.50977e-07,306175
0.290621,57.082,2.51852e-07,318248
0.291624,57.708,2.47142e-07,321513
0.292625,58.318,2.48273e-07,323992
0.293627,59.11,2.50022e-07,330993
0.294629,60.186,2.5201e-07,355784
0.29563,61.052,2.55964e-07,367025
0.296632,61.76,2.58214e-07,373045
0.297634,62.528,2.64635e-07,386827
0.298636,63.738,2.66327e-07,404453
0.299639,64.42,2.64836e-07,416000
0.300637,65.71,2.50553e-07,442995
0.30164,66.97,2.46748e-07,467879
0.302644,67.68,2.47945e-07,470505
0.303645,68.818,2.42704e-07,488136
0.304647,69.5,2.40511e-07,495063
0.30565,70.762,2.40162e-07,531545
0.306654,71.528,2.47367e-07,540171
0.307658,72.47,2.58178e-07,554467
0.308656,73.552,2.64206e-07,568332
0.309657,74.592,2.57486e-07,588891
0.310658,76,2.47808e-07,606340
0.311661,77.37,2.39606e-07,639621
0.312662,78.46,2.34172e-07,666550
0.313667,79.576,2.36696e-07,689776
0.314669,80.462,2.45432e-07,708558
0.315672,81.856,2.54638e-07,739242
0.316673,83.122,2.65624e-07,760214
0.317674,84.356,2.67573e-07,781563
0.318675,86.048,2.6418e-07,865817
0.319677,87.43,2.58121e-07,891167
0.320679,88.398,2.50257e-07,904150
0.321681,89.766,2.49921e-07,942920
0.322683,90.912,2.49576e-07,1.00306e+06
0.323686,92.168,2.53318e-07,1.03068e+06
0.324688,93.614,2.56605e-07,1.0655e+06
0.325689,95.166,2.54493e-07,1.10987e+06
0.326691,96.938,2.52063e-07,1.1815e+06
0.327693,97.984,2.44879e-07,1.22089e+06
0.328696,99.232,2.42952e-07,1.2459e+06
0.329698,101.83,2.43144e-07,1.38065e+06
0.330701,103.398,2.41583e-07,1.4329e+06
0.331706,105.224,2.4125e-07,1.53683e+06
0.332712,107.51,2.47816e-07,1.6372e+06
0.333697,109.27,2.48776e-07,1.70999e+06
0.334703,111.26,2.36476e-07,1.8136e+06
0.335708,113.13,2.3394e-07,1.86511e+06
0.336711,115.124,2.34313e-07,1.9157e+06
0.337714,117.448,2.31744e-07,2.00549e+06
0.338717,119.358,2.3258e-07,2.0266e+06
0.33972,121.52,2.37211e-07,2.06547e+06
0.340721,123.54,2.48539e-07,2.12189e+06
0.341724,126.468,2.5267e-07,2.28863e+06
0.342725,128.3,2.52441e-07,2.37834e+06
0.343728,130.63,2.4644e-07,2.40325e+06
0.34473,133.118,2.50835e-07,2.46367e+06
0.345731,136.356,2.57857e-07,2.6776e+06
0.346732,138.538,2.60575e-07,2.78942e+06
0.347735,141.584,2.64019e-07,2.92852e+06
0.348736,144.108,2.66427e-07,3.01553e+06
0.349739,146.472,2.64831e-07,3.09901e+06
0.350739,150.044,2.58558e-07,3.32596e+06
0.351741,153.122,2.50363e-07,3.4682e+06
0.352745,156.522,2.47766e-07,3.63814e+06
0.353746,159.504,2.49552e-07,3.83525e+06
0.354748,162.498,2.49942e-07,3.92249e+06
0.35575,167.668,2.47244e-07,4.24751e+06
0.356752,170.278,2.45053e-07,4.39147e+06
0.357754,174.768,2.41708e-07,4.6614e+06
0.358756,177.746,2.44681e-07,4.81234e+06
0.359759,181.532,2.46658e-07,4.93646e+06
0.360759,186.27,2.48745e-07,5.16075e+06
0.361761,189.938,2.52863e-07,5.44725e+06
0.362764,194.842,2.51818e-07,5.77594e+06
0.363763,200.514,2.53748e-07,6.25976e+06
0.364767,204.552,2.53412e-07,6.58084e+06
0.36577,208.922,2.51202e-07,6.96074e+06
0.366771,213.812,2.51077e-07,7.36495e+06
0.367774,217.962,2.50097e-07,7.59339e+06
0.368775,224.216,2.47165e-07,8.34417e+06
0.369776,230.126,2.41613e-07,8.82674e+06
0.370779,235.56,2.34618e-07,9.20897e+06
0.371781,240.996,2.30298e-07,9.60937e+06
0.372784,247.87,2.28457e-07,1.0263e+07
0.373787,256.06,2.30151e-07,1.12529e+07
0.374792,262.504,2.33092e-07,1.15841e+07
0.375791,268.384,2.45609e-07,1.2171e+07
0.376793,274.316,2.55717e-07,1.26326e+07
0.377795,282.622,2.6035e-07,1.32865e+07
0.378798,287.694,2.64825e-07,1.37423e+07
0.379799,294.64,2.68344e-07,1.41986e+07
0.380801,303.15,2.71425e-07,1.47995e+07
0.381801,311.824,2.70926e-07,1.58614e+07
0.382804,322.242,2.68353e-07,1.78202e+07
0.383805,332.168,2.66034e-07,1.90308e+07
0.384804,342.498,2.54957e-07,1.99551e+07
0.385808,353.76,2.45581e-07,2.13836e+07
0.38681,360.51,2.3453e-07,2.15952e+07
0.387812,371.088,2.248e-07,2.28793e+07
0.388816,380.776,2.21313e-07,2.39686e+07
0.38982,392.22,2.24449e-07,2.49718e+07
0.390822,406.484,2.3593e-07,2.78591e+07
0.391823,416.794,2.48461e-07,2.93611e+07
0.392827,430.044,2.57e-07,3.05396e+07
0.393827,444.504,2.6177e-07,3.27201e+07
0.394827,458.22,2.56029e-07,3.37352e+07
0.395831,475.78,2.51454e-07,3.63806e+07
0.396832,488.504,2.45587e-07,3.81515e+07
0.397835,506.816,2.43743e-07,4.05531e+07
0.398839,523.192,2.47499e-07,4.22799e+07
0.399845,537.858,2.52703e-07,4.43456e+07
0.400838,556.546,2.58985e-07,4.64155e+07
0.401843,577.858,2.58481e-07,4.975e+07
0.402845,599.422,2.54556e-07,5.20129e+07
0.403847,617.774,2.50893e-07,5.55094e+07
0.404848,636.834,2.47638e-07,5.74407e+07
0.40585,655.41,2.44389e-07,5.99526e+07
0.406853,675.256,2.42064e-07,6.12102e+07
0.407857,699.992,2.4813e-07,6.27122e+07
0.408858,724.772,2.55317e-07,6.63271e+07
0.40986,751.884,2.58955e-07,6.86426e+07
0.410861,778.746,2.5517e-07,7.0386e+07
0.411861,805.514,2.53786e-07,7.32589e+07
0.412864,835.252,2.55674e-07,7.64237e+07
0.413865,866.574,2.52361e-07,7.98743e+07
0.414868,897.992,2.53255e-07,8.32021e+07
0.415871,926.004,2.519e-07,8.69796e+07
0.41687,958.016,2.52267e-07,8.89186e+07
0.417874,994.072,2.53796e-07,9.1517e+07
0.418877,1032.25,2.55981e-07,9.23677e+07
0.419879,1068.42,2.54383e-07,9.46643e+07
0.420881,1109.79,2.50272e-07,9.90337e+07
0.421882,1145.77,2.45579e-07,1.00392e+08
0.422886,1182.6,2.52775e-07,1.03054e+08
0.423887,1212.65,2.60665e-07,1.04615e+08
0.424889,1251.87,2.66031e-07,1.06428e+08
0.42589,1288.33,2.69656e-07,1.08994e+08
0.426892,1324.67,2.6894e-07,1.08079e+08
0.427895,1361.61,2.64571e-07,1.0917e+08
0.428892,1407.42,2.50351e-07,1.08868e+08
0.429898,1454.73,2.48793e-07,1.09071e+08
0.430899,1495.35,2.42345e-07,1.08461e+08
0.431901,1543.86,2.4012e-07,1.07048e+08
0.432903,1587.12,2.3998e-07,1.06633e+08
0.433906,1634.32,2.3912e-07,1.00973e+08
0.434908,1681.5,2.42585e-07,9.67765e+07
0.435911,1721.41,2.48368e-07,9.46611e+07
0.436912,1772.44,2.46991e-07,9.22865e+07
0.437914,1819.66,2.46675e-07,8.9994e+07
0.438916,1865.64,2.45882e-07,8.70816e+07
0.439919,1907.23,2.40673e-07,8.73715e+07
0.440919,1948.87,2.29811e-07,8.59142e+07
0.441922,1994.71,2.25845e-07,8.21876e+07
0.442924,2040.25,2.26238e-07,7.7408e+07
0.443928,2085.11,2.30801e-07,7.55297e+07
0.444928,2132.65,2.39421e-07,7.28961e+07
0.445932,2175.79,2.45922e-07,6.77564e+07
0.446934,2220.03,2.52979e-07,6.52418e+07
0.447935,2259.16,2.546e-07,6.48433e+07
0.448936,2304.91,2.53689e-07,6.1885e+07
0.44994,2344.46,2.54297e-07,6.0778e+07
0.45094,2384.99,2.47931e-07,5.91226e+07
0.451943,2425.97,2.46527e-07,5.70957e+07
0.452945,2470.25,2.48055e-07,5.46301e+07
0.453948,2510.54,2.48912e-07,5.21186e+07
0.454948,2556.39,2.50313e-07,4.75881e+07
0.455952,2597.53,2.48605e-07,4.54962e+07
0.456954,2638.23,2.52111e-07,4.45652e+07
0.457957,2677.87,2.56012e-07,4.14479e+07
0.458958,2719.39,2.60968e-07,3.95378e+07
0.459959,2758.72,2.63136e-07,3.81701e+07
0.46096,2799.75,2.5979e-07,3.73859e+07
0.461959,2837.74,2.46628e-07,3.67358e+07
0.462963,2879.96,2.32549e-07,3.46221e+07
0.463966,2917.39,2.26641e-07,3.44459e+07
0.464968,2953.78,2.25324e-07,3.40433e+07
0.465971,2991.34,2.26788e-07,3.18561e+07
0.466973,3032.53,2.33805e-07,3.05169e+07
0.467976,3074.07,2.36232e-07,2.98265e+07
0.468978,3114.65,2.35735e-07,2.86623e+07
0.469981,3153.12,2.39178e-07,2.7693e+07
0.470982,3192.19,2.41603e-07,2.72973e+07
0.471985,3232.06,2.43808e-07,2.66751e+07
0.472987,3270.35,2.50021e-07,2.59393e+07
0.473988,3305.04,2.59256e-07,2.52769e+07
0.474992,3344.44,2.6488e-07,2.53214e+07
0.475992,3379.64,2.71752e-07,2.51615e+07
0.476992,3417.83,2.70997e-07,2.3239e+07
0.477995,3454.31,2.67293e-07,2.25725e+07
0.478996,3491.14,2.63957e-07,2.23428e+07
0.479999,3527.11,2.54619e-07,2.20338e+07
0.481,3565.23,2.46426e-07,2.11308e+07
0.482003,3601.94,2.47917e-07,1.99354e+07
0.483004,3637.8,2.52365e-07,1.97064e+07
0.484006,3674.37,2.53409e-07,1.94606e+07
0.485008,3706.93,2.61729e-07,1.94155e+07
0.48601,3742.59,2.66346e-07,1.8755e+07
0.487011,3776.33,2.62568e-07,1.79322e+07
0.488012,3811.35,2.51101e-07,1.73972e+07
0.489016,3846.15,2.47325e-07,1.70939e+07
0.490019,3879.7,2.44018e-07,1.65672e+07
0.491022,3913.71,2.43099e-07,1.63096e+07
0.492023,3946.38,2.44878e-07,1.60461e+07
0.493024,3980.92,2.4304e-07,1.52328e+07
0.494027,4015.61,2.3897e-07,1.49049e+07
0.49503,4048.92,2.3772e-07,1.44023e+07
0.496031,4080.13,2.31081e-07,1.44456e+07
0.497036,4112.46,2.22032e-07,1.38125e+07
0.498042,4143.97,2.20372e-07,1.32524e+07
0.499049,4176.12,2.28342e-07,1.27321e+07
0.500043,4207.22,3.66093e-07,1.22948e+07
0.501029,4240.03,2.30861e-07,1.17899e+07
0.502035,4272.05,2.22523e-07,1.14291e+07
0.503041,4304.9,2.23664e-07,1.09732e+07
0.504046,4336.08,2.32159e-07,1.08491e+07
0.505048,4367.76,2.38297e-07,1.03633e+07
0.50605,4398.07,2.39428e-07,1.02675e+07
0.507053,4428.74,2.43259e-07,1.01144e+07
0.508054,4459.89,2.45167e-07,9.81318e+06
0.509056,4492.15,2.43513e-07,9.38665e+06
0.510059,4522.31,2.44027e-07,9.25057e+06
0.511062,4553.23,2.46994e-07,9.09378e+06
0.512065,4584.66,2.5044e-07,8.94635e+06
0.513067,4614.68,2.61756e-07,8.62131e+06
0.514068,4645.5,2.6557e-07,8.43093e+06
0.51507,4674.62,2.60918e-07,8.22506e+06
0.516072,4703.88,2.52578e-07,8.00127e+06
0.517074,4732.79,2.51712e-07,7.72267e+06
0.518075,4760.05,2.47502e-07,7.67063e+06
0.519078,4788.76,2.46117e-07,7.57082e+06
0.520079,4816.75,2.54932e-07,7.28146e+06
0.521082,4844.28,2.64104e-07,7.01236e+06
0.522083,4870.3,2.67376e-07,6.99538e+06
0.523086,4896.94,2.70974e-07,6.75269e+06
0.524086,4925.63,2.722e-07,6.41517e+06
0.525086,4953.84,2.65559e-07,6.21054e+06
0.52609,4980.39,2.59697e-07,6.06693e+06
0.52709,5008.74,2.51111e-07,5.86743e+06
0.528093,5035.59,2.44637e-07,5.81817e+06
0.529096,5062.76,2.41986e-07,5.73933e+06
0.530097,5089.75,2.40319e-07,5.59484e+06
0.531099,5116.56,2.3657e-07,5.54721e+06
0.532102,5142.43,2.36905e-07,5.49451e+06
0.533104,5168.36,2.34072e-07,5.3469e+06
0.534106,5193.87,2.26746e-07,5.32221e+06
0.535109,5220.74,2.25198e-07,5.19488e+06
0.536112,5246.27,2.26626e-07,4.95947e+06
0.537115,5271.38,2.32198e-07,4.82752e+06
0.538118,5295.91,2.46024e-07,4.66488e+06
0.539118,5319.34,2.59682e-07,4.60394e+06
0.540118,5344.26,2.6333e-07,4.54253e+06
0.54112,5368.96,2.61486e-07,4.5355e+06
0.542121,5393.85,2.56879e-07,4.3019e+06
0.543123,5418.24,2.5267e-07,4.1908e+06
0.544126,5442.78,2.49138e-07,4.16267e+06
0.54513,5466.9,2.50577e-07,4.13565e+06
0.54613,5490.97,2.49645e-07,4.14978e+06
0.547132,5514.6,2.48323e-07,4.03636e+06
0.548134,5537.94,2.46717e-07,4.01973e+06
0.549138,5561.21,2.47923e-07,3.99227e+06
0.550138,5584.22,2.54651e-07,3.86756e+06
0.551141,5607.37,2.53559e-07,3.77474e+06
0.552143,5629.59,2.55065e-07,3.70107e+06
0.553144,5652.65,2.53351e-07,3.69232e+06
0.554146,5676.45,2.46053e-07,3.68029e+06
0.555149,5699.76,2.39156e-07,3.5758e+06
0.55615,5722.29,2.30884e-07,3.49093e+06
0.557154,5744.34,2.25882e-07,3.44281e+06
0.558156,5765.45,2.25668e-07,3.40186e+06
0.559158,5786.66,2.29882e-07,3.29848e+06
0.560159,5809.18,2.41129e-07,3.18683e+06
0.561161,5830.75,2.4594e-07,3.16608e+06
0.562164,5851.75,2.46516e-07,3.09377e+06
0.563166,5872.68,2.46852e-07,3.03201e+06
0.564166,5893.06,2.48112e-07,3.05222e+06
0.56517,5914.73,2.42126e-07,2.9702e+06
0.566171,5935.58,2.38782e-07,2.82431e+06
0.567174,5957.15,2.39452e-07,2.79154e+06
0.568176,5977.62,2.39406e-07,2.71078e+06
0.569179,5996.52,2.41756e-07,2.66666e+06
0.57018,6016.55,2.48268e-07,2.64602e+06
0.571186,6035.71,2.49379e-07,2.5964e+06
0.572183,6054.95,2.64739e-07,2.5371e+06
0.573186,6073.81,2.68528e-07,2.51288e+06
0.574188,6092.64,2.69117e-07,2.49411e+06
0.575189,6112.34,2.65727e-07,2.4433e+06
0.576191,6131.02,2.60418e-07,2.40744e+06
0.577192,6150.23,2.52791e-07,2.38917e+06
0.578195,6169.32,2.45292e-07,2.39884e+06
0.579197,6187.64,2.50579e-07,2.36396e+06
0.580199,6206.16,2.54571e-07,2.28263e+06
0.581201,6224.56,2.56199e-07,2.26161e+06
0.582203,6243.18,2.53539e-07,2.21581e+06
0.583207,6260.82,2.51709e-07,2.15368e+06
0.584207,6278.1,2.52265e-07,2.14471e+06
0.585209,6295.68,2.53176e-07,2.06954e+06
0.586213,6314.1,2.51731e-07,2.017e+06
0.587213,6331.63,2.55442e-07,1.95601e+06
0.588217,6348.86,2.53434e-07,1.93564e+06
0.589217,6365.23,2.55588e-07,1.87986e+06
0.590218,6381.89,2.5955e-07,1.82199e+06
0.591219,6399.17,2.56113e-07,1.76998e+06
0.592221,6416.34,2.48628e-07,1.79927e+06
0.593224,6432.66,2.42554e-07,1.76308e+06
0.594227,6448.7,2.44745e-07,1.71462e+06
0.59523,6464.74,2.4793e-07,1.70797e+06
0.59623,6480.65,2.5152e-07,1.67318e+06
0.597233,6497.35,2.55101e-07,1.64501e+06
0.598235,6512.96,2.58713e-07,1.65571e+06
0.59924,6528.89,2.58633e-07,1.64295e+06
0.600233,6543.95,2.53844e-07,1.65354e+06
0.601239,6559.07,2.48204e-07,1.63952e+06
0.602243,6574.41,2.43823e-07,1.63288e+06
0.603245,6589.37,2.45799e-07,1.61294e+06
0.604247,6604.38,2.51658e-07,1.62792e+06
0.605251,6619.77,2.55963e-07,1.62691e+06
0.606251,6634.14,2.6215e-07,1.61483e+06
0.607251,6648.84,2.57349e-07,1.60099e+06
0.608254,6663.46,2.48543e-07,1.53494e+06
0.609255,6678.09,2.36036e-07,1.52869e+06
0.610258,6691.93,2.24058e-07,1.54679e+06
0.611262,6705.38,2.20935e-07,1.53034e+06
0.612266,6719.19,2.24063e-07,1.50882e+06
0.613268,6732.72,2.3381e-07,1.50082e+06
0.61427,6746.98,2.45092e-07,1.50865e+06
0.615274,6760.63,2.5409e-07,1.47816e+06
0.616272,6773.66,2.65584e-07,1.44667e+06
0.617274,6787.32,2.6772e-07,1.4263e+06
0.618276,6801.07,2.70379e-07,1.43284e+06
0.619277,6813.97,2.71272e-07,1.42332e+06
0.620279,6826.65,2.68384e-07,1.42455e+06
0.62128,6839.67,2.65462e-07,1.42709e+06
0.622282,6853.06,2.60429e-07,1.38461e+06
0.623284,6865.43,2.55598e-07,1.36675e+06
0.624287,6878.51,2.45091e-07,1.30727e+06
0.625286,6891.23,2.33543e-07,1.24664e+06
0.626291,6903.25,2.30161e-07,1.2298e+06
0.627294,6915.42,2.28149e-07,1.22272e+06
0.628297,6926.92,2.29678e-07,1.20636e+06
0.629299,6939.22,2.33983e-07,1.16687e+06
0.630301,6951.25,2.40973e-07,1.15623e+06
0.631303,6962.45,2.46397e-07,1.13757e+06
0.632304,6974.41,2.49961e-07,1.11317e+06
0.633307,6985.43,2.5064e-07,1.10517e+06
0.634308,6996.64,2.50724e-07,1.06546e+06
0.63531,7007.88,2.5308e-07,1.05023e+06
0.636314,7019.8,2.53066e-07,1.07139e+06
0.637314,7030.78,2.51472e-07,1.07048e+06
0.638316,7041.82,2.52518e-07,1.05119e+06
0.639318,7052.58,2.48205e-07,1.02491e+06
0.640319,7063.02,2.46773e-07,1.0242e+06
0.641321,7073.9,2.4462e-07,1.00687e+06
0.642324,7084.38,2.4128e-07,999906
0.643326,7094.79,2.45256e-07,994032
0.644328,7105.81,2.47068e-07,956716
0.64533,7116.02,2.49693e-07,932337
0.646331,7126.6,2.49383e-07,889498
0.647333,7137.02,2.48082e-07,875908
0.648336,7146.87,2.505e-07,877448
0.649338,7156.38,2.58776e-07,855051
0.650339,7166.22,2.65266e-07,834048
0.651342,7175.53,2.66599e-07,824671
0.652342,7184.77,2.64111e-07,810843
0.653346,7194.67,2.60295e-07,791567
0.654347,7203.75,2.57945e-07,772841
0.655348,7213.26,2.51395e-07,756480
0.65635,7222.35,2.47186e-07,747158
0.657353,7231.79,2.5308e-07,727190
0.658354,7240.52,2.53224e-07,716719
0.659357,7249.59,2.48917e-07,721131
0.660358,7258.93,2.37602e-07,720633
0.661361,7268.04,2.32636e-07,721451
0.662364,7276.17,2.31742e-07,704619
0.663366,7284.83,2.34182e-07,679699
0.664369,7293.27,2.33362e-07,675631
0.665375,7301.47,2.3532e-07,668279
0.666381,7309.64,2.47254e-07,672278
0.667366,7317.68,2.49178e-07,661964
0.668372,7325.8,2.42244e-07,665328
0.669377,7334.02,2.41904e-07,672097
0.670379,7342.24,2.4298e-07,665807
0.671382,7350.17,2.42526e-07,660526
0.672385,7358.09,2.44503e-07,657354
0.673386,7365.99,2.5173e-07,661047
0.674389,7373.55,2.53671e-07,657734
0.67539,7380.89,2.55903e-07,661480
0.676392,7388.15,2.52606e-07,648455
0.677394,7395.56,2.49111e-07,629719
0.678396,7403.02,2.49407e-07,619784
0.679399,7410.16,2.49745e-07,606262
0.680401,7417.53,2.58014e-07,597789
0.681403,7424.6,2.63786e-07,593764
0.682404,7431.77,2.67321e-07,590965
0.683405,7438.79,2.65303e-07,574052
0.684405,7446.02,2.55006e-07,567163
0.685408,7452.91,2.45452e-07,549981
0.686411,7459.94,2.36751e-07,545717
0.687415,7467.11,2.33763e-07,542172
0.688417,7473.83,2.39466e-07,528339
0.689419,7480.08,2.4748e-07,510854
0.690421,7486.53,2.5766e-07,501941
0.691422,7492.69,2.64419e-07,496147
0.69242,7499.09,2.58604e-07,491760
0.693424,7505.63,2.47455e-07,479386
0.694428,7511.8,2.40076e-07,464971
0.695431,7518,2.4015e-07,456472
0.696433,7523.92,2.42421e-07,452866
0.697434,7530.09,2.47612e-07,436057
0.698437,7535.91,2.45948e-07,432109
0.699441,7542.1,2.49594e-07,426296
0.700439,7548.39,2.64877e-07,421633
0.701442,7554.34,2.6599e-07,415437
0.702443,7559.68,2.64249e-07,420335
0.703445,7565.46,2.57768e-07,409944
0.704448,7571.39,2.5559e-07,406271
0.705449,7576.97,2.52059e-07,395480
0.706451,7582.77,2.50718e-07,394121
0.707453,7588.06,2.48718e-07,384792
0.708454,7593.52,2.48028e-07,381577
0.709457,7598.78,2.52336e-07,375900
0.710459,7604.03,2.51374e-07,373122
0.711462,7609.42,2.51099e-07,365164
0.712464,7614.39,2.53694e-07,360363
0.713465,7619.28,2.50423e-07,357148
0.714463,7624.38,2.38992e-07,349970
0.715468,7629.7,2.3538e-07,344101
0.716472,7634.73,2.35675e-07,342657
0.717474,7639.37,2.40013e-07,336173
0.718476,7644.41,2.42479e-07,329817
0.719479,7649.19,2.4725e-07,330696
0.72048,7654.24,2.49936e-07,326247
0.721482,7659.03,2.51412e-07,313972
0.722484,7663.61,2.52764e-07,312541
0.723486,7668.15,2.58658e-07,311705
0.724487,7672.74,2.56985e-07,305973
0.725489,7677.44,2.54515e-07,297021
0.726492,7682.35,2.55562e-07,291258
0.727491,7686.69,2.49733e-07,291636
0.728495,7690.83,2.47038e-07,279664
0.729498,7695,2.47955e-07,275084
0.730499,7699.28,2.4778e-07,270337
0.7315,7703.79,2.40477e-07,272534
0.732503,7708.13,2.38389e-07,276366
0.733505,7712.12,2.3939e-07,276180
0.734509,7716.25,2.36454e-07,270863
0.735511,7720.36,2.39394e-07,270231
0.736514,7724.36,2.46305e-07,258445
0.737515,7728.29,2.52264e-07,256467
0.738514,7732.35,2.54365e-07,242955
0.739517,7736.21,2.53152e-07,239240
0.740519,7740.14,2.4803e-07,232149
0.741521,7743.84,2.48788e-07,229963
0.742523,7747.63,2.49136e-07,223914
0.743525,7751.44,2.45536e-07,218691
0.744527,7755.09,2.40005e-07,213278
0.74553,7758.73,2.41515e-07,212825
0.746532,7762.36,2.43286e-07,211027
0.747534,7765.88,2.41278e-07,205473
0.748538,7769.2,2.37903e-07,201727
0.749544,7772.64,2.3956e-07,194669
0.750534,7776.17,2.41131e-07,189344
0.75154,7779.27,2.39366e-07,185490
0.752543,7782.44,2.42073e-07,181903
0.753546,7785.66,2.40626e-07,180198
0.754546,7788.93,2.37365e-07,176347
0.75555,7792.08,2.3654e-07,172565
0.756553,7795.29,2.3968e-07,172366
0.757556,7798.46,2.40069e-07,167922
0.758557,7801.49,2.4079e-07,168029
0.759559,7804.66,2.44461e-07,161391
0.760561,7807.63,2.54953e-07,161210
0.761563,7810.75,2.5978e-07,161209
0.762562,7813.72,2.59253e-07,157960
0.763565,7816.41,2.52276e-07,152591
0.764568,7819.24,2.43468e-07,149990
0.765569,7822.16,2.38193e-07,147480
0.766572,7824.93,2.38141e-07,142744
0.767575,7827.62,2.38986e-07,141554
0.768579,7830.43,2.45609e-07,139838
0.769578,7833.08,2.64833e-07,140712
0.77058,7835.78,2.65996e-07,134619
0.771581,7838.32,2.64556e-07,134308
0.772584,7840.92,2.62788e-07,133614
0.773585,7843.57,2.57779e-07,129859
0.774588,7846.16,2.56249e-07,127064
0.775588,7848.59,2.52143e-07,126891
0.77659,7851.1,2.45122e-07,124734
0.777595,7853.66,2.39158e-07,121163
0.778595,7856.16,2.29514e-07,116792
0.7796,7858.44,2.31589e-07,117861
0.780601,7860.59,2.431e-07,117489
0.781604,7862.87,2.47987e-07,115025
0.782606,7865.25,2.51156e-07,111865
0.783607,7867.58,2.52964e-07,109750
0.78461,7869.75,2.53735e-07,108359
0.785613,7871.95,2.57738e-07,107524
0.786613,7874.08,2.68179e-07,104860
0.787614,7876.24,2.70807e-07,103606
0.788616,7878.25,2.69384e-07,101380
0.789616,7880.32,2.68615e-07,99975.5
0.790619,7882.38,2.66931e-07,97905.8
0.791622,7884.44,2.63537e-07,95207.2
0.792623,7886.44,2.54829e-07,96113.3
0.793624,7888.45,2.42004e-07,98543.6
0.794626,7890.44,2.33347e-07,93511.4
0.795628,7892.43,2.27083e-07,90942.4
0.796632,7894.3,2.28904e-07,90411.8
0.797635,7896.31,2.3985e-07,87415.7
0.798637,7898.05,2.48356e-07,86312.6
0.799643,7899.91,2.55533e-07,84214.1
0.800636,7901.68,2.60218e-07,81358.1
0.801642,7903.42,2.60526e-07,79431.8
0.802644,7905.18,2.63561e-07,77775.8
0.803644,7906.89,2.58497e-07,75912.9
0.804646,7908.65,2.48176e-07,77121.1
0.805649,7910.29,2.3973e-07,77274.1
0.806653,7911.92,2.38534e-07,75058.5
0.807656,7913.52,2.41116e-07,73046.7
0.808656,7915.07,2.46412e-07,72466.8
0.809657,7916.64,2.48027e-07,70379.2
0.81066,7918.27,2.46249e-07,68861.5
0.811662,7919.83,2.41794e-07,67395.9
0.812663,7921.28,2.34287e-07,67851.7
0.813666,7922.84,2.29176e-07,65825.9
0.814671,7924.32,2.31465e-07,63446.1
0.815672,7925.88,2.43985e-07,62572
0.816674,7927.36,2.50756e-07,60181.2
0.817676,7928.77,2.55413e-07,57908
0.818677,7930.13,2.62313e-07,56222
0.81968,7931.48,2.63229e-07,54396.8
0.820679,7932.79,2.62832e-07,52632.1
0.821682,7934.08,2.57547e-07,51178.5
0.822685,7935.37,2.52799e-07,48502.3
0.823685,7936.63,2.48191e-07,48266.5
0.824688,7937.97,2.48609e-07,47949.5
0.82569,7939.14,2.50742e-07,47010.2
0.826692,7940.29,2.48463e-07,44927.8
0.827692,7941.58,2.47717e-07,43913.8
0.828695,7942.8,2.53801e-07,42831.2
0.829697,7943.98,2.52234e-07,41945.8
0.8307,7945.18,2.48653e-07,41536.4
0.831702,7946.21,2.45214e-07,41513.8
0.832707,7947.31,2.43651e-07,40305.7
0.833701,7948.44,2.42607e-07,39721
0.834707,7949.56,2.45048e-07,40275.3
0.83571,7950.57,2.51204e-07,39722.7
0.836712,7951.72,2.56213e-07,38543.2
0.837714,7952.75,2.59775e-07,37664.7
0.838716,7953.8,2.55386e-07,36653.2
0.839718,7954.73,2.50348e-07,35801.5
0.840719,7955.61,2.4655e-07,35080.5
0.84172,7956.59,2.38707e-07,34787.1
0.842722,7957.51,2.26281e-07,33539
0.843726,7958.47,2.25255e-07,32202.7
0.84473,7959.39,2.34514e-07,30681.4
0.845732,7960.27,2.50708e-07,29516.5
0.846731,7961.2,2.60281e-07,28710.8
0.847734,7961.97,2.61918e-07,28156.4
0.848735,7962.71,2.59734e-07,27457.4
0.849739,7963.56,2.57299e-07,26911.3
0.85074,7964.43,2.55751e-07,26216.5
0.851742,7965.21,2.50096e-07,25442.4
0.852744,7965.93,2.48075e-07,24717.7
0.853746,7966.68,2.52453e-07,24408.1
0.854748,7967.43,2.57049e-07,23560.8
0.855751,7968.24,2.58255e-07,22385.2
0.856755,7969,2.57727e-07,21646
0.857753,7969.75,2.61268e-07,20714.2
0.858756,7970.41,2.64399e-07,20191.1
0.859758,7971.18,2.6875e-07,19685.8
0.86076,7971.88,2.67268e-07,19173.6
0.861761,7972.54,2.64875e-07,18190.4
0.862763,7973.23,2.56549e-07,17655.1
0.863763,7973.94,2.47639e-07,16920.4
0.864767,7974.6,2.44329e-07,15947.6
0.865769,7975.33,2.38809e-07,15270.5
0.86677,7975.89,2.36943e-07,14918.5
0.867775,7976.46,2.36254e-07,14624.2
0.868778,7977.1,2.45433e-07,14252.6
0.869778,7977.64,2.51713e-07,14055.2
0.870781,7978.19,2.51798e-07,13816.9
0.871783,7978.76,2.52845e-07,13484.7
0.872784,7979.38,2.48431e-07,12986
0.873786,7979.99,2.43325e-07,12758
0.874791,7980.46,2.39271e-07,12152
0.87579,7980.94,2.40079e-07,11515.1
0.876794,7981.44,2.42952e-07,11081.3
0.877796,7981.91,2.45412e-07,11062.1
0.878799,7982.42,2.50331e-07,10585.6
0.879801,7982.84,2.55246e-07,10503.9
0.880801,7983.29,2.63237e-07,10288.1
0.881801,7983.76,2.59842e-07,10235.2
0.882803,7984.28,2.5145e-07,9782.8
0.883805,7984.69,2.4845e-07,9660.18
0.884807,7985.1,2.49879e-07,9313
0.885808,7985.59,2.46724e-07,8925.13
0.886811,7986,2.44737e-07,8661
0.887813,7986.43,2.44097e-07,8380.41
0.888818,7986.8,2.46168e-07,8062.79
0.889819,7987.18,2.44768e-07,7893.8
0.890821,7987.54,2.49407e-07,7672.2
0.891824,7987.96,2.52374e-07,7197.35
0.892826,7988.36,2.53501e-07,6776.63
0.893827,7988.76,2.57107e-07,6568.23
0.894827,7989.07,2.5605e-07,6383.41
0.89583,7989.38,2.52223e-07,6165.56
0.896831,7989.7,2.49029e-07,6044.6
0.897833,7990.05,2.47061e-07,5995.54
0.898837,7990.39,2.51923e-07,5851.17
0.899841,7990.73,2.57804e-07,5625.46
0.900839,7990.96,2.56907e-07,5439.35
0.90184,7991.3,2.48233e-07,5300.6
0.902843,7991.59,2.42886e-07,5128.95
0.903847,7991.85,2.45038e-07,4890.34
0.904846,7992.12,2.49502e-07,4671.56
0.90585,7992.4,2.52859e-07,4414.39
0.906852,7992.74,2.53687e-07,4304.2
0.907855,7993.02,2.5817e-07,4155.87
0.908858,7993.27,2.57518e-07,4126.55
0.909858,7993.5,2.5373e-07,4080.99
0.91086,7993.73,2.48047e-07,3979.46
0.911863,7993.94,2.44485e-07,3729.32
0.912866,7994.12,2.48585e-07,3582.31
0.913867,7994.36,2.55185e-07,3374.63
0.914869,7994.51,2.60806e-07,3210.97
0.915871,7994.69,2.56791e-07,3138.18
0.91687,7994.89,2.47954e-07,2975.73
0.917874,7995.07,2.42603e-07,2803.69
0.918877,7995.23,2.39761e-07,2704.55
0.919879,7995.42,2.40808e-07,2589.64
0.92088,7995.62,2.44446e-07,2437.8
0.921882,7995.79,2.43831e-07,2356.37
0.922887,7995.96,2.51517e-07,2337.2
0.923885,7996.12,2.5389e-07,2222.31
0.924887,7996.27,2.45315e-07,2113.01
0.925889,7996.41,2.32897e-07,2001.3
0.926891,7996.57,2.27562e-07,1926.41
0.927895,7996.73,2.25117e-07,1872.55
0.928896,7996.87,2.26883e-07,1779.29
0.929899,7997.02,2.33363e-07,1667.8
0.930901,7997.17,2.37035e-07,1565.89
0.931901,7997.3,2.36249e-07,1449
0.932905,7997.42,2.4111e-07,1381.64
0.933907,7997.52,2.45917e-07,1300.71
0.934908,7997.67,2.51644e-07,1168.55
0.935911,7997.76,2.52284e-07,1151.2
0.936912,7997.85,2.51305e-07,1064.34
0.937915,7998,2.5187e-07,963.992
0.938917,7998.08,2.57145e-07,955.112
0.93992,7998.16,2.60881e-07,901.878
0.94092,7998.22,2.57855e-07,858.912
0.941921,7998.34,2.49604e-07,815.552
0.942922,7998.43,2.45834e-07,796.262
0.943926,7998.52,2.46955e-07,750.712
0.944929,7998.62,2.48035e-07,716.038
0.945931,7998.69,2.52526e-07,676.182
0.946933,7998.76,2.53047e-07,634.678
0.947935,7998.84,2.54492e-07,588.552
0.948936,7998.9,2.60012e-07,543
0.94994,7998.97,2.65018e-07,508.55
0.950939,7999.04,2.58938e-07,474.278
0.951943,7999.09,2.55365e-07,442.95
0.952944,7999.15,2.52966e-07,414.342
0.953946,7999.2,2.51678e-07,402.598
0.954948,7999.24,2.47472e-07,381.2
0.955951,7999.28,2.45568e-07,373.672
0.956953,7999.33,2.51552e-07,340.888
0.957955,7999.4,2.52869e-07,317.592
0.958956,7999.44,2.47499e-07,301.078
0.95996,7999.47,2.46793e-07,282.662
0.96096,7999.52,2.46078e-07,254.758
0.961962,7999.56,2.47408e-07,230.952
0.962965,7999.6,2.46659e-07,211.798
0.963968,7999.63,2.50003e-07,196.288
0.964969,7999.67,2.53452e-07,179.222
0.96597,7999.7,2.50422e-07,167.398
0.966972,7999.73,2.45923e-07,155.462
0.967974,7999.75,2.39661e-07,137.75
0.968977,7999.79,2.39645e-07,115.528
0.969978,7999.81,2.45181e-07,100.328
0.97098,7999.83,2.45732e-07,89.222
0.971982,7999.84,2.47931e-07,85.832
0.972984,7999.86,2.44805e-07,76.752
0.973986,7999.88,2.42538e-07,69.558
0.974988,7999.89,2.41706e-07,63.728
0.97599,7999.9,2.35964e-07,51.392
0.976992,7999.92,2.3751e-07,43.958
0.977995,7999.93,2.4165e-07,40.55
0.978996,7999.94,2.47734e-07,31.318
0.979999,7999.95,2.49827e-07,27.75
0.980999,7999.96,2.46759e-07,25.032
0.982003,7999.96,2.46375e-07,23.2
0.983004,7999.96,2.45426e-07,23.2
0.984006,7999.97,2.39139e-07,17.488
0.985008,7999.97,2.37558e-07,17.488
0.986011,7999.97,2.36765e-07,15.608
0.987013,7999.98,2.35332e-07,7.872
0.988015,7999.99,2.35548e-07,5.928
0.989018,7999.99,2.37071e-07,2.982
0.99002,8000,2.38026e-07,0.998
0.991021,8000,2.33091e-07,0.998
0.992023,8000,2.20064e-07,0.998
0.993027,8000,2.07181e-07,0.998
0.994032,8000,1.91644e-07,0.998
0.995038,8000,1.81318e-07,0
0.996044,8000,1.80025e-07,0
0.997051,8000,1.89243e-07,0
0.998057,8000,2.10479e-07,0
0.999063,8000,2.43732e-07,0
1,8000,0,0
0.389059,385.608,0.114009,1.73285e+07
8.97657,-1,-1,-1
