0,1,0,0
0.00103975,2.13,7.43751e-08,68.55
0.00203499,2.402,2.17448e-07,204.198
0.00304112,2.748,1.95617e-07,346.248
0.00404109,3.066,2.05539e-07,530.822
0.00504385,3.32,2.00214e-07,746.8
0.0060466,3.538,1.97778e-07,1064.28
0.00704879,3.784,1.9074e-07,1464.67
0.00805043,4.014,2.09529e-07,1892.9
0.00905443,4.218,1.92292e-07,2219.24
0.0100527,4.468,2.0161e-07,2646.49
0.0110577,4.688,2.08429e-07,3063.33
0.0120579,4.952,1.87059e-07,3626.85
0.0130617,5.184,2.12485e-07,4141.07
0.0140628,5.406,1.99824e-07,4692.58
0.0150643,5.648,2.09228e-07,5438.05
0.0160665,5.884,1.81995e-07,6119.27
0.0170685,6.142,2.04689e-07,6756.92
0.0180716,6.436,1.9434e-07,7812.95
0.0190726,6.73,2.03414e-07,8666.55
0.0200747,6.97,1.95696e-07,9564.55
0.0210773,7.238,1.97905e-07,10318.7
0.0220794,7.46,1.93334e-07,10952.2
0.0230813,7.728,2.13335e-07,11857
0.0240835,8,2.02057e-07,13226
0.0250838,8.266,1.82818e-07,14647.6
0.0260875,8.518,2.08473e-07,15972.8
0.0270893,8.774,1.85395e-07,16805.5
0.0280919,9.022,2.05331e-07,17932.8
0.0290921,9.268,1.99439e-07,19122.1
0.0300943,9.544,2.11162e-07,20746
0.0310985,9.832,1.97228e-07,22379.9
0.0320992,10.14,1.94545e-07,24226.2
0.0330997,10.452,2.13301e-07,26441.8
0.0341037,10.742,1.94765e-07,28171.7
0.0351035,11.082,2.1365e-07,30249.6
0.0361067,11.4,1.88589e-07,32048
0.0371093,11.69,1.93714e-07,33884.9
0.0381111,11.982,2.04135e-07,35946.8
0.0391132,12.236,2.02325e-07,37454.2
0.0401141,12.57,1.91919e-07,39782.5
0.0411167,12.882,2.10107e-07,42326
0.0421192,13.236,1.92456e-07,44370.2
0.0431199,13.542,2.0642e-07,47038.1
0.044125,13.834,1.95775e-07,49471.2
0.045124,14.142,2.05645e-07,51512.9
0.0461273,14.444,1.90646e-07,54421.4
0.0471292,14.73,2.06569e-07,56708.6
0.0481318,15.096,1.92954e-07,60273.4
0.0491333,15.352,2.08493e-07,62356
0.0501351,15.704,1.82686e-07,65474.2
0.0511366,16.042,2.13895e-07,67958.1
0.0521383,16.518,1.93255e-07,73322.8
0.0531421,16.896,2.10994e-07,76248.6
0.0541432,17.244,1.85914e-07,79914.2
0.055143,17.648,2.04378e-07,83110
0.0561483,18.028,1.98233e-07,85993.6
0.0571489,18.378,1.92808e-07,93267.6
0.0581509,18.776,2.1046e-07,98676.9
0.0591542,19.178,1.83936e-07,103763
0.060155,19.706,2.04131e-07,125692
0.0611576,20.076,1.98943e-07,131361
0.0621604,20.522,1.9829e-07,136181
0.0631606,20.924,2.07617e-07,142301
0.0641637,21.334,2.03872e-07,146129
0.0651641,21.804,1.91791e-07,153935
0.0661667,22.202,1.97658e-07,159583
0.0671694,22.562,2.01718e-07,164793
0.0681709,22.972,2.04793e-07,169312
0.0691737,23.522,2.00876e-07,179611
0.0701742,24.1,1.90841e-07,191409
0.0711785,24.562,1.94321e-07,199283
0.0721776,25.124,1.91397e-07,206980
0.073182,25.57,2.09388e-07,216859
0.0741834,26.014,1.97799e-07,224501
0.0751842,26.43,1.91801e-07,228355
0.0761872,26.942,1.97618e-07,241467
0.0771879,27.558,2.12981e-07,255899
0.0781908,27.946,1.99623e-07,262474
0.0791931,28.48,1.85464e-07,276249
0.0801938,29.026,2.08197e-07,285665
0.0811988,29.502,1.94761e-07,292771
0.0821988,30.034,1.98661e-07,306958
0.0832015,30.568,1.9389e-07,318815
0.084203,31.17,2.03882e-07,329699
0.0852056,31.644,1.9947e-07,339343
0.086207,32.182,2.02522e-07,349834
0.0872081,32.828,2.0011e-07,364571
0.0882139,33.484,2.03014e-07,372635
0.0892117,34.072,1.80159e-07,382819
0.0902146,34.754,2.21181e-07,394609
0.0912183,35.282,1.92586e-07,409687
0.0922181,35.888,2.0737e-07,422310
0.0932211,36.612,1.86697e-07,437691
0.0942238,37.16,2.13937e-07,450325
0.0952237,37.782,1.8821e-07,460823
0.0962279,38.358,2.06575e-07,477511
0.0972287,39.068,2.07007e-07,498806
0.0982301,39.664,1.93784e-07,512906
0.0992323,40.43,2.03755e-07,538523
0.100236,41.2,1.99516e-07,558374
0.101238,41.892,1.99949e-07,592382
0.102239,42.536,2.06361e-07,602786
0.103241,43.342,2.0399e-07,628945
0.104242,43.99,1.92153e-07,649247
0.105245,44.91,2.05237e-07,690523
0.106247,45.648,2.01118e-07,709316
0.107248,46.428,2.07287e-07,724632
0.108251,47.09,1.86473e-07,744875
0.109254,48.022,1.96919e-07,791803
0.110254,48.978,2.04835e-07,831733
0.111258,49.586,1.94482e-07,852479
0.11226,50.54,2.09406e-07,869574
0.113261,51.554,1.87606e-07,932416
0.114263,52.38,2.08307e-07,961620
0.115266,53.14,2.08742e-07,991912
0.116268,53.896,1.85641e-07,1.01339e+06
0.117268,55.056,2.15777e-07,1.05465e+06
0.118271,56.068,2.0046e-07,1.1221e+06
0.119273,57.464,1.89695e-07,1.23256e+06
0.120275,58.596,2.05782e-07,1.3007e+06
0.121277,59.522,2.09968e-07,1.34214e+06
0.122279,60.498,1.8758e-07,1.37399e+06
0.123282,61.474,2.0374e-07,1.40264e+06
0.124285,62.624,2.03198e-07,1.44505e+06
0.125284,63.756,1.92589e-07,1.49475e+06
0.126287,64.948,2.09356e-07,1.53215e+06
0.127288,66.198,1.95414e-07,1.60032e+06
0.128292,67.548,2.01496e-07,1.71496e+06
0.129294,68.802,2.05176e-07,1.76479e+06
0.130294,70.056,1.91786e-07,1.81392e+06
0.131297,71.302,2.00991e-07,1.86868e+06
0.132299,72.618,2.01681e-07,1.93069e+06
0.133301,73.82,1.94268e-07,1.97378e+06
0.134303,74.832,1.99071e-07,2.01405e+06
0.135304,76.372,2.04452e-07,2.11485e+06
0.136309,77.324,1.92727e-07,2.16507e+06
0.137306,78.862,1.97814e-07,2.2158e+06
0.138312,79.964,1.91901e-07,2.27874e+06
0.139314,81.378,2.07769e-07,2.35057e+06
0.140315,82.682,1.93871e-07,2.41206e+06
0.141317,84.204,2.06278e-07,2.53518e+06
0.142319,85.662,1.90293e-07,2.60805e+06
0.143322,87.588,1.98147e-07,2.70915e+06
0.144323,88.756,1.99938e-07,2.7704e+06
0.145324,90.186,1.92045e-07,2.86463e+06
0.14633,91.986,2.06486e-07,3.01878e+06
0.147329,93.506,1.96188e-07,3.10332e+06
0.148331,95.178,2.00974e-07,3.18761e+06
0.149332,97.004,1.89575e-07,3.2654e+06
0.150335,98.748,2.10305e-07,3.36865e+06
0.151337,100.618,2.03334e-07,3.49742e+06
0.152339,102.982,1.99836e-07,3.73052e+06
0.153341,104.572,2.0379e-07,3.85781e+06
0.154342,106.548,2.05282e-07,3.97004e+06
0.155345,108.834,1.83684e-07,4.09836e+06
0.156346,110.51,2.06408e-07,4.19549e+06
0.157349,112.358,1.99967e-07,4.33005e+06
0.158351,114.772,1.95763e-07,4.49269e+06
0.159354,116.922,2.18355e-07,4.62342e+06
0.160355,119.342,1.90918e-07,4.78167e+06
0.161358,120.952,1.98492e-07,4.89464e+06
0.16236,123.42,2.00581e-07,5.10438e+06
0.163361,125.912,1.96404e-07,5.3426e+06
0.164363,128.412,2.01384e-07,5.60738e+06
0.165366,130.68,2.05586e-07,5.7984e+06
0.166368,133.582,1.87899e-07,6.09706e+06
0.167368,136.676,2.10657e-07,6.47827e+06
0.168372,139.338,1.99583e-07,6.67118e+06
0.169372,141.872,1.85567e-07,6.89515e+06
0.170376,144.462,2.0835e-07,7.08726e+06
0.171377,146.93,1.98728e-07,7.25374e+06
0.172378,150.544,1.89661e-07,7.58523e+06
0.173382,153.07,2.06432e-07,7.80947e+06
0.174383,155.302,1.89659e-07,8.03219e+06
0.175384,158.884,2.09059e-07,8.29415e+06
0.176389,162.4,2.01787e-07,8.62055e+06
0.17739,164.834,2.05639e-07,8.82965e+06
0.17839,167.668,1.88204e-07,9.00625e+06
0.179393,170.86,2.12023e-07,9.23113e+06
0.180395,173.84,1.99225e-07,9.47613e+06
0.181398,177.458,2.02312e-07,9.71686e+06
0.1824,181.284,2.07238e-07,1.00421e+07
0.183402,184.522,1.91677e-07,1.0382e+07
0.184402,188.534,1.98543e-07,1.07751e+07
0.185405,191.928,1.99879e-07,1.10472e+07
0.186408,195.914,2.02788e-07,1.13778e+07
0.187411,199.594,2.01982e-07,1.17035e+07
0.188411,202.688,1.95143e-07,1.20541e+07
0.189414,205.486,2.06327e-07,1.22174e+07
0.190415,210.346,1.89068e-07,1.26144e+07
0.191418,214.652,2.16979e-07,1.30706e+07
0.192419,219.818,2.01657e-07,1.35573e+07
0.193421,223.54,1.8583e-07,1.38703e+07
0.194425,228.314,2.12317e-07,1.43296e+07
0.195425,232.368,1.8546e-07,1.46853e+07
0.196427,236.96,2.02434e-07,1.50672e+07
0.197428,241.054,2.02424e-07,1.5475e+07
0.198431,245.336,2.13353e-07,1.59225e+07
0.199432,249.43,1.97579e-07,1.62789e+07
0.200435,253.83,2.05939e-07,1.65821e+07
0.201437,258.362,2.02982e-07,1.69736e+07
0.202441,264.262,1.90661e-07,1.73441e+07
0.20344,269.812,1.91112e-07,1.79066e+07
0.204443,274.96,2.08526e-07,1.83875e+07
0.205447,282.126,1.97236e-07,1.93149e+07
0.206448,286.392,2.02725e-07,1.97407e+07
0.207449,291.284,2.03622e-07,2.02144e+07
0.20845,296.492,1.89672e-07,2.05702e+07
0.209454,301.598,1.93925e-07,2.09246e+07
0.210456,308.478,2.18294e-07,2.15878e+07
0.211458,315.08,1.90244e-07,2.21537e+07
0.212459,321.558,2.19808e-07,2.27265e+07
0.213463,328.442,1.83078e-07,2.3227e+07
0.214462,335.79,2.01414e-07,2.37571e+07
0.215468,341.436,2.05525e-07,2.43793e+07
0.216466,348.874,1.82781e-07,2.50065e+07
0.21747,357.824,2.12223e-07,2.57517e+07
0.218472,364.752,2.03189e-07,2.6206e+07
0.219474,371.22,2.02729e-07,2.66784e+07
0.220475,379.014,1.97406e-07,2.73286e+07
0.221477,385.808,2.14059e-07,2.80353e+07
0.222479,392.858,1.90958e-07,2.85023e+07
0.223482,400.67,1.97275e-07,2.88182e+07
0.224484,408.786,2.03265e-07,2.96666e+07
0.225486,417.024,1.97593e-07,3.04122e+07
0.226488,425.416,2.04813e-07,3.1335e+07
0.227488,434.738,1.85036e-07,3.20551e+07
0.228492,442.554,2.20817e-07,3.2642e+07
0.229495,451.164,1.96469e-07,3.34733e+07
0.230496,460.328,1.89635e-07,3.41386e+07
0.231497,469.446,2.01333e-07,3.47553e+07
0.232501,478.298,2.02931e-07,3.53726e+07
0.233501,487.402,2.03641e-07,3.59296e+07
0.234503,498.22,2.01871e-07,3.62777e+07
0.235506,507.778,2.02996e-07,3.72933e+07
0.236507,517.062,1.93507e-07,3.80078e+07
0.237511,528.17,1.97829e-07,3.88708e+07
0.238512,538.472,1.97527e-07,4.02158e+07
0.239514,548.858,2.00394e-07,4.12868e+07
0.240516,558.954,2.04852e-07,4.18864e+07
0.241518,569.556,1.96115e-07,4.2399e+07
0.242519,580.704,1.99193e-07,4.32027e+07
0.243523,591.446,2.1453e-07,4.39481e+07
0.244523,608.036,1.91634e-07,4.37197e+07
0.245526,619.922,2.10529e-07,4.47023e+07
0.246528,630.504,1.87572e-07,4.55977e+07
0.247529,643.834,2.12665e-07,4.5723e+07
0.248533,654.322,1.90199e-07,4.62883e+07
0.249534,666.506,2.1005e-07,4.69558e+07
0.250535,680.976,1.90733e-07,4.69697e+07
0.251536,695.096,2.05616e-07,4.75628e+07
0.252539,709.506,2.0523e-07,4.82829e+07
0.253543,722.618,1.89331e-07,4.86707e+07
0.254543,735.852,1.94316e-07,4.92349e+07
0.255545,748.274,2.01075e-07,4.98312e+07
0.256548,764.588,2.14534e-07,5.00586e+07
0.257549,778.382,1.84494e-07,4.98564e+07
0.258552,793.456,2.10984e-07,5.06164e+07
0.259555,804.714,1.97852e-07,5.16553e+07
0.260556,817.282,1.88e-07,5.24171e+07
0.261556,828.796,2.01976e-07,5.28702e+07
0.26256,843.966,1.8847e-07,5.31334e+07
0.263562,859.646,2.03531e-07,5.32128e+07
0.264565,874.4,2.00267e-07,5.33683e+07
0.265567,889.468,1.97262e-07,5.33694e+07
0.266568,906.692,2.0956e-07,5.39191e+07
0.267571,922.628,1.98881e-07,5.39301e+07
0.26857,939.04,2.01887e-07,5.40492e+07
0.269574,956.468,2.02443e-07,5.3448e+07
0.270575,971.284,1.97089e-07,5.35255e+07
0.271578,988.924,1.95773e-07,5.37924e+07
0.272579,1005.48,2.0281e-07,5.36055e+07
0.273583,1020.51,2.11613e-07,5.43829e+07
0.274582,1036.62,1.97347e-07,5.43342e+07
0.275585,1053.47,2.02311e-07,5.4318e+07
0.276587,1071.58,1.96029e-07,5.42363e+07
0.27759,1085.86,1.95429e-07,5.41291e+07
0.278591,1101.38,2.13287e-07,5.44882e+07
0.279593,1119.97,1.98255e-07,5.45247e+07
0.280595,1138.72,1.9902e-07,5.3976e+07
0.281597,1156.27,2.0763e-07,5.46206e+07
0.282601,1176.81,1.9748e-07,5.40924e+07
0.283602,1194.09,1.99066e-07,5.41605e+07
0.284602,1210.47,1.8534e-07,5.50208e+07
0.285604,1227.83,2.03455e-07,5.48045e+07
0.286609,1247.41,1.9497e-07,5.45605e+07
0.28761,1264.76,1.99903e-07,5.42331e+07
0.288612,1280.33,2.04735e-07,5.47655e+07
0.289612,1298.55,2.05056e-07,5.44225e+07
0.290616,1316.33,1.90118e-07,5.39522e+07
0.291617,1337.07,1.92346e-07,5.35182e+07
0.292621,1355,2.05396e-07,5.35528e+07
0.293622,1374.42,1.93734e-07,5.35159e+07
0.294623,1392.62,1.91142e-07,5.36073e+07
0.295627,1411.18,1.97016e-07,5.35226e+07
0.296629,1430.68,2.05582e-07,5.28664e+07
0.297631,1447.56,2.02533e-07,5.32908e+07
0.29863,1466.15,1.91651e-07,5.30206e+07
0.299634,1485.83,2.13186e-07,5.21563e+07
0.300637,1509.09,1.93152e-07,5.14724e+07
0.301638,1530.54,2.03448e-07,5.02573e+07
0.302641,1549.99,2.11851e-07,5.02297e+07
0.303642,1569.44,1.94596e-07,5.00507e+07
0.304644,1590.08,1.97378e-07,4.90493e+07
0.305646,1608.17,2.01549e-07,4.89762e+07
0.306648,1628.22,1.99254e-07,4.80712e+07
0.30765,1649.59,1.95971e-07,4.75346e+07
0.30865,1669.93,2.04672e-07,4.78435e+07
0.309653,1688.92,2.19205e-07,4.81494e+07
0.310656,1709.21,1.80811e-07,4.67374e+07
0.311657,1730.47,2.04397e-07,4.62047e+07
0.31266,1749.22,1.90987e-07,4.60827e+07
0.31366,1768.94,1.88046e-07,4.58118e+07
0.314663,1790.08,2.02978e-07,4.56292e+07
0.315666,1810.17,1.86318e-07,4.49041e+07
0.316668,1830.29,2.0772e-07,4.43577e+07
0.31767,1851.35,1.92252e-07,4.40107e+07
0.318671,1873.76,2.19192e-07,4.26997e+07
0.319674,1894.45,1.83798e-07,4.23793e+07
0.320676,1914.05,2.0817e-07,4.18789e+07
0.321679,1933.36,1.92084e-07,4.22538e+07
0.32268,1954.62,2.0559e-07,4.17737e+07
0.323681,1976.23,1.95492e-07,4.13531e+07
0.324683,1996.24,2.12871e-07,4.11952e+07
0.325686,2016.82,1.87754e-07,4.00429e+07
0.326688,2039.24,2.01429e-07,3.95389e+07
0.327692,2060.91,2.04643e-07,3.90211e+07
0.328692,2080.6,1.89913e-07,3.8407e+07
0.329694,2101.11,2.05132e-07,3.81068e+07
0.330697,2122.63,1.95362e-07,3.74526e+07
0.331697,2142.07,2.09387e-07,3.73662e+07
0.332702,2161.08,1.97561e-07,3.75832e+07
0.333702,2182.76,1.8695e-07,3.61993e+07
0.334703,2206.04,2.00186e-07,3.52017e+07
0.335707,2228.14,2.00317e-07,3.46391e+07
0.336707,2247.9,1.98745e-07,3.45757e+07
0.337711,2270.23,2.05353e-07,3.44312e+07
0.338712,2292.19,1.97338e-07,3.41615e+07
0.339714,2315.04,1.97074e-07,3.37656e+07
0.340716,2337.61,2.17566e-07,3.34764e+07
0.341719,2359.21,1.89069e-07,3.30775e+07
0.342719,2378.63,2.07136e-07,3.3127e+07
0.343723,2401.52,1.95499e-07,3.24719e+07
0.344724,2422.34,1.89484e-07,3.2535e+07
0.345727,2444.07,1.98536e-07,3.20211e+07
0.346727,2465.23,2.07537e-07,3.1774e+07
0.34773,2485.85,1.91444e-07,3.17387e+07
0.348731,2508.71,1.92993e-07,3.11337e+07
0.349734,2531.6,2.06909e-07,3.04096e+07
0.350738,2554.17,2.0345e-07,3.02495e+07
0.351736,2578.1,1.95894e-07,2.93109e+07
0.352741,2600.24,2.08518e-07,2.92336e+07
0.353742,2622.24,1.82837e-07,2.89995e+07
0.354743,2644.2,2.05948e-07,2.88258e+07
0.355747,2667.29,1.99045e-07,2.85716e+07
0.356747,2689.57,1.91862e-07,2.8433e+07
0.357752,2712.7,1.93197e-07,2.84279e+07
0.358751,2734.61,2.03239e-07,2.79918e+07
0.359755,2757.31,1.97083e-07,2.77202e+07
0.360757,2779.22,2.14761e-07,2.76305e+07
0.361759,2800.51,1.83235e-07,2.72336e+07
0.362761,2823.89,2.13191e-07,2.69079e+07
0.363764,2846.37,1.96854e-07,2.62076e+07
0.364765,2867.94,1.92887e-07,2.61829e+07
0.365766,2890.27,2.09439e-07,2.55989e+07
0.366768,2912.74,2.08236e-07,2.49214e+07
0.36777,2934.58,2.02476e-07,2.473e+07
0.368771,2957.91,1.83431e-07,2.44916e+07
0.369775,2980.72,2.17329e-07,2.39872e+07
0.370776,3000.93,1.86362e-07,2.39476e+07
0.371778,3022.07,2.1387e-07,2.37227e+07
0.37278,3044.38,1.96645e-07,2.35886e+07
0.373782,3066.8,2.17417e-07,2.36358e+07
0.374786,3089.99,1.80569e-07,2.33692e+07
0.375783,3112.03,2.09285e-07,2.30682e+07
0.376787,3135.09,1.88215e-07,2.31189e+07
0.37779,3156.47,2.03183e-07,2.32666e+07
0.378793,3179.02,1.88401e-07,2.2925e+07
0.379794,3201.41,2.03165e-07,2.27821e+07
0.380797,3224.8,2.05858e-07,2.25671e+07
0.381798,3246.15,1.79166e-07,2.23791e+07
0.3828,3269.65,2.21031e-07,2.19682e+07
0.383801,3292.21,1.9103e-07,2.14912e+07
0.384804,3315.1,2.0275e-07,2.14639e+07
0.385804,3338.52,2.15846e-07,2.11104e+07
0.386809,3360.97,1.9743e-07,2.06061e+07
0.38781,3383.72,2.03154e-07,2.02423e+07
0.388812,3406.49,1.88332e-07,1.98696e+07
0.389814,3429.51,1.95344e-07,1.96143e+07
0.390815,3451.91,2.0666e-07,1.92546e+07
0.391819,3474.7,1.99924e-07,1.90569e+07
0.39282,3495.94,2.02144e-07,1.88291e+07
0.393822,3518.13,1.894e-07,1.83949e+07
0.394823,3540.57,2.19024e-07,1.82578e+07
0.395827,3562.69,1.97008e-07,1.83204e+07
0.396827,3585,2.0448e-07,1.7851e+07
0.397829,3606.64,2.02003e-07,1.774e+07
0.398832,3629.28,2.05486e-07,1.76253e+07
0.399833,3651.95,1.96387e-07,1.73955e+07
0.400835,3673.97,1.90501e-07,1.69147e+07
0.401839,3696.19,2.0714e-07,1.69335e+07
0.40284,3719.08,2.06695e-07,1.66137e+07
0.403842,3739.8,2.01594e-07,1.64076e+07
0.404845,3761.31,2.05726e-07,1.6177e+07
0.405846,3783.33,1.84924e-07,1.57818e+07
0.406846,3805.26,2.02319e-07,1.56605e+07
0.407852,3828.01,2.07563e-07,1.53219e+07
0.408851,3849.66,1.91914e-07,1.5053e+07
0.409855,3871.4,1.99681e-07,1.48629e+07
0.410857,3892.92,2.04696e-07,1.47562e+07
0.411858,3914.31,1.95652e-07,1.46402e+07
0.412862,3935.86,2.04345e-07,1.44529e+07
0.413863,3957.79,1.80986e-07,1.41963e+07
0.414863,3978.82,2.08127e-07,1.40687e+07
0.415867,4000.36,2.10407e-07,1.39649e+07
0.416867,4021.6,1.80461e-07,1.365e+07
0.417871,4043.88,2.16207e-07,1.36985e+07
0.418873,4065.72,1.9009e-07,1.37381e+07
0.419874,4086.88,1.94713e-07,1.3607e+07
0.420877,4109.25,2.0942e-07,1.32867e+07
0.421878,4131.07,1.92398e-07,1.28813e+07
0.42288,4152.45,2.07186e-07,1.26777e+07
0.423884,4174.12,1.93559e-07,1.23805e+07
0.424883,4195.77,2.04428e-07,1.22034e+07
0.425886,4217.27,2.10452e-07,1.19767e+07
0.426888,4238.51,1.88051e-07,1.19054e+07
0.427889,4259.21,2.06814e-07,1.18418e+07
0.428893,4279.74,1.9833e-07,1.16691e+07
0.429893,4301.4,1.98697e-07,1.15416e+07
0.430897,4322.04,1.92742e-07,1.14626e+07
0.431897,4343.45,2.02482e-07,1.12828e+07
0.432901,4364.81,1.95144e-07,1.11843e+07
0.433903,4386.01,1.96566e-07,1.10021e+07
0.434904,4407.29,2.05649e-07,1.07783e+07
0.435907,4428.93,1.9979e-07,1.05643e+07
0.436909,4450.47,1.97563e-07,1.02519e+07
0.437908,4470.91,1.88526e-07,1.01735e+07
0.438914,4492.11,2.10833e-07,9.98192e+06
0.439913,4513.22,1.88073e-07,9.762e+06
0.440917,4534.8,2.04628e-07,9.572e+06
0.441919,4556.26,1.83561e-07,9.46972e+06
0.44292,4576.69,2.00043e-07,9.32998e+06
0.443922,4597.2,2.01464e-07,9.24567e+06
0.444925,4618.55,1.9946e-07,9.10215e+06
0.445927,4639.1,2.05939e-07,8.87136e+06
0.446929,4660.48,1.91749e-07,8.86171e+06
0.447932,4680.9,2.03004e-07,8.77704e+06
0.448933,4701.22,1.92962e-07,8.74806e+06
0.449933,4722.23,2.06382e-07,8.73604e+06
0.450937,4741.85,2.03055e-07,8.61776e+06
0.45194,4761.34,1.83623e-07,8.58515e+06
0.45294,4781.68,2.19577e-07,8.46349e+06
0.453942,4802.36,1.94874e-07,8.32671e+06
0.454944,4823.41,2.07699e-07,8.1976e+06
0.455945,4843.23,1.94745e-07,8.0888e+06
0.456949,4863.09,2.02725e-07,8.00997e+06
0.457949,4883.03,2.02711e-07,7.85493e+06
0.458953,4902.87,1.93015e-07,7.7335e+06
0.459954,4922.66,2.02813e-07,7.57612e+06
0.460957,4942.05,1.97915e-07,7.51012e+06
0.461957,4961.92,2.03993e-07,7.4742e+06
0.46296,4981.55,1.98344e-07,7.41235e+06
0.463963,5000.52,2.00049e-07,7.27473e+06
0.464965,5019.57,2.03557e-07,7.1411e+06
0.465966,5038.57,1.88619e-07,7.04035e+06
0.466968,5057.93,2.00485e-07,7.06433e+06
0.46797,5076.88,2.03002e-07,7.06189e+06
0.468971,5095.95,2.06302e-07,6.94125e+06
0.469976,5114.28,1.9157e-07,6.85729e+06
0.470977,5132.86,2.06098e-07,6.79053e+06
0.471978,5151.6,1.91378e-07,6.68552e+06
0.47298,5170.57,1.91868e-07,6.55676e+06
0.473984,5189.88,2.0976e-07,6.43896e+06
0.474985,5208.5,1.81003e-07,6.46342e+06
0.475985,5227.45,2.03403e-07,6.36237e+06
0.476989,5246.76,2.04069e-07,6.24008e+06
0.47799,5265.18,2.02124e-07,6.0974e+06
0.478993,5284.17,1.90625e-07,6.05777e+06
0.479994,5302.04,1.94087e-07,6.00853e+06
0.480996,5319.85,2.02018e-07,5.91608e+06
0.481999,5338.07,1.98049e-07,5.8538e+06
0.483001,5356.2,2.0149e-07,5.78788e+06
0.484003,5374.66,1.94216e-07,5.68595e+06
0.485004,5392.85,2.04887e-07,5.55555e+06
0.486004,5411.3,2.01381e-07,5.41594e+06
0.487009,5429.5,2.07747e-07,5.31937e+06
0.48801,5447.23,2.04346e-07,5.32913e+06
0.489013,5465.32,1.93497e-07,5.16304e+06
0.490014,5483.21,1.96345e-07,5.15501e+06
0.491015,5501.09,1.99446e-07,5.05932e+06
0.492019,5519.06,2.0382e-07,4.97709e+06
0.493021,5536.9,1.98049e-07,4.9899e+06
0.494024,5554.83,1.92954e-07,4.87461e+06
0.495025,5572.34,1.93715e-07,4.75881e+06
0.496026,5589.48,1.99277e-07,4.7398e+06
0.497029,5606.6,2.08706e-07,4.6484e+06
0.498031,5622.98,2.0071e-07,4.54962e+06
0.499035,5639.78,1.98688e-07,4.56771e+06
0.500034,5656.78,3.22959e-07,4.51744e+06
0.501035,5673.81,1.9799e-07,4.46072e+06
0.502038,5690.56,2.00115e-07,4.34799e+06
0.50304,5706.85,2.0983e-07,4.26947e+06
0.504043,5723.16,1.99992e-07,4.24345e+06
0.505044,5739.54,1.93883e-07,4.16597e+06
0.506046,5755.35,1.93056e-07,4.03979e+06
0.507049,5771.59,1.97153e-07,4.00961e+06
0.50805,5788.25,2.03663e-07,3.92628e+06
0.509054,5804.42,2.00115e-07,3.84246e+06
0.510055,5820.67,1.96111e-07,3.81843e+06
0.511057,5836.99,1.92876e-07,3.7598e+06
0.512059,5853.54,2.03445e-07,3.70523e+06
0.51306,5869.69,2.0816e-07,3.61702e+06
0.514065,5885.58,2.01266e-07,3.60555e+06
0.515065,5900.93,2.05178e-07,3.51077e+06
0.516067,5916.9,1.94597e-07,3.43628e+06
0.517068,5932.93,2.01438e-07,3.45559e+06
0.51807,5949.27,1.9916e-07,3.37847e+06
0.519073,5964.09,2.01613e-07,3.34388e+06
0.520075,5979.4,1.93997e-07,3.27922e+06
0.521076,5994.31,1.90447e-07,3.26296e+06
0.52208,6009.3,2.02036e-07,3.21056e+06
0.52308,6024.28,2.03718e-07,3.11302e+06
0.524085,6039.2,2.03929e-07,3.09719e+06
0.525085,6054.66,1.80631e-07,3.10196e+06
0.526085,6069.65,2.09679e-07,3.08448e+06
0.527089,6084.6,1.93144e-07,3.08042e+06
0.528091,6099.24,1.92065e-07,3.04123e+06
0.529092,6113.96,2.05823e-07,3.00077e+06
0.530094,6128.74,1.91081e-07,2.90873e+06
0.531098,6143.52,2.05261e-07,2.86957e+06
0.532099,6158.15,2.03584e-07,2.82668e+06
0.533101,6172.47,2.01123e-07,2.76357e+06
0.534104,6186.93,1.88642e-07,2.6716e+06
0.535104,6201.2,2.03683e-07,2.62538e+06
0.536106,6215.45,1.99662e-07,2.61325e+06
0.537109,6229.08,1.99246e-07,2.54884e+06
0.538112,6243.03,2.02701e-07,2.50796e+06
0.539112,6256.83,1.98725e-07,2.49951e+06
0.540115,6270.51,2.02978e-07,2.4853e+06
0.541116,6284.31,1.92834e-07,2.47581e+06
0.54212,6298.31,2.01798e-07,2.46982e+06
0.54312,6311.94,2.0249e-07,2.46041e+06
0.544124,6326.38,1.94732e-07,2.4232e+06
0.545125,6340.6,2.08045e-07,2.39555e+06
0.546127,6353.6,1.93851e-07,2.39379e+06
0.547129,6366.77,2.20844e-07,2.35402e+06
0.54813,6380.56,1.84416e-07,2.3428e+06
0.549132,6394.17,2.01873e-07,2.30619e+06
0.550137,6407.03,2.06994e-07,2.25992e+06
0.551137,6420.08,1.93269e-07,2.24788e+06
0.552138,6433.47,2.03721e-07,2.23049e+06
0.55314,6446.36,1.91696e-07,2.20819e+06
0.554143,6458.32,2.0517e-07,2.20515e+06
0.555144,6470.67,2.00021e-07,2.17676e+06
0.556147,6482.86,2.0264e-07,2.14312e+06
0.55715,6495.85,1.99926e-07,2.06541e+06
0.55815,6508.44,1.82912e-07,2.05158e+06
0.559153,6521.84,2.05256e-07,1.9989e+06
0.560157,6534.73,1.86831e-07,1.94744e+06
0.561156,6546.79,2.10806e-07,1.9392e+06
0.562162,6559.13,1.88623e-07,1.90343e+06
0.56316,6570.61,1.97462e-07,1.9017e+06
0.564163,6582.93,2.0013e-07,1.89707e+06
0.565165,6595.04,2.05894e-07,1.88569e+06
0.566167,6607.42,1.97709e-07,1.8163e+06
0.567168,6619.46,1.95792e-07,1.79451e+06
0.568172,6631.08,2.02714e-07,1.75866e+06
0.569172,6643,1.92592e-07,1.73574e+06
0.570176,6654.84,1.9764e-07,1.70035e+06
0.571176,6666.59,1.98545e-07,1.674e+06
0.57218,6678.03,2.07088e-07,1.67166e+06
0.573181,6689.5,1.88261e-07,1.66583e+06
0.574183,6700.78,2.10062e-07,1.66518e+06
0.575186,6712.27,2.04911e-07,1.65944e+06
0.576186,6724,1.93726e-07,1.62693e+06
0.577189,6735.78,2.07559e-07,1.62003e+06
0.578191,6746.77,1.92349e-07,1.60994e+06
0.579192,6757.51,2.09625e-07,1.60673e+06
0.580195,6768.74,1.9613e-07,1.59584e+06
0.581196,6779.85,1.89296e-07,1.5679e+06
0.582198,6790.96,2.16501e-07,1.56351e+06
0.583202,6801.72,1.80648e-07,1.49477e+06
0.584202,6812.82,2.10776e-07,1.45759e+06
0.585206,6823.51,2.08476e-07,1.44132e+06
0.586207,6833.98,1.80652e-07,1.40376e+06
0.587207,6844.39,2.03189e-07,1.37436e+06
0.588212,6854.89,1.9522e-07,1.35635e+06
0.589212,6865,2.04995e-07,1.33142e+06
0.590214,6875.19,2.00744e-07,1.29783e+06
0.591218,6885.23,1.91145e-07,1.28156e+06
0.592217,6895.3,2.06602e-07,1.28651e+06
0.593223,6905.19,2.0289e-07,1.28943e+06
0.594223,6914.66,1.8558e-07,1.27476e+06
0.595224,6924.38,2.05207e-07,1.25168e+06
0.596227,6934.68,2.0207e-07,1.24956e+06
0.597229,6944.62,2.07111e-07,1.20765e+06
0.598231,6954.15,2.08528e-07,1.20764e+06
0.599234,6964.01,1.90057e-07,1.2103e+06
0.600236,6973.4,1.96917e-07,1.19509e+06
0.601238,6982.86,2.0563e-07,1.17225e+06
0.60224,6992.63,2.01693e-07,1.15103e+06
0.603242,7002.15,2.04808e-07,1.1093e+06
0.604242,7011.62,1.97115e-07,1.10382e+06
0.605246,7020.61,2.20639e-07,1.09121e+06
0.606247,7030.19,1.90625e-07,1.07304e+06
0.607249,7039.51,2.01422e-07,1.05627e+06
0.60825,7048.53,2.00001e-07,1.05705e+06
0.609255,7057.43,2.07563e-07,1.04886e+06
0.610256,7066.75,1.96082e-07,1.02985e+06
0.611257,7076.49,1.88729e-07,1.00078e+06
0.612259,7085.67,2.03026e-07,1.00674e+06
0.613261,7094.51,1.96911e-07,981953
0.614265,7102.93,2.14573e-07,963817
0.615265,7111.73,2.03287e-07,949196
0.616268,7120.36,1.90027e-07,937375
0.617269,7129.13,2.2197e-07,935303
0.618272,7137.62,1.80127e-07,925116
0.619273,7145.95,2.05582e-07,913257
0.620275,7154.7,2.04501e-07,902062
0.621276,7162.89,1.87469e-07,902008
0.622279,7171.25,2.02848e-07,881110
0.623282,7179.83,1.87408e-07,874610
0.624286,7187.79,2.08774e-07,864212
0.625283,7195.66,1.80626e-07,866715
0.626288,7203.7,2.16599e-07,850727
0.627289,7211.85,1.96269e-07,837048
0.628292,7219.93,2.1523e-07,814939
0.629293,7227.63,1.84964e-07,802705
0.630294,7235.35,2.17157e-07,797628
0.631298,7243.08,1.83008e-07,788129
0.632299,7250.56,2.00733e-07,775181
0.633302,7258.09,2.0742e-07,757801
0.634303,7265.31,2.10139e-07,749048
0.635305,7272.62,1.93594e-07,726678
0.636306,7279.73,1.94674e-07,727868
0.637308,7287.2,2.12819e-07,732987
0.638311,7294.15,1.8314e-07,732486
0.639313,7301.39,2.1381e-07,718819
0.640315,7308.92,1.97262e-07,708354
0.641318,7316.09,2.04573e-07,684517
0.642318,7322.77,1.93999e-07,676403
0.643323,7329.7,1.91849e-07,659265
0.644322,7336.61,1.98716e-07,649067
0.645326,7343.66,2.05762e-07,647112
0.646328,7350.71,1.82547e-07,634981
0.647328,7357.44,2.06796e-07,627071
0.648333,7364.39,1.95001e-07,608721
0.649332,7371.27,2.028e-07,620793
0.650336,7378.18,2.0813e-07,621773
0.651338,7385.01,1.94817e-07,610200
0.652339,7391.56,1.90608e-07,589711
0.653342,7398.19,2.07025e-07,576568
0.654342,7404.37,1.9842e-07,569282
0.655345,7410.76,1.89189e-07,560764
0.656346,7416.9,1.95558e-07,551212
0.65735,7423.38,2.07095e-07,549598
0.658351,7429.6,1.88382e-07,537282
0.659353,7435.86,2.17855e-07,527789
0.660355,7441.94,1.97658e-07,522468
0.661358,7447.99,1.96596e-07,524818
0.662359,7454.1,2.0462e-07,507243
0.663362,7460.2,1.97523e-07,504151
0.664363,7466.19,2.00473e-07,497194
0.665366,7472.07,1.99517e-07,483457
0.666367,7477.79,1.83843e-07,482218
0.667367,7483.6,1.96461e-07,476150
0.668372,7489.1,2.10051e-07,470780
0.669372,7495.04,1.96506e-07,461393
0.670375,7500.71,2.06063e-07,452406
0.671378,7506.45,1.8952e-07,437304
0.672378,7511.87,2.04127e-07,430056
0.673381,7517.36,2.02529e-07,418889
0.674383,7522.96,1.85554e-07,415990
0.675386,7528.02,2.12656e-07,410426
0.676388,7533.23,1.96156e-07,413027
0.677389,7538.53,2.0575e-07,404231
0.67839,7543.75,1.92505e-07,403495
0.679393,7548.9,2.07445e-07,402683
0.680395,7553.93,1.83171e-07,396809
0.681398,7558.83,2.18104e-07,394802
0.682399,7563.9,1.91654e-07,386529
0.683401,7568.98,2.07828e-07,372989
0.684403,7574.05,1.86562e-07,368218
0.685406,7578.95,2.03455e-07,365900
0.686409,7583.75,1.88273e-07,361023
0.68741,7588.66,1.90007e-07,360460
0.688412,7593.3,2.05052e-07,352364
0.689414,7598.06,1.80705e-07,346582
0.690416,7602.75,2.18031e-07,345330
0.691419,7607.32,2.05129e-07,343398
0.692419,7611.93,1.96589e-07,336687
0.693421,7616.38,1.99232e-07,331820
0.694424,7621.07,2.01575e-07,329678
0.695425,7625.62,1.96898e-07,321255
0.696427,7630.06,1.94202e-07,318413
0.697429,7634.6,2.10291e-07,315530
0.698432,7638.95,2.03259e-07,310254
0.699432,7643.16,1.92341e-07,303635
0.700435,7647.67,2.13582e-07,294142
0.701439,7651.87,1.92516e-07,286561
0.702438,7656.23,2.02917e-07,285635
0.703441,7660.33,2.05878e-07,281890
0.704443,7664.48,1.9877e-07,272261
0.705447,7668.57,1.91601e-07,267864
0.706447,7672.62,1.93947e-07,265435
0.707448,7676.68,2.0538e-07,261900
0.708452,7680.92,1.92498e-07,251659
0.709453,7684.93,1.90828e-07,247280
0.710457,7688.89,2.04177e-07,242831
0.711457,7692.66,2.05157e-07,240902
0.712459,7696.69,2.00099e-07,237271
0.71346,7700.55,1.94764e-07,232992
0.714465,7704.26,2.05428e-07,230058
0.715468,7707.99,1.85698e-07,223294
0.716468,7711.55,1.98443e-07,220306
0.717468,7715.22,1.967e-07,217716
0.718472,7719.03,2.07374e-07,213444
0.719474,7722.61,2.00172e-07,210305
0.720476,7725.9,1.97195e-07,207507
0.721478,7729.53,2.13132e-07,205767
0.72248,7733.24,1.95833e-07,197507
0.723482,7736.72,1.95897e-07,192718
0.724484,7740.37,2.02076e-07,193180
0.725488,7743.85,1.98017e-07,187449
0.726486,7747.32,2.11194e-07,184512
0.72749,7750.62,2.03521e-07,182534
0.728491,7753.91,1.96317e-07,182246
0.729495,7757.15,1.96667e-07,180771
0.730496,7760.48,2.01681e-07,180209
0.731499,7763.68,2.01629e-07,176414
0.732499,7766.95,1.98677e-07,173919
0.733502,7770.11,2.09523e-07,174716
0.734503,7773.26,1.98457e-07,167961
0.735505,7776.16,2.00809e-07,162436
0.736508,7779.18,2.03353e-07,159491
0.737509,7781.99,1.89452e-07,158357
0.738513,7785.08,2.02425e-07,152446
0.739513,7788.15,1.88587e-07,148026
0.740514,7791.01,1.97611e-07,146949
0.741517,7793.68,2.1189e-07,147509
0.74252,7796.47,1.83068e-07,144593
0.743521,7799.42,2.13324e-07,147249
0.744524,7802.21,2.02473e-07,144292
0.745526,7805.08,1.94841e-07,143139
0.746526,7807.62,1.89806e-07,142350
0.74753,7810.32,2.04485e-07,141251
0.748533,7813.02,2.05384e-07,135952
0.749535,7815.62,1.91011e-07,131798
0.750535,7818.32,2.092e-07,129891
0.751536,7820.93,1.9015e-07,126487
0.75254,7823.56,2.12741e-07,124363
0.753541,7826.05,1.87148e-07,123732
0.754544,7828.44,2.10962e-07,122577
0.755546,7830.99,1.91018e-07,119825
0.756547,7833.34,2.15204e-07,117744
0.757551,7835.68,2e-07,116026
0.758551,7838.03,1.96401e-07,113536
0.759553,7840.41,2.03998e-07,113981
0.760555,7842.83,2.00645e-07,115995
0.761557,7845.09,1.97139e-07,114151
0.762559,7847.35,1.98023e-07,110156
0.763562,7849.63,1.94129e-07,111617
0.764563,7851.68,2.03032e-07,108662
0.765566,7854.01,2.01219e-07,109571
0.766569,7856.15,2.03281e-07,107466
0.767568,7858.5,2.0354e-07,105927
0.768572,7860.56,2.0223e-07,103503
0.769573,7862.65,1.90033e-07,101510
0.770574,7864.81,1.94774e-07,98748.3
0.771577,7866.91,2.21268e-07,97973.3
0.772581,7868.85,1.86467e-07,96039
0.773581,7870.84,2.04495e-07,94375.9
0.774583,7872.67,1.96184e-07,95841.9
0.775586,7874.52,2.02395e-07,95248.7
0.776587,7876.39,1.97475e-07,95200.5
0.77759,7878.19,1.9049e-07,91622.2
0.778592,7880.02,2.13219e-07,90972.8
0.779594,7881.85,1.97732e-07,89613
0.780595,7883.78,2.02025e-07,87862.4
0.781597,7885.8,2.02435e-07,86595.4
0.782599,7887.61,2.13009e-07,83984.7
0.783604,7889.34,1.82436e-07,81877.9
0.784602,7891.05,2.05411e-07,80913.5
0.785607,7892.72,2.02117e-07,80090.8
0.786606,7894.35,1.82791e-07,80101.1
0.78761,7896.08,2.19503e-07,81254
0.788611,7897.9,1.90319e-07,81082.6
0.789613,7899.64,2.17954e-07,77251.2
0.790615,7901.26,1.94409e-07,74911.2
0.791619,7902.93,1.89552e-07,74144.8
0.792621,7904.49,2.04093e-07,72564.9
0.793621,7905.97,2.02687e-07,71562.7
0.794622,7907.62,1.97466e-07,71046
0.795626,7909.12,2.09127e-07,70408.3
0.796629,7910.54,1.92154e-07,68348
0.797629,7912.07,1.8996e-07,65488.5
0.798632,7913.54,2.01979e-07,64174.1
0.799634,7914.91,2.0646e-07,62244.6
0.800637,7916.34,1.97195e-07,60128.8
0.801639,7917.74,2.13845e-07,58589.2
0.802641,7919.24,2.04325e-07,57664.7
0.803642,7920.64,2.02326e-07,56837.5
0.804644,7922.1,1.85017e-07,54925.4
0.805645,7923.53,2.11896e-07,52752.7
0.806648,7924.88,1.85403e-07,53378.3
0.80765,7926.26,2.0055e-07,50807.2
0.808651,7927.52,2.18066e-07,50404.8
0.809654,7928.85,1.88583e-07,49653
0.810656,7930.15,2.04595e-07,48422.4
0.811658,7931.4,1.93852e-07,48148.4
0.812658,7932.69,2.01243e-07,47185
0.813661,7933.78,2.02879e-07,46330.7
0.814664,7935.03,1.99283e-07,44973.6
0.815667,7936.24,1.99505e-07,42833.2
0.816667,7937.46,1.91445e-07,41054.1
0.817669,7938.69,2.07138e-07,39503.7
0.818672,7939.86,2.02462e-07,39392.8
0.819674,7940.85,1.98539e-07,37864.4
0.820676,7942.01,2.13447e-07,37309
0.82168,7943.07,1.88272e-07,35972.8
0.822679,7944.21,2.05815e-07,36127
0.823681,7945.28,2.01346e-07,35632.4
0.824685,7946.25,2.09418e-07,34940.7
0.825686,7947.23,1.91359e-07,34255.6
0.826687,7948.22,2.06441e-07,34390.9
0.827691,7949.29,1.89846e-07,33826.1
0.828692,7950.22,1.98522e-07,32875.8
0.829694,7951.21,2.09246e-07,32069.5
0.830697,7952.14,1.8521e-07,31586.2
0.831697,7953.12,1.979e-07,30703.3
0.832701,7954.03,2.10687e-07,30756.7
0.833701,7954.98,1.87749e-07,30708.8
0.834704,7955.86,2.05622e-07,29858.9
0.835706,7956.71,2.01281e-07,28617.8
0.836708,7957.61,1.97468e-07,27966.9
0.83771,7958.46,2.01202e-07,27116.4
0.838712,7959.25,1.98777e-07,25839.2
0.839715,7960.09,1.89786e-07,25679.8
0.840716,7960.86,2.16823e-07,25840.9
0.841718,7961.76,1.95676e-07,25834.2
0.842721,7962.51,1.99496e-07,25487
0.843723,7963.36,2.05981e-07,24618.6
0.844725,7964.18,1.83456e-07,23913.1
0.845727,7964.99,2.05015e-07,23478
0.846728,7965.77,2.03927e-07,22877.5
0.84773,7966.52,1.99958e-07,22196.8
0.848732,7967.31,2.01681e-07,22597.3
0.849734,7967.99,2.10187e-07,21634
0.850737,7968.65,1.90735e-07,21727.1
0.851738,7969.45,2.01064e-07,21775.6
0.85274,7970.15,1.95985e-07,21255.8
0.853739,7970.86,2.07035e-07,20157.5
0.854745,7971.54,1.92777e-07,19720.1
0.855746,7972.25,2.00757e-07,18822.7
0.856747,7972.91,1.97994e-07,18098.1
0.85775,7973.62,1.90043e-07,17646.3
0.858752,7974.19,2.05929e-07,16954.2
0.859754,7974.81,1.9437e-07,16539
0.860756,7975.4,2.08249e-07,15970
0.861758,7975.94,1.92106e-07,15725.1
0.862764,7976.54,1.97377e-07,15166
0.863761,7977.09,1.92883e-07,14848.9
0.864766,7977.6,2.03571e-07,14282.4
0.865767,7978.1,1.99079e-07,13961
0.866768,7978.61,1.94054e-07,13694.5
0.86777,7979.1,2.01199e-07,13633.8
0.868772,7979.58,2.02038e-07,12830
0.869776,7980.11,1.92052e-07,12219.4
0.870775,7980.62,2.05503e-07,12047.6
0.871777,7981.14,2.00761e-07,12060.9
0.872782,7981.68,1.94938e-07,11596.4
0.873782,7982.16,2.0851e-07,11310.6
0.874785,7982.63,1.92403e-07,10996.6
0.875785,7983.04,2.02581e-07,10778.3
0.876788,7983.53,2.04394e-07,10184.7
0.877791,7983.96,1.86634e-07,9643.35
0.878792,7984.39,2.08931e-07,9276.5
0.879794,7984.79,2.05836e-07,8909.78
0.880796,7985.15,1.89472e-07,9034.34
0.881798,7985.5,1.9937e-07,8984.99
0.882801,7985.91,2.1547e-07,8620.95
0.883802,7986.34,1.86576e-07,8144.83
0.884803,7986.69,2.08762e-07,7933.7
0.885806,7987.08,2.09962e-07,7636.8
0.886808,7987.47,1.86877e-07,7208.42
0.88781,7987.8,2.08053e-07,6901.19
0.888811,7988.16,1.93115e-07,6771.83
0.889815,7988.55,2.05261e-07,6605.75
0.890815,7988.92,1.97419e-07,6498.47
0.891819,7989.22,1.85838e-07,6168.91
0.892821,7989.52,2.07573e-07,6044.87
0.893822,7989.84,2.00914e-07,5818.52
0.894824,7990.13,2.04968e-07,5679.81
0.895828,7990.43,1.91036e-07,5482.55
0.896828,7990.71,2.02117e-07,5312.1
0.89783,7991.01,2.05959e-07,5227.97
0.898831,7991.26,1.99498e-07,5180.68
0.899833,7991.52,1.99505e-07,5164.76
0.900837,7991.81,2.04188e-07,4927.7
0.901839,7992.09,1.93442e-07,4678.95
0.902841,7992.32,2.06052e-07,4566.07
0.903841,7992.56,2.06276e-07,4451.2
0.904846,7992.78,1.88218e-07,4238.67
0.905846,7993,2.1325e-07,4107
0.906848,7993.24,1.87194e-07,4084.68
0.907851,7993.47,2.0756e-07,3956.42
0.908851,7993.71,1.92028e-07,3736.1
0.909855,7993.96,2.20627e-07,3567.03
0.910858,7994.16,1.80332e-07,3425.83
0.911855,7994.39,2.02281e-07,3203.17
0.912861,7994.64,2.00672e-07,2978.92
0.913862,7994.89,2.0356e-07,2861.38
0.914864,7995.05,2.00827e-07,2743.94
0.915866,7995.22,2.03615e-07,2662.67
0.916868,7995.38,1.93935e-07,2515.31
0.917871,7995.5,1.98478e-07,2519
0.918871,7995.71,1.95108e-07,2308.53
0.919875,7995.91,2.07912e-07,2180.58
0.920876,7996.09,1.86381e-07,2067.77
0.921878,7996.22,1.98714e-07,2038.67
0.922881,7996.36,2.13294e-07,2009.48
0.923882,7996.51,1.99066e-07,1902.97
0.924885,7996.65,1.91253e-07,1835.45
0.925886,7996.77,1.96446e-07,1811.46
0.926887,7996.93,2.10153e-07,1746.55
0.927892,7997.06,1.91485e-07,1651.95
0.928891,7997.19,1.94475e-07,1637.57
0.929895,7997.29,1.90336e-07,1564.95
0.930896,7997.42,2.00381e-07,1493.96
0.931899,7997.54,2.04726e-07,1382.03
0.9329,7997.64,2.01734e-07,1349.75
0.933903,7997.75,1.97546e-07,1339.75
0.934905,7997.82,1.90843e-07,1270.51
0.935906,7997.92,2.02688e-07,1234.47
0.936909,7998.04,2.07058e-07,1119.35
0.937909,7998.11,1.98888e-07,1080.95
0.938912,7998.21,1.99294e-07,1064.95
0.939914,7998.28,2.05273e-07,1014.8
0.940915,7998.38,1.83429e-07,933.8
0.941919,7998.48,2.11201e-07,850.872
0.94292,7998.59,1.94955e-07,791.302
0.943921,7998.66,1.97559e-07,749.552
0.944926,7998.73,2.04577e-07,693.622
0.945926,7998.8,1.85855e-07,662
0.946927,7998.85,2.11092e-07,640.342
0.947931,7998.92,1.92833e-07,601.112
0.948933,7999,2.14893e-07,542.998
0.949934,7999.06,1.83079e-07,514.432
0.950936,7999.12,2.0839e-07,482.8
0.951938,7999.17,1.93878e-07,459.222
0.95294,7999.21,2.07214e-07,436.368
0.953942,7999.27,1.91562e-07,418.088
0.954945,7999.32,2.04706e-07,394.072
0.955944,7999.35,1.9532e-07,369.75
0.956949,7999.39,2.06647e-07,337.168
0.95795,7999.45,1.91899e-07,307.648
0.958953,7999.48,2.10685e-07,286.758
0.959955,7999.53,1.92764e-07,250.55
0.960956,7999.56,2.01235e-07,239.2
0.961958,7999.59,2.05772e-07,215.128
0.96296,7999.61,1.92878e-07,200.502
0.963963,7999.64,1.86851e-07,180.632
0.964966,7999.67,2.12734e-07,176.208
0.965966,7999.7,1.94995e-07,163.398
0.96697,7999.73,2.13177e-07,146.55
0.96797,7999.75,1.94579e-07,126.742
0.968971,7999.78,1.97398e-07,113.8
0.969975,7999.79,2.11975e-07,107.782
0.970977,7999.82,2.00128e-07,95.8
0.971978,7999.83,2.06033e-07,91.222
0.97298,7999.85,1.84832e-07,81.048
0.973982,7999.87,2.08488e-07,74.55
0.974986,7999.89,1.82969e-07,61.728
0.975986,7999.91,2.01569e-07,50.128
0.976988,7999.93,2.14287e-07,44.262
0.97799,7999.94,1.94215e-07,36.2
0.978992,7999.94,1.97945e-07,34.432
0.979995,7999.95,1.96493e-07,28.848
0.980997,7999.96,2.04742e-07,18.278
0.981998,7999.97,1.94299e-07,15.488
0.983001,7999.97,2.06064e-07,15.488
0.984003,7999.97,1.82326e-07,13.608
0.985005,7999.98,2.08293e-07,11.712
0.986007,7999.98,1.9899e-07,7.872
0.987008,7999.99,2.124e-07,5.928
0.988011,7999.99,1.86075e-07,4.95
0.989012,7999.99,2.08072e-07,2.982
0.990017,8000,2.0229e-07,1.992
0.991015,8000,1.92137e-07,1.992
0.992019,8000,2.09874e-07,0.998
0.993021,8000,1.91029e-07,0.998
0.994023,8000,1.96994e-07,0
0.995025,8000,1.9948e-07,0
0.996028,8000,2.05185e-07,0
0.997028,8000,1.94804e-07,0
0.998034,8000,2.19585e-07,0
0.99903,8000,6.55833e-08,0
1,8000,0,0
0.172193,139.832,1.43498,3.05579e+06
6.41506,-1,-1,-1
