0,1,0,0
0.00101537,2.072,2.11585e-07,33.408
0.00202026,2.266,1.78265e-07,101.622
0.00302515,2.48,1.5343e-07,134.8
0.00403004,2.666,1.37082e-07,135.222
0.00503493,2.81,1.29221e-07,110.95
0.0060397,2.944,1.29362e-07,84.432
0.00704352,3.046,1.34696e-07,61.942
0.00804651,3.116,1.40717e-07,77.272
0.0090482,3.182,1.42924e-07,92.438
0.0100498,3.248,1.40578e-07,111.248
0.0110517,3.308,1.37224e-07,122.568
0.0120546,3.388,1.35134e-07,144.728
0.0130559,3.476,1.33845e-07,164.712
0.0140587,3.564,1.33805e-07,190.952
0.0150608,3.658,1.3479e-07,202.518
0.0160628,3.74,1.376e-07,206.2
0.0170646,3.826,1.381e-07,215.862
0.0180668,3.902,1.38152e-07,214.198
0.0190692,3.99,1.40248e-07,214.95
0.0200705,4.06,1.44994e-07,222.2
0.0210736,4.112,1.44748e-07,223.728
0.0220744,4.192,1.47171e-07,231.568
0.0230768,4.288,1.49401e-07,232.528
0.0240779,4.35,1.52583e-07,233.75
0.025078,4.432,1.47949e-07,254.688
0.0260811,4.52,1.43593e-07,276.8
0.0270829,4.588,1.39175e-07,295.128
0.0280854,4.68,1.3621e-07,302.8
0.0290879,4.74,1.32962e-07,322.2
0.03009,4.828,1.3088e-07,347.208
0.0310928,4.876,1.30629e-07,342.312
0.0320948,5,1.35219e-07,436
0.0330961,5.092,1.3663e-07,491.768
0.0340979,5.154,1.33936e-07,511.142
0.0351009,5.224,1.32681e-07,528.912
0.0361027,5.31,1.32859e-07,536.95
0.0371038,5.374,1.3353e-07,535.062
0.0381065,5.434,1.35201e-07,604.822
0.0391092,5.514,1.38331e-07,664.902
0.0401102,5.594,1.43386e-07,698.582
0.0411136,5.66,1.42407e-07,718.2
0.0421157,5.766,1.44606e-07,781.622
0.0431171,5.852,1.49294e-07,795.048
0.0441187,5.918,1.49964e-07,819.638
0.0451208,6.016,1.53271e-07,831.872
0.0461226,6.106,1.5815e-07,851.382
0.047124,6.186,1.60787e-07,881.702
0.0481245,6.286,1.60162e-07,888.102
0.0491267,6.364,1.5584e-07,959.752
0.0501258,6.44,1.42112e-07,1005.2
0.0511293,6.516,1.35213e-07,1006.87
0.0521323,6.572,1.32305e-07,992.408
0.0531347,6.672,1.31412e-07,1034.21
0.0541363,6.756,1.30665e-07,1070.23
0.0551389,6.818,1.30556e-07,1084.44
0.0561409,6.9,1.31211e-07,1105
0.0571438,6.976,1.33139e-07,1101.71
0.0581461,7.086,1.36476e-07,1171.3
0.0591472,7.158,1.40987e-07,1226.52
0.0601498,7.244,1.44272e-07,1352.23
0.0611511,7.332,1.45231e-07,1406.89
0.0621548,7.424,1.44109e-07,1410.11
0.0631562,7.51,1.47847e-07,1440.95
0.0641575,7.616,1.50973e-07,1512.27
0.0651593,7.696,1.49445e-07,1537.79
0.0661612,7.774,1.46226e-07,1545.46
0.0671634,7.874,1.45405e-07,1549.06
0.0681664,7.97,1.46413e-07,1600.55
0.0691686,8.062,1.47692e-07,1655.08
0.0701704,8.146,1.50467e-07,1680.34
0.0711725,8.236,1.53409e-07,1758.15
0.0721742,8.32,1.54379e-07,1750.8
0.0731763,8.428,1.54489e-07,1846.41
0.0741776,8.558,1.52895e-07,1875.32
0.0751786,8.678,1.52155e-07,1959.16
0.0761803,8.782,1.46533e-07,2019.24
0.0771827,8.888,1.4264e-07,2073.73
0.0781861,8.986,1.41609e-07,2120.9
0.0791879,9.08,1.39149e-07,2146.8
0.0801894,9.202,1.35765e-07,2264.6
0.0811923,9.328,1.35153e-07,2506.21
0.0821956,9.484,1.36737e-07,2614.87
0.0831988,9.596,1.40736e-07,2640.39
0.0841992,9.686,1.45889e-07,2707.7
0.0852013,9.84,1.48967e-07,3031.2
0.0862031,9.968,1.51112e-07,3137.49
0.0872037,10.056,1.51571e-07,3164.43
0.0882059,10.17,1.45613e-07,3326.55
0.089207,10.236,1.38674e-07,3398.15
0.0902101,10.356,1.37777e-07,3452.63
0.0912111,10.488,1.39377e-07,3540.93
0.0922145,10.582,1.39345e-07,3593.64
0.0932166,10.716,1.41383e-07,3697.67
0.0942185,10.828,1.4373e-07,3805.21
0.0952225,10.976,1.48643e-07,4017.71
0.0962221,11.118,1.55113e-07,4246.04
0.0972246,11.254,1.57822e-07,4428.74
0.0982257,11.37,1.59967e-07,4484.55
0.0992276,11.47,1.59817e-07,4692.55
0.100226,11.622,1.48235e-07,4757.56
0.10123,11.738,1.41234e-07,4808.68
0.102233,11.866,1.36059e-07,4854.02
0.103235,12.052,1.3144e-07,5018.65
0.104238,12.186,1.30912e-07,5103.7
0.105241,12.322,1.32183e-07,5193.16
0.106242,12.478,1.35864e-07,5344.76
0.107244,12.612,1.39045e-07,5544.73
0.108246,12.772,1.39492e-07,5616.01
0.109247,12.914,1.36877e-07,5969.3
0.11025,13.072,1.36371e-07,6193.41
0.111249,13.206,1.37456e-07,6243.78
0.112254,13.336,1.37516e-07,6429.55
0.113255,13.528,1.37044e-07,6730.61
0.114258,13.71,1.35362e-07,7052.95
0.115261,13.884,1.34937e-07,7257.27
0.116263,14.044,1.37942e-07,7387.03
0.117265,14.19,1.43388e-07,7484.95
0.118266,14.316,1.49028e-07,7684.07
0.119267,14.472,1.51289e-07,7954.61
0.120269,14.674,1.5128e-07,8305.86
0.121271,14.826,1.47209e-07,8341.86
0.122273,14.964,1.43675e-07,8561.35
0.123277,15.142,1.38712e-07,8626.92
0.12428,15.306,1.37668e-07,8956.18
0.125278,15.486,1.40892e-07,9300.9
0.126283,15.704,1.41582e-07,9474.19
0.127285,15.918,1.46994e-07,10409.6
0.128286,16.114,1.49669e-07,10384.5
0.129288,16.268,1.50544e-07,10552.1
0.13029,16.462,1.4781e-07,11088.3
0.131291,16.634,1.42972e-07,11704
0.132294,16.852,1.43295e-07,11921
0.133297,17.02,1.45732e-07,12021.8
0.134298,17.23,1.44883e-07,11932.6
0.1353,17.396,1.45665e-07,12301.6
0.136303,17.578,1.46981e-07,12486
0.137303,17.806,1.48446e-07,12798.2
0.138306,18.034,1.47841e-07,13590.4
0.139308,18.194,1.48702e-07,14058.2
0.14031,18.442,1.48884e-07,14459.3
0.141312,18.644,1.47948e-07,15266.6
0.142315,18.864,1.4808e-07,15356.8
0.143315,19.094,1.49026e-07,15786.6
0.144319,19.338,1.47025e-07,15967.9
0.145321,19.6,1.46054e-07,17028
0.146323,19.926,1.45917e-07,17640.3
0.147325,20.23,1.4651e-07,19664.5
0.148327,20.434,1.48808e-07,20724.8
0.149329,20.712,1.51456e-07,21710.5
0.150329,20.948,1.53649e-07,22306.6
0.151331,21.24,1.49669e-07,23451.2
0.152333,21.514,1.47258e-07,24230.9
0.153335,21.746,1.43853e-07,25474.7
0.154338,22.068,1.39863e-07,25757.7
0.155341,22.328,1.38446e-07,27168.2
0.156343,22.714,1.43765e-07,29686.1
0.157344,22.99,1.46198e-07,30878.9
0.158347,23.238,1.4536e-07,31094.7
0.159348,23.584,1.44109e-07,33205.5
0.16035,23.858,1.43042e-07,33692.9
0.161353,24.2,1.46139e-07,34826
0.162355,24.506,1.49039e-07,35197
0.163356,24.852,1.49706e-07,36379
0.164358,25.122,1.4668e-07,37031.6
0.16536,25.538,1.47589e-07,38252.3
0.166365,25.786,1.50354e-07,39576.1
0.167362,26.134,1.46685e-07,41076
0.168366,26.528,1.43084e-07,43878.6
0.169369,26.93,1.39696e-07,44904.5
0.170371,27.222,1.39027e-07,45854.4
0.171374,27.622,1.3919e-07,48311.6
0.172376,27.96,1.39645e-07,50405.2
0.173379,28.372,1.45724e-07,52164.8
0.174379,28.784,1.50886e-07,53506.7
0.17538,29.268,1.48803e-07,54652.1
0.176383,29.654,1.46613e-07,55329.1
0.177384,30.134,1.40092e-07,56394
0.178386,30.404,1.36233e-07,56878.4
0.179389,30.81,1.35862e-07,59315
0.180391,31.178,1.40762e-07,59927.2
0.181394,31.512,1.43698e-07,62410.9
0.182395,31.862,1.4866e-07,62425.5
0.183396,32.366,1.47257e-07,64792
0.184399,32.706,1.41353e-07,66391.8
0.185402,33.406,1.38294e-07,70620.6
0.186403,33.968,1.39123e-07,73291.5
0.187406,34.422,1.39327e-07,74514
0.188407,34.922,1.40818e-07,78702
0.189409,35.328,1.43424e-07,80550.2
0.190413,35.86,1.49813e-07,79864.2
0.191412,36.332,1.53439e-07,82520.9
0.192414,36.928,1.52059e-07,83793.4
0.193416,37.33,1.51177e-07,84748.5
0.194419,37.836,1.48418e-07,88164.6
0.195421,38.178,1.47969e-07,89605.2
0.196422,38.61,1.48375e-07,90689
0.197424,39.366,1.5021e-07,94824
0.198427,39.978,1.54607e-07,99132.8
0.199431,40.67,1.5678e-07,103929
0.200427,41.462,1.5432e-07,107794
0.201431,42.368,1.48297e-07,114504
0.202434,43.08,1.45084e-07,120341
0.203437,43.638,1.45528e-07,124499
0.204439,44.56,1.47681e-07,132257
0.205442,45.168,1.47281e-07,135742
0.206443,45.892,1.48729e-07,139112
0.207444,46.538,1.41867e-07,144348
0.208446,47.294,1.3634e-07,153064
0.209448,48.06,1.31687e-07,158472
0.210451,48.822,1.30478e-07,164825
0.211453,49.76,1.34558e-07,176381
0.212455,50.61,1.38813e-07,180983
0.213456,51.31,1.41787e-07,184655
0.214458,52.196,1.43985e-07,191573
0.215461,53.046,1.43528e-07,199408
0.216462,53.996,1.4145e-07,205114
0.217463,54.89,1.417e-07,214243
0.218465,55.836,1.38988e-07,223695
0.219468,56.79,1.39968e-07,234019
0.22047,57.978,1.38322e-07,243295
0.221472,59.454,1.37928e-07,269520
0.222473,60.518,1.37846e-07,284099
0.223477,61.532,1.36821e-07,290390
0.22448,62.628,1.39305e-07,298757
0.225481,63.84,1.4472e-07,312983
0.226483,65.298,1.43523e-07,333271
0.227484,66.642,1.41025e-07,351375
0.228487,68.188,1.39034e-07,369760
0.229488,69.27,1.362e-07,393021
0.230492,70.618,1.37105e-07,407804
0.231494,72.15,1.40261e-07,424606
0.232496,73.802,1.42383e-07,437603
0.233497,75.594,1.4735e-07,452339
0.2345,77.082,1.4992e-07,494578
0.2355,78.802,1.54824e-07,533639
0.236503,80.754,1.55587e-07,572133
0.237505,82.692,1.55948e-07,615357
0.238505,84.044,1.53573e-07,622259
0.239507,85.906,1.48327e-07,666119
0.240509,88.414,1.41618e-07,709777
0.241511,90.762,1.35792e-07,744909
0.242514,92.592,1.3489e-07,761677
0.243517,94.386,1.37668e-07,797853
0.244519,96.73,1.40453e-07,847741
0.245522,99.548,1.43897e-07,938856
0.246524,102.094,1.49085e-07,979991
0.247526,104.512,1.55377e-07,1.03675e+06
0.248528,107.156,1.57135e-07,1.08218e+06
0.249533,109.64,1.60235e-07,1.16623e+06
0.250526,112.666,1.59252e-07,1.29578e+06
0.251531,116.114,1.54939e-07,1.37543e+06
0.252534,118.718,1.52068e-07,1.39305e+06
0.253536,122.236,1.50978e-07,1.52447e+06
0.254539,125.26,1.50673e-07,1.64502e+06
0.25554,128.532,1.5057e-07,1.71971e+06
0.256541,131.876,1.48183e-07,1.84236e+06
0.257543,135.874,1.4859e-07,1.92589e+06
0.258545,139.79,1.46843e-07,2.10917e+06
0.259548,144.392,1.47471e-07,2.26638e+06
0.26055,147.942,1.47994e-07,2.40269e+06
0.261552,152.656,1.46923e-07,2.6999e+06
0.262553,157.504,1.42952e-07,2.87431e+06
0.263556,162.726,1.41502e-07,3.15823e+06
0.264558,168.166,1.44678e-07,3.32366e+06
0.265559,174.042,1.42996e-07,3.55577e+06
0.266563,180.71,1.45007e-07,3.74962e+06
0.267564,187.004,1.442e-07,4.08909e+06
0.268567,192.862,1.45137e-07,4.25709e+06
0.269569,200.888,1.44848e-07,4.70371e+06
0.270571,209.358,1.41939e-07,5.06694e+06
0.271573,216.952,1.4097e-07,5.37273e+06
0.272576,227.512,1.42404e-07,5.91469e+06
0.273576,237.06,1.42014e-07,6.62113e+06
0.274579,244.636,1.42978e-07,7.21587e+06
0.27558,253.784,1.41208e-07,7.69902e+06
0.276584,263.684,1.43503e-07,8.4631e+06
0.277586,275.808,1.48042e-07,9.38262e+06
0.278588,285.856,1.50734e-07,1.00693e+07
0.279588,297.662,1.53094e-07,1.10394e+07
0.28059,311.184,1.4987e-07,1.2084e+07
0.281592,323.744,1.46357e-07,1.30509e+07
0.282595,338.414,1.45783e-07,1.44931e+07
0.283596,353.562,1.43204e-07,1.59459e+07
0.284598,371.354,1.44211e-07,1.822e+07
0.285603,388.04,1.47929e-07,1.95334e+07
0.286603,406.424,1.46933e-07,2.16447e+07
0.287605,430.05,1.46593e-07,2.50141e+07
0.288607,456.084,1.43766e-07,2.8209e+07
0.289609,477.62,1.42157e-07,3.07854e+07
0.290611,502.514,1.41823e-07,3.40353e+07
0.291614,527.512,1.39882e-07,3.65197e+07
0.292616,562.15,1.42304e-07,4.013e+07
0.293618,593.678,1.45233e-07,4.32697e+07
0.294619,626.376,1.43439e-07,4.70732e+07
0.295622,657.118,1.44702e-07,5.11764e+07
0.296624,689.708,1.45428e-07,5.38256e+07
0.297626,720.576,1.4825e-07,5.61147e+07
0.298628,757.484,1.50469e-07,6.08623e+07
0.299631,799.266,1.5294e-07,6.55758e+07
0.30063,841.87,1.54722e-07,6.80348e+07
0.301631,881.104,1.50223e-07,7.08339e+07
0.302634,918.838,1.47005e-07,7.27713e+07
0.303637,967.762,1.47422e-07,7.62211e+07
0.304638,1013.83,1.50851e-07,7.99377e+07
0.305639,1068.49,1.50387e-07,8.62763e+07
0.306642,1119.13,1.47713e-07,8.76507e+07
0.307644,1178.22,1.43434e-07,8.93235e+07
0.308647,1236.23,1.37231e-07,9.25473e+07
0.309648,1292.75,1.32982e-07,9.34713e+07
0.310651,1361.53,1.29607e-07,9.18423e+07
0.311655,1425.23,1.33617e-07,9.33829e+07
0.312654,1481.16,1.42987e-07,9.05875e+07
0.313656,1542.18,1.44481e-07,8.74215e+07
0.314658,1602.03,1.4061e-07,8.53613e+07
0.315661,1667.33,1.38092e-07,8.10345e+07
0.316664,1730.52,1.38239e-07,7.93697e+07
0.317665,1791.04,1.38312e-07,7.54743e+07
0.318667,1851.32,1.35055e-07,7.25961e+07
0.319669,1911.32,1.36434e-07,7.06689e+07
0.320671,1962.97,1.36622e-07,6.92292e+07
0.321674,2023.62,1.40695e-07,6.3732e+07
0.322676,2081.41,1.49067e-07,6.04273e+07
0.323678,2145.31,1.5361e-07,5.28496e+07
0.32468,2202.77,1.56814e-07,4.79861e+07
0.325679,2263.32,1.56332e-07,4.4045e+07
0.326681,2313.98,1.51167e-07,4.29975e+07
0.327683,2369.95,1.40055e-07,4.20844e+07
0.328686,2427.24,1.35301e-07,4.04922e+07
0.329689,2486.5,1.34609e-07,3.66489e+07
0.330692,2539.25,1.38715e-07,3.52224e+07
0.331696,2592.38,1.41574e-07,3.34168e+07
0.332701,2647.2,1.51354e-07,3.13905e+07
0.33369,2699.16,1.60441e-07,2.89586e+07
0.334695,2753.27,1.50135e-07,2.71908e+07
0.3357,2808.93,1.47716e-07,2.57635e+07
0.336702,2858.5,1.46611e-07,2.53783e+07
0.337704,2910.38,1.4358e-07,2.46588e+07
0.338707,2959.47,1.43383e-07,2.42054e+07
0.339709,3008.49,1.42738e-07,2.38498e+07
0.340711,3056.81,1.44783e-07,2.33282e+07
0.341713,3107.54,1.46665e-07,2.16611e+07
0.342716,3153.79,1.46774e-07,2.10719e+07
0.343718,3202.01,1.45922e-07,2.02688e+07
0.34472,3251.98,1.45413e-07,1.91182e+07
0.345723,3298.61,1.49323e-07,1.86094e+07
0.346725,3345.48,1.57338e-07,1.80548e+07
0.347727,3392.34,1.59186e-07,1.71695e+07
0.348728,3437.1,1.61737e-07,1.64459e+07
0.349729,3480.49,1.61405e-07,1.51856e+07
0.350729,3524.83,1.55719e-07,1.49414e+07
0.351732,3569.19,1.53743e-07,1.42838e+07
0.352735,3611.67,1.55073e-07,1.40084e+07
0.353735,3655.53,1.52183e-07,1.36868e+07
0.354738,3698.85,1.49092e-07,1.28325e+07
0.355739,3740.63,1.42407e-07,1.29653e+07
0.356742,3783.36,1.37575e-07,1.24568e+07
0.357744,3824.79,1.3347e-07,1.2091e+07
0.358747,3865.45,1.33242e-07,1.18324e+07
0.35975,3906.39,1.35758e-07,1.11939e+07
0.360752,3947.61,1.39529e-07,1.07322e+07
0.361753,3988.62,1.43448e-07,1.03403e+07
0.362756,4028.24,1.45162e-07,9.89823e+06
0.363756,4068.36,1.49205e-07,9.31029e+06
0.36476,4108.19,1.50615e-07,9.00092e+06
0.365761,4147.89,1.53279e-07,8.84439e+06
0.366762,4186.77,1.48835e-07,8.57018e+06
0.367765,4224.31,1.41307e-07,8.0792e+06
0.368768,4262.41,1.3508e-07,7.76542e+06
0.36977,4300.16,1.33106e-07,7.59287e+06
0.370773,4337.91,1.32435e-07,7.30457e+06
0.371776,4373.78,1.36268e-07,7.08942e+06
0.372777,4408.53,1.46276e-07,6.96579e+06
0.373778,4443.42,1.51967e-07,6.71933e+06
0.374782,4480.19,1.51972e-07,6.28138e+06
0.37578,4514.51,1.51103e-07,6.14102e+06
0.376782,4550.32,1.44899e-07,5.82248e+06
0.377785,4584.93,1.41465e-07,5.81526e+06
0.378787,4619.3,1.4069e-07,5.50149e+06
0.379789,4653.05,1.43322e-07,5.44476e+06
0.380792,4686.74,1.46933e-07,5.43795e+06
0.381793,4720.92,1.45013e-07,5.36656e+06
0.382793,4753.96,1.41543e-07,5.04109e+06
0.383796,4785.17,1.38798e-07,5.12499e+06
0.384798,4818.15,1.39268e-07,5.03761e+06
0.385801,4849.12,1.42434e-07,5.02152e+06
0.386803,4882.01,1.45585e-07,5.09031e+06
0.387805,4914.18,1.46032e-07,4.97702e+06
0.388808,4945.1,1.44443e-07,4.93032e+06
0.38981,4975.8,1.41253e-07,4.86952e+06
0.390812,5006.39,1.39659e-07,4.69137e+06
0.391813,5036.31,1.40219e-07,4.63875e+06
0.392816,5066.66,1.40289e-07,4.44278e+06
0.393818,5096.23,1.42122e-07,4.3744e+06
0.39482,5125.32,1.4433e-07,4.27371e+06
0.395823,5155.57,1.47708e-07,4.27819e+06
0.396825,5184.92,1.56246e-07,4.17409e+06
0.397826,5214.24,1.6193e-07,4.08881e+06
0.398828,5242.22,1.64629e-07,3.98528e+06
0.399833,5270.46,1.71856e-07,3.90117e+06
0.400829,5298.31,1.65629e-07,3.8539e+06
0.401832,5325.97,1.61181e-07,3.75548e+06
0.402834,5354.06,1.53408e-07,3.64724e+06
0.403837,5381.49,1.509e-07,3.577e+06
0.404838,5408.23,1.4811e-07,3.63545e+06
0.40584,5435.22,1.44668e-07,3.53273e+06
0.406842,5461.67,1.43971e-07,3.48717e+06
0.407845,5487.66,1.44551e-07,3.38676e+06
0.408848,5513.11,1.46614e-07,3.27652e+06
0.409849,5538.19,1.45306e-07,3.14211e+06
0.410852,5563.42,1.46512e-07,3.02584e+06
0.411853,5588.27,1.55343e-07,2.93303e+06
0.412855,5612.66,1.579e-07,2.88978e+06
0.413855,5637.54,1.50438e-07,2.88201e+06
0.414858,5662.48,1.45788e-07,2.70108e+06
0.415861,5686.67,1.41473e-07,2.61208e+06
0.416861,5710.13,1.37092e-07,2.55115e+06
0.417865,5732.97,1.33755e-07,2.54895e+06
0.418867,5756.4,1.34708e-07,2.46529e+06
0.419869,5779.42,1.35792e-07,2.37969e+06
0.420872,5802.75,1.36322e-07,2.3232e+06
0.421873,5824.74,1.38167e-07,2.21017e+06
0.422876,5846.95,1.38055e-07,2.15523e+06
0.423878,5869.99,1.40761e-07,2.0807e+06
0.42488,5892.05,1.43067e-07,1.98436e+06
0.425881,5913.45,1.45505e-07,1.88817e+06
0.426882,5934.97,1.45093e-07,1.83928e+06
0.427885,5956.88,1.4569e-07,1.77521e+06
0.428885,5978.13,1.46504e-07,1.74373e+06
0.429889,5998.78,1.44941e-07,1.70307e+06
0.430892,6019.61,1.43482e-07,1.67102e+06
0.431893,6040.32,1.44234e-07,1.6259e+06
0.432896,6060.78,1.45306e-07,1.59786e+06
0.433898,6081.08,1.46673e-07,1.5373e+06
0.434899,6100.37,1.515e-07,1.51176e+06
0.435901,6120.09,1.51751e-07,1.48462e+06
0.436902,6139.53,1.4783e-07,1.5233e+06
0.437904,6159.31,1.46998e-07,1.50345e+06
0.438907,6178.5,1.46137e-07,1.52304e+06
0.439909,6197.43,1.45481e-07,1.51047e+06
0.440911,6216.5,1.43617e-07,1.46371e+06
0.441911,6235.53,1.37516e-07,1.45117e+06
0.442914,6253.75,1.34625e-07,1.40284e+06
0.443918,6271.9,1.35551e-07,1.36053e+06
0.444918,6290.09,1.34126e-07,1.36368e+06
0.44592,6308.4,1.32988e-07,1.33687e+06
0.446923,6326.57,1.32659e-07,1.33157e+06
0.447925,6343.89,1.30927e-07,1.30586e+06
0.448928,6361.2,1.33884e-07,1.26141e+06
0.449932,6379.29,1.39887e-07,1.22394e+06
0.450932,6396.13,1.4737e-07,1.18698e+06
0.451933,6413.51,1.48882e-07,1.17122e+06
0.452935,6430.4,1.46396e-07,1.18085e+06
0.453937,6447.34,1.45454e-07,1.16323e+06
0.454939,6463.76,1.4201e-07,1.13772e+06
0.455941,6480.18,1.39762e-07,1.14891e+06
0.456943,6496.26,1.37979e-07,1.12643e+06
0.457945,6512.81,1.38874e-07,1.12016e+06
0.458947,6528.55,1.3758e-07,1.10685e+06
0.459949,6544.03,1.39348e-07,1.0961e+06
0.460951,6559.5,1.41201e-07,1.09579e+06
0.461954,6574.52,1.41243e-07,1.08683e+06
0.462955,6589.61,1.41254e-07,1.05597e+06
0.463958,6604.46,1.38415e-07,1.05619e+06
0.46496,6618.82,1.36777e-07,1.05131e+06
0.465962,6633.2,1.35291e-07,1.04305e+06
0.466964,6647.79,1.37713e-07,1.01844e+06
0.467967,6662.51,1.38371e-07,1.00412e+06
0.468969,6676.34,1.41192e-07,1.00048e+06
0.469971,6690.38,1.45321e-07,986402
0.470972,6704.28,1.49175e-07,993134
0.471974,6717.93,1.47204e-07,962554
0.472977,6731.85,1.46159e-07,920765
0.473978,6745.23,1.45934e-07,915197
0.474982,6758.9,1.49057e-07,923611
0.475982,6771.84,1.54396e-07,920910
0.476983,6785.2,1.53463e-07,910884
0.477985,6798.2,1.51198e-07,914339
0.478986,6811.47,1.46737e-07,888421
0.479989,6824.27,1.42822e-07,880274
0.48099,6836.07,1.34452e-07,856564
0.481993,6848.3,1.31107e-07,839006
0.482996,6860.47,1.30256e-07,844067
0.483998,6872.78,1.32438e-07,816924
0.485001,6885.61,1.33211e-07,780663
0.486003,6897.4,1.36614e-07,764772
0.487005,6908.97,1.42195e-07,744035
0.488007,6921.09,1.45739e-07,740991
0.489008,6933.06,1.45334e-07,744467
0.490011,6944.3,1.45547e-07,722787
0.491011,6956.22,1.46053e-07,707573
0.492014,6967.54,1.46649e-07,704556
0.493016,6978.78,1.46085e-07,691959
0.494018,6990.26,1.45864e-07,680213
0.49502,7001.07,1.47032e-07,675804
0.496022,7011.34,1.46891e-07,680940
0.497025,7021.95,1.42477e-07,673830
0.49803,7032.25,1.43274e-07,651893
0.499035,7042.91,1.52558e-07,649643
0.500029,7052.97,2.20531e-07,637906
0.501024,7063.14,1.52614e-07,637595
0.502029,7073.72,1.43489e-07,634228
0.503034,7084.01,1.42851e-07,622842
0.504038,7094.84,1.47145e-07,627805
0.505039,7104.48,1.47083e-07,632079
0.506041,7114.34,1.45952e-07,627126
0.507044,7124.16,1.46154e-07,617487
0.508045,7133.55,1.46595e-07,616278
0.509048,7143.19,1.4614e-07,604958
0.510049,7152.39,1.45768e-07,610469
0.511051,7161.78,1.45496e-07,599413
0.512053,7170.68,1.46046e-07,600157
0.513054,7179.52,1.42405e-07,593339
0.514056,7188.54,1.36797e-07,608028
0.515059,7197.47,1.33416e-07,605988
0.516062,7206.06,1.32546e-07,606249
0.517063,7214.61,1.30217e-07,598129
0.518066,7223.41,1.31099e-07,601147
0.519069,7232.23,1.34553e-07,591197
0.520071,7241.08,1.4267e-07,576788
0.521073,7249.75,1.46596e-07,566805
0.522074,7258.03,1.51137e-07,557198
0.523076,7266.31,1.53385e-07,545359
0.524077,7274.38,1.54298e-07,538384
0.525077,7282.3,1.49142e-07,533207
0.526081,7289.8,1.46164e-07,520697
0.527083,7297.57,1.46403e-07,510283
0.528085,7305.52,1.47506e-07,501985
0.529087,7313.44,1.49451e-07,498655
0.530088,7321.36,1.45714e-07,499901
0.53109,7328.75,1.41375e-07,481972
0.532092,7336.41,1.38616e-07,468473
0.533095,7343.97,1.38014e-07,460937
0.534097,7351.73,1.35502e-07,458333
0.535099,7359.16,1.37109e-07,453749
0.536101,7366.32,1.38574e-07,455416
0.537104,7373.34,1.41356e-07,446585
0.538105,7380.38,1.41322e-07,442382
0.539108,7387.81,1.41077e-07,427490
0.54011,7394.74,1.39064e-07,425470
0.541113,7401.23,1.37446e-07,418268
0.542114,7407.96,1.38811e-07,414496
0.543116,7414.87,1.37911e-07,417439
0.544118,7421.28,1.39849e-07,406914
0.545121,7427.83,1.42159e-07,405683
0.546122,7434.01,1.45614e-07,405832
0.547124,7440.33,1.46275e-07,399097
0.548126,7446.92,1.48691e-07,391624
0.549127,7453.09,1.4713e-07,381279
0.550127,7459.42,1.39769e-07,372757
0.551131,7465.29,1.33704e-07,360294
0.552134,7471.22,1.30816e-07,358509
0.553137,7477.54,1.32561e-07,353806
0.554139,7483.88,1.32791e-07,347758
0.555142,7489.62,1.33948e-07,340710
0.556142,7495.73,1.35409e-07,340203
0.557145,7501.6,1.34497e-07,335172
0.558148,7507.42,1.37367e-07,331072
0.559148,7513.23,1.43733e-07,334271
0.56015,7518.95,1.45399e-07,322864
0.561152,7524.65,1.45962e-07,321193
0.562155,7530.27,1.46685e-07,320223
0.563157,7535.57,1.4774e-07,318619
0.564159,7540.64,1.51613e-07,314625
0.565161,7545.97,1.5127e-07,315670
0.566162,7551.47,1.46696e-07,320065
0.567164,7556.79,1.4535e-07,314492
0.568166,7562.13,1.44333e-07,316911
0.569167,7567.26,1.43629e-07,312949
0.57017,7572.36,1.45017e-07,309739
0.571174,7577.5,1.46604e-07,302799
0.572174,7582.47,1.45538e-07,303595
0.573177,7587.21,1.44912e-07,306206
0.574178,7592.16,1.45377e-07,299457
0.575179,7597.12,1.43134e-07,291429
0.576181,7601.64,1.40781e-07,284977
0.577183,7606.5,1.38069e-07,276627
0.578186,7611.12,1.38171e-07,276573
0.579188,7616,1.36299e-07,274029
0.58019,7620.74,1.35636e-07,268951
0.581193,7625.33,1.34519e-07,265181
0.582194,7629.76,1.33778e-07,264578
0.583198,7634.26,1.37199e-07,259189
0.584198,7638.48,1.41526e-07,252929
0.585201,7642.57,1.45822e-07,247520
0.586204,7646.77,1.50338e-07,245932
0.587205,7650.87,1.5775e-07,241177
0.588207,7655.05,1.55234e-07,232483
0.589207,7659.08,1.46439e-07,234586
0.59021,7663.22,1.45378e-07,233025
0.591212,7667.24,1.46796e-07,231770
0.592214,7671.17,1.44432e-07,228459
0.593217,7675.07,1.43819e-07,219203
0.594219,7679.17,1.4449e-07,215819
0.595222,7683.15,1.48049e-07,212910
0.596223,7687.08,1.50752e-07,205356
0.597226,7690.95,1.53399e-07,203548
0.598227,7694.82,1.61245e-07,198239
0.599231,7698.77,1.6559e-07,192830
0.600226,7702.55,1.71633e-07,188746
0.601231,7706.25,1.64566e-07,186576
0.602233,7709.74,1.61792e-07,183875
0.603234,7713.17,1.56145e-07,181038
0.604236,7716.58,1.47714e-07,178166
0.605239,7720.09,1.44567e-07,178757
0.606241,7723.69,1.42298e-07,178649
0.607243,7726.98,1.40369e-07,177340
0.608246,7730.19,1.40329e-07,177240
0.609247,7733.5,1.39939e-07,174083
0.61025,7736.83,1.41411e-07,172097
0.611251,7740.18,1.44512e-07,173090
0.612255,7743.44,1.46167e-07,170819
0.613256,7746.46,1.45488e-07,170046
0.614258,7749.65,1.42294e-07,169309
0.615261,7752.74,1.39315e-07,166716
0.616263,7755.93,1.38703e-07,163071
0.617266,7758.94,1.41455e-07,159926
0.618267,7761.88,1.44937e-07,158436
0.619267,7764.85,1.46801e-07,157561
0.62027,7767.66,1.43062e-07,155720
0.621272,7770.67,1.40507e-07,154532
0.622274,7773.45,1.41394e-07,153314
0.623277,7776.42,1.45099e-07,151882
0.624279,7779.2,1.51146e-07,150558
0.625277,7781.9,1.51951e-07,148271
0.626281,7784.78,1.52029e-07,145576
0.627282,7787.33,1.46276e-07,141897
0.628283,7790.06,1.36331e-07,140818
0.629286,7792.79,1.32552e-07,139786
0.630289,7795.54,1.33396e-07,137730
0.631292,7798.38,1.35358e-07,135596
0.632294,7800.87,1.41777e-07,133972
0.633297,7803.69,1.49324e-07,130128
0.634298,7806.15,1.53303e-07,130451
0.635299,7808.64,1.50565e-07,126811
0.636303,7811.15,1.49386e-07,124185
0.637303,7813.44,1.45104e-07,119925
0.638306,7815.93,1.43544e-07,118327
0.639307,7818.44,1.39486e-07,115061
0.640309,7820.8,1.35589e-07,113101
0.641312,7823.3,1.33114e-07,108401
0.642315,7825.53,1.33504e-07,106970
0.643317,7827.82,1.37623e-07,104783
0.64432,7830.05,1.42464e-07,106028
0.645321,7832.46,1.49068e-07,106430
0.646324,7834.68,1.52108e-07,103791
0.647324,7836.89,1.54818e-07,103871
0.648327,7839.08,1.53582e-07,100865
0.64933,7841.19,1.55764e-07,99023.6
0.65033,7843.49,1.61478e-07,98580.9
0.651331,7845.54,1.61948e-07,96158.4
0.652332,7847.57,1.59361e-07,94892.5
0.653334,7849.65,1.57373e-07,92367.4
0.654336,7851.64,1.49216e-07,91881.8
0.655339,7853.71,1.45485e-07,89701.4
0.656341,7855.71,1.46066e-07,89897
0.657343,7857.56,1.46879e-07,88757.4
0.658346,7859.57,1.46768e-07,85762.4
0.659348,7861.52,1.44708e-07,85772.9
0.66035,7863.35,1.42617e-07,83664.3
0.661352,7865.25,1.43325e-07,82192.7
0.662356,7867.06,1.43633e-07,81218.4
0.663357,7868.91,1.46675e-07,78319.8
0.664359,7870.72,1.47676e-07,77530.8
0.665364,7872.43,1.50506e-07,77448.7
0.666369,7874.29,1.61312e-07,76358.5
0.667358,7876.07,1.50544e-07,74870.5
0.668363,7877.83,1.41263e-07,73499.9
0.669368,7879.6,1.38673e-07,72790
0.67037,7881.16,1.34571e-07,71821.2
0.671373,7882.9,1.35401e-07,70606.6
0.672376,7884.5,1.40271e-07,67861
0.673378,7886.15,1.51315e-07,66289.8
0.67438,7887.65,1.56378e-07,64663.1
0.675379,7889.23,1.56743e-07,64371.1
0.676381,7890.68,1.53607e-07,63338.1
0.677383,7892.27,1.49106e-07,61819.5
0.678385,7893.78,1.40523e-07,60967.8
0.679388,7895.14,1.36656e-07,60563.6
0.68039,7896.63,1.36286e-07,59319.1
0.681392,7898.18,1.35079e-07,58311.1
0.682394,7899.58,1.38472e-07,56819.8
0.683395,7901.01,1.38135e-07,55998.9
0.684398,7902.47,1.38159e-07,55196.6
0.685401,7903.93,1.40711e-07,55313.4
0.686403,7905.1,1.44417e-07,54997.8
0.687405,7906.64,1.42835e-07,52649.2
0.688405,7908.01,1.33307e-07,50669
0.689408,7909.51,1.29691e-07,49327
0.690411,7910.68,1.33225e-07,49775.2
0.691412,7912.08,1.37418e-07,48799.6
0.692415,7913.38,1.43398e-07,48556
0.693418,7914.67,1.47691e-07,47551.2
0.69442,7915.98,1.50274e-07,46824.8
0.695421,7917.27,1.50599e-07,46156.1
0.696422,7918.46,1.47243e-07,46150.2
0.697425,7919.65,1.46931e-07,45360
0.698428,7920.87,1.50503e-07,44786.6
0.699429,7922.1,1.54861e-07,44274.2
0.700428,7923.22,1.52851e-07,43544.9
0.701431,7924.41,1.50519e-07,43388.6
0.702433,7925.59,1.48277e-07,42914.8
0.703435,7926.65,1.45502e-07,42152.3
0.704438,7927.75,1.44705e-07,40955.8
0.70544,7928.86,1.43615e-07,40167.5
0.706441,7929.9,1.45436e-07,39949.4
0.707443,7930.98,1.42252e-07,38724.8
0.708445,7932.07,1.39864e-07,38521.4
0.709448,7933.1,1.41963e-07,38045
0.71045,7934.18,1.42301e-07,37811.1
0.711452,7935.13,1.43978e-07,37103.3
0.712454,7936.15,1.4677e-07,36499.1
0.713456,7937.11,1.46991e-07,35747.7
0.714456,7938.05,1.47502e-07,35392.8
0.715461,7939.09,1.44119e-07,35149.3
0.716463,7939.96,1.43128e-07,35312.1
0.717465,7940.88,1.45788e-07,35172.3
0.718467,7941.85,1.46354e-07,34905.1
0.719469,7942.76,1.49985e-07,34294.7
0.720471,7943.71,1.52953e-07,33920.5
0.721472,7944.62,1.50645e-07,33653.6
0.722473,7945.44,1.47851e-07,33767.1
0.723476,7946.31,1.43289e-07,33312.2
0.724479,7947.19,1.41222e-07,32789.7
0.72548,7948.03,1.43066e-07,32140.4
0.726483,7948.85,1.42154e-07,31524.3
0.727483,7949.69,1.42208e-07,31176.9
0.728486,7950.51,1.40957e-07,30121
0.729488,7951.37,1.42005e-07,29906.8
0.73049,7952.25,1.44965e-07,29360.7
0.731492,7953,1.45243e-07,28452
0.732495,7953.74,1.44193e-07,28441.2
0.733496,7954.46,1.44713e-07,28246.4
0.7345,7955.13,1.42953e-07,27716.6
0.735501,7955.96,1.44476e-07,26971.2
0.736503,7956.75,1.41316e-07,26136.7
0.737506,7957.47,1.43029e-07,25652.4
0.738508,7958.19,1.46764e-07,25074.2
0.739509,7958.94,1.47902e-07,24911.3
0.740511,7959.68,1.47219e-07,24790.8
0.741514,7960.39,1.46812e-07,24430.5
0.742516,7961.09,1.48409e-07,23478.1
0.743519,7961.72,1.48023e-07,23049.7
0.744519,7962.36,1.50379e-07,23023.5
0.745521,7963.04,1.50603e-07,22548.1
0.746523,7963.69,1.50926e-07,22023
0.747525,7964.4,1.52143e-07,21382.2
0.748528,7965.09,1.54958e-07,20565.3
0.749533,7965.63,1.5977e-07,19910
0.750526,7966.23,1.59818e-07,19348.5
0.751531,7966.82,1.57217e-07,18914.4
0.752533,7967.41,1.55299e-07,18657.1
0.753535,7968.02,1.48972e-07,18415.8
0.754537,7968.58,1.43826e-07,18638.1
0.75554,7969.07,1.40387e-07,17993.7
0.756543,7969.62,1.37586e-07,17563.3
0.757545,7970.2,1.34903e-07,16946.6
0.758548,7970.78,1.35904e-07,16586.4
0.75955,7971.26,1.41806e-07,16455.2
0.760553,7971.82,1.48384e-07,16090.5
0.761554,7972.37,1.53633e-07,15398.5
0.762554,7972.84,1.55785e-07,15306.5
0.763556,7973.31,1.55553e-07,14941.7
0.764559,7973.75,1.5493e-07,14580.7
0.765559,7974.22,1.49934e-07,14368.9
0.766562,7974.66,1.47443e-07,14387.9
0.767563,7975.17,1.42476e-07,14032.6
0.768565,7975.68,1.40355e-07,13542.4
0.769567,7976.06,1.37006e-07,13296
0.770571,7976.51,1.36334e-07,13129
0.771572,7976.88,1.39093e-07,12971.6
0.772575,7977.33,1.41231e-07,12563.2
0.773577,7977.71,1.43645e-07,12460.1
0.774578,7978.16,1.44657e-07,11938.6
0.775579,7978.56,1.39095e-07,11483.4
0.776582,7978.95,1.36825e-07,10991.7
0.777587,7979.33,1.38092e-07,10553.2
0.778587,7979.71,1.37979e-07,10298.1
0.779589,7980.15,1.38399e-07,9972.34
0.780591,7980.55,1.39805e-07,9707.54
0.781594,7980.97,1.3894e-07,9364.55
0.782596,7981.32,1.41739e-07,9214.8
0.783597,7981.7,1.41473e-07,9013.4
0.784599,7982.06,1.43697e-07,8731.32
0.785601,7982.4,1.44095e-07,8512
0.786603,7982.74,1.41723e-07,8158.68
0.787604,7983.08,1.38641e-07,8158.8
0.788606,7983.38,1.34464e-07,8022.27
0.789608,7983.75,1.30344e-07,7904.74
0.790611,7984.07,1.31832e-07,7672.55
0.791614,7984.34,1.36696e-07,7584.83
0.792615,7984.66,1.42273e-07,7306.2
0.793617,7984.96,1.48952e-07,7059.03
0.794617,7985.26,1.47401e-07,6993.72
0.79562,7985.56,1.47857e-07,6735.32
0.796622,7985.87,1.45529e-07,6574.02
0.797625,7986.18,1.45256e-07,6321.8
0.798628,7986.48,1.48448e-07,6214.87
0.799632,7986.79,1.5493e-07,6145.78
0.800628,7987.12,1.56457e-07,6075.56
0.801632,7987.42,1.54509e-07,5917.8
0.802635,7987.66,1.50148e-07,5840.2
0.803637,7987.92,1.48305e-07,5767.96
0.804638,7988.18,1.48e-07,5761.07
0.80564,7988.42,1.48335e-07,5677.47
0.806643,7988.66,1.51207e-07,5379.88
0.807646,7988.92,1.5212e-07,5352.47
0.808647,7989.13,1.53346e-07,5306.02
0.809647,7989.39,1.49462e-07,5253.38
0.81065,7989.64,1.43214e-07,5135.48
0.811652,7989.86,1.40914e-07,5142.75
0.812653,7990.04,1.39357e-07,5083.03
0.813656,7990.3,1.39274e-07,4973.4
0.814658,7990.5,1.38587e-07,4836.99
0.81566,7990.75,1.41665e-07,4695.25
0.816664,7990.94,1.47606e-07,4555.95
0.817664,7991.1,1.48593e-07,4459.8
0.818665,7991.33,1.43593e-07,4304.55
0.819668,7991.51,1.40735e-07,4230.95
0.82067,7991.72,1.35754e-07,4190.8
0.821673,7991.94,1.36311e-07,4082.2
0.822676,7992.13,1.40273e-07,4083.81
0.823676,7992.35,1.4664e-07,3919.75
0.824679,7992.53,1.48939e-07,3712.42
0.82568,7992.7,1.51088e-07,3695.4
0.826681,7992.89,1.4582e-07,3502.95
0.827683,7993.06,1.39736e-07,3426.43
0.828686,7993.22,1.39264e-07,3326.36
0.829689,7993.38,1.39113e-07,3295.8
0.830691,7993.55,1.39881e-07,3199.75
0.831693,7993.72,1.4329e-07,3190.8
0.832697,7993.9,1.47022e-07,2982.2
0.833694,7994.07,1.49959e-07,2904.55
0.834699,7994.21,1.47626e-07,2765.53
0.835701,7994.36,1.46697e-07,2716.63
0.836703,7994.5,1.4984e-07,2653
0.837704,7994.65,1.48955e-07,2572.05
0.838706,7994.76,1.46186e-07,2479.2
0.839709,7994.89,1.43164e-07,2469.38
0.840712,7995.01,1.44143e-07,2364.95
0.841712,7995.1,1.45253e-07,2279.8
0.842715,7995.21,1.4629e-07,2248.37
0.843716,7995.33,1.4362e-07,2150.89
0.844718,7995.45,1.38476e-07,2105.94
0.845722,7995.57,1.3997e-07,2070.55
0.846724,7995.68,1.43843e-07,2007.51
0.847726,7995.79,1.47217e-07,1938.37
0.848728,7995.9,1.49708e-07,1889.39
0.84973,7996.01,1.53633e-07,1863.97
0.85073,7996.13,1.5143e-07,1753.29
0.851732,7996.25,1.48797e-07,1742.25
0.852734,7996.36,1.46632e-07,1690.63
0.853736,7996.47,1.45904e-07,1630.55
0.854738,7996.59,1.46153e-07,1585.13
0.85574,7996.69,1.47248e-07,1538.95
0.856744,7996.8,1.49372e-07,1488.79
0.857744,7996.9,1.47941e-07,1438.2
0.858747,7997,1.47916e-07,1385
0.859749,7997.08,1.48862e-07,1343.96
0.860751,7997.17,1.4871e-07,1299.22
0.861753,7997.26,1.47721e-07,1250.2
0.862756,7997.35,1.48422e-07,1212.05
0.863756,7997.45,1.46847e-07,1215.75
0.864759,7997.53,1.45617e-07,1150.55
0.865761,7997.62,1.44838e-07,1113.8
0.866762,7997.67,1.45399e-07,1102.21
0.867765,7997.73,1.43219e-07,1077.01
0.868768,7997.78,1.43129e-07,1073.24
0.869769,7997.84,1.47837e-07,1066.52
0.870771,7997.92,1.50732e-07,1003.64
0.871773,7997.98,1.49626e-07,966.838
0.872774,7998.05,1.46729e-07,926.848
0.873776,7998.13,1.41374e-07,885.288
0.874781,7998.19,1.41313e-07,850.182
0.875779,7998.25,1.37626e-07,800.248
0.876782,7998.31,1.38888e-07,766.568
0.877786,7998.37,1.44042e-07,733.062
0.878788,7998.44,1.47443e-07,679.432
0.87979,7998.5,1.51361e-07,650.998
0.880792,7998.55,1.51195e-07,649.648
0.881793,7998.62,1.48763e-07,621.558
0.882794,7998.66,1.43049e-07,604.518
0.883796,7998.69,1.37712e-07,604.568
0.884798,7998.74,1.34691e-07,588.2
0.885801,7998.79,1.35327e-07,566.368
0.886804,7998.81,1.37064e-07,551.702
0.887805,7998.85,1.37438e-07,535.048
0.88881,7998.9,1.37949e-07,521.798
0.889809,7998.94,1.36324e-07,505.078
0.890812,7998.97,1.3703e-07,484.55
0.891813,7998.99,1.3951e-07,476.902
0.892815,7999.03,1.38954e-07,459.608
0.893817,7999.05,1.35714e-07,447.75
0.894818,7999.08,1.31903e-07,434.8
0.895821,7999.12,1.30885e-07,425.272
0.896824,7999.14,1.31716e-07,416.2
0.897826,7999.17,1.36388e-07,399.888
0.898829,7999.2,1.41646e-07,392
0.899833,7999.24,1.49198e-07,379.2
0.900831,7999.27,1.60021e-07,368.088
0.901833,7999.29,1.59991e-07,357.782
0.902834,7999.33,1.57591e-07,342.888
0.903837,7999.35,1.5498e-07,334.342
0.904837,7999.38,1.47922e-07,317.8
0.90584,7999.4,1.4364e-07,294.198
0.906842,7999.44,1.41269e-07,265.2
0.907844,7999.47,1.39227e-07,240.488
0.908848,7999.5,1.3957e-07,232.992
0.909849,7999.51,1.37691e-07,228.95
0.910852,7999.53,1.38947e-07,218.488
0.911853,7999.55,1.45815e-07,217.942
0.912855,7999.58,1.51844e-07,202.112
0.913856,7999.6,1.51172e-07,190.392
0.914858,7999.62,1.48891e-07,185.8
0.91586,7999.64,1.45824e-07,176.632
0.91686,7999.67,1.40208e-07,165.222
0.917863,7999.7,1.36483e-07,149.792
0.918867,7999.71,1.35113e-07,142.95
0.91987,7999.72,1.36079e-07,140.358
0.920871,7999.74,1.39203e-07,132.2
0.921873,7999.76,1.41638e-07,124.232
0.922876,7999.77,1.4298e-07,118.008
0.923879,7999.78,1.46722e-07,109.238
0.92488,7999.79,1.52336e-07,104.368
0.925881,7999.8,1.52967e-07,95.398
0.926883,7999.82,1.54336e-07,87.8
0.927885,7999.83,1.54379e-07,84.55
0.928886,7999.85,1.53201e-07,75.048
0.929889,7999.86,1.50241e-07,68.2
0.93089,7999.86,1.47521e-07,66.752
0.931893,7999.87,1.46196e-07,64.55
0.932896,7999.88,1.45476e-07,61.558
0.933898,7999.89,1.46279e-07,55.728
0.9349,7999.9,1.49576e-07,47
0.935901,7999.9,1.5091e-07,45.392
0.936903,7999.91,1.47662e-07,42.95
0.937904,7999.92,1.43951e-07,37.958
0.938908,7999.92,1.45263e-07,35.112
0.939909,7999.93,1.44159e-07,32.55
0.940912,7999.94,1.40853e-07,29.952
0.941913,7999.94,1.36264e-07,29.078
0.942915,7999.95,1.32888e-07,23.75
0.943918,7999.95,1.31172e-07,23.75
0.94492,7999.95,1.30453e-07,22.848
0.945923,7999.96,1.30713e-07,20.118
0.946924,7999.96,1.31339e-07,19.2
0.947927,7999.96,1.32331e-07,17.352
0.94893,7999.96,1.35552e-07,17.352
0.949933,7999.97,1.42932e-07,15.488
0.950932,7999.97,1.56114e-07,14.55
0.951934,7999.97,1.60396e-07,14.55
0.952935,7999.97,1.6076e-07,14.55
0.953936,7999.97,1.57916e-07,12.662
0.954938,7999.98,1.52999e-07,11.712
0.95594,7999.98,1.49909e-07,10.758
0.956942,7999.98,1.49348e-07,10.758
0.957943,7999.98,1.44493e-07,10.758
0.958945,7999.98,1.42375e-07,10.758
0.959949,7999.98,1.43532e-07,8.838
0.96095,7999.98,1.38026e-07,8.838
0.961953,7999.98,1.34998e-07,7.872
0.962955,7999.98,1.33611e-07,7.872
0.963956,7999.99,1.32904e-07,6.902
0.964958,7999.99,1.32629e-07,5.928
0.965961,7999.99,1.34102e-07,4.95
0.966963,7999.99,1.36757e-07,3.968
0.967964,7999.99,1.35047e-07,3.968
0.968966,7999.99,1.30507e-07,2.982
0.969969,8000,1.30902e-07,1.992
0.970971,8000,1.33158e-07,0.998
0.971974,8000,1.36427e-07,0.998
0.972976,8000,1.3941e-07,0.998
0.973978,8000,1.4378e-07,0.998
0.974981,8000,1.48454e-07,0.998
0.975981,8000,1.52635e-07,0.998
0.976982,8000,1.494e-07,0.998
0.977985,8000,1.47306e-07,0.998
0.978986,8000,1.44852e-07,0.998
0.979989,8000,1.45194e-07,0.998
0.98099,8000,1.40177e-07,0.998
0.981992,8000,1.38284e-07,0.998
0.982995,8000,1.38251e-07,0.998
0.983996,8000,1.37772e-07,0.998
0.984998,8000,1.34769e-07,0
0.986,8000,1.33884e-07,0
0.987003,8000,1.33927e-07,0
0.988005,8000,1.35288e-07,0
0.989007,8000,1.37503e-07,0
0.990009,8000,1.40882e-07,0
0.991011,8000,1.43074e-07,0
0.992013,8000,1.40594e-07,0
0.993015,8000,1.34367e-07,0
0.994019,8000,1.29366e-07,0
0.995024,8000,1.29999e-07,0
0.996029,8000,1.387e-07,0
0.997034,8000,1.55887e-07,0
0.998039,8000,1.81561e-07,0
0.999044,8000,2.15721e-07,0
1,8000,0,0
0.286857,416.704,0.026634,2.12557e+07
6.8985,-1,-1,-1
