0,1,0,0
0.00102436,3.032,9.57194e-08,1129.49
0.00202731,4.164,9.95589e-08,2882.55
0.00302916,5.098,9.9915e-08,4800.2
0.00403174,6.112,1.00108e-07,7937.73
0.00503272,7,9.89934e-08,10716
0.00603566,7.942,9.67697e-08,14257.3
0.00703849,8.934,1.03726e-07,18900.8
0.00804018,9.814,9.48458e-08,23475.7
0.00904141,10.816,9.57605e-08,28435.1
0.010044,11.798,9.50347e-08,34598.6
0.0110467,12.698,1.02114e-07,40573.4
0.0120487,13.576,1.04852e-07,47588.1
0.0130498,14.558,9.58729e-08,54865.3
0.0140522,15.592,1.04779e-07,62928.8
0.0150526,16.608,9.19437e-08,71483.2
0.0160558,17.65,9.91783e-08,79121.7
0.0170575,18.704,1.03137e-07,87812.2
0.0180591,19.86,9.62081e-08,101332
0.0190623,20.962,9.39229e-08,112928
0.0200644,22.08,8.92125e-08,123485
0.0210658,23.308,9.83545e-08,136511
0.022068,24.502,9.39678e-08,149145
0.0230701,25.704,9.73847e-08,166144
0.0240725,26.86,9.884e-08,178398
0.0250737,28.26,1.00475e-07,204176
0.0260757,29.428,9.88724e-08,218880
0.0270772,30.51,9.57318e-08,234371
0.02808,31.968,1.02271e-07,264995
0.0290824,33.542,9.33633e-08,294248
0.030084,34.928,9.44227e-08,327617
0.0310859,36.26,9.4559e-08,351648
0.0320881,37.86,9.48048e-08,383006
0.0330902,39.502,9.25564e-08,424425
0.0340933,41.114,9.5154e-08,455135
0.0350944,42.814,9.5775e-08,503548
0.0360962,44.756,9.48321e-08,553468
0.0370977,46.488,9.46188e-08,596503
0.0380994,48.44,9.9017e-08,645465
0.0391016,50.248,9.21091e-08,701843
0.0401047,52.118,9.54661e-08,749158
0.0411065,54.068,9.42971e-08,814044
0.0421081,56.25,9.65323e-08,883524
0.0431098,58.724,9.21575e-08,977942
0.0441123,60.868,9.3055e-08,1.04159e+06
0.0451129,63.064,8.78012e-08,1.12235e+06
0.0461155,65.582,9.72943e-08,1.21289e+06
0.0471184,68.376,9.05954e-08,1.34298e+06
0.0481203,70.944,8.89297e-08,1.45955e+06
0.049122,73.41,9.72611e-08,1.55852e+06
0.0501247,76.548,9.88322e-08,1.68148e+06
0.0511269,79.86,9.97105e-08,1.85755e+06
0.0521283,82.606,9.8811e-08,2.02819e+06
0.0531298,85.936,9.83268e-08,2.19918e+06
0.0541326,89.1,9.92899e-08,2.34473e+06
0.0551334,92.654,9.87579e-08,2.48838e+06
0.0561361,96.81,9.15034e-08,2.7088e+06
0.057139,100.888,9.75397e-08,2.90639e+06
0.0581398,103.888,9.1502e-08,3.03202e+06
0.059143,108.218,9.20375e-08,3.30722e+06
0.060145,111.906,9.51797e-08,3.54941e+06
0.0611463,116.348,9.56621e-08,3.88054e+06
0.0621478,120.156,9.04332e-08,4.07139e+06
0.0631503,124.794,9.91931e-08,4.3967e+06
0.064153,129.49,9.68018e-08,4.72648e+06
0.0651537,133.796,8.50614e-08,4.99921e+06
0.066156,138.888,9.35871e-08,5.2277e+06
0.0671582,144.012,9.16543e-08,5.57799e+06
0.0681614,149.336,9.39737e-08,5.92118e+06
0.0691628,155.51,1.00572e-07,6.25171e+06
0.0701646,161.168,9.93926e-08,6.74533e+06
0.0711658,166.204,9.10567e-08,7.12367e+06
0.0721667,171.918,9.55621e-08,7.52165e+06
0.0731705,177.44,9.65362e-08,7.98386e+06
0.074172,182.598,9.82086e-08,8.31838e+06
0.0751736,188.66,9.44158e-08,8.76459e+06
0.0761766,196.214,1.03772e-07,9.24117e+06
0.0771781,203.114,9.4347e-08,9.62703e+06
0.07818,209.544,9.90131e-08,1.00776e+07
0.0791824,216.062,9.81069e-08,1.05766e+07
0.0801845,223.018,9.42167e-08,1.09278e+07
0.0811863,230.668,9.64068e-08,1.13838e+07
0.0821889,238.116,9.20079e-08,1.19399e+07
0.0831911,245.304,9.55953e-08,1.23671e+07
0.0841923,253.308,1.04756e-07,1.29576e+07
0.0851944,261.406,9.27977e-08,1.35277e+07
0.0861974,269.768,9.89393e-08,1.41719e+07
0.0871983,278.502,9.32248e-08,1.47488e+07
0.0882004,287.594,1.01532e-07,1.52308e+07
0.0892024,297.782,9.22904e-08,1.58198e+07
0.0902039,306.42,9.24979e-08,1.64584e+07
0.0912053,314.874,8.83652e-08,1.71791e+07
0.0922079,324.018,9.69765e-08,1.78556e+07
0.0932095,334.242,8.89633e-08,1.82418e+07
0.0942122,345.558,9.81546e-08,1.8712e+07
0.0952154,356.17,9.85027e-08,1.93968e+07
0.0962163,366.638,9.05783e-08,1.99746e+07
0.097219,376.344,9.77293e-08,2.05926e+07
0.0982204,387.616,9.76262e-08,2.08033e+07
0.0992219,399.542,9.57053e-08,2.12705e+07
0.100225,410.168,9.79998e-08,2.1845e+07
0.101226,423.008,1.0723e-07,2.23351e+07
0.102229,435.544,9.82295e-08,2.29735e+07
0.10323,448.222,9.70833e-08,2.3226e+07
0.104232,459.872,9.59657e-08,2.36665e+07
0.105235,471.438,9.49928e-08,2.42389e+07
0.106235,483.816,9.85746e-08,2.47349e+07
0.107237,495.476,9.61965e-08,2.53868e+07
0.10824,506.95,9.79215e-08,2.58381e+07
0.109243,520.164,1.00836e-07,2.59992e+07
0.110244,533.668,1.02805e-07,2.63079e+07
0.111246,545.708,9.41418e-08,2.66661e+07
0.112248,559.33,9.84604e-08,2.71754e+07
0.11325,573.316,9.71603e-08,2.76287e+07
0.114253,587.08,1.01586e-07,2.80633e+07
0.115254,602.034,9.01984e-08,2.81964e+07
0.116257,616.676,8.91018e-08,2.8485e+07
0.117258,629.382,9.73236e-08,2.90568e+07
0.118261,644.536,9.73841e-08,2.93744e+07
0.119262,659.618,9.31601e-08,2.94756e+07
0.120265,675.432,9.61025e-08,2.96954e+07
0.121267,691.018,9.50768e-08,2.97231e+07
0.122269,706.38,9.89027e-08,2.99449e+07
0.123272,720.19,9.90371e-08,3.04076e+07
0.124272,735.622,9.74554e-08,3.08694e+07
0.125274,751.186,1.00125e-07,3.09834e+07
0.126277,767.862,9.92016e-08,3.11594e+07
0.127279,783.064,9.94242e-08,3.15381e+07
0.12828,799.154,9.30648e-08,3.18681e+07
0.129282,816.986,9.46068e-08,3.1549e+07
0.130284,831.326,9.07904e-08,3.18849e+07
0.131286,846.882,9.19161e-08,3.19294e+07
0.132288,862.574,9.50046e-08,3.23052e+07
0.133291,878.954,9.85232e-08,3.24525e+07
0.134292,894.652,9.55418e-08,3.27876e+07
0.135294,912.222,9.69217e-08,3.26562e+07
0.136297,928.182,8.72042e-08,3.29342e+07
0.137299,944.548,9.93563e-08,3.28897e+07
0.1383,961.966,1.01126e-07,3.3267e+07
0.139303,979.93,1.01262e-07,3.32795e+07
0.140305,997.098,8.95443e-08,3.34222e+07
0.141307,1015.69,9.89023e-08,3.34253e+07
0.142308,1033.22,9.53163e-08,3.33868e+07
0.143311,1050.97,9.48465e-08,3.31756e+07
0.144312,1068.2,9.45181e-08,3.29447e+07
0.145314,1085.33,9.95391e-08,3.29438e+07
0.146318,1103.39,8.85163e-08,3.30853e+07
0.147319,1123.1,9.11032e-08,3.2699e+07
0.148321,1140.08,9.79822e-08,3.27915e+07
0.149322,1157.63,9.92136e-08,3.29624e+07
0.150325,1176.36,1.00897e-07,3.29649e+07
0.151326,1196.81,9.81307e-08,3.23902e+07
0.152328,1216.71,1.00729e-07,3.22858e+07
0.15333,1236.93,9.31311e-08,3.18405e+07
0.154332,1256.95,9.73551e-08,3.12661e+07
0.155334,1277.65,9.71626e-08,3.10664e+07
0.156337,1297.22,1.0117e-07,3.10138e+07
0.157338,1317,9.44788e-08,3.06552e+07
0.158341,1336.7,9.82731e-08,3.04547e+07
0.159341,1356.32,9.82329e-08,3.00395e+07
0.160346,1376.62,1.00354e-07,2.95217e+07
0.161346,1398.09,9.52132e-08,2.91511e+07
0.162348,1418.07,9.97511e-08,2.91756e+07
0.163351,1438.14,9.3883e-08,2.91983e+07
0.164352,1457.77,9.14367e-08,2.9224e+07
0.165354,1477.64,9.53457e-08,2.90838e+07
0.166356,1496.76,9.15846e-08,2.92498e+07
0.16736,1517.6,9.52234e-08,2.88448e+07
0.168361,1537.11,9.12653e-08,2.91972e+07
0.169362,1556.94,9.53901e-08,2.93506e+07
0.170364,1578.73,8.96227e-08,2.91572e+07
0.171367,1599.75,9.90926e-08,2.9115e+07
0.172369,1619.98,9.55232e-08,2.91108e+07
0.173371,1640.88,1.03827e-07,2.9035e+07
0.174372,1661.82,9.32196e-08,2.87014e+07
0.175375,1683.53,9.66698e-08,2.84926e+07
0.176376,1703.65,9.54575e-08,2.85307e+07
0.177379,1724.87,9.70932e-08,2.83098e+07
0.178381,1747.05,9.43998e-08,2.82016e+07
0.179383,1767.9,1.01434e-07,2.80713e+07
0.180385,1788.48,9.48041e-08,2.82812e+07
0.181387,1809.76,9.23569e-08,2.81374e+07
0.182388,1830.9,9.37431e-08,2.7829e+07
0.183391,1853.83,1.01615e-07,2.76106e+07
0.184392,1875.54,9.5905e-08,2.74532e+07
0.185395,1897.92,9.26902e-08,2.72225e+07
0.186397,1919.73,9.63442e-08,2.71019e+07
0.187399,1941.85,9.1511e-08,2.678e+07
0.1884,1964.79,1.01231e-07,2.63799e+07
0.189403,1986.56,9.24528e-08,2.62764e+07
0.190405,2009.07,8.98169e-08,2.61943e+07
0.191407,2031.76,9.76633e-08,2.62088e+07
0.19241,2054.25,9.14766e-08,2.60252e+07
0.193411,2075.89,9.61056e-08,2.57579e+07
0.194413,2097.87,9.95018e-08,2.56964e+07
0.195413,2121.18,9.50942e-08,2.53905e+07
0.196417,2144.1,9.74219e-08,2.50355e+07
0.197419,2167.11,9.79962e-08,2.48531e+07
0.19842,2190.27,9.59106e-08,2.4689e+07
0.199423,2213.54,9.18431e-08,2.42819e+07
0.200425,2236.67,9.09268e-08,2.4258e+07
0.201426,2259.81,9.82412e-08,2.39379e+07
0.202429,2281.74,1.05151e-07,2.40214e+07
0.203431,2305.11,9.81826e-08,2.36491e+07
0.204433,2327.98,9.34064e-08,2.34798e+07
0.205434,2351.04,9.36038e-08,2.33678e+07
0.206438,2374.51,9.47775e-08,2.30385e+07
0.207439,2397.61,9.74031e-08,2.29172e+07
0.20844,2421.07,9.99034e-08,2.24829e+07
0.209444,2445.24,9.50235e-08,2.24239e+07
0.210446,2468.68,9.10367e-08,2.22093e+07
0.211446,2491.5,9.40151e-08,2.20701e+07
0.212449,2515.09,9.33927e-08,2.19189e+07
0.213451,2539.78,9.76449e-08,2.18382e+07
0.214452,2562.87,9.46602e-08,2.15799e+07
0.215455,2586.43,9.87955e-08,2.12583e+07
0.216456,2610.73,9.04987e-08,2.11248e+07
0.21746,2633.55,9.34048e-08,2.10046e+07
0.218461,2657.32,9.83216e-08,2.08525e+07
0.219462,2681.68,9.96662e-08,2.05515e+07
0.220464,2706.05,9.55456e-08,2.05017e+07
0.221466,2730.25,1.04152e-07,2.03014e+07
0.222469,2753.82,9.82275e-08,2.00994e+07
0.22347,2778.36,9.60391e-08,2.01167e+07
0.224473,2801.45,9.43843e-08,2.00639e+07
0.225474,2824.96,9.51372e-08,1.99312e+07
0.226477,2849.17,9.6052e-08,1.97345e+07
0.227478,2873.77,9.72257e-08,1.95896e+07
0.228482,2898.21,9.71805e-08,1.937e+07
0.229483,2922.18,9.82539e-08,1.93338e+07
0.230484,2945.64,9.49735e-08,1.91919e+07
0.231487,2970,9.70776e-08,1.89479e+07
0.232489,2993.71,9.49676e-08,1.88125e+07
0.233491,3017.86,9.79092e-08,1.8547e+07
0.234493,3042.65,9.64875e-08,1.84353e+07
0.235496,3067.49,9.27494e-08,1.82258e+07
0.236496,3091.16,9.46913e-08,1.79849e+07
0.237499,3115.08,9.25655e-08,1.77402e+07
0.238501,3139.89,8.89224e-08,1.75066e+07
0.239503,3164.02,9.48235e-08,1.71891e+07
0.240505,3188.25,9.52848e-08,1.72493e+07
0.241507,3211.82,9.79908e-08,1.68972e+07
0.242509,3236.75,9.49196e-08,1.67871e+07
0.243511,3260.58,9.27595e-08,1.67334e+07
0.244514,3284.35,9.93144e-08,1.66104e+07
0.245515,3309.2,9.41172e-08,1.64215e+07
0.246518,3333.21,9.15418e-08,1.62417e+07
0.247519,3357.7,1.01002e-07,1.6081e+07
0.248521,3382.42,8.86635e-08,1.58398e+07
0.249523,3406.47,1.02705e-07,1.55966e+07
0.250525,3430.19,9.26348e-08,1.54725e+07
0.251527,3454.13,1.03802e-07,1.54533e+07
0.25253,3478.46,9.97098e-08,1.50769e+07
0.253532,3503.28,9.40443e-08,1.49438e+07
0.254533,3527.42,1.00515e-07,1.47291e+07
0.255535,3551.4,9.86675e-08,1.46774e+07
0.256537,3576.05,9.8489e-08,1.445e+07
0.257539,3600.01,9.40462e-08,1.43322e+07
0.25854,3623.48,1.00244e-07,1.41231e+07
0.259542,3648.03,1.0219e-07,1.38979e+07
0.260545,3672.59,9.14656e-08,1.35846e+07
0.261547,3696.73,9.18043e-08,1.33865e+07
0.26255,3720.12,9.12628e-08,1.30929e+07
0.26355,3743.75,9.57261e-08,1.28557e+07
0.264552,3767.77,9.23109e-08,1.26707e+07
0.265555,3792.3,9.1638e-08,1.24075e+07
0.266556,3816.07,9.31815e-08,1.22538e+07
0.267558,3839.43,9.90471e-08,1.20736e+07
0.26856,3862.81,9.32677e-08,1.19232e+07
0.269563,3886.53,9.44948e-08,1.17552e+07
0.270566,3910.44,9.23104e-08,1.16275e+07
0.271567,3933.49,9.49563e-08,1.13124e+07
0.272569,3956.91,9.54914e-08,1.1134e+07
0.273571,3980.8,9.56068e-08,1.09929e+07
0.274573,4004.46,9.35609e-08,1.07021e+07
0.275575,4028.35,9.52322e-08,1.05056e+07
0.276577,4050.74,9.56228e-08,1.02984e+07
0.277579,4074.51,9.24561e-08,1.01204e+07
0.278582,4097.7,9.89505e-08,1.00224e+07
0.279582,4120.26,9.47718e-08,9.97076e+06
0.280586,4143.39,9.696e-08,9.78219e+06
0.281588,4166.57,8.96916e-08,9.55306e+06
0.28259,4190.14,1.02836e-07,9.32925e+06
0.283591,4212.77,9.51296e-08,9.10188e+06
0.284592,4235.82,1.00742e-07,9.03933e+06
0.285595,4259.18,9.58389e-08,8.84144e+06
0.286597,4282.5,9.18881e-08,8.71705e+06
0.287599,4305.16,9.75944e-08,8.59393e+06
0.288601,4327.89,8.65819e-08,8.49322e+06
0.289603,4350.54,9.36833e-08,8.33977e+06
0.290605,4373.45,9.89602e-08,8.18269e+06
0.291607,4395.77,9.50114e-08,8.12432e+06
0.29261,4418.85,8.96204e-08,7.97807e+06
0.29361,4440.87,9.70984e-08,7.81597e+06
0.294613,4463.46,9.34861e-08,7.6363e+06
0.295616,4486.39,1.01058e-07,7.48948e+06
0.296617,4509.02,1.00701e-07,7.39398e+06
0.297619,4531.07,1.00915e-07,7.24999e+06
0.298621,4553.01,9.56269e-08,7.18933e+06
0.299623,4574.71,9.78173e-08,7.06263e+06
0.300625,4595.64,9.73044e-08,6.94715e+06
0.301627,4618.08,9.97385e-08,6.8561e+06
0.302629,4640.06,9.99754e-08,6.65096e+06
0.303631,4661.46,9.55343e-08,6.52649e+06
0.304633,4682.88,9.1909e-08,6.43545e+06
0.305635,4705.07,9.79749e-08,6.37387e+06
0.306638,4726.65,9.25731e-08,6.30513e+06
0.307639,4748.35,9.35627e-08,6.2355e+06
0.308642,4769.48,9.79381e-08,6.16919e+06
0.309643,4790.93,9.41117e-08,6.07497e+06
0.310644,4811.82,9.4462e-08,6.02525e+06
0.311649,4832.8,9.52523e-08,5.938e+06
0.312649,4853.13,9.94873e-08,5.87862e+06
0.31365,4873.96,9.40498e-08,5.75483e+06
0.314652,4894.89,8.95699e-08,5.66763e+06
0.315656,4914.92,9.19045e-08,5.62785e+06
0.316658,4936.14,9.76437e-08,5.54362e+06
0.31766,4956.68,9.09396e-08,5.43577e+06
0.318661,4977.36,9.3917e-08,5.37231e+06
0.319663,4997.39,9.70422e-08,5.2471e+06
0.320667,5017.85,9.66602e-08,5.18287e+06
0.321667,5037.82,9.70683e-08,5.08024e+06
0.322668,5058.3,8.97084e-08,4.97613e+06
0.323673,5078.9,9.87228e-08,4.97012e+06
0.324673,5099.23,9.98255e-08,4.82738e+06
0.325675,5119.47,9.91401e-08,4.71007e+06
0.326677,5139.53,9.15436e-08,4.60206e+06
0.327678,5159.1,1.00772e-07,4.56633e+06
0.328681,5179.41,9.75676e-08,4.48688e+06
0.329684,5199.41,9.65061e-08,4.43285e+06
0.330685,5219.25,9.7402e-08,4.36732e+06
0.331688,5239.23,9.00346e-08,4.33577e+06
0.33269,5258.89,8.92429e-08,4.24812e+06
0.333691,5277.88,9.48861e-08,4.23905e+06
0.334694,5296.95,9.57139e-08,4.09689e+06
0.335696,5315.57,9.83026e-08,4.05659e+06
0.336697,5334.86,9.37633e-08,4.01863e+06
0.3377,5353.67,9.7284e-08,3.95185e+06
0.338701,5372.49,9.35269e-08,3.86988e+06
0.339703,5391.14,9.55892e-08,3.81219e+06
0.340705,5409.55,8.56533e-08,3.72313e+06
0.341708,5428.41,1.00967e-07,3.67139e+06
0.34271,5447.33,9.71171e-08,3.63446e+06
0.343711,5465.71,9.40712e-08,3.56968e+06
0.344715,5483.94,9.44514e-08,3.52301e+06
0.345714,5502.13,9.64227e-08,3.46104e+06
0.346717,5520.61,9.58409e-08,3.37564e+06
0.34772,5538.88,8.6602e-08,3.32765e+06
0.348722,5557.51,9.2484e-08,3.27114e+06
0.349725,5575.56,8.81607e-08,3.21592e+06
0.350727,5593.38,9.85919e-08,3.18694e+06
0.351727,5610.84,9.59883e-08,3.09166e+06
0.352729,5628.36,9.92905e-08,3.05123e+06
0.353731,5646.49,9.31813e-08,2.98815e+06
0.354734,5664.56,9.2178e-08,2.90815e+06
0.355735,5682.33,9.19793e-08,2.78681e+06
0.356737,5699.86,9.55853e-08,2.76981e+06
0.357739,5716.95,9.85397e-08,2.72603e+06
0.358742,5734.1,9.60322e-08,2.70229e+06
0.359743,5751.25,9.98211e-08,2.62347e+06
0.360746,5767.76,9.81058e-08,2.55275e+06
0.361748,5784.33,1.01129e-07,2.5199e+06
0.36275,5800.85,9.53523e-08,2.45481e+06
0.363751,5816.92,9.19801e-08,2.41404e+06
0.364754,5833.43,8.97407e-08,2.36142e+06
0.365756,5850.07,9.51924e-08,2.34078e+06
0.366758,5866.7,9.91935e-08,2.28723e+06
0.367759,5882.83,8.98254e-08,2.25022e+06
0.36876,5898.99,9.41314e-08,2.22696e+06
0.369765,5915.34,9.33233e-08,2.22907e+06
0.370766,5931.39,9.93729e-08,2.18332e+06
0.371767,5947.24,9.57502e-08,2.1639e+06
0.372771,5962.79,9.17852e-08,2.12735e+06
0.373771,5978.46,9.31769e-08,2.1085e+06
0.374774,5993.95,9.4333e-08,2.05973e+06
0.375775,6009.53,9.4861e-08,2.00838e+06
0.376776,6025.14,9.57196e-08,1.96899e+06
0.377779,6040.71,1.01938e-07,1.94573e+06
0.378783,6056.55,9.86477e-08,1.92556e+06
0.379783,6071.69,1.03222e-07,1.931e+06
0.380785,6086.92,8.9553e-08,1.88101e+06
0.381787,6101.65,1.01163e-07,1.83261e+06
0.382789,6117.03,9.29753e-08,1.83319e+06
0.383791,6132.02,9.58635e-08,1.81368e+06
0.384794,6146.6,9.54027e-08,1.77508e+06
0.385795,6161.26,9.73548e-08,1.72874e+06
0.386798,6176.04,9.67369e-08,1.71856e+06
0.3878,6190.72,9.44109e-08,1.72028e+06
0.388802,6205.61,9.76103e-08,1.68879e+06
0.389803,6219.87,9.26677e-08,1.64834e+06
0.390806,6233.84,9.69358e-08,1.61586e+06
0.391807,6247.87,9.73377e-08,1.60415e+06
0.39281,6262.43,9.5491e-08,1.5738e+06
0.393811,6276.6,9.05294e-08,1.54624e+06
0.394813,6290.97,9.33277e-08,1.50697e+06
0.395816,6304.51,9.02814e-08,1.49389e+06
0.396817,6317.84,9.74154e-08,1.45182e+06
0.397819,6331.59,9.42778e-08,1.44103e+06
0.398822,6345.38,9.74352e-08,1.41868e+06
0.399824,6358.86,9.66631e-08,1.40937e+06
0.400826,6372.17,9.56563e-08,1.41658e+06
0.401828,6385.23,9.72952e-08,1.39233e+06
0.402829,6398.31,1.02577e-07,1.37943e+06
0.403831,6411.33,9.68226e-08,1.33083e+06
0.404834,6424.42,9.50998e-08,1.32581e+06
0.405836,6437.59,1.00751e-07,1.29492e+06
0.406838,6450.94,9.52395e-08,1.29443e+06
0.40784,6463.61,9.98097e-08,1.2817e+06
0.408841,6476.17,9.81212e-08,1.24734e+06
0.409843,6489.19,9.27865e-08,1.2324e+06
0.410846,6501.23,9.30776e-08,1.20376e+06
0.411848,6513.9,9.9506e-08,1.2205e+06
0.412851,6526.99,9.23522e-08,1.20208e+06
0.413852,6539.43,9.59665e-08,1.17077e+06
0.414854,6551.64,9.44892e-08,1.15693e+06
0.415856,6563.93,9.4964e-08,1.14447e+06
0.416858,6575.77,9.3909e-08,1.14869e+06
0.417859,6587.54,9.35515e-08,1.13662e+06
0.418862,6599.85,9.66365e-08,1.12293e+06
0.419863,6611.98,9.68734e-08,1.11164e+06
0.420866,6623.73,8.75458e-08,1.11071e+06
0.421867,6635.25,9.80865e-08,1.1003e+06
0.422869,6646.96,8.89644e-08,1.09538e+06
0.423872,6658.3,9.5758e-08,1.09344e+06
0.424873,6669.71,1.01806e-07,1.08328e+06
0.425876,6680.89,9.9259e-08,1.05593e+06
0.426877,6692.04,9.06351e-08,1.03902e+06
0.42788,6703.17,9.53622e-08,1.04106e+06
0.428882,6714.68,9.86817e-08,1.01869e+06
0.429883,6725.32,9.31635e-08,1.01657e+06
0.430886,6736.28,9.52247e-08,1.00882e+06
0.431887,6747.4,9.32225e-08,997562
0.43289,6757.81,8.86545e-08,990240
0.433892,6768.53,9.87404e-08,983951
0.434894,6779.02,9.90362e-08,963242
0.435896,6789.63,9.52125e-08,949345
0.436896,6799.93,9.92996e-08,926896
0.4379,6810.55,9.43395e-08,910036
0.438902,6821.27,9.96101e-08,902431
0.439903,6831.67,9.86933e-08,905939
0.440905,6842.05,9.38749e-08,887092
0.441907,6852.25,9.38003e-08,872126
0.442909,6862.3,1.01591e-07,853679
0.443912,6872.09,9.77745e-08,843748
0.444914,6882.43,9.6873e-08,839895
0.445917,6892.32,9.95575e-08,833453
0.446918,6902.05,1.0186e-07,819664
0.447919,6911.76,8.80424e-08,798941
0.448922,6921.63,9.52435e-08,797116
0.449923,6931.31,9.45844e-08,781217
0.450926,6941.01,9.89541e-08,762054
0.451927,6950.26,9.19792e-08,767531
0.45293,6959.72,9.24354e-08,774794
0.453932,6969.15,9.32382e-08,763754
0.454934,6978.45,9.72471e-08,762592
0.455935,6987.65,1.01053e-07,749500
0.456938,6997.08,9.75474e-08,736079
0.45794,7006.06,9.84985e-08,727276
0.458941,7015.14,9.29908e-08,727312
0.459944,7023.91,9.2867e-08,713175
0.460945,7032.32,9.9238e-08,702203
0.461948,7040.98,9.82932e-08,693410
0.46295,7049.59,1.01619e-07,686115
0.463952,7058.14,8.61108e-08,680089
0.464954,7066.71,9.60839e-08,681015
0.465955,7075.03,8.71088e-08,673316
0.466959,7083.6,8.79102e-08,669562
0.46796,7092.13,1.01283e-07,665295
0.468962,7100.15,9.66463e-08,658738
0.469963,7108.31,9.79028e-08,655855
0.470967,7116.3,9.19579e-08,649610
0.471968,7124.16,9.25597e-08,646829
0.47297,7132.3,8.92522e-08,639899
0.473972,7140.23,9.55075e-08,626002
0.474973,7148.04,9.11841e-08,622781
0.475975,7155.98,9.30179e-08,626592
0.476979,7163.72,9.82879e-08,622991
0.477978,7171.71,9.84578e-08,616387
0.478982,7178.95,9.74583e-08,613081
0.479983,7186.67,9.59458e-08,609655
0.480987,7194.07,1.01382e-07,604451
0.481988,7201.78,9.54246e-08,592922
0.48299,7209.47,9.39209e-08,595755
0.483993,7217.02,9.13124e-08,586621
0.484994,7224.27,9.81703e-08,578295
0.485996,7231.39,1.02208e-07,571321
0.486998,7238.77,9.99749e-08,563017
0.487999,7246.16,9.77259e-08,557061
0.489003,7253.38,9.77125e-08,544092
0.490004,7260.41,9.63011e-08,542045
0.491006,7267.51,9.6215e-08,532515
0.492008,7274.54,9.69671e-08,524104
0.49301,7281.59,9.69837e-08,514197
0.494012,7288.7,1.04023e-07,504533
0.495013,7295.76,9.67924e-08,490463
0.496015,7302.69,1.01175e-07,489599
0.497018,7309.78,9.23108e-08,482396
0.498021,7316.45,1.01434e-07,473912
0.499022,7322.93,1.05898e-07,460189
0.500026,7329.33,1.30994e-07,458947
0.501026,7335.58,1.06586e-07,449088
0.502027,7341.79,1.01595e-07,448364
0.50303,7348.09,9.2151e-08,435491
0.504033,7354.37,1.00525e-07,427173
0.505035,7360.66,9.6757e-08,416172
0.506036,7366.96,1.02839e-07,416849
0.507038,7373.15,9.78106e-08,406726
0.50804,7379.41,9.7075e-08,395433
0.509042,7385.55,9.56879e-08,402146
0.510045,7391.64,9.58956e-08,397203
0.511045,7397.64,9.7264e-08,398085
0.512049,7403.5,9.75584e-08,394405
0.51305,7409.23,9.9864e-08,389767
0.514052,7414.96,1.03602e-07,382846
0.515054,7420.81,9.80841e-08,383009
0.516055,7426.52,9.1749e-08,380611
0.517059,7432.19,9.35148e-08,371524
0.51806,7437.79,9.62093e-08,369388
0.519061,7443.46,1.01553e-07,363550
0.520065,7448.99,9.62553e-08,354646
0.521066,7454.47,9.66779e-08,358196
0.52207,7460.11,9.83505e-08,352717
0.523069,7465.54,9.78045e-08,349966
0.524073,7471.02,9.2163e-08,346322
0.525075,7476.25,9.13946e-08,344333
0.526076,7481.52,9.55909e-08,343525
0.527078,7486.4,8.96174e-08,337984
0.52808,7491.37,9.25247e-08,336562
0.529081,7496.5,9.21025e-08,328041
0.530085,7501.34,9.74308e-08,320524
0.531086,7506.46,9.6363e-08,313644
0.532088,7511.51,1.01188e-07,313243
0.533089,7516.45,8.7139e-08,306528
0.534093,7521.4,8.73727e-08,296982
0.535094,7526.28,9.55739e-08,290482
0.536096,7531.07,8.6066e-08,286720
0.537098,7535.83,1.01599e-07,281311
0.5381,7540.62,9.71876e-08,276856
0.539103,7545.26,9.93413e-08,274763
0.540104,7549.95,9.25082e-08,276878
0.541107,7554.63,9.34629e-08,274826
0.542109,7559.23,9.94759e-08,269970
0.54311,7563.65,9.86879e-08,267141
0.544113,7568.07,1.00918e-07,265394
0.545115,7572.61,9.69826e-08,260641
0.546116,7577.09,9.31926e-08,260128
0.547118,7581.37,9.24021e-08,258812
0.548121,7585.71,9.23844e-08,254208
0.549122,7589.98,9.866e-08,255334
0.550125,7594.29,9.38758e-08,258039
0.551127,7598.56,9.45039e-08,254165
0.552129,7602.92,8.72261e-08,249167
0.55313,7607.11,1.02034e-07,242792
0.554131,7611.43,9.98732e-08,241767
0.555134,7615.54,9.6242e-08,239528
0.556136,7619.44,9.67424e-08,239079
0.557139,7623.48,1.01717e-07,233419
0.558141,7627.5,9.44748e-08,235879
0.559143,7631.42,9.32938e-08,234802
0.560145,7635.54,9.89597e-08,230270
0.561146,7639.46,9.96269e-08,229748
0.562148,7643.36,9.38224e-08,228990
0.563152,7647.25,9.85346e-08,228156
0.564152,7651.1,9.58723e-08,221111
0.565154,7654.73,9.8733e-08,218807
0.566156,7658.29,9.89553e-08,216891
0.567159,7661.92,8.79676e-08,211168
0.568161,7665.58,9.29111e-08,208110
0.569162,7669.34,9.48334e-08,207960
0.570165,7673.01,9.34363e-08,207384
0.571167,7676.66,9.79821e-08,202552
0.572169,7680.15,9.60742e-08,203048
0.573171,7683.59,9.0848e-08,198527
0.574172,7687.11,9.82347e-08,192454
0.575175,7690.47,1.02371e-07,191909
0.576177,7693.84,9.63162e-08,192786
0.577179,7697.23,8.96947e-08,189505
0.578181,7700.53,9.82107e-08,185488
0.579182,7703.92,8.62899e-08,180954
0.580185,7707.1,9.73665e-08,177815
0.581186,7710.42,9.57493e-08,170326
0.582189,7713.74,9.43228e-08,167078
0.58319,7717.07,9.30908e-08,163841
0.584192,7720.27,9.48789e-08,163815
0.585195,7723.45,9.4848e-08,161120
0.586196,7726.64,9.58065e-08,158681
0.587197,7729.91,9.24814e-08,156951
0.5882,7733.02,1.00371e-07,154259
0.589203,7736.09,9.30428e-08,153458
0.590205,7739.13,9.27314e-08,151293
0.591207,7742.17,9.78914e-08,149093
0.592208,7745.01,9.99355e-08,147896
0.59321,7748.09,9.5238e-08,150200
0.594212,7750.92,1.02223e-07,148350
0.595214,7753.66,9.51405e-08,147304
0.596218,7756.44,9.65714e-08,146207
0.597219,7759.25,1.02589e-07,147399
0.59822,7762.05,9.78457e-08,144103
0.599222,7764.82,9.48557e-08,145351
0.600224,7767.44,9.68043e-08,144997
0.601226,7770.06,9.69008e-08,142715
0.602229,7772.62,9.4665e-08,141850
0.603231,7775.23,9.74767e-08,140407
0.604232,7777.85,9.103e-08,137988
0.605235,7780.46,9.33723e-08,137754
0.606238,7783.11,8.96848e-08,134659
0.607238,7785.65,9.49496e-08,131102
0.608241,7788.24,9.72422e-08,128831
0.609242,7790.77,9.6955e-08,125438
0.610245,7793.22,9.28759e-08,122906
0.611246,7795.73,9.81311e-08,120494
0.612248,7798.17,9.47034e-08,118091
0.61325,7800.41,9.66458e-08,116037
0.614253,7802.65,9.63329e-08,114997
0.615254,7804.91,9.46515e-08,113697
0.616257,7807.08,9.67312e-08,111889
0.617259,7809.23,9.30607e-08,110808
0.618261,7811.48,1.01111e-07,108597
0.619263,7813.74,8.94997e-08,106948
0.620265,7816.05,1.02567e-07,105492
0.621265,7818.18,9.87395e-08,105425
0.622269,7820.33,1.02128e-07,102800
0.623272,7822.44,9.54911e-08,100253
0.624273,7824.63,9.4833e-08,99061.1
0.625274,7826.8,9.42044e-08,95181.2
0.626277,7828.81,9.42032e-08,94661.6
0.627278,7830.96,9.18067e-08,92248.3
0.628281,7832.96,9.61328e-08,92583
0.629282,7834.98,9.97576e-08,90329.9
0.630284,7837.04,9.29322e-08,88641
0.631288,7838.99,9.52758e-08,87860.9
0.632289,7841.05,9.02619e-08,85822.8
0.63329,7842.94,9.85284e-08,83590
0.634292,7845.06,9.57977e-08,83389.1
0.635294,7847.07,8.97848e-08,83374.3
0.636297,7848.9,9.16464e-08,81516.6
0.637298,7850.74,9.51405e-08,79631.2
0.6383,7852.52,1.0138e-07,77540.8
0.639302,7854.31,9.85329e-08,77158.2
0.640305,7856.14,9.9612e-08,75779.5
0.641307,7857.99,9.54264e-08,74937
0.642309,7859.7,9.90516e-08,73194.2
0.643311,7861.47,9.52805e-08,71980.6
0.644313,7863.07,9.2707e-08,71732.6
0.645314,7864.82,9.21927e-08,70192.5
0.646317,7866.71,9.37613e-08,68309.8
0.647319,7868.4,9.80357e-08,67494.2
0.648321,7870.02,9.69874e-08,65690.8
0.649322,7871.59,9.78371e-08,65240.6
0.650324,7873.17,8.8066e-08,64273.9
0.651326,7874.9,9.30475e-08,64989
0.652329,7876.44,8.66249e-08,63587.2
0.653331,7878.02,9.61074e-08,62867.9
0.654334,7879.41,9.58768e-08,61676.9
0.655333,7880.84,9.45387e-08,62215.8
0.656337,7882.41,9.40818e-08,61219.3
0.657338,7883.99,9.64253e-08,61010.9
0.65834,7885.46,1.01001e-07,59944.1
0.659343,7886.94,8.49719e-08,58334
0.660345,7888.53,9.54542e-08,57762.7
0.661347,7889.91,9.32317e-08,57403.3
0.662348,7891.29,9.74348e-08,57149.8
0.663351,7892.82,9.3552e-08,56402.4
0.664352,7894.24,9.82349e-08,54405.2
0.665354,7895.63,9.54235e-08,54832.3
0.666357,7897.03,9.51762e-08,54343.6
0.667358,7898.5,8.95826e-08,52749
0.66836,7899.82,8.99838e-08,52326.5
0.669363,7901.19,9.72246e-08,51384.3
0.670364,7902.51,9.77854e-08,51446.9
0.671367,7903.85,9.80755e-08,51300.3
0.67237,7905.23,1.00325e-07,50815.6
0.673371,7906.49,9.19265e-08,51012.9
0.674373,7907.72,9.82803e-08,50262.4
0.675375,7909.1,9.94909e-08,49417.8
0.676375,7910.36,9.95874e-08,48735.5
0.67738,7911.68,8.96416e-08,47930.1
0.678381,7912.84,9.82633e-08,46669.8
0.679381,7914.04,9.60979e-08,46737.2
0.680385,7915.17,9.80464e-08,46291.9
0.681387,7916.29,9.41295e-08,46407.8
0.682388,7917.43,9.07178e-08,45734.7
0.683391,7918.64,9.79027e-08,45836.9
0.684392,7919.78,9.24047e-08,45671.2
0.685396,7920.91,8.9343e-08,45085.3
0.686398,7921.95,9.35463e-08,44917.7
0.687399,7923.04,9.89973e-08,44003.4
0.688399,7924.12,9.49286e-08,42682
0.689404,7925.17,9.39215e-08,41793.9
0.690405,7926.22,9.33454e-08,40840.4
0.691406,7927.22,9.74578e-08,41281.8
0.692409,7928.27,9.48538e-08,41028.6
0.69341,7929.3,9.24457e-08,40694.6
0.694413,7930.3,9.74363e-08,40042.2
0.695415,7931.3,9.21213e-08,39535.8
0.696417,7932.26,9.64018e-08,39219.2
0.697419,7933.23,9.94428e-08,37760.5
0.698421,7934.14,9.99222e-08,36378.9
0.699423,7935.08,9.77304e-08,36036.5
0.700425,7936.09,9.77689e-08,35254.1
0.701427,7937,9.53128e-08,34910
0.702429,7937.92,1.0191e-07,34316
0.703431,7938.82,1.00317e-07,33913.8
0.704432,7939.75,1.0073e-07,34075.8
0.705435,7940.65,9.35862e-08,32993.8
0.706438,7941.57,9.59657e-08,32530.6
0.707438,7942.41,8.89129e-08,31841.3
0.708442,7943.35,9.48354e-08,31020
0.709443,7944.21,9.97481e-08,31092.4
0.710445,7945.03,9.40391e-08,30764.7
0.711447,7945.8,8.62527e-08,29974.8
0.712449,7946.58,9.72914e-08,28824
0.713451,7947.41,9.12657e-08,28048.6
0.714453,7948.1,9.5286e-08,28069.8
0.715456,7948.85,1.0091e-07,27361
0.716457,7949.6,9.65011e-08,26484
0.717458,7950.41,1.03027e-07,25856.8
0.71846,7951.13,8.99788e-08,25265.3
0.719462,7951.87,9.70353e-08,24316.5
0.720466,7952.55,9.55358e-08,24223.9
0.721466,7953.29,9.90362e-08,23954.5
0.722469,7953.93,9.30038e-08,23596.8
0.723471,7954.72,9.55784e-08,23715.7
0.724473,7955.4,9.62711e-08,22976.2
0.725475,7956.12,9.37966e-08,22198
0.726477,7956.77,9.50083e-08,21579.1
0.727479,7957.46,9.51464e-08,21354
0.728481,7958.1,9.53402e-08,21192.2
0.729483,7958.74,9.24023e-08,21011.2
0.730485,7959.38,9.49904e-08,20345.6
0.731488,7959.99,9.31857e-08,19679
0.73249,7960.59,9.88026e-08,19527.1
0.733492,7961.29,9.3206e-08,19165
0.734493,7961.93,9.20357e-08,18858.3
0.735496,7962.51,9.20152e-08,18618.9
0.736498,7963.11,9.60709e-08,18172.5
0.737498,7963.67,8.97425e-08,17981.9
0.738501,7964.27,9.31108e-08,17744.6
0.739503,7964.84,9.12143e-08,17386.5
0.740506,7965.41,1.01938e-07,17332.8
0.741508,7965.97,1.00092e-07,17395.5
0.742509,7966.59,9.40782e-08,17078.6
0.743511,7967.13,9.80955e-08,16680.6
0.744513,7967.69,9.87987e-08,16379.7
0.745515,7968.22,1.01334e-07,15836.7
0.746516,7968.74,9.41818e-08,15456.7
0.747518,7969.26,9.91156e-08,15243.7
0.748521,7969.77,1.0455e-07,15110.5
0.749523,7970.3,9.28822e-08,15299.8
0.750525,7970.82,1.03275e-07,15029.8
0.751527,7971.3,8.87894e-08,14560.6
0.752529,7971.83,1.00677e-07,14196.6
0.75353,7972.31,9.21772e-08,14182.2
0.754533,7972.83,9.40124e-08,14037.9
0.755534,7973.3,9.91116e-08,13712.2
0.756537,7973.72,9.27341e-08,13455.7
0.757539,7974.18,9.49854e-08,13173.1
0.758541,7974.64,9.69109e-08,13240.9
0.759543,7975.09,9.52169e-08,13264.9
0.760545,7975.53,9.42497e-08,12850.6
0.761547,7975.96,8.91097e-08,12941.2
0.762549,7976.41,9.20261e-08,12786.6
0.763552,7976.87,9.53534e-08,12556.5
0.764553,7977.3,9.35028e-08,12412.6
0.765555,7977.71,9.65222e-08,12208.9
0.766557,7978.11,9.68384e-08,12035.4
0.767559,7978.48,9.49566e-08,12108.8
0.768561,7978.83,9.70754e-08,11781.9
0.769564,7979.22,9.60186e-08,11667.2
0.770565,7979.62,9.83905e-08,11440
0.771567,7980.01,9.84885e-08,10795.9
0.77257,7980.37,9.72157e-08,10660
0.773571,7980.68,9.58983e-08,10529.5
0.774574,7980.99,9.48143e-08,10504.9
0.775575,7981.31,9.36294e-08,10597.3
0.776578,7981.67,9.5534e-08,10599.9
0.777579,7982.04,9.80961e-08,10436.1
0.778582,7982.38,1.04767e-07,10321.8
0.779584,7982.76,9.53984e-08,9964.23
0.780586,7983.09,9.95029e-08,9603.77
0.781587,7983.44,9.80447e-08,9276.95
0.782588,7983.77,9.31478e-08,8726.55
0.783592,7984.08,9.0536e-08,8591.64
0.784593,7984.33,9.79305e-08,8371.86
0.785596,7984.62,9.4324e-08,8186.04
0.786597,7984.91,9.74229e-08,7965.77
0.787599,7985.21,9.40079e-08,7765.78
0.788602,7985.51,9.40027e-08,7604.93
0.789603,7985.84,8.93027e-08,7501.88
0.790604,7986.09,9.52311e-08,7353.3
0.791608,7986.35,9.96721e-08,7250.05
0.792609,7986.65,9.68129e-08,6850.34
0.79361,7986.93,9.4392e-08,6478.26
0.794614,7987.23,9.37522e-08,6441.62
0.795615,7987.47,9.35634e-08,6264.55
0.796617,7987.74,9.79501e-08,6126.68
0.797619,7987.98,1.05741e-07,6086.84
0.798622,7988.22,9.81355e-08,5957.8
0.799623,7988.46,9.08763e-08,5826.35
0.800625,7988.73,9.10859e-08,5675.01
0.801628,7988.96,9.66781e-08,5597.2
0.802629,7989.17,9.80696e-08,5390.55
0.803631,7989.38,9.68854e-08,5293.8
0.804635,7989.59,9.53502e-08,5238.58
0.805635,7989.78,1.0032e-07,5233.24
0.806637,7989.99,9.60546e-08,5128.95
0.807638,7990.2,9.15369e-08,5014.6
0.808641,7990.38,9.73305e-08,4911.31
0.809643,7990.59,8.97289e-08,4776.58
0.810645,7990.79,9.27021e-08,4717.53
0.811648,7991.01,1.00232e-07,4663.93
0.812649,7991.22,9.14118e-08,4512.91
0.813651,7991.45,9.64331e-08,4429.75
0.814653,7991.65,9.21116e-08,4338.34
0.815656,7991.86,9.65068e-08,4170.2
0.816657,7992.06,1.01034e-07,4024.43
0.81766,7992.21,9.38993e-08,4024.95
0.818661,7992.4,9.2452e-08,3936.39
0.819663,7992.56,9.4983e-08,3900.95
0.820665,7992.7,1.00926e-07,3841
0.821667,7992.87,9.43631e-08,3742.02
0.822669,7993.02,9.75652e-08,3614.76
0.823672,7993.18,9.45303e-08,3529.16
0.824673,7993.32,9.65329e-08,3456.8
0.825676,7993.48,9.29863e-08,3448.71
0.826677,7993.62,1.04141e-07,3260.27
0.827679,7993.75,9.5331e-08,3196.74
0.828681,7993.9,9.80657e-08,3153.8
0.829684,7994.06,8.89906e-08,3066.43
0.830686,7994.2,9.49794e-08,2990.79
0.831687,7994.35,9.12127e-08,2884.34
0.832689,7994.48,9.43045e-08,2848.87
0.833692,7994.61,9.23676e-08,2806.5
0.834694,7994.75,9.47343e-08,2704.74
0.835696,7994.87,9.11706e-08,2664.55
0.836697,7995,9.42782e-08,2493
0.8377,7995.13,1.00037e-07,2405.06
0.838702,7995.26,9.52639e-08,2281.23
0.839702,7995.37,9.97426e-08,2249.06
0.840707,7995.48,9.82598e-08,2210.71
0.841707,7995.6,9.81611e-08,2117.8
0.84271,7995.72,9.42367e-08,2081.24
0.843711,7995.8,1.01019e-07,2072
0.844714,7995.9,9.72386e-08,2035.8
0.845716,7995.99,9.57742e-08,1977.97
0.846718,7996.1,9.34519e-08,1894.2
0.84772,7996.2,1.01576e-07,1892
0.848722,7996.32,9.85364e-08,1770.07
0.849723,7996.43,1.00772e-07,1730.41
0.850727,7996.5,9.84995e-08,1703
0.851727,7996.59,9.82086e-08,1656.58
0.852729,7996.7,9.04451e-08,1611.4
0.85373,7996.8,8.86862e-08,1592.6
0.854734,7996.9,1.00983e-07,1531.39
0.855736,7996.98,9.47155e-08,1467.87
0.856737,7997.06,9.51344e-08,1460.2
0.85774,7997.14,9.58714e-08,1418.75
0.858741,7997.22,9.89831e-08,1380.91
0.859743,7997.31,8.9179e-08,1354.18
0.860745,7997.39,1.0115e-07,1280.95
0.861748,7997.47,1.01038e-07,1250.42
0.862749,7997.52,9.93727e-08,1226.8
0.863751,7997.59,8.65973e-08,1177.3
0.864754,7997.66,9.6776e-08,1154.52
0.865756,7997.73,9.55819e-08,1133.46
0.866757,7997.77,9.77068e-08,1112.01
0.86776,7997.85,9.5099e-08,1097.75
0.868762,7997.94,9.09845e-08,1071.08
0.869764,7998,9.05503e-08,1019.99
0.870766,7998.07,9.39231e-08,985.688
0.871768,7998.13,9.2884e-08,943.288
0.87277,7998.18,9.99765e-08,934.438
0.873771,7998.22,1.00069e-07,916.358
0.874774,7998.26,9.96415e-08,899.152
0.875776,7998.33,9.84062e-08,860.888
0.876776,7998.37,9.86018e-08,840.288
0.877779,7998.43,9.84305e-08,788.262
0.878781,7998.47,9.53088e-08,736.662
0.879783,7998.51,9.65163e-08,722.982
0.880786,7998.56,9.38376e-08,687.2
0.881787,7998.61,9.78337e-08,662.502
0.88279,7998.66,9.81969e-08,635.552
0.883792,7998.71,8.92009e-08,621.368
0.884795,7998.76,9.02366e-08,590.232
0.885795,7998.82,1.02089e-07,553.072
0.886798,7998.86,9.78649e-08,538.2
0.8878,7998.88,9.86181e-08,534.038
0.888802,7998.92,9.42972e-08,511.112
0.889804,7998.96,1.02704e-07,495.032
0.890805,7999,1.00642e-07,478
0.891808,7999.05,9.74369e-08,456.848
0.892811,7999.08,9.49708e-08,446.8
0.893813,7999.12,9.95492e-08,420.312
0.894813,7999.15,9.44083e-08,411.142
0.895816,7999.19,9.57494e-08,384.328
0.896818,7999.23,9.61035e-08,368.008
0.897819,7999.26,9.86986e-08,356.2
0.898822,7999.29,1.08308e-07,344.528
0.899823,7999.31,9.82637e-08,331.328
0.900826,7999.35,9.66608e-08,307.75
0.901828,7999.37,9.7741e-08,298.808
0.902829,7999.4,9.85749e-08,288.392
0.903832,7999.42,9.0803e-08,277.958
0.904833,7999.45,9.83038e-08,259.648
0.905836,7999.48,9.7945e-08,256.838
0.906839,7999.51,8.89796e-08,242.968
0.90784,7999.53,9.74724e-08,238.55
0.908843,7999.56,8.80499e-08,217.078
0.909844,7999.58,9.25574e-08,215.8
0.910846,7999.59,9.21855e-08,211.128
0.911848,7999.6,1.00662e-07,207.798
0.91285,7999.61,9.35503e-08,204.502
0.913851,7999.63,9.85332e-08,198.288
0.914854,7999.64,9.30086e-08,195.478
0.915856,7999.66,1.04072e-07,184.832
0.916857,7999.67,9.59162e-08,180.208
0.917859,7999.69,9.16674e-08,173.328
0.918862,7999.7,9.69058e-08,166.598
0.919864,7999.72,9.41115e-08,157.238
0.920866,7999.72,9.77871e-08,153.912
0.921868,7999.75,9.84821e-08,144.742
0.92287,7999.76,9.32972e-08,134.678
0.923871,7999.77,1.04383e-07,131.088
0.924874,7999.77,9.51877e-08,125.462
0.925876,7999.78,9.79949e-08,120.672
0.926878,7999.79,9.67069e-08,118.95
0.927881,7999.81,9.61673e-08,111.568
0.928882,7999.82,9.0979e-08,99.158
0.929883,7999.84,9.81458e-08,85.832
0.930885,7999.85,1.00367e-07,80.342
0.931887,7999.86,9.3574e-08,78.918
0.93289,7999.87,9.26416e-08,71.288
0.933892,7999.87,9.36187e-08,69.808
0.934894,7999.89,8.46343e-08,56.95
0.935895,7999.9,9.6692e-08,53.798
0.936898,7999.9,9.93561e-08,52.198
0.9379,7999.91,9.05219e-08,46.128
0.938902,7999.92,9.56206e-08,41.638
0.939903,7999.93,9.51877e-08,35.408
0.940905,7999.93,9.21966e-08,32.55
0.941908,7999.93,9.09217e-08,30.822
0.942909,7999.94,9.73405e-08,27.318
0.943912,7999.95,9.15535e-08,25.542
0.944915,7999.95,9.84326e-08,24.648
0.945915,7999.95,9.90457e-08,21.942
0.946918,7999.96,9.88394e-08,20.118
0.94792,7999.97,9.82008e-08,16.422
0.948921,7999.98,1.00347e-07,10.758
0.949923,7999.98,9.80167e-08,10.758
0.950926,7999.98,9.72444e-08,10.758
0.951928,7999.98,8.99532e-08,9.8
0.95293,7999.98,9.00546e-08,8.838
0.953933,7999.98,9.7683e-08,7.872
0.954935,7999.99,8.80034e-08,5.928
0.955936,7999.99,9.28066e-08,4.95
0.956938,7999.99,9.2048e-08,4.95
0.95794,7999.99,9.63632e-08,3.968
0.958942,7999.99,9.33611e-08,2.982
0.959943,8000,9.56434e-08,1.992
0.960946,8000,9.24665e-08,1.992
0.961949,8000,9.93451e-08,1.992
0.96295,8000,9.42302e-08,1.992
0.963952,8000,9.49379e-08,1.992
0.964954,8000,9.51685e-08,1.992
0.965955,8000,9.5406e-08,1.992
0.966958,8000,9.24874e-08,1.992
0.96796,8000,9.50463e-08,1.992
0.968962,8000,9.43233e-08,1.992
0.969964,8000,9.39826e-08,1.992
0.970966,8000,9.35237e-08,1.992
0.971968,8000,1.01736e-07,1.992
0.972971,8000,9.57797e-08,1.992
0.973972,8000,9.81382e-08,1.992
0.974974,8000,1.00055e-07,1.992
0.975976,8000,9.98147e-08,1.992
0.976978,8000,9.72124e-08,1.992
0.97798,8000,9.34313e-08,0.998
0.978982,8000,9.84727e-08,0.998
0.979984,8000,8.88628e-08,0.998
0.980986,8000,9.36641e-08,0.998
0.981989,8000,9.70668e-08,0.998
0.982991,8000,1.03815e-07,0.998
0.983992,8000,9.88244e-08,0.998
0.984995,8000,9.19108e-08,0.998
0.985996,8000,1.04417e-07,0
0.986998,8000,9.54926e-08,0
0.987999,8000,1.05358e-07,0
0.989001,8000,1.01029e-07,0
0.990004,8000,9.52452e-08,0
0.991007,8000,9.46019e-08,0
0.992008,8000,9.49083e-08,0
0.99301,8000,1.03759e-07,0
0.994012,8000,9.6716e-08,0
0.995015,8000,9.95217e-08,0
0.996016,8000,9.9212e-08,0
0.997019,8000,1.00389e-07,0
0.998021,8000,9.85958e-08,0
0.999024,8000,9.55411e-08,0
1,8000,0,0
0.0447557,51.904,0.411029,665595
4.46061,-1,-1,-1
