0,1,0,0
0.00103261,2.134,4.03296e-08,78.022
0.00203026,2.398,1.32899e-07,217.798
0.00303251,2.732,1.19425e-07,372.088
0.00403504,3.062,1.21e-07,457.078
0.00503725,3.314,1.25269e-07,633.702
0.00603947,3.526,1.27474e-07,884.662
0.00704114,3.742,1.27297e-07,1287.72
0.00804378,3.99,1.16412e-07,1560.95
0.00904491,4.218,1.25347e-07,1875.24
0.0100474,4.5,1.2374e-07,2313
0.0110486,4.692,1.21936e-07,2594.57
0.0120511,4.922,1.26606e-07,3061.96
0.0130531,5.126,1.14548e-07,3583.06
0.0140545,5.366,1.33303e-07,3938.02
0.0150578,5.594,1.2478e-07,4360.58
0.0160593,5.812,1.20128e-07,4960.33
0.0170624,6.06,1.24236e-07,5304.2
0.0180635,6.31,1.29193e-07,6026.95
0.019066,6.58,1.10528e-07,6997.8
0.0200668,6.778,1.279e-07,7644.36
0.0210705,7.002,1.21705e-07,8033
0.0220705,7.258,1.24224e-07,8509.72
0.0230732,7.512,1.24632e-07,9084.93
0.0240755,7.742,1.19815e-07,9965.72
0.0250778,7.964,1.21199e-07,10625.4
0.0260791,8.212,1.23106e-07,12131.5
0.0270827,8.486,1.22099e-07,13458.9
0.0280825,8.758,1.28479e-07,14031.7
0.0290856,9.024,1.19665e-07,14819.7
0.0300863,9.306,1.21825e-07,16050.2
0.0310901,9.622,1.22524e-07,17345.6
0.0320918,9.848,1.20406e-07,18392.4
0.0330924,10.14,1.24219e-07,20236.2
0.0340964,10.368,1.22985e-07,21774.3
0.0350965,10.674,1.19918e-07,23539.9
0.0361,10.914,1.2375e-07,25291.3
0.0371006,11.2,1.30241e-07,26730
0.0381041,11.476,1.16452e-07,28884.7
0.0391045,11.796,1.223e-07,30305.2
0.040107,12.044,1.24324e-07,31763
0.0411092,12.37,1.2246e-07,34440.5
0.0421124,12.68,1.3063e-07,36418.8
0.0431129,13.002,1.19172e-07,38135
0.0441149,13.268,1.19473e-07,39852.1
0.0451184,13.562,1.25656e-07,42335.1
0.0461183,13.882,1.18953e-07,43516
0.0471215,14.246,1.18705e-07,46764.7
0.0481225,14.642,1.2547e-07,49808.9
0.0491264,14.982,1.32737e-07,52226.8
0.0501288,15.298,1.15783e-07,53530.6
0.0511296,15.678,1.20276e-07,59025.2
0.0521312,15.992,1.30734e-07,61194
0.0531337,16.3,1.10768e-07,63549
0.0541365,16.64,1.2927e-07,67619.2
0.0551367,17.034,1.18776e-07,70830.4
0.0561397,17.38,1.30414e-07,73985.8
0.0571426,17.78,1.22717e-07,78471.8
0.0581429,18.168,1.14417e-07,82415.9
0.0591456,18.674,1.31048e-07,88961.9
0.0601476,19.078,1.15379e-07,91192
0.0611488,19.568,1.27892e-07,95388.7
0.0621522,19.938,1.17745e-07,100055
0.0631528,20.394,1.31084e-07,104845
0.0641562,20.85,1.25388e-07,110464
0.0651567,21.242,1.17563e-07,113972
0.0661597,21.664,1.32358e-07,120216
0.0671617,22.222,1.19514e-07,131916
0.0681633,22.658,1.2359e-07,137005
0.0691654,23.102,1.17778e-07,141268
0.0701669,23.668,1.28262e-07,153257
0.0711707,24.196,1.2426e-07,160739
0.0721712,24.654,1.19656e-07,165245
0.0731725,25.1,1.28802e-07,170633
0.0741755,25.662,1.2568e-07,181738
0.0751782,26.134,1.15539e-07,185462
0.0761784,26.584,1.18626e-07,190739
0.0771813,27.112,1.31737e-07,197174
0.0781832,27.822,1.26068e-07,209509
0.0791852,28.352,1.20258e-07,216804
0.080188,28.828,1.29673e-07,224335
0.0811903,29.436,1.14897e-07,237173
0.0821918,29.936,1.2239e-07,244450
0.0831933,30.592,1.21997e-07,256247
0.0841948,31.164,1.27081e-07,264531
0.0851977,31.774,1.2115e-07,273767
0.0862,32.496,1.21967e-07,293763
0.0872006,33.182,1.18595e-07,308190
0.0882028,33.816,1.19434e-07,322835
0.0892049,34.424,1.20983e-07,335088
0.0902077,35.1,1.26489e-07,346047
0.0912102,35.552,1.23002e-07,356226
0.0922114,36.09,1.25493e-07,368345
0.0932129,36.82,1.18751e-07,378370
0.0942152,37.522,1.27088e-07,390209
0.0952172,38.346,1.17244e-07,410381
0.0962192,39.112,1.23214e-07,429862
0.0972217,39.936,1.20384e-07,452154
0.0982245,40.68,1.21766e-07,468777
0.0992242,41.334,1.24936e-07,480655
0.100229,42.112,1.23479e-07,498706
0.101229,43.128,1.16138e-07,523290
0.102233,43.814,1.24181e-07,537480
0.103233,44.732,1.17388e-07,554754
0.104236,45.632,1.29517e-07,578540
0.105238,46.434,1.22883e-07,598319
0.10624,47.4,1.15923e-07,646176
0.107241,48.462,1.21791e-07,694516
0.108245,49.738,1.22101e-07,724183
0.109245,50.606,1.23647e-07,738211
0.110248,51.584,1.22105e-07,765317
0.111249,52.776,1.20424e-07,811095
0.112252,53.918,1.32773e-07,834998
0.113253,54.778,1.20544e-07,857152
0.114258,56.046,1.14365e-07,902232
0.115257,56.968,1.18036e-07,932549
0.11626,58.08,1.24033e-07,966255
0.117261,59.846,1.23322e-07,1.1199e+06
0.118264,60.996,1.23321e-07,1.15437e+06
0.119267,62,1.19143e-07,1.1847e+06
0.120268,63.078,1.24883e-07,1.21848e+06
0.12127,64.36,1.20189e-07,1.25792e+06
0.122272,65.71,1.25416e-07,1.33398e+06
0.123273,66.958,1.23923e-07,1.3778e+06
0.124277,68.3,1.20806e-07,1.41543e+06
0.125276,69.848,1.18485e-07,1.45797e+06
0.12628,71.228,1.29669e-07,1.50221e+06
0.127281,72.458,1.2004e-07,1.54284e+06
0.128284,74.41,1.27083e-07,1.59948e+06
0.129286,76.112,1.19698e-07,1.64776e+06
0.130288,78.062,1.21813e-07,1.7117e+06
0.13129,79.884,1.23265e-07,1.77467e+06
0.132292,81.48,1.31314e-07,1.84025e+06
0.133294,83.268,1.1528e-07,1.9063e+06
0.134296,85.182,1.19036e-07,1.97735e+06
0.135299,86.818,1.29379e-07,2.06868e+06
0.1363,89.224,1.2476e-07,2.16631e+06
0.137302,91.306,1.21079e-07,2.27721e+06
0.138303,93.248,1.2106e-07,2.39624e+06
0.139305,95.37,1.21946e-07,2.51857e+06
0.140308,97.14,1.28837e-07,2.58596e+06
0.14131,99.236,1.23067e-07,2.69243e+06
0.142313,101.558,1.22233e-07,2.85361e+06
0.143312,103.324,1.18371e-07,2.93721e+06
0.144315,105.652,1.27079e-07,3.09108e+06
0.145317,107.516,1.20591e-07,3.21073e+06
0.146319,109.772,1.24406e-07,3.30311e+06
0.147322,112.094,1.18712e-07,3.43634e+06
0.148323,114.578,1.22367e-07,3.62444e+06
0.149326,117.638,1.2956e-07,3.75607e+06
0.150328,120.66,1.20889e-07,3.9116e+06
0.151329,124.576,1.26029e-07,4.19462e+06
0.152333,128.154,1.23296e-07,4.44509e+06
0.153334,131.594,1.17326e-07,4.65536e+06
0.154335,135.178,1.27282e-07,4.87066e+06
0.155338,138.802,1.21427e-07,5.11113e+06
0.15634,142.384,1.21927e-07,5.43051e+06
0.157342,146.2,1.24368e-07,5.64863e+06
0.158343,149.338,1.22882e-07,5.78731e+06
0.159346,153.004,1.24467e-07,6.00745e+06
0.160347,156.882,1.16796e-07,6.35148e+06
0.161349,162.478,1.30452e-07,6.87703e+06
0.162352,166.26,1.11587e-07,7.21048e+06
0.163354,169.998,1.2812e-07,7.57344e+06
0.164356,173.548,1.27359e-07,7.84416e+06
0.165357,177.688,1.2188e-07,8.12937e+06
0.16636,182.14,1.22129e-07,8.43163e+06
0.167363,186.78,1.317e-07,8.83048e+06
0.168363,192.31,1.15318e-07,9.2352e+06
0.169367,197.844,1.22931e-07,9.58943e+06
0.170367,203.55,1.18584e-07,1.0036e+07
0.171372,209.466,1.23572e-07,1.05092e+07
0.172371,216.554,1.15333e-07,1.13305e+07
0.173375,222.602,1.25447e-07,1.18692e+07
0.174375,229.048,1.23506e-07,1.24272e+07
0.175379,234.632,1.23925e-07,1.28023e+07
0.17638,240.896,1.19335e-07,1.34496e+07
0.177383,247.116,1.24246e-07,1.41126e+07
0.178383,252.844,1.16925e-07,1.46255e+07
0.179386,260.794,1.24668e-07,1.55522e+07
0.180388,268.626,1.22188e-07,1.64397e+07
0.18139,275.518,1.23499e-07,1.6983e+07
0.182393,283.728,1.23479e-07,1.80364e+07
0.183394,293.366,1.17289e-07,1.88615e+07
0.184396,301.148,1.19434e-07,1.94736e+07
0.185398,310.68,1.31787e-07,2.03665e+07
0.1864,319.896,1.16642e-07,2.09417e+07
0.187402,331.156,1.25183e-07,2.18616e+07
0.188404,340.868,1.15901e-07,2.28636e+07
0.189406,350.814,1.2953e-07,2.35942e+07
0.190408,361.052,1.21896e-07,2.44238e+07
0.191411,371.634,1.26615e-07,2.53461e+07
0.192411,382.722,1.16336e-07,2.65381e+07
0.193414,393.832,1.25789e-07,2.74217e+07
0.194415,404.79,1.19014e-07,2.85277e+07
0.195417,418.152,1.27026e-07,2.99085e+07
0.196421,431.636,1.24934e-07,3.14814e+07
0.197422,443.746,1.17378e-07,3.22721e+07
0.198424,457.032,1.26985e-07,3.37071e+07
0.199426,470.538,1.17563e-07,3.46476e+07
0.200428,483.78,1.19947e-07,3.57551e+07
0.201429,497.116,1.34672e-07,3.69492e+07
0.202433,511.37,1.14678e-07,3.82331e+07
0.203434,526.328,1.24371e-07,3.94778e+07
0.204436,541.412,1.26385e-07,4.08185e+07
0.205438,557.908,1.20119e-07,4.20922e+07
0.206441,574.854,1.27912e-07,4.32643e+07
0.207442,591.678,1.16063e-07,4.45253e+07
0.208444,610.908,1.25061e-07,4.59489e+07
0.209446,630.438,1.2352e-07,4.68321e+07
0.210449,648.654,1.15762e-07,4.86927e+07
0.21145,670.52,1.27626e-07,4.99939e+07
0.212452,691.476,1.2085e-07,5.11124e+07
0.213455,713.482,1.22255e-07,5.19886e+07
0.214456,735.984,1.17381e-07,5.22574e+07
0.215457,757.844,1.25757e-07,5.34448e+07
0.21646,779.382,1.25461e-07,5.50065e+07
0.217462,801.26,1.15935e-07,5.62309e+07
0.218464,821.488,1.20844e-07,5.69659e+07
0.219465,844.56,1.21382e-07,5.77778e+07
0.220468,865.466,1.205e-07,5.84614e+07
0.221469,887.636,1.28e-07,5.91957e+07
0.222472,914.258,1.27361e-07,5.96094e+07
0.223473,938.448,1.15514e-07,6.11035e+07
0.224475,965.576,1.28922e-07,6.10781e+07
0.225478,991.488,1.21032e-07,6.20713e+07
0.22648,1018.84,1.17607e-07,6.14271e+07
0.227483,1041.78,1.27995e-07,6.26412e+07
0.228485,1071.28,1.10891e-07,6.24415e+07
0.229485,1097.75,1.27347e-07,6.23047e+07
0.230489,1126.13,1.19817e-07,6.27499e+07
0.23149,1151.68,1.29657e-07,6.34806e+07
0.232494,1179.63,1.19965e-07,6.34684e+07
0.233493,1206.6,1.19087e-07,6.31481e+07
0.234495,1233.81,1.24702e-07,6.27813e+07
0.235499,1264.18,1.17092e-07,6.31543e+07
0.2365,1293.29,1.29567e-07,6.27951e+07
0.237501,1321.7,1.24697e-07,6.27386e+07
0.238505,1353.99,1.17443e-07,6.17948e+07
0.239505,1387.22,1.22458e-07,6.05782e+07
0.240508,1415.12,1.26615e-07,5.95242e+07
0.241511,1442.71,1.2389e-07,5.92007e+07
0.242513,1471.66,1.11641e-07,5.9409e+07
0.243514,1502.3,1.23605e-07,5.76723e+07
0.244516,1536.55,1.25099e-07,5.64587e+07
0.245518,1569.48,1.20623e-07,5.43292e+07
0.246521,1603.63,1.2959e-07,5.29168e+07
0.247523,1633.02,1.20801e-07,5.26422e+07
0.248525,1665.92,1.19044e-07,5.13371e+07
0.249526,1697.75,1.24929e-07,5.01955e+07
0.250528,1731.26,1.27309e-07,4.90925e+07
0.25153,1762.83,1.24272e-07,4.86066e+07
0.252531,1796.1,1.23546e-07,4.8546e+07
0.253535,1829.29,1.23089e-07,4.68363e+07
0.254536,1863.18,1.22969e-07,4.53732e+07
0.255539,1896.14,1.16815e-07,4.33649e+07
0.25654,1930.18,1.2447e-07,4.03964e+07
0.257542,1962.5,1.25689e-07,4.00904e+07
0.258545,1995.27,1.20515e-07,3.85441e+07
0.259546,2027.22,1.16453e-07,3.79531e+07
0.260548,2062.49,1.24466e-07,3.68784e+07
0.261549,2095.63,1.22413e-07,3.54889e+07
0.262553,2128.14,1.29253e-07,3.47217e+07
0.263554,2161.09,1.20421e-07,3.4331e+07
0.264556,2193.91,1.1969e-07,3.41358e+07
0.265559,2225.77,1.23789e-07,3.43347e+07
0.266561,2257.71,1.21924e-07,3.39522e+07
0.267562,2292.54,1.17834e-07,3.31633e+07
0.268565,2326.84,1.22671e-07,3.21644e+07
0.269566,2361.87,1.22909e-07,3.14656e+07
0.270569,2397.68,1.21472e-07,2.99464e+07
0.27157,2432.68,1.227e-07,2.8747e+07
0.272572,2465.62,1.21393e-07,2.84425e+07
0.273575,2497.66,1.2113e-07,2.78049e+07
0.274576,2531.63,1.2614e-07,2.67272e+07
0.275578,2564.66,1.16334e-07,2.61502e+07
0.27658,2599.58,1.3158e-07,2.51568e+07
0.277581,2633.12,1.10108e-07,2.47234e+07
0.278585,2665.44,1.29721e-07,2.44207e+07
0.279586,2698.61,1.26775e-07,2.38678e+07
0.280589,2731.42,1.18036e-07,2.40607e+07
0.281591,2767.25,1.17106e-07,2.31581e+07
0.282592,2801.95,1.18145e-07,2.27126e+07
0.283594,2836.51,1.26519e-07,2.20494e+07
0.284597,2867.26,1.22787e-07,2.17915e+07
0.285598,2900.5,1.19703e-07,2.16633e+07
0.286599,2933.42,1.23947e-07,2.14039e+07
0.287604,2967.68,1.22093e-07,2.10618e+07
0.288603,3000.46,1.2624e-07,2.03557e+07
0.289607,3031.08,1.15338e-07,2.04421e+07
0.290607,3066.25,1.24522e-07,2.00152e+07
0.29161,3098.71,1.17689e-07,1.97051e+07
0.292612,3131.82,1.21023e-07,1.91505e+07
0.293614,3165.74,1.30108e-07,1.84854e+07
0.294616,3197.94,1.15578e-07,1.82507e+07
0.295619,3231.69,1.33251e-07,1.76087e+07
0.29662,3263.48,1.15759e-07,1.7071e+07
0.297623,3297.37,1.21293e-07,1.67109e+07
0.298624,3333.4,1.27516e-07,1.61794e+07
0.299626,3366.33,1.21433e-07,1.57742e+07
0.300628,3398.26,1.25743e-07,1.55629e+07
0.301631,3430.25,1.2565e-07,1.53788e+07
0.302632,3462.94,1.27612e-07,1.52556e+07
0.303635,3494.64,1.21301e-07,1.48321e+07
0.304636,3527.06,1.1454e-07,1.44649e+07
0.305638,3558.36,1.38093e-07,1.40303e+07
0.306641,3590.06,1.18076e-07,1.35089e+07
0.307641,3620.36,1.16871e-07,1.33754e+07
0.308644,3650.58,1.30125e-07,1.30124e+07
0.309647,3681.36,1.16169e-07,1.28201e+07
0.310648,3712.21,1.2529e-07,1.23241e+07
0.311651,3742.71,1.21862e-07,1.19806e+07
0.312652,3773.88,1.22796e-07,1.17212e+07
0.313654,3805.04,1.23815e-07,1.15516e+07
0.314657,3835.02,1.23232e-07,1.12354e+07
0.315659,3865.67,1.24438e-07,1.10298e+07
0.31666,3896.11,1.2305e-07,1.07738e+07
0.317662,3926.98,1.19731e-07,1.05967e+07
0.318664,3956.76,1.20296e-07,1.03104e+07
0.319666,3986.46,1.27987e-07,9.96411e+06
0.320669,4017.45,1.15833e-07,9.7136e+06
0.321671,4046.53,1.23546e-07,9.51798e+06
0.322671,4075.86,1.20598e-07,9.38703e+06
0.323674,4104.89,1.23682e-07,9.2685e+06
0.324677,4133.71,1.17953e-07,9.12387e+06
0.325677,4162.43,1.30404e-07,8.95625e+06
0.326682,4191.76,1.17159e-07,8.69119e+06
0.327682,4219.36,1.19216e-07,8.51998e+06
0.328683,4248.7,1.26577e-07,8.23264e+06
0.329687,4277.57,1.17955e-07,8.16224e+06
0.330687,4305.77,1.27759e-07,8.04202e+06
0.331691,4334.4,1.16845e-07,7.9021e+06
0.332694,4363.78,1.29891e-07,7.73704e+06
0.333695,4391.47,1.10056e-07,7.64447e+06
0.334696,4419.12,1.28475e-07,7.50142e+06
0.3357,4447.39,1.24106e-07,7.33597e+06
0.336699,4474.32,1.18432e-07,7.21717e+06
0.337703,4501.79,1.2427e-07,7.13494e+06
0.338705,4530.23,1.1684e-07,6.93438e+06
0.339706,4558.79,1.18966e-07,6.78373e+06
0.340709,4585.21,1.18968e-07,6.5784e+06
0.34171,4613.19,1.2942e-07,6.3604e+06
0.342713,4641.18,1.18885e-07,6.22999e+06
0.343714,4668.23,1.27822e-07,6.07549e+06
0.344718,4695.7,1.187e-07,5.86449e+06
0.345719,4721.9,1.25868e-07,5.77394e+06
0.346719,4747.69,1.17223e-07,5.80377e+06
0.347723,4773.44,1.25811e-07,5.647e+06
0.348725,4800.21,1.20339e-07,5.4958e+06
0.349727,4826.89,1.24045e-07,5.37283e+06
0.350729,4852,1.2169e-07,5.2989e+06
0.35173,4878.01,1.25108e-07,5.2728e+06
0.352733,4903.28,1.22481e-07,5.25429e+06
0.353735,4930.06,1.24808e-07,5.08517e+06
0.354738,4955.18,1.20697e-07,4.96223e+06
0.355739,4979.86,1.19714e-07,4.75718e+06
0.356741,5004.86,1.24895e-07,4.68694e+06
0.357743,5029.88,1.26358e-07,4.585e+06
0.358745,5054.31,1.18693e-07,4.48287e+06
0.359746,5079.6,1.21603e-07,4.42314e+06
0.360749,5103.97,1.23699e-07,4.23088e+06
0.36175,5127.83,1.25976e-07,4.22219e+06
0.362752,5151.48,1.16938e-07,4.12459e+06
0.363755,5175.44,1.32603e-07,4.04156e+06
0.364757,5198.94,1.16403e-07,3.93308e+06
0.365758,5222.18,1.25542e-07,3.85246e+06
0.366761,5245.32,1.20561e-07,3.74361e+06
0.367763,5269.46,1.25443e-07,3.62008e+06
0.368764,5292.41,1.2209e-07,3.60377e+06
0.369767,5315.56,1.25648e-07,3.46029e+06
0.370769,5338.61,1.21463e-07,3.3448e+06
0.37177,5361.29,1.28717e-07,3.29187e+06
0.372773,5384.6,1.18311e-07,3.16471e+06
0.373774,5406.48,1.22872e-07,3.13851e+06
0.374777,5428.94,1.24377e-07,3.05234e+06
0.375778,5450.51,1.28787e-07,2.9944e+06
0.376781,5472.07,1.17308e-07,2.96448e+06
0.377782,5494.17,1.22464e-07,2.92024e+06
0.378784,5516.34,1.20462e-07,2.92048e+06
0.379787,5537.77,1.2524e-07,2.83672e+06
0.380788,5559.03,1.22194e-07,2.79941e+06
0.381791,5580.81,1.19518e-07,2.76889e+06
0.382792,5602.05,1.31095e-07,2.68269e+06
0.383795,5622.61,1.22267e-07,2.62424e+06
0.384796,5644.02,1.20425e-07,2.56244e+06
0.385798,5664.56,1.24137e-07,2.52874e+06
0.386802,5684.7,1.21438e-07,2.47031e+06
0.387803,5704.5,1.17016e-07,2.45675e+06
0.388804,5724.51,1.32559e-07,2.40087e+06
0.389807,5744.38,1.17759e-07,2.34538e+06
0.390809,5763.76,1.26819e-07,2.31763e+06
0.391811,5783.77,1.24812e-07,2.25364e+06
0.392812,5804.1,1.15014e-07,2.18286e+06
0.393815,5823.37,1.24113e-07,2.14787e+06
0.394817,5842.98,1.20566e-07,2.06255e+06
0.395818,5861.48,1.24015e-07,2.03215e+06
0.39682,5880.53,1.31532e-07,2.00209e+06
0.397824,5899.41,1.19329e-07,1.88714e+06
0.398825,5917.9,1.22703e-07,1.84957e+06
0.399827,5936.15,1.15845e-07,1.83152e+06
0.400829,5954.2,1.27038e-07,1.78783e+06
0.40183,5972.53,1.19164e-07,1.78226e+06
0.402833,5991.2,1.23918e-07,1.73725e+06
0.403835,6009.53,1.15929e-07,1.74404e+06
0.404836,6027.63,1.25133e-07,1.74398e+06
0.40584,6045.19,1.24667e-07,1.67786e+06
0.406841,6062.42,1.15126e-07,1.64765e+06
0.407842,6079.97,1.19038e-07,1.59236e+06
0.408845,6097.47,1.31402e-07,1.58951e+06
0.409846,6114.76,1.13503e-07,1.58678e+06
0.410849,6131.47,1.26812e-07,1.58799e+06
0.411851,6148.67,1.23128e-07,1.55446e+06
0.412854,6165.98,1.21441e-07,1.56928e+06
0.413856,6182.35,1.19364e-07,1.55484e+06
0.414857,6198.81,1.2232e-07,1.55209e+06
0.415859,6215.89,1.26111e-07,1.53231e+06
0.416861,6232.17,1.15048e-07,1.4947e+06
0.417863,6247.93,1.25086e-07,1.45092e+06
0.418864,6264.4,1.13987e-07,1.42802e+06
0.419867,6280.33,1.28215e-07,1.4194e+06
0.42087,6296.58,1.18467e-07,1.38025e+06
0.42187,6312.31,1.22421e-07,1.3623e+06
0.422873,6327.38,1.27268e-07,1.3345e+06
0.423875,6343.04,1.23942e-07,1.30323e+06
0.424877,6358.42,1.16046e-07,1.28999e+06
0.425879,6373.41,1.28576e-07,1.26177e+06
0.426881,6388.34,1.17714e-07,1.22975e+06
0.427882,6402.92,1.34454e-07,1.19749e+06
0.428885,6417.59,1.17936e-07,1.17191e+06
0.429886,6432.24,1.20381e-07,1.13579e+06
0.430889,6446.87,1.23929e-07,1.12383e+06
0.431891,6460.98,1.23382e-07,1.10215e+06
0.432893,6475.33,1.23236e-07,1.07665e+06
0.433894,6490.02,1.22798e-07,1.06129e+06
0.434897,6504.37,1.18334e-07,1.0449e+06
0.435898,6518.78,1.29713e-07,1.02079e+06
0.436901,6532.53,1.21092e-07,1.00961e+06
0.437904,6546.51,1.31872e-07,998437
0.438903,6560.22,1.09221e-07,1.00822e+06
0.439907,6573.72,1.28097e-07,984110
0.440909,6587.4,1.20151e-07,1.00223e+06
0.44191,6601,1.2601e-07,994943
0.442912,6614.44,1.21036e-07,970573
0.443914,6627.51,1.2727e-07,969569
0.444917,6640.65,1.20268e-07,966646
0.445917,6653.59,1.26886e-07,963625
0.446921,6666.68,1.2087e-07,957854
0.447924,6679.54,1.28454e-07,962678
0.448924,6691.99,1.16927e-07,953770
0.449926,6704.77,1.24651e-07,948629
0.450929,6716.86,1.21648e-07,936005
0.451931,6729.27,1.25436e-07,920761
0.452932,6741.57,1.21507e-07,905079
0.453935,6753.69,1.34139e-07,923595
0.454938,6765.68,1.10146e-07,910413
0.455938,6777.39,1.26835e-07,895177
0.456941,6789.32,1.1707e-07,900570
0.457943,6800.99,1.27215e-07,907279
0.458945,6812.99,1.2095e-07,896840
0.459947,6824.62,1.28416e-07,887570
0.460949,6836.12,1.23708e-07,869019
0.461952,6847.26,1.22018e-07,859485
0.462953,6858.52,1.24903e-07,840509
0.463956,6869.72,1.28021e-07,834586
0.464958,6880.7,1.21116e-07,815901
0.465959,6891.39,1.22414e-07,802273
0.46696,6901.8,1.21962e-07,797367
0.467963,6912.39,1.28844e-07,796293
0.468965,6923.25,1.18273e-07,796127
0.469968,6934.39,1.20924e-07,781889
0.470969,6944.63,1.17929e-07,780057
0.471971,6955.3,1.22282e-07,769145
0.472972,6965.49,1.24469e-07,741153
0.473975,6975.92,1.256e-07,734746
0.474977,6985.79,1.22817e-07,716850
0.47598,6995.57,1.29025e-07,701036
0.476982,7005.71,1.21057e-07,692430
0.477983,7015.24,1.18965e-07,682462
0.478985,7025.37,1.26239e-07,670754
0.479987,7034.86,1.25753e-07,674968
0.480989,7044.03,1.10904e-07,674262
0.481989,7053.5,1.33489e-07,674091
0.482993,7062.97,1.11742e-07,667690
0.483994,7072.49,1.34623e-07,655895
0.484998,7081.83,1.19467e-07,635704
0.486,7091.26,1.14593e-07,634450
0.487,7100.36,1.23509e-07,624377
0.488004,7109.26,1.2799e-07,593652
0.489005,7118.43,1.21554e-07,576443
0.490009,7127.42,1.25447e-07,584313
0.491008,7136.04,1.18905e-07,578223
0.492011,7144.66,1.20285e-07,569593
0.493014,7153.38,1.31699e-07,568952
0.494014,7161.9,1.23686e-07,561937
0.495018,7170.32,1.24987e-07,553287
0.496018,7178.84,1.15915e-07,545563
0.497021,7187.01,1.23981e-07,541975
0.498023,7195.06,1.19804e-07,554914
0.499026,7203.45,1.30979e-07,543340
0.500028,7211.57,1.79809e-07,528176
0.501028,7219.84,1.30354e-07,522443
0.502031,7227.65,1.1967e-07,512107
0.503033,7235.44,1.24147e-07,507473
0.504036,7243.11,1.15699e-07,498957
0.505036,7250.89,1.24497e-07,493494
0.50604,7258.66,1.23289e-07,487492
0.50704,7266.22,1.31929e-07,489412
0.508043,7273.92,1.20643e-07,465556
0.509046,7281.36,1.18847e-07,461375
0.510046,7288.86,1.2523e-07,449063
0.51105,7296.15,1.21307e-07,446388
0.512051,7303.31,1.27806e-07,438579
0.513054,7310.52,1.24344e-07,428919
0.514054,7317.64,1.15012e-07,420645
0.515056,7324.47,1.18904e-07,410479
0.51606,7331.5,1.34789e-07,405123
0.517061,7338.57,1.11784e-07,396746
0.518065,7345.38,1.32992e-07,389162
0.519065,7352.05,1.11609e-07,383704
0.520068,7358.67,1.25595e-07,382899
0.521069,7365.39,1.26501e-07,374413
0.522071,7372.15,1.18968e-07,370124
0.523072,7378.75,1.21133e-07,364407
0.524075,7385.14,1.28424e-07,372167
0.525078,7391.54,1.23266e-07,367916
0.52608,7397.97,1.25838e-07,362451
0.527082,7404.52,1.24617e-07,364021
0.528083,7410.77,1.22321e-07,357637
0.529085,7417.21,1.17736e-07,354066
0.530087,7423.32,1.21046e-07,353856
0.531089,7429.2,1.18064e-07,349528
0.532091,7435.22,1.2913e-07,343786
0.533094,7441.26,1.22032e-07,336641
0.534095,7447.21,1.22321e-07,332532
0.535097,7453.03,1.209e-07,329027
0.536099,7458.99,1.27696e-07,321463
0.537101,7464.84,1.25654e-07,316228
0.538103,7470.45,1.22145e-07,312340
0.539106,7476.22,1.24041e-07,310410
0.540107,7481.86,1.28494e-07,307395
0.54111,7487.33,1.20958e-07,304407
0.542112,7492.87,1.27326e-07,305095
0.543113,7498.49,1.17447e-07,299445
0.544116,7503.95,1.26625e-07,293437
0.545116,7509.43,1.09995e-07,291004
0.546119,7514.65,1.33493e-07,288053
0.547122,7519.91,1.21669e-07,288477
0.548124,7525.25,1.25258e-07,286379
0.549126,7530.52,1.21583e-07,287789
0.550128,7535.6,1.24513e-07,283074
0.55113,7540.77,1.16739e-07,285707
0.552131,7545.81,1.28014e-07,281672
0.553133,7550.85,1.2105e-07,275353
0.554137,7555.66,1.26733e-07,271092
0.555137,7560.53,1.20578e-07,264534
0.55614,7565.2,1.26977e-07,259475
0.557142,7570.04,1.20996e-07,256215
0.558144,7574.82,1.25742e-07,251197
0.559145,7579.52,1.20212e-07,249219
0.560147,7584.08,1.28256e-07,243410
0.561151,7588.98,1.08766e-07,241034
0.562151,7593.43,1.31616e-07,236918
0.563154,7597.97,1.21175e-07,234720
0.564157,7602.42,1.29633e-07,233215
0.565158,7607.01,1.18803e-07,231700
0.56616,7611.43,1.22697e-07,228820
0.567161,7615.94,1.23054e-07,228822
0.568163,7620.3,1.23593e-07,224564
0.569165,7624.53,1.24249e-07,224771
0.570168,7628.95,1.20554e-07,224344
0.57117,7633.17,1.17731e-07,223177
0.572172,7637.49,1.34485e-07,216035
0.573173,7641.6,1.17516e-07,211094
0.574176,7645.61,1.28689e-07,212157
0.575177,7649.61,1.16385e-07,213637
0.576179,7653.89,1.23763e-07,212317
0.577181,7657.76,1.27357e-07,214647
0.578184,7661.76,1.22794e-07,213423
0.579184,7665.7,1.18525e-07,217663
0.580188,7669.61,1.28051e-07,217835
0.58119,7673.35,1.14061e-07,212262
0.582192,7677.05,1.2537e-07,209663
0.583193,7680.79,1.14934e-07,206504
0.584195,7684.26,1.25527e-07,201182
0.585198,7688.02,1.22191e-07,196922
0.586198,7691.63,1.19422e-07,194819
0.5872,7695.15,1.21442e-07,195721
0.588203,7698.56,1.22845e-07,193767
0.589205,7702.03,1.2706e-07,194402
0.590208,7705.7,1.13389e-07,193034
0.591209,7709.24,1.3171e-07,189756
0.592212,7712.62,1.19268e-07,187024
0.593213,7716.1,1.15465e-07,182641
0.594214,7719.28,1.24623e-07,178550
0.595218,7722.69,1.25776e-07,172348
0.59622,7725.81,1.15934e-07,171611
0.597221,7729.08,1.23895e-07,168664
0.598225,7732.34,1.19076e-07,168131
0.599225,7735.53,1.27207e-07,168817
0.600228,7738.65,1.16562e-07,164852
0.60123,7741.9,1.22623e-07,163687
0.60223,7745,1.19176e-07,162614
0.603234,7747.99,1.31201e-07,159699
0.604236,7750.83,1.24225e-07,154165
0.605238,7753.96,1.20892e-07,153423
0.60624,7757.1,1.24389e-07,155854
0.607242,7760.1,1.15007e-07,152968
0.608243,7762.95,1.2459e-07,149308
0.609245,7765.67,1.26822e-07,147519
0.610247,7768.51,1.1758e-07,142875
0.61125,7771.18,1.32761e-07,140055
0.612251,7773.93,1.17224e-07,138341
0.613253,7776.57,1.2093e-07,136177
0.614257,7779.34,1.24007e-07,137304
0.615258,7782,1.2057e-07,135352
0.61626,7784.73,1.22053e-07,135110
0.617262,7787.48,1.31401e-07,134763
0.618263,7790.15,1.1985e-07,134364
0.619266,7792.73,1.21794e-07,134081
0.620267,7795.33,1.25263e-07,130499
0.62127,7797.93,1.20657e-07,129017
0.622272,7800.42,1.224e-07,129170
0.623273,7802.96,1.17083e-07,126869
0.624276,7805.36,1.28245e-07,125073
0.625277,7807.8,1.24451e-07,123468
0.62628,7810.23,1.22824e-07,122208
0.627282,7812.64,1.18047e-07,119043
0.628284,7815.01,1.2857e-07,116471
0.629285,7817.27,1.21484e-07,114321
0.630288,7819.47,1.25717e-07,112837
0.63129,7821.8,1.22074e-07,111069
0.632292,7823.93,1.255e-07,109260
0.633294,7826.25,1.21079e-07,107854
0.634296,7828.45,1.25665e-07,105246
0.635298,7830.76,1.16056e-07,104369
0.636299,7832.99,1.31928e-07,103857
0.637302,7835.14,1.17447e-07,103275
0.638304,7837.28,1.25633e-07,101747
0.639305,7839.39,1.23525e-07,98407.2
0.640309,7841.47,1.2185e-07,94858.5
0.64131,7843.49,1.18675e-07,95295
0.642311,7845.56,1.26461e-07,93921.4
0.643313,7847.57,1.25069e-07,91980.4
0.644316,7849.5,1.19815e-07,90721
0.645316,7851.36,1.20344e-07,88630.9
0.646319,7853.24,1.24248e-07,88167.2
0.647321,7855.13,1.22296e-07,87547.1
0.648324,7856.87,1.25619e-07,86143.3
0.649326,7858.71,1.22006e-07,83840.5
0.650328,7860.41,1.23966e-07,82224.6
0.651329,7862.29,1.20346e-07,82232.1
0.652332,7864.04,1.25248e-07,81852.3
0.653335,7865.81,1.1763e-07,80906.3
0.654336,7867.57,1.25784e-07,80668.4
0.655337,7869.29,1.18614e-07,80340.9
0.65634,7871.02,1.27506e-07,80831.9
0.657341,7872.72,1.18979e-07,79266.8
0.658344,7874.37,1.29638e-07,78747.1
0.659346,7876.18,1.19506e-07,76719.1
0.660348,7877.78,1.18871e-07,76173.2
0.661349,7879.42,1.16807e-07,75367.6
0.662352,7880.94,1.23924e-07,75113.1
0.663355,7882.6,1.18679e-07,74103.8
0.664354,7884.16,1.23916e-07,72339.9
0.665358,7885.7,1.29072e-07,72553.8
0.66636,7887.22,1.08762e-07,71929.8
0.66736,7888.64,1.29352e-07,70737.8
0.668363,7890.19,1.16487e-07,68637
0.669367,7891.65,1.27527e-07,66568.3
0.670367,7893.08,1.17761e-07,65679.6
0.671371,7894.57,1.26587e-07,65100.6
0.672372,7895.94,1.19602e-07,64520.2
0.673373,7897.4,1.16675e-07,63625.8
0.674377,7898.76,1.30331e-07,61864.2
0.675378,7900.05,1.1821e-07,61516.8
0.67638,7901.42,1.23589e-07,60037.5
0.677383,7902.85,1.20864e-07,58230.3
0.678384,7904.25,1.23672e-07,58055.8
0.679386,7905.56,1.16007e-07,57011.4
0.680388,7906.87,1.27757e-07,56174.6
0.68139,7908.29,1.20252e-07,55290.1
0.682392,7909.6,1.19744e-07,53392.4
0.683394,7910.82,1.22696e-07,53431.8
0.684396,7912.07,1.24239e-07,53399.4
0.685398,7913.33,1.23322e-07,52418.2
0.686401,7914.54,1.23963e-07,52250.1
0.687402,7915.76,1.22907e-07,50276.7
0.688403,7916.98,1.2228e-07,49929.7
0.689406,7918.1,1.25518e-07,49647
0.690407,7919.27,1.16646e-07,48577
0.69141,7920.37,1.30183e-07,48162.6
0.692413,7921.46,1.16949e-07,47414.4
0.693413,7922.58,1.17763e-07,46803.8
0.694416,7923.7,1.37737e-07,45869.8
0.695418,7924.75,1.15034e-07,45056.7
0.696419,7925.81,1.20657e-07,45349
0.697422,7926.89,1.27035e-07,44980.5
0.698423,7927.9,1.25766e-07,44695
0.699426,7929.1,1.25868e-07,43565.4
0.700428,7930.12,1.21622e-07,42721.6
0.701431,7931.22,1.27566e-07,41914.4
0.702431,7932.22,1.21262e-07,41632.7
0.703434,7933.23,1.15352e-07,40733.5
0.704436,7934.24,1.3354e-07,39736.2
0.705438,7935.22,1.15576e-07,39405.2
0.706441,7936.22,1.29762e-07,39146.7
0.707443,7937.24,1.21336e-07,37895.2
0.708444,7938.18,1.17702e-07,37446.5
0.709447,7939.15,1.24225e-07,36473.1
0.710447,7940.18,1.15259e-07,36305.2
0.711451,7941.12,1.25467e-07,35971.6
0.712451,7942.06,1.22193e-07,35731.3
0.713455,7942.89,1.23985e-07,35443.4
0.714457,7943.74,1.20495e-07,34571.2
0.715457,7944.62,1.2271e-07,34627.8
0.71646,7945.37,1.27061e-07,34404.8
0.717463,7946.23,1.18136e-07,33927.1
0.718463,7947.1,1.17087e-07,33392.6
0.719465,7947.89,1.17591e-07,32221.7
0.720469,7948.72,1.26362e-07,31946.8
0.72147,7949.53,1.30472e-07,30994.6
0.722473,7950.38,1.10025e-07,30047.6
0.723474,7951.1,1.31193e-07,28550.6
0.724476,7951.9,1.16293e-07,28288.6
0.725478,7952.7,1.25985e-07,28497.8
0.72648,7953.47,1.21181e-07,27852.4
0.727483,7954.23,1.21665e-07,27587.1
0.728484,7954.95,1.22683e-07,27253.5
0.729486,7955.61,1.21587e-07,26647.4
0.730488,7956.36,1.22868e-07,26597.2
0.73149,7957.04,1.22395e-07,26845.2
0.732492,7957.71,1.18174e-07,26567
0.733493,7958.33,1.21164e-07,25965.2
0.734496,7959.1,1.24118e-07,25103.8
0.735499,7959.8,1.19903e-07,24247.4
0.7365,7960.49,1.19963e-07,23708.9
0.737501,7961.08,1.29088e-07,23594
0.738505,7961.76,1.22497e-07,22838.7
0.739506,7962.34,1.24345e-07,22502.5
0.740508,7962.97,1.16099e-07,22324.5
0.74151,7963.58,1.2032e-07,22002
0.742512,7964.1,1.26145e-07,21575.8
0.743515,7964.68,1.24399e-07,21037.2
0.744515,7965.27,1.1722e-07,20702.5
0.745518,7965.8,1.22787e-07,20310
0.74652,7966.35,1.23055e-07,19887.8
0.747523,7966.9,1.23618e-07,19544.2
0.748524,7967.45,1.23937e-07,19399.9
0.749527,7967.96,1.27684e-07,19328.1
0.750529,7968.56,1.24899e-07,19235.3
0.75153,7969.15,1.19484e-07,18717.8
0.752532,7969.73,1.2019e-07,18323
0.753533,7970.27,1.29743e-07,17914.1
0.754537,7970.75,1.20763e-07,17543.2
0.755539,7971.3,1.25207e-07,17503.8
0.756541,7971.82,1.2429e-07,17082.5
0.757541,7972.32,1.11023e-07,16678.4
0.758543,7972.81,1.23422e-07,16436.3
0.759546,7973.34,1.26944e-07,15936.2
0.760549,7973.84,1.22889e-07,15659.2
0.761549,7974.34,1.17667e-07,15260.8
0.762554,7974.79,1.24324e-07,14749.5
0.763554,7975.26,1.29792e-07,14713.2
0.764555,7975.74,1.17311e-07,14280.2
0.76556,7976.23,1.24537e-07,14171.6
0.766561,7976.62,1.193e-07,14188
0.767561,7977.08,1.20029e-07,14036
0.768565,7977.49,1.30161e-07,13499
0.769566,7977.91,1.20137e-07,13330.6
0.770569,7978.31,1.27354e-07,13134.6
0.771569,7978.72,1.10898e-07,12860.8
0.772572,7979.15,1.27534e-07,12587.1
0.773575,7979.54,1.17762e-07,12432
0.774576,7979.9,1.20477e-07,12300.2
0.775579,7980.36,1.28967e-07,12167.2
0.776581,7980.72,1.15547e-07,11887.7
0.777582,7981.08,1.27198e-07,11714
0.778585,7981.44,1.28145e-07,11573.1
0.779587,7981.82,1.20737e-07,11217.2
0.780589,7982.21,1.21354e-07,11102.1
0.78159,7982.58,1.21248e-07,10983.8
0.782592,7982.91,1.15949e-07,10769.8
0.783594,7983.26,1.2509e-07,10542.7
0.784598,7983.57,1.26097e-07,10340.8
0.785598,7983.9,1.17294e-07,10127.4
0.786599,7984.21,1.21801e-07,10054.1
0.787602,7984.52,1.20799e-07,9904.76
0.788605,7984.82,1.27515e-07,9742.51
0.789605,7985.09,1.15784e-07,9666.58
0.790609,7985.4,1.23349e-07,9463.8
0.79161,7985.74,1.252e-07,9226.68
0.792612,7986.06,1.15927e-07,8978.2
0.793613,7986.32,1.27991e-07,8936.8
0.794616,7986.61,1.20316e-07,8706.73
0.795619,7986.88,1.26332e-07,8642.04
0.796621,7987.11,1.24533e-07,8502.95
0.797621,7987.41,1.14837e-07,8366.58
0.798625,7987.68,1.34344e-07,8114.07
0.799627,7987.97,1.20958e-07,7993.49
0.800628,7988.2,1.17654e-07,7824.79
0.801631,7988.47,1.26546e-07,7528.66
0.802632,7988.69,1.17048e-07,7278.18
0.803634,7988.93,1.24634e-07,7118.82
0.804638,7989.18,1.27162e-07,6871.07
0.805639,7989.42,1.19289e-07,6707.8
0.80664,7989.66,1.25565e-07,6505.88
0.807643,7989.9,1.16409e-07,6268.2
0.808644,7990.09,1.26667e-07,6222.95
0.809646,7990.29,1.21372e-07,6016.1
0.810649,7990.48,1.29803e-07,5860.71
0.811651,7990.67,1.15819e-07,5711.86
0.812653,7990.88,1.25263e-07,5484.04
0.813654,7991.1,1.16281e-07,5471
0.814656,7991.29,1.31936e-07,5432.53
0.815659,7991.51,1.20183e-07,5212.98
0.81666,7991.66,1.17405e-07,5187.55
0.817662,7991.87,1.22837e-07,5087.06
0.818664,7992.05,1.23867e-07,4889.54
0.819666,7992.23,1.22074e-07,4797.62
0.820669,7992.42,1.24751e-07,4647.64
0.821671,7992.6,1.17297e-07,4478.39
0.822671,7992.78,1.24085e-07,4196.67
0.823675,7992.93,1.19179e-07,4079.41
0.824675,7993.13,1.23986e-07,4003.06
0.825679,7993.29,1.23222e-07,3874.1
0.82668,7993.49,1.26208e-07,3732.9
0.827683,7993.62,1.14924e-07,3620.04
0.828683,7993.75,1.23707e-07,3492.74
0.829687,7993.9,1.18844e-07,3379.8
0.830687,7994.08,1.23176e-07,3245.96
0.831691,7994.22,1.15469e-07,3170.91
0.832692,7994.39,1.31884e-07,3029.17
0.833694,7994.53,1.22087e-07,2920.49
0.834697,7994.66,1.21304e-07,2846.2
0.835698,7994.79,1.27053e-07,2814.1
0.8367,7994.92,1.28208e-07,2673.96
0.837702,7995.05,1.12144e-07,2655.94
0.838705,7995.14,1.30428e-07,2601.63
0.839707,7995.27,1.17109e-07,2522.09
0.840708,7995.37,1.2462e-07,2430.81
0.841711,7995.48,1.22798e-07,2414.8
0.842712,7995.6,1.24441e-07,2350.39
0.843714,7995.73,1.21994e-07,2226.09
0.844717,7995.83,1.21424e-07,2199.86
0.845719,7995.94,1.27605e-07,2149.95
0.84672,7996.02,1.17143e-07,2092.76
0.847722,7996.11,1.23409e-07,2050.5
0.848725,7996.22,1.25509e-07,2050.91
0.849726,7996.32,1.20602e-07,1979.51
0.850729,7996.41,1.29223e-07,1933.13
0.851731,7996.51,1.22333e-07,1848.93
0.852732,7996.59,1.18843e-07,1780.77
0.853736,7996.68,1.24431e-07,1748.44
0.854737,7996.78,1.20647e-07,1738.91
0.855739,7996.87,1.26723e-07,1717.06
0.856742,7996.97,1.18211e-07,1636.42
0.857741,7997.04,1.22038e-07,1615.35
0.858745,7997.11,1.22557e-07,1578.95
0.859746,7997.19,1.28624e-07,1490.18
0.860749,7997.29,1.22872e-07,1446.95
0.861751,7997.38,1.20953e-07,1372.04
0.862752,7997.44,1.20688e-07,1341.43
0.863754,7997.49,1.24473e-07,1324.98
0.864756,7997.57,1.29746e-07,1286.69
0.865758,7997.64,1.19363e-07,1233.48
0.86676,7997.69,1.14733e-07,1193.7
0.867762,7997.76,1.3113e-07,1131.72
0.868765,7997.82,1.23554e-07,1089.8
0.869767,7997.87,1.219e-07,1067.06
0.870769,7997.94,1.19496e-07,1017.32
0.87177,7998,1.2735e-07,956.998
0.872774,7998.08,1.1998e-07,894.8
0.873774,7998.13,1.29947e-07,864.022
0.874778,7998.19,1.18585e-07,845.568
0.875777,7998.24,1.20821e-07,820.232
0.876781,7998.3,1.2382e-07,788.192
0.877783,7998.37,1.25458e-07,750.022
0.878784,7998.43,1.19814e-07,708.262
0.879786,7998.48,1.25221e-07,690.712
0.880787,7998.51,1.19581e-07,686.968
0.881791,7998.55,1.23199e-07,647.542
0.882793,7998.61,1.23164e-07,610.728
0.883794,7998.66,1.23991e-07,574.518
0.884797,7998.71,1.18253e-07,570.528
0.885797,7998.75,1.14288e-07,549.248
0.886801,7998.79,1.19974e-07,536.368
0.887803,7998.83,1.3296e-07,519.208
0.888805,7998.88,1.20074e-07,498.038
0.889807,7998.92,1.22177e-07,481.958
0.890809,7998.96,1.23918e-07,469.2
0.891809,7999,1.22343e-07,446.998
0.892813,7999.04,1.22079e-07,431.352
0.893815,7999.07,1.15898e-07,417.408
0.894816,7999.11,1.22903e-07,394.168
0.895819,7999.16,1.2998e-07,360.518
0.896821,7999.19,1.17741e-07,339.702
0.897822,7999.22,1.24136e-07,322.912
0.898825,7999.25,1.15631e-07,310.742
0.899825,7999.29,1.23898e-07,285.368
0.90083,7999.33,1.24542e-07,277.862
0.90183,7999.36,1.21816e-07,270.918
0.902833,7999.39,1.20749e-07,251.382
0.903835,7999.44,1.23467e-07,235.432
0.904837,7999.47,1.17008e-07,218.608
0.905839,7999.51,1.26911e-07,210.982
0.906841,7999.53,1.18356e-07,210.55
0.907843,7999.54,1.25776e-07,210.352
0.908844,7999.56,1.22871e-07,202.952
0.909847,7999.58,1.267e-07,195.8
0.910849,7999.59,1.21831e-07,188.582
0.911852,7999.61,1.19697e-07,180.728
0.912854,7999.63,1.18356e-07,178.808
0.913854,7999.64,1.21523e-07,172.918
0.914857,7999.65,1.21019e-07,166.048
0.91586,7999.67,1.27077e-07,158.208
0.916861,7999.69,1.2242e-07,151.328
0.917863,7999.7,1.22492e-07,143
0.918864,7999.72,1.14905e-07,135.672
0.919866,7999.72,1.29812e-07,133.912
0.920869,7999.74,1.20149e-07,127.152
0.921871,7999.75,1.25697e-07,117.75
0.922873,7999.76,1.32252e-07,114.152
0.923876,7999.78,1.18898e-07,104.672
0.924876,7999.79,1.15033e-07,100.368
0.925879,7999.8,1.24945e-07,98
0.926882,7999.82,1.29202e-07,90.438
0.927883,7999.83,1.19542e-07,84.55
0.928884,7999.84,1.23847e-07,79.878
0.929887,7999.85,1.2827e-07,73.142
0.930889,7999.86,1.17949e-07,64.918
0.931891,7999.87,1.23337e-07,61.288
0.932893,7999.87,1.19229e-07,59.808
0.933895,7999.89,1.32207e-07,52.502
0.934898,7999.89,1.17648e-07,51.728
0.935898,7999.89,1.25214e-07,49.382
0.936902,7999.9,1.31272e-07,47.798
0.937902,7999.9,1.17975e-07,46.198
0.938906,7999.91,1.27873e-07,42.128
0.939907,7999.91,1.15432e-07,41.302
0.940909,7999.92,1.30976e-07,37.958
0.941911,7999.92,1.1435e-07,37.112
0.942912,7999.94,1.22253e-07,29.078
0.943915,7999.94,1.30456e-07,27.318
0.944918,7999.94,1.18478e-07,26.432
0.945918,7999.95,1.29869e-07,25.542
0.946921,7999.95,1.10828e-07,24.648
0.947923,7999.95,1.30585e-07,21.942
0.948925,7999.96,1.20472e-07,18.278
0.949926,7999.96,1.15536e-07,18.278
0.950928,7999.96,1.32648e-07,18.278
0.951932,7999.96,1.26272e-07,18.278
0.952933,7999.97,1.18967e-07,16.422
0.953936,7999.97,1.18799e-07,13.608
0.954936,7999.98,1.25682e-07,11.712
0.955939,7999.98,1.19417e-07,8.838
0.956941,7999.98,1.18343e-07,8.838
0.957942,7999.98,1.30702e-07,7.872
0.958945,7999.99,1.22861e-07,5.928
0.959947,7999.99,1.2464e-07,5.928
0.96095,7999.99,1.22102e-07,4.95
0.96195,7999.99,1.16141e-07,2.982
0.962954,8000,1.29414e-07,1.992
0.963954,8000,1.24359e-07,0.998
0.964958,8000,1.2003e-07,0
0.965958,8000,1.23162e-07,0
0.966962,8000,1.24154e-07,0
0.967963,8000,1.20318e-07,0
0.968964,8000,1.2237e-07,0
0.969968,8000,1.21675e-07,0
0.970969,8000,1.19666e-07,0
0.971972,8000,1.28419e-07,0
0.972972,8000,1.22761e-07,0
0.973975,8000,1.22954e-07,0
0.974977,8000,1.21037e-07,0
0.975979,8000,1.20303e-07,0
0.976981,8000,1.24422e-07,0
0.977984,8000,1.2426e-07,0
0.978984,8000,1.21915e-07,0
0.979988,8000,1.28274e-07,0
0.980988,8000,1.10126e-07,0
0.981991,8000,1.29211e-07,0
0.982992,8000,1.24685e-07,0
0.983995,8000,1.20277e-07,0
0.984997,8000,1.24391e-07,0
0.986,8000,1.3352e-07,0
0.987001,8000,1.14828e-07,0
0.988003,8000,1.26743e-07,0
0.989006,8000,1.22315e-07,0
0.990007,8000,1.24168e-07,0
0.991009,8000,1.25603e-07,0
0.992011,8000,1.16624e-07,0
0.993013,8000,1.27055e-07,0
0.994015,8000,1.27273e-07,0
0.995017,8000,1.25562e-07,0
0.996019,8000,1.21451e-07,0
0.997022,8000,1.19233e-07,0
0.998024,8000,1.34524e-07,0
0.999022,8000,3.64032e-08,0
1,8000,0,0
0.163541,174.056,0.724854,4.56228e+06
5.70685,-1,-1,-1
