0,1,0,0
0.0010382,2.896,2.45247e-07,638.592
0.00204327,3.896,2.75614e-07,1504.59
0.00304503,4.778,2.748e-07,2388.36
0.00404857,5.608,2.58644e-07,3861.17
0.00504965,6.382,2.43529e-07,5424.04
0.00605164,7.15,2.64109e-07,7009.75
0.00705326,7.968,2.66228e-07,9543.49
0.00805738,8.748,2.5768e-07,11420.2
0.00905704,9.486,2.53247e-07,13160.9
0.0100623,10.242,2.66463e-07,15341.7
0.0110616,11.132,2.59219e-07,18457.3
0.012064,11.954,2.44582e-07,22269.9
0.0130639,12.776,2.69781e-07,24840.9
0.0140676,13.622,2.45998e-07,28859.6
0.0150697,14.444,2.76234e-07,32571.4
0.0160714,15.344,2.69545e-07,37468.8
0.0170735,16.206,2.62225e-07,42587.8
0.0180751,17.154,2.65938e-07,48433.1
0.0190766,18.064,2.44823e-07,54430
0.0200809,18.912,2.64093e-07,60042.1
0.0210815,20.05,2.5067e-07,69625.8
0.0220843,21.014,2.52612e-07,77988.9
0.0230843,21.948,2.71879e-07,83496.6
0.0240894,23.044,2.51001e-07,93869
0.0250919,24.322,2.71543e-07,107905
0.0260909,25.492,2.68719e-07,120143
0.0270933,26.802,2.39712e-07,135221
0.0280967,27.938,2.32446e-07,145451
0.0290962,29.234,2.623e-07,158700
0.0301009,30.56,2.79013e-07,176395
0.0311021,32.156,2.69295e-07,202820
0.0321042,33.584,2.51684e-07,223193
0.0331047,34.832,2.81409e-07,238876
0.0341076,36.39,2.47765e-07,263511
0.0351105,37.89,2.5626e-07,294239
0.0361105,39.246,2.65056e-07,316215
0.0371139,40.71,2.76629e-07,344801
0.0381147,42.656,2.51881e-07,389903
0.0391169,44.284,2.61285e-07,415532
0.0401197,45.854,2.58877e-07,442582
0.0411211,47.802,2.5722e-07,483071
0.0421231,49.484,2.4782e-07,498481
0.0431252,51.5,2.62059e-07,534341
0.0441283,54.036,2.60496e-07,588481
0.0451295,56.432,2.66823e-07,655257
0.0461316,58.504,2.67331e-07,705251
0.0471323,61.132,2.51775e-07,776883
0.048136,63.008,2.70608e-07,837752
0.0491379,65.516,2.52769e-07,909681
0.0501425,67.964,2.67681e-07,989587
0.0511397,70.918,2.56386e-07,1.06551e+06
0.0521432,74.34,2.54738e-07,1.20495e+06
0.053146,77.52,2.56238e-07,1.33601e+06
0.0541483,81.014,2.60021e-07,1.48146e+06
0.0551475,84.012,2.38115e-07,1.58607e+06
0.0561529,87.59,2.44826e-07,1.71004e+06
0.0571554,91.172,2.55767e-07,1.8607e+06
0.0581549,95.056,2.6974e-07,2.02682e+06
0.0591568,98.272,2.59303e-07,2.13373e+06
0.0601601,102.048,2.62541e-07,2.28596e+06
0.0611607,105.492,2.73804e-07,2.42738e+06
0.0621629,109.678,2.54968e-07,2.61557e+06
0.0631673,113.954,2.71967e-07,2.79717e+06
0.0641673,117.946,2.45301e-07,2.97678e+06
0.0651699,122.284,2.69594e-07,3.18752e+06
0.0661701,126.566,2.53001e-07,3.35836e+06
0.0671734,131.568,2.8488e-07,3.5558e+06
0.0681741,136.348,2.63713e-07,3.7551e+06
0.0691766,141.348,2.82824e-07,3.9879e+06
0.0701803,145.852,2.65189e-07,4.20851e+06
0.0711794,150.144,2.52617e-07,4.41157e+06
0.0721837,154.022,2.40031e-07,4.62093e+06
0.0731852,158.626,2.67665e-07,4.81226e+06
0.0741896,163.934,2.34174e-07,5.04176e+06
0.075192,169.642,2.82304e-07,5.32751e+06
0.0761927,175.406,2.64314e-07,5.52428e+06
0.0771931,180.942,2.69569e-07,5.69287e+06
0.0781958,186.432,2.69301e-07,5.87704e+06
0.0791999,192.402,2.62381e-07,6.13545e+06
0.0801996,199.508,2.66742e-07,6.35447e+06
0.0812009,205.582,2.60896e-07,6.56699e+06
0.0822041,211.624,2.64127e-07,6.8123e+06
0.0832072,216.416,2.60333e-07,7.1215e+06
0.0842083,223.552,2.48812e-07,7.3154e+06
0.0852114,228.966,2.68673e-07,7.55947e+06
0.0862109,235.318,2.61634e-07,7.84834e+06
0.0872138,241.87,2.6647e-07,8.07691e+06
0.0882175,248.014,2.64569e-07,8.34178e+06
0.0892176,254.436,2.55424e-07,8.54647e+06
0.09022,260.948,2.63173e-07,8.70444e+06
0.0912207,269.302,2.59722e-07,8.8519e+06
0.0922227,276.318,2.54429e-07,9.11492e+06
0.0932257,281.984,2.53224e-07,9.44555e+06
0.0942275,288.57,2.73338e-07,9.68957e+06
0.0952286,296.398,2.52826e-07,9.82862e+06
0.0962317,303.606,2.57521e-07,9.99371e+06
0.0972332,311.376,2.55259e-07,1.00808e+07
0.0982346,318.976,2.53391e-07,1.0385e+07
0.0992371,326.652,2.63836e-07,1.04809e+07
0.100241,333.81,2.54126e-07,1.06999e+07
0.101244,341.088,2.57348e-07,1.0837e+07
0.102244,349.604,2.59208e-07,1.09764e+07
0.103246,356.966,2.64323e-07,1.11318e+07
0.104247,366.07,2.41642e-07,1.12607e+07
0.105251,375.022,2.44717e-07,1.13493e+07
0.106252,382.824,2.7033e-07,1.14479e+07
0.107254,391.006,2.54345e-07,1.14305e+07
0.108255,398.08,2.58402e-07,1.15641e+07
0.109257,405.644,2.52848e-07,1.17115e+07
0.11026,414.346,2.55492e-07,1.17928e+07
0.111261,422.346,2.63014e-07,1.17934e+07
0.112263,429.904,2.55453e-07,1.19542e+07
0.113267,438.812,2.67351e-07,1.19226e+07
0.11427,446.544,2.65619e-07,1.20002e+07
0.11527,454.36,2.66901e-07,1.2201e+07
0.116271,461.486,2.50603e-07,1.24618e+07
0.117274,469.118,2.48353e-07,1.25483e+07
0.118275,476.922,2.65345e-07,1.26785e+07
0.11928,486.944,2.60847e-07,1.25842e+07
0.12028,495.66,2.48928e-07,1.25953e+07
0.121281,504.778,2.75223e-07,1.26778e+07
0.122283,513.898,2.52836e-07,1.26573e+07
0.123286,521.856,2.51902e-07,1.2799e+07
0.124287,529.632,2.61663e-07,1.29004e+07
0.125291,537.704,2.75418e-07,1.30838e+07
0.126293,546.416,2.66141e-07,1.31697e+07
0.127294,554.834,2.51164e-07,1.32752e+07
0.128294,563.406,2.53882e-07,1.33251e+07
0.129295,572.6,2.59372e-07,1.32743e+07
0.130301,581.982,2.5512e-07,1.31216e+07
0.131302,590.644,2.85126e-07,1.32e+07
0.132304,598.672,2.38058e-07,1.33296e+07
0.133307,607.21,2.47074e-07,1.33458e+07
0.134307,615.45,2.56175e-07,1.34954e+07
0.135309,623.856,2.51335e-07,1.35591e+07
0.136312,632.98,2.4954e-07,1.36132e+07
0.137315,641.008,2.60342e-07,1.36871e+07
0.138316,650.186,2.66497e-07,1.36071e+07
0.139318,658.204,2.776e-07,1.37144e+07
0.14032,667.24,2.6075e-07,1.37043e+07
0.141323,675.6,2.38374e-07,1.36461e+07
0.142323,683.462,2.55421e-07,1.37778e+07
0.143326,693.1,2.6055e-07,1.36849e+07
0.144327,702.292,2.64067e-07,1.35679e+07
0.14533,712.014,2.58123e-07,1.3345e+07
0.146333,720.864,2.72383e-07,1.35029e+07
0.147335,729.942,2.45595e-07,1.3482e+07
0.148337,739.27,2.51137e-07,1.32869e+07
0.149338,748.068,2.63455e-07,1.32729e+07
0.150342,757.608,2.6547e-07,1.32635e+07
0.151343,767.17,2.5644e-07,1.32411e+07
0.152344,775.546,2.83532e-07,1.33329e+07
0.153344,784.326,2.57685e-07,1.33629e+07
0.154346,792.9,2.76527e-07,1.34615e+07
0.155352,801.932,2.4023e-07,1.35316e+07
0.156352,810.94,2.74913e-07,1.35691e+07
0.157355,820.214,2.52487e-07,1.34705e+07
0.158357,829.668,2.59934e-07,1.32328e+07
0.159357,839.084,2.53725e-07,1.30843e+07
0.16036,848.304,2.54643e-07,1.31261e+07
0.161362,857.322,2.72846e-07,1.31412e+07
0.162363,866.444,2.64012e-07,1.31632e+07
0.163365,875.9,2.48757e-07,1.31282e+07
0.164368,885.03,2.51177e-07,1.31091e+07
0.165369,893.86,2.5175e-07,1.31743e+07
0.166374,903.304,2.77425e-07,1.32693e+07
0.167373,912.298,2.57084e-07,1.33733e+07
0.168377,921.164,2.62277e-07,1.3397e+07
0.169378,930.368,2.63613e-07,1.35593e+07
0.170382,940,2.72702e-07,1.35633e+07
0.171384,949.636,2.77701e-07,1.36509e+07
0.172384,958.932,2.78872e-07,1.36459e+07
0.173385,968.152,2.62229e-07,1.37108e+07
0.174388,976.588,2.63855e-07,1.37977e+07
0.175391,985.676,2.57662e-07,1.39413e+07
0.176393,995.068,2.66328e-07,1.39431e+07
0.177395,1004.16,2.55797e-07,1.39552e+07
0.178397,1013.52,2.5695e-07,1.40187e+07
0.179399,1022.39,2.56167e-07,1.40546e+07
0.180399,1031.52,2.54342e-07,1.40837e+07
0.181403,1040.59,2.4968e-07,1.40202e+07
0.182403,1049.76,2.58289e-07,1.4109e+07
0.183405,1059.08,2.71876e-07,1.40081e+07
0.184408,1069.14,2.56341e-07,1.38813e+07
0.18541,1078.77,2.64615e-07,1.38253e+07
0.186413,1088.1,2.53405e-07,1.39142e+07
0.187415,1097.33,2.84598e-07,1.39198e+07
0.188416,1106.78,2.58661e-07,1.39548e+07
0.189418,1115.97,2.55736e-07,1.40385e+07
0.190419,1125.25,2.42239e-07,1.41123e+07
0.191422,1134.67,2.52476e-07,1.40746e+07
0.192426,1144.07,2.64399e-07,1.41255e+07
0.193426,1153.57,2.57095e-07,1.41454e+07
0.194429,1163.77,2.52171e-07,1.41399e+07
0.195431,1173.14,2.76185e-07,1.4089e+07
0.196432,1183,2.51887e-07,1.41012e+07
0.197434,1192.43,2.52144e-07,1.40717e+07
0.198435,1201.72,2.66497e-07,1.40944e+07
0.199441,1211.39,2.42029e-07,1.41901e+07
0.20044,1221.32,2.69849e-07,1.41616e+07
0.201443,1230.52,2.6669e-07,1.42105e+07
0.202444,1240.66,2.47405e-07,1.42155e+07
0.203448,1250.06,2.58862e-07,1.42677e+07
0.204447,1259.41,2.50042e-07,1.42303e+07
0.205449,1268.83,2.54907e-07,1.42216e+07
0.206452,1278.73,2.5453e-07,1.42652e+07
0.207453,1288.75,2.58888e-07,1.42652e+07
0.208454,1299.39,2.46673e-07,1.38971e+07
0.209458,1309.2,2.4893e-07,1.3861e+07
0.210462,1319.29,2.3557e-07,1.38389e+07
0.211462,1329.09,2.63266e-07,1.39344e+07
0.212464,1338.77,2.76118e-07,1.39189e+07
0.213464,1348.29,2.40427e-07,1.39877e+07
0.214469,1357.81,2.34419e-07,1.4113e+07
0.215471,1367.01,2.6822e-07,1.4145e+07
0.216471,1376.51,2.54734e-07,1.42228e+07
0.217475,1385.98,2.63987e-07,1.42416e+07
0.218475,1395.53,2.59347e-07,1.43168e+07
0.219478,1405.17,2.62027e-07,1.4291e+07
0.220479,1415.06,2.48607e-07,1.43046e+07
0.221482,1424.93,2.68626e-07,1.42914e+07
0.222483,1435.03,2.58451e-07,1.42927e+07
0.223485,1444.76,2.52679e-07,1.43274e+07
0.224487,1454.69,2.5508e-07,1.43554e+07
0.225493,1464.33,2.66181e-07,1.43803e+07
0.226493,1473.88,2.49222e-07,1.44451e+07
0.227495,1484.02,2.41367e-07,1.43531e+07
0.228499,1493.5,2.6998e-07,1.43964e+07
0.229499,1503.26,2.46609e-07,1.43777e+07
0.2305,1513.13,2.52281e-07,1.43875e+07
0.231503,1523.19,2.59537e-07,1.43539e+07
0.232504,1533.35,2.68447e-07,1.43613e+07
0.233508,1543.25,2.64576e-07,1.42717e+07
0.234508,1553.29,2.57465e-07,1.4335e+07
0.23551,1563.27,2.48684e-07,1.43443e+07
0.236513,1573.15,2.64257e-07,1.43629e+07
0.237515,1583.35,2.59887e-07,1.43559e+07
0.238517,1593.81,2.55266e-07,1.41777e+07
0.239519,1603.8,2.69321e-07,1.42157e+07
0.240522,1614.37,2.51493e-07,1.41655e+07
0.241522,1624.13,2.69021e-07,1.42483e+07
0.242523,1634.35,2.56711e-07,1.42537e+07
0.243527,1644.48,2.58488e-07,1.41069e+07
0.24453,1654.35,2.56618e-07,1.42175e+07
0.245531,1664.82,2.55752e-07,1.41687e+07
0.246534,1675.2,2.65781e-07,1.41988e+07
0.247533,1685.88,2.40654e-07,1.42077e+07
0.248535,1696.27,2.71434e-07,1.41635e+07
0.249538,1706.19,2.5474e-07,1.42328e+07
0.250539,1716.36,2.75662e-07,1.42445e+07
0.251542,1726.17,2.61927e-07,1.42675e+07
0.252546,1736.35,2.57923e-07,1.42952e+07
0.253544,1746.95,2.57957e-07,1.42698e+07
0.254549,1756.86,2.55223e-07,1.42959e+07
0.25555,1767.1,2.69107e-07,1.42927e+07
0.256551,1777.42,2.45905e-07,1.4371e+07
0.257554,1787.64,2.57215e-07,1.43166e+07
0.258555,1797.59,2.55546e-07,1.43101e+07
0.259559,1807.92,2.66989e-07,1.43575e+07
0.26056,1818,2.57952e-07,1.43705e+07
0.261563,1828.53,2.5298e-07,1.43488e+07
0.262565,1838.44,2.58041e-07,1.44002e+07
0.263566,1848.66,2.4949e-07,1.43717e+07
0.26457,1859.18,2.48121e-07,1.44286e+07
0.265571,1869.32,2.67764e-07,1.44234e+07
0.266571,1879.33,2.4071e-07,1.44554e+07
0.267573,1889.32,2.54946e-07,1.44894e+07
0.268577,1899.64,2.63844e-07,1.44761e+07
0.269579,1909.86,2.6196e-07,1.44279e+07
0.27058,1920.09,2.52692e-07,1.44647e+07
0.271583,1930.33,2.51596e-07,1.44637e+07
0.272586,1940.91,2.50882e-07,1.44098e+07
0.273585,1951.34,2.69044e-07,1.43986e+07
0.274589,1961.77,2.61857e-07,1.4373e+07
0.275592,1971.91,2.63492e-07,1.43996e+07
0.276593,1982.83,2.56355e-07,1.43102e+07
0.277596,1993.07,2.51636e-07,1.42342e+07
0.278597,2003.74,2.65006e-07,1.41618e+07
0.279599,2013.79,2.7804e-07,1.42056e+07
0.2806,2024.3,2.52862e-07,1.41631e+07
0.281602,2034.65,2.67827e-07,1.41459e+07
0.282604,2044.76,2.61101e-07,1.40488e+07
0.283606,2054.97,2.49082e-07,1.40244e+07
0.284608,2065.41,2.5237e-07,1.40212e+07
0.285612,2076.38,2.65462e-07,1.39797e+07
0.286612,2086.97,2.55943e-07,1.39165e+07
0.287614,2097.59,2.57824e-07,1.39272e+07
0.288616,2107.95,2.58952e-07,1.39581e+07
0.28962,2118.44,2.522e-07,1.39584e+07
0.290621,2128.87,2.71441e-07,1.39998e+07
0.291622,2139.45,2.55692e-07,1.39957e+07
0.292624,2149.64,2.65125e-07,1.39568e+07
0.293625,2159.79,2.63031e-07,1.39611e+07
0.294628,2170.55,2.52572e-07,1.39331e+07
0.29563,2181.15,2.73196e-07,1.39594e+07
0.296633,2191.46,2.65192e-07,1.39481e+07
0.297634,2201.95,2.5839e-07,1.39516e+07
0.298636,2212.37,2.62103e-07,1.38494e+07
0.299638,2222.62,2.6227e-07,1.38809e+07
0.300641,2232.79,2.49548e-07,1.38937e+07
0.301643,2243.08,2.64616e-07,1.38475e+07
0.302646,2253.35,2.46479e-07,1.38334e+07
0.303649,2263.69,2.52564e-07,1.38042e+07
0.304649,2274.09,2.86657e-07,1.38039e+07
0.305648,2284.33,2.40057e-07,1.38148e+07
0.306652,2294.69,2.43793e-07,1.37866e+07
0.307655,2305.66,2.43522e-07,1.37358e+07
0.308655,2316.06,2.45305e-07,1.37081e+07
0.309661,2327.07,2.55914e-07,1.36539e+07
0.31066,2338.04,2.66495e-07,1.36374e+07
0.311662,2349.14,2.63644e-07,1.35214e+07
0.312664,2360.44,2.54112e-07,1.35512e+07
0.313668,2371.07,2.47644e-07,1.3513e+07
0.314666,2381.88,2.56254e-07,1.3552e+07
0.31567,2392.37,2.39248e-07,1.35633e+07
0.31667,2402.75,2.54786e-07,1.35108e+07
0.317674,2413.47,2.53823e-07,1.34831e+07
0.318676,2423.96,2.5873e-07,1.34482e+07
0.319679,2434.54,2.77852e-07,1.33622e+07
0.320682,2445.21,2.47355e-07,1.33485e+07
0.321681,2456.07,2.44144e-07,1.33471e+07
0.322685,2466.51,2.67893e-07,1.33589e+07
0.323686,2476.88,2.60601e-07,1.33911e+07
0.324688,2487.45,2.52124e-07,1.32911e+07
0.32569,2498.48,2.5674e-07,1.33041e+07
0.326693,2509.17,2.54522e-07,1.32772e+07
0.327694,2519.72,2.69623e-07,1.33738e+07
0.328696,2530.39,2.50437e-07,1.33586e+07
0.329697,2541.33,2.70596e-07,1.33084e+07
0.3307,2551.64,2.61708e-07,1.33302e+07
0.331702,2562.63,2.55692e-07,1.33242e+07
0.332705,2573.4,2.7742e-07,1.33019e+07
0.333706,2584.14,2.75573e-07,1.3348e+07
0.334709,2594.93,2.66618e-07,1.32715e+07
0.335711,2605.37,2.56404e-07,1.32899e+07
0.336714,2616.05,2.56156e-07,1.32027e+07
0.337714,2627.27,2.6619e-07,1.31472e+07
0.338716,2637.46,2.60078e-07,1.31281e+07
0.339718,2648.11,2.60248e-07,1.31036e+07
0.340722,2658.96,2.66371e-07,1.30782e+07
0.341725,2669.69,2.56577e-07,1.30599e+07
0.342727,2680.43,2.5912e-07,1.30293e+07
0.343728,2691.47,2.47375e-07,1.29747e+07
0.34473,2702.3,2.67416e-07,1.29777e+07
0.345731,2712.98,2.52497e-07,1.29899e+07
0.346733,2723.2,2.4349e-07,1.30137e+07
0.347734,2733.74,2.67516e-07,1.30849e+07
0.348736,2744.54,2.50113e-07,1.30064e+07
0.34974,2755.26,2.67566e-07,1.29383e+07
0.350743,2766.15,2.62766e-07,1.28798e+07
0.351743,2776.77,2.5466e-07,1.28696e+07
0.352746,2787.33,2.54788e-07,1.28769e+07
0.353748,2798.64,2.65607e-07,1.28651e+07
0.354748,2809.56,2.6039e-07,1.28629e+07
0.355751,2820.65,2.54232e-07,1.28303e+07
0.356753,2831.43,2.52423e-07,1.27808e+07
0.357756,2842.32,2.61986e-07,1.27545e+07
0.358758,2853.03,2.39518e-07,1.27418e+07
0.35976,2863.32,2.69743e-07,1.27372e+07
0.36076,2874.15,2.59854e-07,1.2734e+07
0.361764,2885.21,2.54937e-07,1.27423e+07
0.362764,2895.9,2.72384e-07,1.27753e+07
0.363766,2906.79,2.57218e-07,1.27219e+07
0.364769,2917.61,2.69227e-07,1.2658e+07
0.365771,2928.53,2.73899e-07,1.26501e+07
0.366773,2939.55,2.58448e-07,1.26786e+07
0.367775,2950.69,2.54964e-07,1.26783e+07
0.368775,2961.26,2.54568e-07,1.26962e+07
0.369779,2972.14,2.61466e-07,1.27215e+07
0.370782,2983.13,2.62331e-07,1.27004e+07
0.371784,2994.35,2.61663e-07,1.26915e+07
0.372785,3005.29,2.43702e-07,1.27095e+07
0.373787,3016.18,2.54173e-07,1.26982e+07
0.37479,3027.34,2.66593e-07,1.26635e+07
0.375792,3038.3,2.68603e-07,1.26695e+07
0.376794,3049.28,2.4353e-07,1.26142e+07
0.377795,3060.04,2.72451e-07,1.26533e+07
0.378798,3070.41,2.53604e-07,1.26784e+07
0.379798,3081.34,2.54154e-07,1.26988e+07
0.3808,3092.15,2.69642e-07,1.26766e+07
0.381803,3102.91,2.54467e-07,1.26408e+07
0.382806,3113.69,2.36439e-07,1.25944e+07
0.383808,3124.61,2.59052e-07,1.25409e+07
0.384808,3135.56,2.58847e-07,1.25541e+07
0.38581,3146.04,2.2722e-07,1.25402e+07
0.386813,3156.91,2.4279e-07,1.25672e+07
0.387814,3167.59,2.40263e-07,1.26134e+07
0.388818,3178.55,2.68848e-07,1.26575e+07
0.38982,3189.45,2.54312e-07,1.25887e+07
0.390821,3200.3,2.8136e-07,1.25221e+07
0.391825,3210.94,2.56293e-07,1.23791e+07
0.392824,3222,2.5872e-07,1.23782e+07
0.393827,3232.97,2.65743e-07,1.23152e+07
0.394828,3243.99,2.45094e-07,1.23399e+07
0.395832,3254.78,2.50564e-07,1.23423e+07
0.396833,3265.78,2.55566e-07,1.23171e+07
0.397836,3276.42,2.63169e-07,1.23093e+07
0.398839,3287.43,2.62506e-07,1.2272e+07
0.39984,3298.4,2.74659e-07,1.23127e+07
0.400841,3309.16,2.69176e-07,1.22762e+07
0.401843,3320.28,2.56906e-07,1.22849e+07
0.402844,3330.94,2.50611e-07,1.22611e+07
0.403846,3341.89,2.71703e-07,1.22326e+07
0.404849,3352.97,2.60106e-07,1.22182e+07
0.40585,3363.46,2.49071e-07,1.22374e+07
0.406852,3374.31,2.69438e-07,1.21888e+07
0.407853,3385.26,2.60324e-07,1.21748e+07
0.408857,3395.99,2.53184e-07,1.21736e+07
0.409861,3406.73,2.53891e-07,1.21118e+07
0.410862,3418.05,2.67157e-07,1.20407e+07
0.411865,3428.99,2.625e-07,1.20386e+07
0.412865,3439.73,2.56098e-07,1.20503e+07
0.413867,3450.59,2.78572e-07,1.20367e+07
0.414869,3461.23,2.58228e-07,1.2035e+07
0.415872,3471.78,2.45663e-07,1.19629e+07
0.416871,3483.08,2.73349e-07,1.19266e+07
0.417874,3494.2,2.63607e-07,1.18686e+07
0.418878,3505.31,2.54383e-07,1.17944e+07
0.419881,3516.23,2.78256e-07,1.18483e+07
0.42088,3527.34,2.5342e-07,1.18265e+07
0.421884,3538.23,2.66468e-07,1.18295e+07
0.422885,3549.27,2.69216e-07,1.17774e+07
0.423888,3560.3,2.74269e-07,1.18657e+07
0.424888,3571.25,2.53576e-07,1.1804e+07
0.425892,3582.22,2.61646e-07,1.17172e+07
0.426893,3592.95,2.60933e-07,1.16662e+07
0.427896,3603.6,2.64029e-07,1.16798e+07
0.428897,3614.23,2.63315e-07,1.16547e+07
0.429897,3625.29,2.55237e-07,1.16425e+07
0.4309,3635.99,2.68563e-07,1.1585e+07
0.431901,3647.1,2.51955e-07,1.15472e+07
0.432905,3657.74,2.65123e-07,1.15281e+07
0.433906,3668.4,2.5037e-07,1.15076e+07
0.43491,3679.2,2.4501e-07,1.15769e+07
0.435912,3690.14,2.67781e-07,1.15745e+07
0.436912,3700.81,2.45598e-07,1.15237e+07
0.437915,3711.62,2.63546e-07,1.15231e+07
0.438918,3722.35,2.518e-07,1.15073e+07
0.439919,3733.2,2.59515e-07,1.14718e+07
0.440921,3744.32,2.59944e-07,1.14209e+07
0.441924,3755.38,2.54285e-07,1.13464e+07
0.442924,3766.36,2.69949e-07,1.13685e+07
0.443929,3777.28,2.54693e-07,1.13301e+07
0.444928,3788.08,2.50065e-07,1.12945e+07
0.445931,3799.03,2.56213e-07,1.11926e+07
0.446932,3809.74,2.70476e-07,1.11531e+07
0.447937,3820.55,2.51259e-07,1.11494e+07
0.448935,3831.27,2.76968e-07,1.11181e+07
0.449939,3842.28,2.72779e-07,1.10756e+07
0.450942,3853.18,2.5588e-07,1.10529e+07
0.451943,3863.93,2.52426e-07,1.10384e+07
0.452947,3874.62,2.47353e-07,1.10144e+07
0.453947,3885.6,2.58136e-07,1.09606e+07
0.454949,3896.21,2.42223e-07,1.09135e+07
0.455951,3906.85,2.58797e-07,1.08735e+07
0.456954,3917.48,2.6431e-07,1.07667e+07
0.457955,3928.2,2.55072e-07,1.07806e+07
0.458958,3938.9,2.56305e-07,1.07421e+07
0.459959,3949.58,2.52133e-07,1.07248e+07
0.460961,3960.35,2.51261e-07,1.0716e+07
0.461963,3970.97,2.5353e-07,1.06454e+07
0.462963,3981.49,2.64443e-07,1.06531e+07
0.463967,3992.06,2.59802e-07,1.06343e+07
0.464969,4002.67,2.56189e-07,1.06311e+07
0.465972,4013.55,2.69084e-07,1.05788e+07
0.466974,4023.91,2.67458e-07,1.057e+07
0.467974,4034.75,2.61657e-07,1.05588e+07
0.468977,4045.79,2.71339e-07,1.04975e+07
0.469979,4056.54,2.46375e-07,1.04525e+07
0.47098,4067.36,2.50422e-07,1.04264e+07
0.471984,4078.28,2.51112e-07,1.0396e+07
0.472985,4089.16,2.68346e-07,1.04032e+07
0.473988,4099.56,2.5284e-07,1.03884e+07
0.474988,4110.23,2.39164e-07,1.03347e+07
0.475991,4121.2,2.56602e-07,1.0351e+07
0.476993,4132.12,2.65613e-07,1.02939e+07
0.477994,4142.83,2.43385e-07,1.02786e+07
0.478997,4153.65,2.71049e-07,1.02877e+07
0.479999,4164.83,2.6735e-07,1.02613e+07
0.481002,4175.69,2.67256e-07,1.0262e+07
0.482004,4186.24,2.59841e-07,1.02569e+07
0.483005,4197.07,2.68199e-07,1.02768e+07
0.484006,4208.04,2.64039e-07,1.0212e+07
0.485009,4219.22,2.65535e-07,1.01431e+07
0.486009,4230.14,2.57634e-07,1.01625e+07
0.487014,4241.22,2.42825e-07,1.01352e+07
0.488014,4251.7,2.41045e-07,1.01059e+07
0.489017,4262.74,2.68837e-07,1.008e+07
0.490018,4273.47,2.4751e-07,1.00278e+07
0.491022,4284.45,2.52215e-07,1.00671e+07
0.492022,4295.47,2.6056e-07,1.00772e+07
0.493025,4306.38,2.49277e-07,1.00736e+07
0.494026,4316.99,2.6495e-07,1.00211e+07
0.495027,4327.69,2.55252e-07,1.00238e+07
0.49603,4338.23,2.47106e-07,9.97942e+06
0.497033,4348.82,2.72281e-07,9.95229e+06
0.498034,4359.63,2.41644e-07,9.88024e+06
0.499037,4370.43,2.67531e-07,9.85689e+06
0.50004,4381.77,3.60128e-07,9.78961e+06
0.501042,4392.39,2.68845e-07,9.7364e+06
0.502045,4402.82,2.4513e-07,9.72818e+06
0.503046,4413.46,2.74183e-07,9.7243e+06
0.504049,4424.37,2.47275e-07,9.69832e+06
0.505052,4435.27,2.54716e-07,9.66033e+06
0.506053,4446.03,2.66223e-07,9.55288e+06
0.507054,4457.23,2.48469e-07,9.46876e+06
0.508057,4468.04,2.60906e-07,9.40172e+06
0.509057,4478.81,2.51022e-07,9.3747e+06
0.510061,4489.72,2.4866e-07,9.34753e+06
0.511062,4500.62,2.68154e-07,9.34216e+06
0.512064,4511.01,2.41933e-07,9.34774e+06
0.513065,4521.37,2.44647e-07,9.30531e+06
0.51407,4532.14,2.59458e-07,9.25573e+06
0.51507,4542.89,2.60884e-07,9.23192e+06
0.516073,4553.73,2.63155e-07,9.18029e+06
0.517073,4564.31,2.67546e-07,9.17372e+06
0.518075,4575.1,2.63083e-07,9.16427e+06
0.519077,4585.69,2.68929e-07,9.14518e+06
0.52008,4596.32,2.68002e-07,9.12045e+06
0.521082,4607.28,2.70897e-07,9.11763e+06
0.522085,4618.03,2.43088e-07,9.10807e+06
0.523085,4628.7,2.61134e-07,9.02718e+06
0.524088,4639.35,2.59486e-07,9.02925e+06
0.525091,4649.81,2.38919e-07,8.98159e+06
0.526091,4659.85,2.50969e-07,8.95036e+06
0.527094,4670.33,2.68707e-07,8.87097e+06
0.528095,4681.27,2.48771e-07,8.79123e+06
0.529099,4691.91,2.51093e-07,8.72607e+06
0.5301,4702.92,2.45656e-07,8.69693e+06
0.531102,4713.37,2.69181e-07,8.6631e+06
0.532105,4724.01,2.61745e-07,8.63944e+06
0.533105,4734.54,2.65382e-07,8.61064e+06
0.534107,4745.18,2.72974e-07,8.58185e+06
0.53511,4755.73,2.53549e-07,8.53723e+06
0.536111,4766.07,2.56477e-07,8.48036e+06
0.537116,4777.09,2.62974e-07,8.43589e+06
0.538116,4787.74,2.52515e-07,8.43622e+06
0.539118,4798.4,2.52732e-07,8.43016e+06
0.54012,4809.11,2.49823e-07,8.4115e+06
0.541121,4819.61,2.55595e-07,8.36967e+06
0.542124,4830.19,2.55138e-07,8.33568e+06
0.543125,4840.74,2.6351e-07,8.2971e+06
0.544128,4851.18,2.60238e-07,8.33028e+06
0.54513,4861.62,2.39361e-07,8.38194e+06
0.546132,4872.19,2.59251e-07,8.35749e+06
0.547132,4882.58,2.48757e-07,8.33665e+06
0.548136,4892.77,2.52725e-07,8.28098e+06
0.549137,4902.88,2.58099e-07,8.25698e+06
0.55014,4913.55,2.71373e-07,8.20515e+06
0.551143,4924.04,2.76835e-07,8.17677e+06
0.552142,4934.37,2.50468e-07,8.13845e+06
0.553147,4944.98,2.67455e-07,8.10887e+06
0.554148,4955.47,2.5724e-07,8.07839e+06
0.555151,4965.75,2.52272e-07,8.03067e+06
0.55615,4976.5,2.50912e-07,7.97415e+06
0.557155,4987.21,2.73977e-07,7.95443e+06
0.558155,4997.76,2.53799e-07,7.91644e+06
0.559158,5008.18,2.56598e-07,7.87881e+06
0.56016,5018.41,2.61335e-07,7.85861e+06
0.561161,5028.8,2.52679e-07,7.82361e+06
0.562164,5039.21,2.62536e-07,7.82185e+06
0.563166,5049.52,2.45478e-07,7.77289e+06
0.564167,5060.26,2.73595e-07,7.69322e+06
0.565169,5070.64,2.45817e-07,7.66634e+06
0.566173,5081.11,2.46113e-07,7.7124e+06
0.567174,5091.52,2.62504e-07,7.69007e+06
0.568178,5101.94,2.49839e-07,7.63916e+06
0.569179,5112.6,2.62341e-07,7.65205e+06
0.570182,5123.04,2.54407e-07,7.63247e+06
0.571182,5133.17,2.59917e-07,7.58746e+06
0.572183,5143.57,2.64777e-07,7.5602e+06
0.573186,5153.71,2.58936e-07,7.55898e+06
0.574187,5163.94,2.58899e-07,7.51768e+06
0.575191,5174.4,2.51819e-07,7.46189e+06
0.576191,5184.8,2.7266e-07,7.40211e+06
0.577194,5195.31,2.69796e-07,7.36014e+06
0.578195,5205.66,2.66677e-07,7.31868e+06
0.579199,5216.02,2.53798e-07,7.26359e+06
0.580198,5226.2,2.78282e-07,7.19787e+06
0.581201,5236.26,2.55647e-07,7.158e+06
0.582204,5246.65,2.6213e-07,7.13388e+06
0.583208,5257.17,2.74897e-07,7.07064e+06
0.584207,5267.58,2.45334e-07,7.0209e+06
0.58521,5277.71,2.5708e-07,7.00092e+06
0.586212,5288.07,2.8033e-07,6.96614e+06
0.587214,5298.46,2.61361e-07,6.89678e+06
0.588214,5308.56,2.64369e-07,6.87569e+06
0.589217,5319.03,2.66308e-07,6.85193e+06
0.590218,5329.15,2.55156e-07,6.81776e+06
0.591221,5339.53,2.57376e-07,6.7848e+06
0.592226,5349.66,2.60107e-07,6.7376e+06
0.593227,5359.4,2.69516e-07,6.72529e+06
0.594229,5369.53,2.49257e-07,6.72372e+06
0.59523,5379.85,2.61874e-07,6.68459e+06
0.596233,5390.12,2.72966e-07,6.64622e+06
0.597235,5400.07,2.53921e-07,6.6267e+06
0.598236,5410.3,2.57635e-07,6.62046e+06
0.599238,5420.81,2.7111e-07,6.54901e+06
0.600238,5431.16,2.74438e-07,6.48163e+06
0.60124,5441.66,2.58902e-07,6.42964e+06
0.602243,5451.58,2.63859e-07,6.40239e+06
0.603246,5461.84,2.56432e-07,6.39244e+06
0.604247,5472.13,2.4653e-07,6.37558e+06
0.605251,5482.18,2.41362e-07,6.37603e+06
0.606252,5492.02,2.6042e-07,6.3104e+06
0.607255,5502.13,2.59934e-07,6.27567e+06
0.608254,5512.51,2.52859e-07,6.23071e+06
0.609258,5522.6,2.79344e-07,6.1874e+06
0.610259,5532.33,2.54641e-07,6.15159e+06
0.611261,5542.45,2.65438e-07,6.10165e+06
0.612264,5552.9,2.40406e-07,6.03414e+06
0.613266,5562.7,2.41313e-07,5.98703e+06
0.614269,5572.61,2.28586e-07,5.96721e+06
0.615271,5582.6,2.56424e-07,5.9406e+06
0.61627,5592.73,2.60428e-07,5.92774e+06
0.617273,5602.68,2.39094e-07,5.90198e+06
0.618276,5612.64,2.5304e-07,5.89786e+06
0.619279,5622.73,2.7126e-07,5.86879e+06
0.620281,5632.45,2.54861e-07,5.8275e+06
0.621281,5642.49,2.53079e-07,5.82454e+06
0.622284,5652.33,2.73065e-07,5.78335e+06
0.623285,5662.42,2.42263e-07,5.78195e+06
0.624287,5672.56,2.69426e-07,5.70101e+06
0.625289,5682.63,2.68871e-07,5.67623e+06
0.626292,5692.62,2.55146e-07,5.61353e+06
0.627294,5702.33,2.47343e-07,5.5916e+06
0.628295,5712.28,2.63116e-07,5.58402e+06
0.629297,5721.92,2.61019e-07,5.57763e+06
0.6303,5731.71,2.60556e-07,5.54824e+06
0.631304,5741.54,2.51502e-07,5.5385e+06
0.632304,5751.37,2.5476e-07,5.54362e+06
0.633306,5760.99,2.55802e-07,5.53e+06
0.634308,5770.8,2.7004e-07,5.50802e+06
0.63531,5780.4,2.65778e-07,5.48929e+06
0.636313,5790.27,2.54104e-07,5.44558e+06
0.637315,5800.15,2.6956e-07,5.41138e+06
0.638315,5810.01,2.51518e-07,5.37315e+06
0.639319,5819.97,2.62054e-07,5.35559e+06
0.640319,5829.8,2.68285e-07,5.33095e+06
0.641321,5839.75,2.38326e-07,5.27869e+06
0.642323,5849.27,2.60818e-07,5.26638e+06
0.643326,5858.95,2.51522e-07,5.25191e+06
0.644328,5868.35,2.52285e-07,5.22704e+06
0.645331,5878.29,2.634e-07,5.17954e+06
0.646331,5888,2.65034e-07,5.14505e+06
0.647333,5897.52,2.55427e-07,5.07877e+06
0.648336,5907.45,2.54784e-07,5.00747e+06
0.649336,5917.38,2.63239e-07,4.97108e+06
0.650339,5927.05,2.70256e-07,4.95161e+06
0.651343,5936.65,2.47124e-07,4.92913e+06
0.652345,5946.16,2.6401e-07,4.90258e+06
0.653346,5955.78,2.42789e-07,4.87926e+06
0.654348,5965.48,2.51292e-07,4.86637e+06
0.655349,5974.75,2.6646e-07,4.85268e+06
0.656351,5984.26,2.49517e-07,4.84675e+06
0.657352,5993.78,2.5526e-07,4.82747e+06
0.658354,6003.42,2.55724e-07,4.78971e+06
0.659357,6012.84,2.64861e-07,4.74729e+06
0.660361,6022.33,2.56757e-07,4.75988e+06
0.661363,6031.91,2.58211e-07,4.7353e+06
0.662365,6041.42,2.65632e-07,4.69701e+06
0.663364,6051.19,2.55727e-07,4.65063e+06
0.664368,6060.68,2.52291e-07,4.59987e+06
0.66537,6070.76,2.64802e-07,4.57083e+06
0.666373,6080.21,2.72373e-07,4.53864e+06
0.667373,6089.69,2.77414e-07,4.46922e+06
0.668376,6098.76,2.56429e-07,4.48746e+06
0.669379,6108.07,2.619e-07,4.49149e+06
0.670381,6117.29,2.72236e-07,4.45178e+06
0.671383,6126.68,2.5158e-07,4.43773e+06
0.672385,6135.85,2.70764e-07,4.40908e+06
0.673386,6145.35,2.56195e-07,4.39858e+06
0.674389,6154.84,2.56874e-07,4.36634e+06
0.675391,6163.94,2.51975e-07,4.33548e+06
0.676393,6172.99,2.59855e-07,4.30163e+06
0.677394,6182.09,2.62915e-07,4.27994e+06
0.678398,6191.56,2.44983e-07,4.23575e+06
0.679397,6200.74,2.47045e-07,4.18854e+06
0.6804,6210.11,2.76974e-07,4.17053e+06
0.681402,6219.17,2.56746e-07,4.11907e+06
0.682405,6228.48,2.51831e-07,4.04435e+06
0.683408,6237.68,2.55782e-07,4.01037e+06
0.684408,6246.66,2.38019e-07,3.95758e+06
0.685413,6256.18,2.58338e-07,3.95854e+06
0.686411,6265.33,2.45852e-07,3.93531e+06
0.687415,6274.5,2.53487e-07,3.90907e+06
0.688417,6283.55,2.66688e-07,3.89437e+06
0.689419,6292.67,2.68096e-07,3.87729e+06
0.690418,6301.61,2.55609e-07,3.86448e+06
0.691424,6310.75,2.43335e-07,3.84837e+06
0.692424,6320.07,2.46301e-07,3.80696e+06
0.693427,6329.01,2.44772e-07,3.78335e+06
0.694431,6337.95,2.3964e-07,3.73657e+06
0.69543,6347.06,2.88315e-07,3.69893e+06
0.69643,6356.3,2.51386e-07,3.68914e+06
0.697433,6365.47,2.49085e-07,3.66835e+06
0.698436,6374.47,2.62615e-07,3.66567e+06
0.699438,6383.6,2.50003e-07,3.63692e+06
0.700441,6392.48,2.58254e-07,3.60994e+06
0.701443,6401.47,2.60278e-07,3.58583e+06
0.702445,6410.45,2.59804e-07,3.54674e+06
0.703446,6419.42,2.68242e-07,3.50128e+06
0.704449,6428.91,2.71616e-07,3.46481e+06
0.705451,6437.77,2.55219e-07,3.43834e+06
0.706454,6446.57,2.60118e-07,3.41551e+06
0.707455,6455.3,2.63411e-07,3.39419e+06
0.708457,6464.26,2.55591e-07,3.35731e+06
0.709458,6473.04,2.6889e-07,3.3267e+06
0.710459,6482.11,2.55189e-07,3.30292e+06
0.711463,6490.67,2.59579e-07,3.28943e+06
0.712465,6499.2,2.57379e-07,3.26966e+06
0.713467,6507.79,2.57215e-07,3.23752e+06
0.714467,6516.25,2.66733e-07,3.22414e+06
0.715471,6524.9,2.54943e-07,3.21389e+06
0.716473,6533.45,2.48786e-07,3.22077e+06
0.717474,6541.95,2.62548e-07,3.19805e+06
0.718477,6550.97,2.6815e-07,3.16961e+06
0.719478,6559.51,2.49832e-07,3.12397e+06
0.72048,6568.29,2.79602e-07,3.1106e+06
0.721482,6576.97,2.64503e-07,3.08348e+06
0.722483,6585.43,2.51787e-07,3.09035e+06
0.723486,6593.93,2.58843e-07,3.0708e+06
0.724487,6602.43,2.63385e-07,3.06395e+06
0.72549,6611.06,2.60652e-07,3.03213e+06
0.726494,6619.88,2.6914e-07,3.01623e+06
0.727493,6628.82,2.52138e-07,2.99262e+06
0.728496,6637.44,2.5204e-07,2.9616e+06
0.729499,6646.31,2.53963e-07,2.9367e+06
0.7305,6654.78,2.59629e-07,2.91436e+06
0.731502,6663.35,2.65064e-07,2.87758e+06
0.732505,6672.23,2.55299e-07,2.86966e+06
0.733508,6680.4,2.43985e-07,2.85059e+06
0.734508,6689.13,2.68977e-07,2.79567e+06
0.735509,6697.73,2.4577e-07,2.76709e+06
0.736513,6706.13,2.48829e-07,2.73424e+06
0.737514,6714.27,2.61027e-07,2.69483e+06
0.738516,6722.54,2.564e-07,2.65287e+06
0.739519,6730.96,2.57396e-07,2.65826e+06
0.74052,6739.15,2.65144e-07,2.63557e+06
0.741524,6747.48,2.56732e-07,2.60425e+06
0.742525,6755.59,2.58643e-07,2.5853e+06
0.743527,6763.95,2.43642e-07,2.5702e+06
0.744529,6772.25,2.69942e-07,2.54047e+06
0.74553,6780.5,2.51496e-07,2.50602e+06
0.746535,6788.79,2.60175e-07,2.46513e+06
0.747533,6797.09,2.54262e-07,2.43042e+06
0.748537,6805.53,2.60889e-07,2.41825e+06
0.74954,6813.91,2.73365e-07,2.39578e+06
0.750541,6821.84,2.52723e-07,2.35515e+06
0.751543,6829.89,2.74205e-07,2.34799e+06
0.752546,6838.07,2.39258e-07,2.30495e+06
0.753545,6845.85,2.67506e-07,2.30767e+06
0.754548,6853.8,2.56689e-07,2.30226e+06
0.755549,6861.84,2.55417e-07,2.29127e+06
0.756552,6869.81,2.60318e-07,2.29409e+06
0.757556,6878,2.55306e-07,2.26758e+06
0.758557,6886.09,2.70269e-07,2.23574e+06
0.759557,6894.01,2.52124e-07,2.21519e+06
0.76056,6902.02,2.68642e-07,2.20285e+06
0.761562,6909.87,2.53573e-07,2.17615e+06
0.762564,6918.11,2.61134e-07,2.15676e+06
0.763566,6926.02,2.66693e-07,2.14542e+06
0.764568,6933.89,2.52462e-07,2.13105e+06
0.765571,6941.8,2.53342e-07,2.13085e+06
0.766571,6949.6,2.66801e-07,2.11994e+06
0.767575,6957.19,2.67654e-07,2.11207e+06
0.768576,6964.95,2.60094e-07,2.08446e+06
0.769579,6972.62,2.52674e-07,2.06564e+06
0.77058,6980.45,2.48085e-07,2.05882e+06
0.77158,6987.96,2.69817e-07,2.06223e+06
0.772584,6995.56,2.42638e-07,2.04437e+06
0.773585,7003.16,2.55678e-07,2.01763e+06
0.774586,7010.89,2.70303e-07,2.00505e+06
0.775592,7018.79,2.55686e-07,1.99387e+06
0.776594,7026.49,2.48088e-07,1.98329e+06
0.777596,7033.88,2.59701e-07,1.96372e+06
0.778597,7041.38,2.6985e-07,1.94775e+06
0.7796,7049.02,2.48876e-07,1.92853e+06
0.780601,7056.92,2.60851e-07,1.905e+06
0.781604,7064.31,2.61234e-07,1.8908e+06
0.782604,7071.75,2.65713e-07,1.85772e+06
0.783608,7079.07,2.55662e-07,1.84711e+06
0.784607,7086.47,2.6487e-07,1.82397e+06
0.78561,7094,2.34102e-07,1.80618e+06
0.786615,7101.34,2.37911e-07,1.79893e+06
0.787615,7108.38,2.76097e-07,1.78208e+06
0.788617,7115.54,2.67007e-07,1.75726e+06
0.789617,7123.02,2.37604e-07,1.71832e+06
0.790621,7130.49,2.51029e-07,1.70093e+06
0.791625,7137.41,2.486e-07,1.67248e+06
0.792626,7145.12,2.57528e-07,1.65184e+06
0.793627,7152.45,2.55816e-07,1.62846e+06
0.79463,7159.6,2.53426e-07,1.6348e+06
0.795632,7167.02,2.50823e-07,1.62825e+06
0.796631,7174.08,2.57172e-07,1.62231e+06
0.797635,7181.33,2.50121e-07,1.60629e+06
0.798636,7188.36,2.73219e-07,1.6063e+06
0.799639,7195.53,2.72438e-07,1.59851e+06
0.800638,7202.72,2.40737e-07,1.57563e+06
0.801644,7209.78,2.64842e-07,1.55699e+06
0.802645,7216.88,2.50975e-07,1.54004e+06
0.803647,7224.21,2.51357e-07,1.52591e+06
0.804648,7231.35,2.76042e-07,1.49736e+06
0.80565,7238,2.4976e-07,1.46673e+06
0.806653,7244.94,2.5474e-07,1.46252e+06
0.807653,7251.7,2.6255e-07,1.43517e+06
0.808657,7258.6,2.52042e-07,1.42569e+06
0.809659,7265.5,2.40473e-07,1.42501e+06
0.810661,7272.2,2.51187e-07,1.3989e+06
0.811663,7278.94,2.58558e-07,1.40302e+06
0.812664,7285.68,2.84638e-07,1.38893e+06
0.813665,7292.69,2.54285e-07,1.37607e+06
0.814669,7299.61,2.66974e-07,1.35435e+06
0.815671,7306.56,2.53296e-07,1.33373e+06
0.816674,7313.8,2.71272e-07,1.30514e+06
0.817676,7320.6,2.54253e-07,1.27781e+06
0.818676,7327.4,2.46873e-07,1.26372e+06
0.81968,7333.8,2.55746e-07,1.23571e+06
0.82068,7340.48,2.56828e-07,1.20696e+06
0.821682,7347.15,2.58334e-07,1.19013e+06
0.822684,7353.78,2.60161e-07,1.18559e+06
0.823686,7360.3,2.65626e-07,1.16712e+06
0.824688,7366.94,2.60556e-07,1.15651e+06
0.82569,7373.41,2.60136e-07,1.14102e+06
0.826694,7379.82,2.59248e-07,1.12901e+06
0.827695,7386.26,2.76665e-07,1.11337e+06
0.828695,7392.74,2.74356e-07,1.10223e+06
0.829697,7398.97,2.72174e-07,1.09064e+06
0.830701,7405.53,2.63823e-07,1.07044e+06
0.831702,7411.77,2.63989e-07,1.06482e+06
0.832705,7418.14,2.54048e-07,1.04716e+06
0.833705,7424.53,2.77531e-07,1.03761e+06
0.83471,7430.62,2.55112e-07,1.03889e+06
0.835711,7436.83,2.49212e-07,1.02806e+06
0.836714,7443.18,2.51072e-07,1.02125e+06
0.837715,7449.37,2.63806e-07,995406
0.838717,7455.66,2.67913e-07,973968
0.839719,7461.66,2.55665e-07,952675
0.840721,7467.64,2.54231e-07,928097
0.841722,7473.64,2.63188e-07,917223
0.842724,7479.66,2.53312e-07,887403
0.843726,7485.73,2.74615e-07,874805
0.844727,7491.89,2.40293e-07,860055
0.845733,7497.94,2.73944e-07,839841
0.846735,7504.01,2.53525e-07,833492
0.847735,7509.99,2.81694e-07,828863
0.848736,7515.76,2.58409e-07,829600
0.849736,7521.42,2.64601e-07,820914
0.85074,7527.23,2.63623e-07,794975
0.851742,7533.07,2.53871e-07,778197
0.852744,7538.81,2.46907e-07,768254
0.853746,7544.74,2.70256e-07,757699
0.854749,7550.3,2.58807e-07,735253
0.855752,7556.18,2.6082e-07,723166
0.856753,7561.89,2.60916e-07,700312
0.857756,7567.68,2.56285e-07,686846
0.858756,7573.52,2.35785e-07,671661
0.859758,7579.01,2.5963e-07,666060
0.860761,7584.54,2.76155e-07,664550
0.861763,7590.11,2.67781e-07,659121
0.862764,7595.32,2.57823e-07,650706
0.863767,7600.84,2.50924e-07,631938
0.86477,7606.34,2.51415e-07,625776
0.865771,7611.6,2.55841e-07,616448
0.866772,7616.76,2.48139e-07,621946
0.867775,7622.05,2.42803e-07,612709
0.868777,7627.2,2.83509e-07,603985
0.869778,7632.2,2.51774e-07,598285
0.870784,7637.35,2.60533e-07,590005
0.871785,7642.56,2.52385e-07,575027
0.872785,7647.49,2.49779e-07,572021
0.873786,7652.65,2.638e-07,567108
0.874787,7657.61,2.7655e-07,550513
0.875792,7662.69,2.65156e-07,543303
0.876793,7667.7,2.53512e-07,536475
0.877796,7672.31,2.51504e-07,526075
0.878797,7677.72,2.737e-07,501868
0.879798,7682.53,2.5053e-07,489172
0.880799,7687.23,2.60279e-07,483891
0.881804,7692.15,2.68797e-07,473350
0.882805,7697.23,2.46724e-07,460571
0.883808,7702.02,2.48591e-07,452389
0.884809,7706.83,2.66624e-07,441780
0.885809,7711.43,2.61715e-07,443955
0.886812,7715.99,2.64629e-07,438281
0.887815,7720.91,2.57094e-07,422208
0.888818,7725.55,2.60412e-07,413516
0.889819,7730.04,2.52401e-07,415849
0.890821,7734.61,2.53459e-07,414499
0.891823,7739.22,2.56792e-07,403326
0.892825,7743.79,2.53284e-07,389366
0.893827,7748.41,2.704e-07,387081
0.894828,7753.01,2.44284e-07,388435
0.895832,7757.51,2.41644e-07,375363
0.896833,7762.29,2.63347e-07,368466
0.897834,7766.48,2.6226e-07,363321
0.898835,7770.58,2.57672e-07,356752
0.899837,7774.68,2.54333e-07,353667
0.900842,7778.89,2.64087e-07,341109
0.901844,7783.27,2.5366e-07,335346
0.902846,7787.26,2.52161e-07,329431
0.903847,7791.49,2.55321e-07,322991
0.90485,7795.77,2.52642e-07,320281
0.905851,7799.59,2.69699e-07,313791
0.906853,7803.58,2.5267e-07,304006
0.907856,7807.41,2.51082e-07,302891
0.908858,7811.1,2.5873e-07,296681
0.909859,7814.99,2.66168e-07,292523
0.910861,7819.02,2.57289e-07,285226
0.911861,7822.5,2.61852e-07,276931
0.912865,7826.31,2.68173e-07,269614
0.913868,7829.88,2.60703e-07,258680
0.914867,7833.52,2.67438e-07,251603
0.91587,7837.28,2.48701e-07,244433
0.916872,7840.73,2.594e-07,236319
0.917875,7844.33,2.6454e-07,225499
0.918878,7847.85,2.60388e-07,218431
0.919879,7851.35,2.66158e-07,218564
0.920879,7854.81,2.65681e-07,212818
0.921883,7858.2,2.69442e-07,208865
0.922886,7861.75,2.69096e-07,206567
0.923886,7865.16,2.65628e-07,201985
0.924887,7868.53,2.85934e-07,196150
0.925889,7871.99,2.34584e-07,189453
0.926894,7875.48,2.67771e-07,178747
0.927895,7878.66,2.39766e-07,175490
0.928899,7881.7,2.54406e-07,167433
0.929898,7884.93,2.64995e-07,165348
0.930902,7887.9,2.83661e-07,162135
0.931905,7891.07,2.60913e-07,158695
0.932905,7894.04,2.82982e-07,155562
0.933909,7896.89,2.53043e-07,154349
0.934909,7899.83,2.67544e-07,148063
0.935911,7902.71,2.45151e-07,145221
0.936911,7905.67,2.67543e-07,139839
0.937916,7908.56,2.57621e-07,135241
0.938918,7911.43,2.74014e-07,134515
0.939919,7914.13,2.61725e-07,131273
0.940922,7916.96,2.60932e-07,125376
0.941924,7919.84,2.68482e-07,120349
0.942923,7922.39,2.55089e-07,111557
0.943926,7924.92,2.44908e-07,106794
0.944931,7927.42,2.40097e-07,101736
0.94593,7930.07,2.59592e-07,97438.5
0.946933,7932.52,2.56052e-07,95128.7
0.947936,7935.11,2.53241e-07,92734.9
0.948939,7937.44,2.56859e-07,88701.2
0.949936,7939.88,2.67356e-07,84617.3
0.950941,7942.19,2.51793e-07,81009
0.951943,7944.35,2.67426e-07,77968
0.952946,7946.52,2.49914e-07,75148.8
0.953947,7948.75,2.6514e-07,72045.7
0.954949,7950.92,2.68588e-07,71503.6
0.95595,7953.06,2.6003e-07,69034
0.956954,7955.09,2.60329e-07,66655
0.957956,7957.09,2.48341e-07,64675
0.958958,7958.97,2.5807e-07,61110.5
0.959959,7960.5,2.59267e-07,59609
0.960962,7962.41,2.62804e-07,56984.6
0.961964,7964.26,2.52809e-07,55725.2
0.962965,7966.19,2.74893e-07,52867.6
0.963968,7967.92,2.62812e-07,48284
0.964968,7969.73,2.57206e-07,45155.5
0.965971,7971.43,2.483e-07,43474.5
0.966974,7972.92,2.82777e-07,39852
0.967975,7974.68,2.53664e-07,36317.2
0.968977,7976.2,2.70639e-07,34002.8
0.969978,7977.82,2.81033e-07,32615.8
0.970983,7979.35,2.62405e-07,30236.3
0.971982,7980.63,2.27953e-07,28018.5
0.972985,7981.94,2.37557e-07,25976.4
0.973988,7983.28,2.66284e-07,23714.4
0.974987,7984.59,2.74369e-07,21357
0.975989,7985.92,2.4957e-07,20731.1
0.976994,7987.12,2.68576e-07,19541.6
0.977994,7988.22,2.48318e-07,17729.2
0.978997,7989.13,2.50462e-07,16483.8
0.979998,7990.11,2.60852e-07,14692.9
0.981002,7991.23,2.43737e-07,13148
0.982004,7992.07,2.656e-07,11818.3
0.983005,7992.87,2.6266e-07,10174
0.984008,7993.61,2.6863e-07,9220.95
0.985009,7994.33,2.80158e-07,8970.55
0.986011,7995.04,2.42731e-07,7935.03
0.987015,7995.69,2.68782e-07,7042.57
0.988015,7996.35,2.45122e-07,5789.45
0.989017,7996.91,2.57469e-07,4715.77
0.990017,7997.46,2.66245e-07,3872.28
0.991022,7997.92,2.56935e-07,3489.11
0.992021,7998.37,2.56179e-07,2557.06
0.993026,7998.77,2.63381e-07,1757.62
0.994027,7999.07,2.61501e-07,1444.26
0.995029,7999.42,2.45416e-07,899.638
0.99603,7999.58,2.55378e-07,657.958
0.997034,7999.74,2.73663e-07,437.718
0.998035,7999.83,2.73434e-07,293.862
0.999041,7999.86,2.4143e-07,267.632
1,7999.89,0,198.95
0.0346733,32.02,0.321132,286174
5.28809,-1,-1,-1
