0,1,0,0
0.0010406,2.07,8.79548e-08,34.55
0.00203461,2.232,9.65561e-08,107.088
0.00303308,2.438,1.10602e-07,179.078
0.00403488,2.666,1.13717e-07,195.222
0.00503638,2.902,1.12253e-07,228.198
0.00603758,3.044,1.15867e-07,241.032
0.00704034,3.186,1.14005e-07,245.702
0.00804288,3.31,1.18742e-07,300.95
0.00904376,3.424,1.13619e-07,372.112
0.010046,3.536,1.12282e-07,438.352
0.0110468,3.626,1.19194e-07,529.062
0.0120508,3.764,1.24299e-07,638.152
0.0130531,3.894,1.13068e-07,745.382
0.0140547,4.04,1.10143e-07,879.2
0.0150565,4.15,1.16285e-07,997.75
0.0160594,4.312,1.12244e-07,1157.33
0.0170607,4.438,1.04559e-07,1305.08
0.0180608,4.554,1.0436e-07,1377.54
0.0190632,4.684,1.22192e-07,1546.07
0.0200672,4.838,1.15464e-07,1743.88
0.0210687,5.012,1.09755e-07,1931.93
0.0220695,5.148,1.10231e-07,2167.05
0.0230712,5.28,1.12465e-07,2296.8
0.0240745,5.422,1.18972e-07,2497.96
0.0250772,5.542,1.10442e-07,2710.12
0.0260779,5.694,1.12624e-07,3062.18
0.0270812,5.848,1.16872e-07,3424.45
0.0280826,5.988,1.04034e-07,3633.93
0.029084,6.104,1.08463e-07,4034.59
0.0300853,6.232,1.18759e-07,4307.09
0.0310877,6.352,1.26743e-07,4710.05
0.0320914,6.496,1.23324e-07,5000.99
0.033093,6.638,1.19847e-07,5399.48
0.0340952,6.778,1.18559e-07,5734.36
0.0350972,6.892,1.08924e-07,5970.17
0.0360983,7.026,1.04946e-07,6322.66
0.0371012,7.174,1.08384e-07,6747.86
0.038102,7.342,1.10088e-07,7112.52
0.039105,7.484,1.12718e-07,7394.87
0.0401076,7.638,1.07526e-07,7915.48
0.0411095,7.8,1.08667e-07,8448
0.0421105,7.964,1.08225e-07,8831.35
0.0431125,8.084,1.09904e-07,9052.47
0.0441136,8.256,1.12203e-07,9625.23
0.045116,8.384,1.14695e-07,10166.3
0.046118,8.528,1.19388e-07,10586.6
0.0471205,8.696,1.22006e-07,11527.8
0.0481228,8.848,1.21695e-07,12046.4
0.0491251,9.046,1.12767e-07,12557.9
0.0501269,9.184,1.07142e-07,12947.1
0.0511277,9.316,1.04219e-07,13466.1
0.0521301,9.464,1.07285e-07,13790.4
0.0531312,9.616,1.11282e-07,14408.3
0.0541337,9.772,1.10283e-07,15150
0.0551345,9.914,1.06778e-07,15755.3
0.0561376,10.09,1.13716e-07,16733
0.0571397,10.228,1.16235e-07,17398
0.0581428,10.364,1.16591e-07,18045.8
0.0591446,10.53,1.17974e-07,18746.6
0.0601463,10.684,1.1814e-07,19218.1
0.0611487,10.83,1.14369e-07,19522.5
0.0621501,10.986,1.17598e-07,20616.9
0.0631531,11.148,1.22255e-07,21113
0.0641549,11.306,1.1326e-07,21656.2
0.0651561,11.48,1.12937e-07,22560.8
0.0661588,11.682,1.15345e-07,23574.4
0.0671613,11.82,1.1202e-07,24075.8
0.0681629,12.016,1.03696e-07,24803.9
0.0691635,12.172,1.02077e-07,25171.2
0.0701654,12.344,1.11611e-07,26472.8
0.0711675,12.53,1.14998e-07,27452.6
0.07217,12.704,1.18286e-07,28542.2
0.0731721,12.88,1.16712e-07,29372.8
0.074176,13.06,1.14973e-07,30062.2
0.0751772,13.248,1.07643e-07,30983.2
0.0761779,13.448,1.09622e-07,32683.6
0.0771801,13.666,1.10476e-07,33807.2
0.078183,13.876,1.11287e-07,34840.3
0.0791841,14.064,1.09844e-07,35282
0.080186,14.23,1.13694e-07,35568.6
0.0811878,14.428,1.11707e-07,36584.4
0.0821907,14.624,1.12855e-07,37835.3
0.0831915,14.814,1.14757e-07,39773.7
0.084194,15.038,1.11908e-07,41294.3
0.0851954,15.306,1.17973e-07,43352.2
0.0861992,15.516,1.166e-07,44550.9
0.0872005,15.688,1.13103e-07,45855.3
0.0882021,15.866,1.10601e-07,47468
0.0892041,16.038,1.14002e-07,48240.3
0.0902061,16.238,1.13764e-07,49794.7
0.0912087,16.444,1.14619e-07,52439.4
0.0922096,16.628,1.12549e-07,53990.8
0.0932119,16.798,1.18601e-07,56306.6
0.0942143,17.008,1.2618e-07,58350
0.0952167,17.186,1.21938e-07,59109.7
0.0962185,17.54,1.16794e-07,69364.2
0.0972201,17.736,1.17235e-07,71127.2
0.0982223,17.96,1.07207e-07,73071.2
0.0992246,18.222,1.10443e-07,75762.4
0.100227,18.396,1.04824e-07,77133.6
0.101229,18.574,1.0469e-07,78790.3
0.102229,18.798,1.09824e-07,81166.6
0.103233,19.044,1.17364e-07,85227
0.104235,19.248,1.20496e-07,87699.2
0.105236,19.486,1.14173e-07,89666.9
0.106239,19.666,1.09113e-07,91239.2
0.107241,19.81,1.11206e-07,93362.9
0.108242,20.03,1.07975e-07,95404.6
0.109244,20.226,1.07332e-07,97179.5
0.110245,20.446,1.10685e-07,98747.5
0.11125,20.756,1.16532e-07,102346
0.11225,21.05,1.10394e-07,105018
0.113252,21.312,1.15783e-07,108341
0.114254,21.522,1.17005e-07,110603
0.115257,21.832,1.12829e-07,113642
0.116259,22.13,1.10777e-07,117193
0.11726,22.356,1.1196e-07,120101
0.118263,22.598,1.16168e-07,121290
0.119265,22.824,1.11957e-07,124267
0.120267,23.1,1.09416e-07,127045
0.121269,23.33,1.10354e-07,129337
0.122271,23.578,1.15274e-07,131238
0.123274,23.804,1.13327e-07,132525
0.124275,24.1,1.09815e-07,136523
0.125277,24.37,1.18923e-07,138339
0.126279,24.612,1.14641e-07,141477
0.12728,24.832,1.16619e-07,144676
0.128283,25.104,1.2475e-07,150221
0.129285,25.348,1.16168e-07,152253
0.130287,25.652,1.11044e-07,156121
0.131289,25.95,1.16214e-07,160494
0.13229,26.194,1.12807e-07,162762
0.133291,26.482,1.14329e-07,164613
0.134294,26.772,1.21554e-07,169766
0.135297,27.04,1.18738e-07,174717
0.136299,27.284,1.11108e-07,177060
0.137301,27.558,1.11145e-07,180011
0.138303,27.854,1.14293e-07,182698
0.139304,28.186,1.08536e-07,190398
0.140307,28.55,1.0988e-07,195580
0.141308,28.864,1.13575e-07,204943
0.142311,29.09,1.15482e-07,209743
0.143313,29.344,1.1199e-07,213401
0.144315,29.616,1.19593e-07,219718
0.145317,29.982,1.16721e-07,224547
0.146319,30.304,1.13584e-07,229064
0.14732,30.568,1.13555e-07,232967
0.148323,30.908,1.10748e-07,240666
0.149325,31.174,1.13943e-07,246728
0.150327,31.494,1.13705e-07,252361
0.151328,31.834,1.10913e-07,259321
0.15233,32.16,1.14562e-07,264163
0.153333,32.496,1.14656e-07,267081
0.154334,32.768,1.14358e-07,270421
0.155336,33.072,1.22528e-07,273825
0.15634,33.384,1.21032e-07,279990
0.157341,33.772,1.1506e-07,285604
0.158342,34.136,1.21999e-07,290995
0.159346,34.528,1.23041e-07,299619
0.160347,34.858,1.1473e-07,301961
0.16135,35.298,1.13809e-07,330441
0.16235,35.734,1.09384e-07,347118
0.163352,36.086,1.18376e-07,358769
0.164355,36.516,1.12059e-07,365555
0.165356,36.81,1.0415e-07,370915
0.166357,37.246,1.07389e-07,379183
0.167361,37.616,1.15251e-07,390294
0.168363,38.196,1.0764e-07,397045
0.169365,38.506,1.12767e-07,411097
0.170366,38.948,1.10153e-07,417619
0.171368,39.354,1.14275e-07,429724
0.172371,39.758,1.13926e-07,436940
0.173373,40.11,1.19e-07,442533
0.174375,40.534,1.20315e-07,459162
0.175377,41.052,1.12592e-07,472649
0.176378,41.37,1.22461e-07,479695
0.177381,41.688,1.24694e-07,486421
0.178383,42.102,1.21284e-07,495494
0.179385,42.66,1.19002e-07,504442
0.180387,43.226,1.16801e-07,529799
0.181389,43.646,1.17271e-07,537900
0.182391,43.954,1.11669e-07,544710
0.183393,44.282,1.11014e-07,550671
0.184394,44.714,1.18078e-07,560822
0.185397,45.194,1.1604e-07,594986
0.186399,45.546,1.14165e-07,605680
0.187399,45.916,1.16854e-07,613106
0.188403,46.536,1.2422e-07,639132
0.189405,46.96,1.15845e-07,657257
0.190407,47.406,1.21192e-07,669047
0.19141,47.828,1.1396e-07,677755
0.19241,48.358,1.14182e-07,691349
0.193413,49.026,1.11728e-07,713051
0.194414,49.534,1.10652e-07,719416
0.195417,49.99,1.07059e-07,732173
0.196417,50.528,1.0645e-07,742455
0.19742,51.134,1.22721e-07,762922
0.198423,51.526,1.2807e-07,775935
0.199425,52.028,1.1175e-07,781314
0.200429,52.612,1.0709e-07,790633
0.20143,53.122,1.12726e-07,807064
0.202432,53.592,1.12652e-07,820723
0.203433,54.108,1.12189e-07,832530
0.204435,54.564,1.19532e-07,847769
0.205439,55.028,1.18612e-07,859350
0.20644,55.63,1.08798e-07,870659
0.207441,56.282,1.1009e-07,898273
0.208443,56.668,1.12454e-07,914143
0.209444,57.178,1.12168e-07,931967
0.210446,57.806,1.20529e-07,948050
0.21145,58.38,1.14143e-07,957316
0.212451,58.828,1.06584e-07,973331
0.213452,59.494,1.14292e-07,985273
0.214455,59.988,1.13879e-07,1.00796e+06
0.215457,60.638,1.07855e-07,1.02338e+06
0.216458,61.134,1.11399e-07,1.04016e+06
0.217462,61.672,1.12502e-07,1.05775e+06
0.218463,62.398,1.05415e-07,1.07445e+06
0.219464,62.896,1.06407e-07,1.11003e+06
0.220465,63.498,1.13318e-07,1.13243e+06
0.221469,64.024,1.24995e-07,1.16708e+06
0.222473,64.672,1.1611e-07,1.18411e+06
0.223473,65.37,1.06215e-07,1.20709e+06
0.224475,65.978,1.11374e-07,1.23926e+06
0.225476,66.744,1.235e-07,1.27426e+06
0.22648,67.376,1.16826e-07,1.3362e+06
0.227481,68.166,1.12678e-07,1.35922e+06
0.228483,68.876,1.08737e-07,1.38095e+06
0.229485,69.54,1.14335e-07,1.40456e+06
0.230487,70.38,1.08197e-07,1.44552e+06
0.231489,71.17,1.09584e-07,1.46226e+06
0.232492,72.27,1.10485e-07,1.53427e+06
0.233494,73.044,1.06365e-07,1.55156e+06
0.234494,73.712,1.09045e-07,1.58213e+06
0.235497,74.542,1.13362e-07,1.61501e+06
0.2365,75.168,1.17291e-07,1.64426e+06
0.237502,76.21,1.08779e-07,1.69061e+06
0.238503,76.982,1.05689e-07,1.72799e+06
0.239503,77.69,1.0583e-07,1.75292e+06
0.240506,78.616,1.11362e-07,1.78825e+06
0.241509,79.486,1.16307e-07,1.82813e+06
0.242511,80.496,1.09684e-07,1.86308e+06
0.243513,81.47,1.11405e-07,1.90674e+06
0.244516,82.198,1.1514e-07,1.96095e+06
0.245518,82.816,1.10822e-07,1.99551e+06
0.24652,83.54,1.12028e-07,2.03497e+06
0.247522,84.384,1.09838e-07,2.10244e+06
0.248524,85.162,1.11976e-07,2.15627e+06
0.249524,86.378,1.10153e-07,2.19822e+06
0.250527,87.044,1.17712e-07,2.22486e+06
0.251529,88.326,1.10289e-07,2.30465e+06
0.25253,89.248,1.09472e-07,2.34201e+06
0.253533,90.526,1.13219e-07,2.40548e+06
0.254533,91.496,1.1071e-07,2.45066e+06
0.255536,92.536,1.17095e-07,2.50567e+06
0.256539,93.962,1.14147e-07,2.66715e+06
0.257541,94.87,1.13423e-07,2.69208e+06
0.258543,96.206,1.16679e-07,2.79601e+06
0.259545,97.108,1.13771e-07,2.83281e+06
0.260547,98.192,1.09922e-07,2.87549e+06
0.261549,99.272,1.18002e-07,2.94705e+06
0.262552,100.49,1.15403e-07,3.0325e+06
0.263553,101.812,1.16715e-07,3.09338e+06
0.264555,102.774,1.1117e-07,3.15629e+06
0.265557,104.126,1.06591e-07,3.20808e+06
0.266558,105.322,1.10207e-07,3.27006e+06
0.26756,106.752,1.08419e-07,3.34098e+06
0.268563,107.824,1.14494e-07,3.37272e+06
0.269565,109.316,1.11669e-07,3.41123e+06
0.270566,110.526,1.13681e-07,3.45037e+06
0.271569,111.514,1.14922e-07,3.48346e+06
0.27257,113.268,1.14448e-07,3.63501e+06
0.273573,114.424,1.17386e-07,3.71193e+06
0.274576,115.766,1.09885e-07,3.78511e+06
0.275577,117.268,1.02147e-07,3.88664e+06
0.276579,118.674,1.03031e-07,3.98803e+06
0.27758,120.094,1.07635e-07,4.11466e+06
0.278582,121.49,1.14222e-07,4.20499e+06
0.279586,123.054,1.13517e-07,4.28175e+06
0.280587,124.706,1.12101e-07,4.35372e+06
0.28159,126.68,1.1426e-07,4.47843e+06
0.282591,128.668,1.15589e-07,4.75272e+06
0.283593,129.9,1.17915e-07,4.89159e+06
0.284596,131.556,1.20563e-07,4.98882e+06
0.285597,132.992,1.1074e-07,5.10837e+06
0.286599,134.866,1.04857e-07,5.27346e+06
0.287601,135.974,1.19833e-07,5.34836e+06
0.288604,137.934,1.22249e-07,5.44852e+06
0.289605,139.762,1.18815e-07,5.68154e+06
0.290608,141.25,1.17359e-07,5.77745e+06
0.291609,142.478,1.17201e-07,5.84685e+06
0.292611,144.202,1.22806e-07,5.99199e+06
0.293614,146.246,1.14581e-07,6.1657e+06
0.294615,148.256,1.1392e-07,6.31662e+06
0.295618,150.256,1.12765e-07,6.48213e+06
0.29662,153.26,1.03881e-07,6.89785e+06
0.29762,155.732,1.05622e-07,7.15326e+06
0.298622,157.812,1.10905e-07,7.32341e+06
0.299625,159.192,1.10246e-07,7.39537e+06
0.300628,160.804,1.0781e-07,7.55138e+06
0.301628,162.838,1.14529e-07,7.65747e+06
0.302631,165.416,1.17779e-07,7.86026e+06
0.303634,167.592,1.14633e-07,8.11478e+06
0.304634,170.118,1.11818e-07,8.58606e+06
0.305638,172.51,1.13317e-07,8.7191e+06
0.306639,174.3,1.13733e-07,8.95389e+06
0.307641,176.128,1.18971e-07,9.10242e+06
0.308643,178.15,1.18593e-07,9.32595e+06
0.309647,180.358,1.12327e-07,9.54342e+06
0.310647,182.38,1.06254e-07,9.80676e+06
0.311649,184.306,1.1518e-07,9.99699e+06
0.312652,186.092,1.20032e-07,1.01734e+07
0.313653,189.442,1.15129e-07,1.07987e+07
0.314655,192.556,1.12567e-07,1.12952e+07
0.315658,195.992,1.1918e-07,1.15666e+07
0.316659,198.052,1.19671e-07,1.1845e+07
0.317661,201.034,1.18642e-07,1.22252e+07
0.318664,204.612,1.1807e-07,1.26328e+07
0.319666,207.304,1.1442e-07,1.28382e+07
0.320667,209.906,1.09629e-07,1.30684e+07
0.321668,212.44,1.18096e-07,1.32418e+07
0.322672,216.268,1.24668e-07,1.35004e+07
0.323674,218.922,1.09141e-07,1.39047e+07
0.324675,221.512,1.06955e-07,1.40177e+07
0.325677,223.976,1.09427e-07,1.41726e+07
0.326678,226.246,1.16192e-07,1.44294e+07
0.327681,229.896,1.1299e-07,1.51614e+07
0.328683,233.44,1.1921e-07,1.55339e+07
0.329687,237.394,1.11547e-07,1.61007e+07
0.330687,241.274,1.05077e-07,1.62852e+07
0.331688,244.444,1.15618e-07,1.67246e+07
0.332689,247.852,1.13177e-07,1.70241e+07
0.333698,250.8,1.12482e-07,1.73784e+07
0.334697,254.182,1.13399e-07,1.76369e+07
0.335698,257.692,1.19169e-07,1.7953e+07
0.336701,261.522,1.18197e-07,1.83957e+07
0.337703,265.404,1.09874e-07,1.90622e+07
0.338704,268.968,1.15177e-07,1.9475e+07
0.339706,271.71,1.09695e-07,1.97856e+07
0.340707,276.378,1.14596e-07,2.04082e+07
0.34171,280.194,1.14863e-07,2.07962e+07
0.342712,284.07,1.11363e-07,2.12283e+07
0.343713,288.83,1.19199e-07,2.18055e+07
0.344716,292.864,1.13691e-07,2.23077e+07
0.345718,295.828,1.1177e-07,2.27262e+07
0.34672,299.076,1.08233e-07,2.31396e+07
0.347721,303.07,1.12935e-07,2.34935e+07
0.348724,308.436,1.16328e-07,2.38915e+07
0.349726,313.142,1.05673e-07,2.46203e+07
0.350727,316.734,1.12144e-07,2.5105e+07
0.351729,322.062,1.11362e-07,2.56946e+07
0.352731,326.99,1.15499e-07,2.62302e+07
0.353733,331.052,1.19974e-07,2.66604e+07
0.354735,335.194,1.14763e-07,2.76338e+07
0.355738,341.318,1.16352e-07,2.81937e+07
0.356739,345.834,1.12474e-07,2.87454e+07
0.357741,350.076,1.18286e-07,2.93448e+07
0.358743,356.202,1.12937e-07,3.03273e+07
0.359745,360.81,1.12199e-07,3.08713e+07
0.360748,365.258,1.16908e-07,3.12583e+07
0.36175,371.024,1.13187e-07,3.2471e+07
0.362751,376.124,1.15401e-07,3.33553e+07
0.363755,380.816,1.23905e-07,3.39497e+07
0.364757,386.732,1.16782e-07,3.48516e+07
0.365758,391.844,1.14367e-07,3.56797e+07
0.36676,398.646,1.13454e-07,3.64205e+07
0.367761,405.118,1.13539e-07,3.75695e+07
0.368763,410.746,1.20087e-07,3.82883e+07
0.369766,416.868,1.17118e-07,3.89794e+07
0.370768,422.28,1.03427e-07,4.0064e+07
0.371768,428.844,1.07389e-07,4.07575e+07
0.372771,434.564,1.21071e-07,4.16253e+07
0.373774,440.774,1.15372e-07,4.26513e+07
0.374775,448.906,1.21555e-07,4.35133e+07
0.375778,458.306,1.19718e-07,4.43749e+07
0.37678,466.698,1.13486e-07,4.60689e+07
0.377781,473.718,1.12644e-07,4.68995e+07
0.378784,482.106,1.01638e-07,4.83125e+07
0.379785,489.334,1.05087e-07,4.92319e+07
0.380787,495.946,1.15967e-07,4.99591e+07
0.38179,505.688,1.17706e-07,5.11473e+07
0.382792,512.602,1.14838e-07,5.19128e+07
0.383793,520.404,1.11379e-07,5.31011e+07
0.384795,526.304,1.16369e-07,5.39094e+07
0.385799,536.106,1.14008e-07,5.58666e+07
0.386799,544.484,1.08753e-07,5.70328e+07
0.387801,551.59,1.14427e-07,5.7725e+07
0.388803,560.394,1.26243e-07,5.8728e+07
0.389808,568.258,1.13767e-07,6.01827e+07
0.390808,575.502,1.07315e-07,6.11397e+07
0.39181,583.008,1.07834e-07,6.20201e+07
0.392811,594.506,1.13125e-07,6.31929e+07
0.393814,602.8,1.14759e-07,6.43147e+07
0.394816,611.866,1.21108e-07,6.53981e+07
0.395818,621.502,1.15201e-07,6.71005e+07
0.39682,629.972,1.1425e-07,6.84007e+07
0.397822,642.566,1.10151e-07,6.95993e+07
0.398822,652.55,1.13108e-07,7.11083e+07
0.399823,663.502,1.16411e-07,7.25393e+07
0.400828,675.676,1.11467e-07,7.38415e+07
0.401831,684.194,1.08869e-07,7.51138e+07
0.402832,694.998,1.13385e-07,7.70044e+07
0.403834,705.188,1.14079e-07,7.91388e+07
0.404836,720.718,1.16156e-07,8.10214e+07
0.405838,728.706,1.18386e-07,8.20873e+07
0.40684,741.348,1.12184e-07,8.35372e+07
0.407842,754.03,1.15699e-07,8.54271e+07
0.408844,766.18,1.1491e-07,8.73695e+07
0.409846,777.414,1.18108e-07,8.80977e+07
0.410849,790.198,1.11221e-07,8.93029e+07
0.411851,803.062,1.08965e-07,9.04181e+07
0.412851,818.462,1.12279e-07,9.17436e+07
0.413854,833.736,1.20136e-07,9.325e+07
0.414857,845.752,1.16026e-07,9.46543e+07
0.415858,859.066,1.09728e-07,9.72419e+07
0.41686,872.068,1.0626e-07,9.84743e+07
0.41786,885.112,1.04909e-07,1.00383e+08
0.418862,898.634,1.08521e-07,1.02572e+08
0.419864,912.524,1.17259e-07,1.0464e+08
0.420868,924.42,1.1959e-07,1.06418e+08
0.421869,940.698,1.17374e-07,1.08701e+08
0.422873,953.314,1.1503e-07,1.10585e+08
0.423873,967.628,1.07982e-07,1.10703e+08
0.424875,982.148,1.16069e-07,1.12979e+08
0.425877,994.548,1.13591e-07,1.14914e+08
0.42688,1006.94,1.15574e-07,1.17222e+08
0.427882,1024.43,1.10027e-07,1.18402e+08
0.428884,1041.59,1.11965e-07,1.20157e+08
0.429886,1056.8,1.11649e-07,1.20719e+08
0.430888,1068.09,1.0993e-07,1.2265e+08
0.43189,1081.64,1.1182e-07,1.24776e+08
0.432891,1095.7,1.12809e-07,1.26969e+08
0.433893,1113.76,1.16396e-07,1.28277e+08
0.434897,1129.45,1.08077e-07,1.30241e+08
0.435897,1142.66,1.05646e-07,1.31484e+08
0.436899,1159.39,1.11403e-07,1.32484e+08
0.437902,1176.11,1.15789e-07,1.35088e+08
0.438904,1193.85,1.13233e-07,1.37065e+08
0.439906,1213.58,1.15322e-07,1.36496e+08
0.440907,1232.16,1.23385e-07,1.35713e+08
0.44191,1249.05,1.21899e-07,1.36395e+08
0.442913,1269.11,1.15593e-07,1.37731e+08
0.443915,1288.14,1.08823e-07,1.38605e+08
0.444917,1304.49,1.10938e-07,1.39211e+08
0.445919,1326.29,1.12461e-07,1.41077e+08
0.44692,1343.49,1.13225e-07,1.41873e+08
0.447922,1363.47,1.16106e-07,1.42465e+08
0.448925,1381.54,1.07541e-07,1.44019e+08
0.449925,1404.65,1.10491e-07,1.46455e+08
0.450928,1422.11,1.20569e-07,1.47563e+08
0.451931,1439.5,1.19898e-07,1.49173e+08
0.452932,1457.49,1.14064e-07,1.50062e+08
0.453934,1478.34,1.15473e-07,1.51618e+08
0.454936,1497.23,1.20654e-07,1.52437e+08
0.455938,1517.81,1.20748e-07,1.52075e+08
0.45694,1536.76,1.18389e-07,1.52778e+08
0.457942,1558.22,1.18002e-07,1.5224e+08
0.458945,1579.23,1.13849e-07,1.53016e+08
0.459946,1600.85,1.07893e-07,1.54576e+08
0.460947,1623.91,1.1194e-07,1.55282e+08
0.461951,1642.77,1.08935e-07,1.567e+08
0.462951,1661.06,1.10107e-07,1.5708e+08
0.463955,1682.03,1.1672e-07,1.57572e+08
0.464956,1705.15,1.10607e-07,1.57711e+08
0.465957,1722.43,1.1195e-07,1.58959e+08
0.46696,1747.39,1.24384e-07,1.60137e+08
0.467962,1770.64,1.13451e-07,1.58934e+08
0.468964,1795.44,1.1554e-07,1.56406e+08
0.469967,1815.25,1.18002e-07,1.56345e+08
0.470968,1838.78,1.1478e-07,1.56904e+08
0.471971,1858.85,1.15098e-07,1.57149e+08
0.472973,1878.98,1.11924e-07,1.57968e+08
0.473974,1900.44,1.06319e-07,1.58405e+08
0.474975,1921.78,1.07386e-07,1.56808e+08
0.475977,1944.03,1.12921e-07,1.55312e+08
0.47698,1968.33,1.12047e-07,1.56012e+08
0.477982,1991.4,1.06584e-07,1.53978e+08
0.478983,2012.93,1.0393e-07,1.53622e+08
0.479984,2034.99,1.143e-07,1.54423e+08
0.480988,2054.94,1.15795e-07,1.54361e+08
0.48199,2077.8,1.15967e-07,1.54662e+08
0.482992,2100.21,1.18955e-07,1.52842e+08
0.483993,2123.87,1.13541e-07,1.50911e+08
0.484995,2146.78,1.20706e-07,1.51482e+08
0.485998,2170.72,1.22207e-07,1.49744e+08
0.487001,2193.88,1.13037e-07,1.49646e+08
0.488002,2219.22,1.18729e-07,1.47651e+08
0.489005,2242.11,1.17576e-07,1.4759e+08
0.490007,2266.74,1.14839e-07,1.45677e+08
0.49101,2289.49,1.05751e-07,1.44692e+08
0.49201,2313.48,1.12619e-07,1.4397e+08
0.493012,2339.57,1.07381e-07,1.44324e+08
0.494014,2365.93,1.15429e-07,1.40262e+08
0.495016,2386.1,1.10706e-07,1.40037e+08
0.496017,2411.16,1.1447e-07,1.39624e+08
0.497021,2436.18,1.17254e-07,1.38992e+08
0.498022,2458.73,1.18059e-07,1.38605e+08
0.499023,2485.44,1.16541e-07,1.34574e+08
0.500026,2511.26,1.70432e-07,1.3412e+08
0.501029,2535.37,1.17259e-07,1.33664e+08
0.50203,2567.3,1.17596e-07,1.29063e+08
0.503032,2590.43,1.17106e-07,1.29291e+08
0.504035,2614.12,1.14009e-07,1.28313e+08
0.505036,2641.96,1.10447e-07,1.24082e+08
0.506038,2666.4,1.15185e-07,1.24587e+08
0.50704,2690.47,1.07408e-07,1.23408e+08
0.508042,2715.83,1.12215e-07,1.23202e+08
0.509043,2741.08,1.0554e-07,1.20222e+08
0.510045,2767.45,1.14602e-07,1.18935e+08
0.511047,2792.26,1.17419e-07,1.18048e+08
0.51205,2817.1,1.18549e-07,1.18245e+08
0.513052,2845.65,1.13162e-07,1.14271e+08
0.514054,2871.82,1.22257e-07,1.13269e+08
0.515057,2895.78,1.20528e-07,1.13624e+08
0.516059,2925.43,1.13712e-07,1.12533e+08
0.51706,2949.99,1.19392e-07,1.1078e+08
0.518063,2974.06,1.1581e-07,1.09291e+08
0.519064,2999.89,1.16386e-07,1.08488e+08
0.520068,3026.12,1.14612e-07,1.06168e+08
0.52107,3052.79,1.04043e-07,1.05912e+08
0.52207,3078.97,1.06765e-07,1.06023e+08
0.523072,3103.77,1.12341e-07,1.05538e+08
0.524076,3128.54,1.13082e-07,1.04869e+08
0.525078,3155.92,1.0787e-07,1.05072e+08
0.526078,3180.31,1.06251e-07,1.06278e+08
0.52708,3205.93,1.11843e-07,1.05703e+08
0.528081,3230.28,1.14629e-07,1.05826e+08
0.529084,3255.68,1.14549e-07,1.05865e+08
0.530086,3281.98,1.17823e-07,1.05709e+08
0.531088,3309.42,1.15349e-07,1.02938e+08
0.53209,3334.35,1.13752e-07,1.02993e+08
0.533092,3359.05,1.24705e-07,1.02829e+08
0.534095,3385.13,1.11734e-07,1.01829e+08
0.535096,3410.81,1.10911e-07,1.01588e+08
0.536098,3438.37,1.16476e-07,1.01276e+08
0.537102,3463.59,1.09751e-07,1.00856e+08
0.538101,3490.66,1.09449e-07,1.00234e+08
0.539105,3517.9,1.11789e-07,9.99688e+07
0.540106,3542.57,1.0792e-07,9.80811e+07
0.541108,3569.58,1.1388e-07,9.7631e+07
0.54211,3596.27,1.17873e-07,9.68792e+07
0.543112,3626.07,1.18499e-07,9.39594e+07
0.544114,3652.59,1.20922e-07,9.30303e+07
0.545117,3680.86,1.20596e-07,9.27619e+07
0.546119,3708.85,1.1545e-07,9.24627e+07
0.54712,3733.89,1.14265e-07,9.2675e+07
0.548122,3760.44,1.20184e-07,9.20337e+07
0.549125,3786.72,1.20615e-07,9.11575e+07
0.550127,3811.41,1.10329e-07,9.0223e+07
0.551128,3839.34,1.07631e-07,8.98853e+07
0.55213,3866.32,1.1602e-07,8.99247e+07
0.553132,3892.55,1.1283e-07,9.03355e+07
0.554133,3920.27,1.12156e-07,9.06251e+07
0.555135,3947.64,1.10648e-07,9.0175e+07
0.556138,3973.79,1.08298e-07,9.03842e+07
0.557139,3999.87,1.1552e-07,8.97802e+07
0.558142,4026.96,1.21871e-07,8.8708e+07
0.559145,4057.56,1.23209e-07,8.66447e+07
0.560146,4084.63,1.15308e-07,8.57732e+07
0.561149,4112.55,1.13268e-07,8.60835e+07
0.56215,4141.72,1.15792e-07,8.60431e+07
0.563153,4169.56,1.11234e-07,8.5364e+07
0.564155,4198.03,1.05829e-07,8.50991e+07
0.565156,4225.73,1.0853e-07,8.53481e+07
0.566159,4255.55,1.16136e-07,8.42276e+07
0.567161,4283.59,1.1289e-07,8.46366e+07
0.568163,4311.6,1.11851e-07,8.44391e+07
0.569164,4340.61,1.09836e-07,8.39695e+07
0.570166,4367.87,1.11597e-07,8.39883e+07
0.571168,4395.95,1.11644e-07,8.35204e+07
0.572171,4425.16,1.10105e-07,8.23001e+07
0.573173,4452.62,1.15568e-07,8.2011e+07
0.574175,4480.83,1.13692e-07,8.11319e+07
0.575177,4510.64,1.16303e-07,8.09607e+07
0.576179,4537.68,1.08103e-07,8.10884e+07
0.57718,4565.41,1.15817e-07,8.12969e+07
0.578184,4593.65,1.17143e-07,8.17449e+07
0.579184,4621.89,1.20076e-07,8.19906e+07
0.580188,4651.32,1.17502e-07,8.1885e+07
0.58119,4680.25,1.08781e-07,8.18477e+07
0.582192,4710.74,1.0523e-07,8.15421e+07
0.583192,4739.1,1.06574e-07,8.10754e+07
0.584194,4768.23,1.09565e-07,8.05078e+07
0.585195,4797.18,1.16164e-07,8.01032e+07
0.586199,4826.66,1.20138e-07,7.99751e+07
0.587201,4856.17,1.12061e-07,7.99308e+07
0.588201,4886.87,1.09127e-07,7.92705e+07
0.589204,4916.74,1.11331e-07,7.83529e+07
0.590206,4945.14,1.17948e-07,7.78455e+07
0.591209,4973.14,1.14827e-07,7.80072e+07
0.59221,5002.68,1.1529e-07,7.71095e+07
0.593212,5032.26,1.12009e-07,7.70245e+07
0.594214,5062.59,1.18321e-07,7.64449e+07
0.595216,5092.45,1.16116e-07,7.67013e+07
0.596218,5122.75,1.14219e-07,7.62618e+07
0.59722,5150.37,1.13417e-07,7.59568e+07
0.598222,5179.5,1.08746e-07,7.61783e+07
0.599224,5210.36,1.11529e-07,7.52537e+07
0.600229,5242.6,1.1682e-07,7.37656e+07
0.60123,5274.01,1.13046e-07,7.32009e+07
0.60223,5305.41,1.1054e-07,7.21909e+07
0.603232,5337.63,1.14267e-07,7.15108e+07
0.604234,5367.82,1.14854e-07,7.10671e+07
0.605236,5396.98,1.21177e-07,7.04656e+07
0.606238,5426.99,1.14774e-07,7.09868e+07
0.607241,5455.87,1.1279e-07,7.0708e+07
0.608242,5485.27,1.07771e-07,7.06708e+07
0.609244,5516.74,1.0699e-07,7.05657e+07
0.610244,5545.92,1.13673e-07,7.04389e+07
0.61125,5575.39,1.26028e-07,7.06954e+07
0.612251,5606.32,1.14247e-07,7.03319e+07
0.613253,5636.08,1.08678e-07,7.01285e+07
0.614254,5666.01,1.14518e-07,6.97199e+07
0.615257,5696.71,1.16e-07,6.9304e+07
0.616259,5727.8,1.11361e-07,6.88249e+07
0.61726,5758.31,1.15092e-07,6.81419e+07
0.618263,5790.63,1.18062e-07,6.75463e+07
0.619266,5820.55,1.15973e-07,6.72887e+07
0.620267,5850.21,1.04949e-07,6.68019e+07
0.621269,5880.47,1.0188e-07,6.64768e+07
0.622271,5912.24,1.12692e-07,6.54037e+07
0.623272,5944.11,1.13451e-07,6.56433e+07
0.624275,5975.88,1.19696e-07,6.45744e+07
0.625277,6007.92,1.21961e-07,6.4168e+07
0.626278,6040.36,1.1573e-07,6.40739e+07
0.627281,6072.26,1.21324e-07,6.33489e+07
0.628284,6102.63,1.07253e-07,6.31596e+07
0.629284,6132.94,1.0426e-07,6.31063e+07
0.630286,6164.39,1.17235e-07,6.23606e+07
0.631289,6194.78,1.20043e-07,6.12978e+07
0.632291,6225.44,1.13257e-07,6.04452e+07
0.633292,6258.11,1.13374e-07,5.99298e+07
0.634294,6291.08,1.14036e-07,5.85921e+07
0.635295,6324.8,1.1684e-07,5.86015e+07
0.636297,6354.84,1.23854e-07,5.8802e+07
0.637302,6385.68,1.14977e-07,5.86198e+07
0.638302,6417.32,1.12963e-07,5.80361e+07
0.639304,6448.27,1.17039e-07,5.79621e+07
0.640307,6478.98,1.12151e-07,5.76475e+07
0.641309,6511.35,1.13153e-07,5.7752e+07
0.642312,6543.26,1.18604e-07,5.78243e+07
0.643313,6574.2,1.12813e-07,5.77014e+07
0.644314,6604.57,1.16444e-07,5.74182e+07
0.645317,6635.93,1.14922e-07,5.726e+07
0.646319,6667.92,1.20154e-07,5.65551e+07
0.647321,6698.65,1.15509e-07,5.62791e+07
0.648323,6730.45,1.11373e-07,5.56574e+07
0.649325,6762.75,1.12048e-07,5.52041e+07
0.650326,6794.01,1.05382e-07,5.47153e+07
0.651328,6824.19,1.16436e-07,5.43494e+07
0.652331,6855.71,1.12747e-07,5.38408e+07
0.653332,6887.73,1.08317e-07,5.38812e+07
0.654335,6921.94,1.11975e-07,5.36988e+07
0.655336,6953.29,1.14018e-07,5.30272e+07
0.656339,6986.33,1.19239e-07,5.16651e+07
0.657341,7019.1,1.1163e-07,5.10036e+07
0.658342,7050.92,1.14994e-07,5.0477e+07
0.659346,7083.76,1.14441e-07,5.03578e+07
0.660347,7115.89,1.09795e-07,5.10089e+07
0.661348,7147.82,1.15012e-07,5.08971e+07
0.662349,7180.56,1.09444e-07,5.06483e+07
0.663352,7212.19,1.18344e-07,5.02322e+07
0.664354,7245.18,1.18912e-07,4.99454e+07
0.665356,7276.59,1.13409e-07,4.9721e+07
0.666354,7308.41,1.12404e-07,4.95798e+07
0.667363,7341.63,1.13533e-07,4.90379e+07
0.668364,7374.41,1.15407e-07,4.84863e+07
0.669366,7406.4,1.04888e-07,4.8759e+07
0.670365,7438.88,1.12057e-07,4.86327e+07
0.671369,7472.61,1.19206e-07,4.83294e+07
0.672372,7504.58,1.13028e-07,4.81857e+07
0.673374,7536.83,1.16326e-07,4.80529e+07
0.674376,7569.68,1.09666e-07,4.77097e+07
0.675378,7602.65,1.07468e-07,4.74192e+07
0.676378,7635.71,1.0953e-07,4.68777e+07
0.67738,7667.66,1.2501e-07,4.65396e+07
0.678384,7699.99,1.17632e-07,4.66023e+07
0.679385,7732.12,1.0955e-07,4.65221e+07
0.680386,7765.27,1.14549e-07,4.65262e+07
0.681388,7798.33,1.17819e-07,4.63993e+07
0.682391,7830.11,1.18631e-07,4.59645e+07
0.683393,7862.23,1.19641e-07,4.58055e+07
0.684395,7894.33,1.19206e-07,4.57594e+07
0.685397,7926.66,1.12045e-07,4.55416e+07
0.686399,7961.01,1.15205e-07,4.51471e+07
0.6874,7993.25,1.19828e-07,4.50251e+07
0.688403,8026.09,1.15334e-07,4.46294e+07
0.689405,8059.09,1.05904e-07,4.43435e+07
0.690405,8091.98,1.12426e-07,4.38394e+07
0.691409,8126.09,1.18304e-07,4.33552e+07
0.692412,8158.75,1.19117e-07,4.32335e+07
0.693413,8190.72,1.13787e-07,4.30004e+07
0.694415,8222.99,1.13745e-07,4.29428e+07
0.695418,8256.02,1.11981e-07,4.2832e+07
0.696418,8289.39,1.15078e-07,4.25911e+07
0.697422,8322.8,1.18051e-07,4.1963e+07
0.698424,8356.89,1.14469e-07,4.14906e+07
0.699425,8388.81,1.08113e-07,4.13211e+07
0.700427,8421.07,1.10183e-07,4.09066e+07
0.70143,8453.92,1.10928e-07,4.03916e+07
0.702432,8486.87,1.05688e-07,4.01292e+07
0.703432,8521.05,1.0419e-07,3.9865e+07
0.704434,8554.68,1.12895e-07,3.98424e+07
0.705437,8588.41,1.13647e-07,3.95107e+07
0.706438,8620.62,1.14545e-07,3.93985e+07
0.707441,8652.45,1.2279e-07,3.90573e+07
0.708443,8684.84,1.16847e-07,3.878e+07
0.709444,8717.82,1.17519e-07,3.82379e+07
0.710447,8752.1,1.18622e-07,3.81031e+07
0.711449,8784.92,1.22215e-07,3.78181e+07
0.712451,8817.12,1.19599e-07,3.70965e+07
0.713454,8851.77,1.04598e-07,3.66947e+07
0.714455,8884.11,1.11059e-07,3.67278e+07
0.715456,8917,1.2038e-07,3.63488e+07
0.71646,8950.69,1.17962e-07,3.63093e+07
0.717462,8982.65,1.15363e-07,3.58292e+07
0.718463,9017,1.14575e-07,3.57338e+07
0.719465,9050.39,1.12206e-07,3.56281e+07
0.720467,9082.72,1.13782e-07,3.57705e+07
0.72147,9116.66,1.14119e-07,3.58296e+07
0.722473,9149.45,1.07668e-07,3.54579e+07
0.723474,9182.49,1.03324e-07,3.52461e+07
0.724475,9216.83,1.02244e-07,3.51133e+07
0.725476,9251.47,1.10308e-07,3.4933e+07
0.72648,9285.52,1.17559e-07,3.49739e+07
0.727482,9319.16,1.14527e-07,3.49231e+07
0.728484,9351.9,1.15356e-07,3.47782e+07
0.729486,9386.14,1.13862e-07,3.49609e+07
0.730487,9420.67,1.12165e-07,3.46818e+07
0.731489,9455.33,1.14929e-07,3.45034e+07
0.732492,9488.43,1.08399e-07,3.42942e+07
0.733494,9521.57,1.10614e-07,3.43949e+07
0.734495,9555,1.06745e-07,3.42637e+07
0.735497,9589.52,1.11494e-07,3.36137e+07
0.736499,9622.68,1.1677e-07,3.33734e+07
0.7375,9656.47,1.15227e-07,3.30805e+07
0.738504,9690.55,1.1781e-07,3.28096e+07
0.739505,9724.64,1.09891e-07,3.24189e+07
0.740507,9758.94,1.13733e-07,3.20468e+07
0.741509,9792.98,1.1637e-07,3.1977e+07
0.742511,9825.04,1.13605e-07,3.17631e+07
0.743514,9858.49,1.14193e-07,3.14686e+07
0.744517,9892.01,1.17295e-07,3.13303e+07
0.745519,9925.05,1.11098e-07,3.09772e+07
0.74652,9958.09,1.13531e-07,3.08834e+07
0.747522,9991.44,1.09468e-07,3.08295e+07
0.748523,10025,1.11012e-07,3.03511e+07
0.749525,10058.1,1.17256e-07,3.02592e+07
0.750528,10090.9,1.10377e-07,3.02421e+07
0.751529,10124.1,1.11801e-07,3.00676e+07
0.75253,10158.2,1.09585e-07,2.99032e+07
0.753532,10191.2,1.11946e-07,2.93887e+07
0.754534,10225.2,1.10536e-07,2.94802e+07
0.755536,10258.5,1.15042e-07,2.95823e+07
0.756539,10291.4,1.11351e-07,2.91693e+07
0.757541,10324.5,1.0971e-07,2.8956e+07
0.758544,10358.7,1.16797e-07,2.86707e+07
0.759546,10391.5,1.11721e-07,2.84938e+07
0.760549,10425.4,1.05933e-07,2.80122e+07
0.761549,10458.7,1.05792e-07,2.79303e+07
0.762551,10491.7,1.09265e-07,2.75453e+07
0.763553,10525.3,1.16854e-07,2.73806e+07
0.764555,10558.5,1.13393e-07,2.72106e+07
0.765558,10591.1,1.0867e-07,2.69166e+07
0.766559,10624.3,1.06623e-07,2.64671e+07
0.76756,10657.9,1.10698e-07,2.60697e+07
0.768564,10691.6,1.08873e-07,2.59877e+07
0.769565,10725.4,1.08207e-07,2.56185e+07
0.770567,10758.2,1.14161e-07,2.50077e+07
0.77157,10791.9,1.0855e-07,2.50131e+07
0.772571,10825.5,1.12787e-07,2.45672e+07
0.773572,10858.6,1.17104e-07,2.41719e+07
0.774576,10892.9,1.2338e-07,2.37052e+07
0.775578,10926,1.11286e-07,2.34463e+07
0.77658,10959.4,1.05894e-07,2.31899e+07
0.777579,10992.4,1.16303e-07,2.28156e+07
0.778583,11025.2,1.24874e-07,2.244e+07
0.779587,11057.5,1.13425e-07,2.22283e+07
0.780588,11091.4,1.06405e-07,2.20728e+07
0.78159,11123.6,1.05625e-07,2.1915e+07
0.78259,11156.4,1.12842e-07,2.17351e+07
0.783594,11188.6,1.11458e-07,2.14921e+07
0.784596,11221.2,1.07868e-07,2.12283e+07
0.785597,11253.9,1.1406e-07,2.09633e+07
0.7866,11286.8,1.14099e-07,2.06306e+07
0.787602,11319.7,1.06734e-07,2.04511e+07
0.788603,11351.9,1.15031e-07,2.02945e+07
0.789606,11384.6,1.20677e-07,2.01924e+07
0.790608,11417.7,1.12491e-07,2.01414e+07
0.791609,11450.5,1.12757e-07,1.99324e+07
0.792611,11483.3,1.10055e-07,1.96877e+07
0.793613,11516.6,1.0872e-07,1.93458e+07
0.794613,11549,1.18735e-07,1.92259e+07
0.795618,11580.7,1.18956e-07,1.90275e+07
0.796619,11614,1.1221e-07,1.87176e+07
0.797621,11646.9,1.12468e-07,1.85868e+07
0.798623,11679.6,1.12778e-07,1.84147e+07
0.799624,11712.8,1.06425e-07,1.8359e+07
0.800627,11747.1,1.12012e-07,1.79786e+07
0.801629,11779.5,1.28175e-07,1.77269e+07
0.802633,11810.9,1.22788e-07,1.75224e+07
0.803635,11842.6,1.06405e-07,1.73051e+07
0.804635,11873.4,1.07328e-07,1.70511e+07
0.805638,11905.3,1.10648e-07,1.6875e+07
0.80664,11937.1,1.11797e-07,1.65736e+07
0.807642,11968.7,1.13959e-07,1.63102e+07
0.808643,12000.9,1.1406e-07,1.6095e+07
0.809646,12032.1,1.2121e-07,1.59277e+07
0.810647,12064,1.15926e-07,1.55522e+07
0.81165,12095.8,1.2401e-07,1.54529e+07
0.812653,12127.2,1.16804e-07,1.51463e+07
0.813653,12158.9,1.14749e-07,1.50692e+07
0.814655,12190.1,1.16561e-07,1.4783e+07
0.815658,12222.2,1.18332e-07,1.46002e+07
0.816659,12253.4,1.11112e-07,1.45668e+07
0.817661,12284.3,1.11869e-07,1.45445e+07
0.818663,12315.4,1.17274e-07,1.43719e+07
0.819665,12347.1,1.16713e-07,1.43559e+07
0.820667,12378.4,1.19083e-07,1.41633e+07
0.821669,12409.2,1.21309e-07,1.39084e+07
0.822671,12440.5,1.248e-07,1.39094e+07
0.823675,12471.8,1.22313e-07,1.39222e+07
0.824676,12503.1,1.12528e-07,1.36889e+07
0.825677,12533.6,1.20504e-07,1.35833e+07
0.826679,12565,1.1881e-07,1.33643e+07
0.827682,12595.7,1.14074e-07,1.32008e+07
0.828684,12627.3,1.143e-07,1.31305e+07
0.829686,12657.8,1.1034e-07,1.29223e+07
0.830688,12689,1.12728e-07,1.26992e+07
0.831689,12718.3,1.07891e-07,1.24491e+07
0.832691,12749.4,1.15757e-07,1.23139e+07
0.833695,12780.7,1.07537e-07,1.21969e+07
0.834696,12810.6,1.04145e-07,1.21004e+07
0.835697,12840.7,1.12417e-07,1.20016e+07
0.8367,12871.4,1.18388e-07,1.18233e+07
0.837702,12902.3,1.09611e-07,1.16699e+07
0.838703,12932.3,1.14085e-07,1.15316e+07
0.839705,12962.1,1.14827e-07,1.13535e+07
0.840707,12992.3,1.22992e-07,1.12832e+07
0.84171,13022.6,1.21749e-07,1.12877e+07
0.842711,13053.8,1.14507e-07,1.11037e+07
0.843712,13083.3,1.20962e-07,1.09832e+07
0.844716,13113.6,1.22108e-07,1.0899e+07
0.845718,13142.5,1.14005e-07,1.06792e+07
0.84672,13172,1.1485e-07,1.04289e+07
0.847722,13201.9,1.14516e-07,1.03828e+07
0.848724,13231.6,1.11072e-07,1.01669e+07
0.849725,13262.2,1.13852e-07,1.01079e+07
0.850728,13291.4,1.13723e-07,9.76668e+06
0.851729,13320.8,1.10865e-07,9.62597e+06
0.852732,13349.5,1.13357e-07,9.55074e+06
0.853733,13379.4,1.1378e-07,9.4925e+06
0.854735,13408.2,1.16771e-07,9.38965e+06
0.855738,13437.3,1.19678e-07,9.30868e+06
0.85674,13466.9,1.11658e-07,9.2272e+06
0.857742,13495.9,1.15319e-07,9.20968e+06
0.858744,13523.8,1.13478e-07,9.11667e+06
0.859745,13552,1.09983e-07,9.00652e+06
0.860749,13581.2,1.0854e-07,8.77573e+06
0.861749,13609.8,1.14757e-07,8.62156e+06
0.862752,13637.9,1.11077e-07,8.5366e+06
0.863754,13665.8,1.11302e-07,8.47756e+06
0.864755,13693.9,1.18867e-07,8.48825e+06
0.865758,13723.5,1.2171e-07,8.36911e+06
0.866761,13751.2,1.14623e-07,8.25868e+06
0.867762,13778.6,1.13213e-07,8.20472e+06
0.868764,13806.2,1.16112e-07,8.08265e+06
0.869766,13834.2,1.10743e-07,7.98184e+06
0.870767,13861.6,1.15992e-07,7.73557e+06
0.871769,13889.3,1.24193e-07,7.6334e+06
0.872772,13916.7,1.16599e-07,7.59411e+06
0.873774,13944.1,1.14572e-07,7.36175e+06
0.874775,13971.9,1.18281e-07,7.17759e+06
0.875778,13999.1,1.09856e-07,6.96835e+06
0.876779,14026.6,1.1342e-07,6.86717e+06
0.877781,14054.5,1.15258e-07,6.79886e+06
0.878783,14082.1,1.10453e-07,6.69069e+06
0.879786,14108.5,1.09735e-07,6.64103e+06
0.880788,14135.7,1.12249e-07,6.48211e+06
0.881789,14162.5,1.16195e-07,6.32966e+06
0.882793,14188.4,1.11713e-07,6.30846e+06
0.883793,14214.5,1.11212e-07,6.27789e+06
0.884796,14240.2,1.13047e-07,6.17971e+06
0.885799,14266.8,1.17404e-07,6.00398e+06
0.8868,14292.6,1.16086e-07,5.88952e+06
0.887802,14318.3,1.10768e-07,5.73613e+06
0.888802,14344.1,1.16962e-07,5.56218e+06
0.889807,14370.4,1.1086e-07,5.42061e+06
0.890808,14395.7,1.07402e-07,5.3793e+06
0.89181,14420.8,1.08076e-07,5.31914e+06
0.892812,14446.5,1.11108e-07,5.2681e+06
0.893813,14471.4,1.08772e-07,5.07415e+06
0.894816,14497,1.14194e-07,5.01085e+06
0.895817,14521.8,1.2077e-07,4.93889e+06
0.89682,14546.3,1.17283e-07,4.82129e+06
0.897823,14570.7,1.09606e-07,4.76498e+06
0.898824,14594.7,1.04841e-07,4.65919e+06
0.899825,14619.5,1.04573e-07,4.54668e+06
0.900828,14643.9,1.10367e-07,4.39251e+06
0.90183,14667.1,1.07156e-07,4.30204e+06
0.902832,14690.2,1.17313e-07,4.16561e+06
0.903834,14713.6,1.1676e-07,4.07624e+06
0.904836,14737.2,1.22189e-07,4.01327e+06
0.905838,14760.7,1.26071e-07,3.93398e+06
0.90684,14783.6,1.1886e-07,3.84144e+06
0.907843,14806.7,1.12733e-07,3.79678e+06
0.908844,14829.7,1.14842e-07,3.64202e+06
0.909846,14852.9,1.13946e-07,3.54703e+06
0.910848,14875.4,1.1396e-07,3.49506e+06
0.91185,14897.2,1.10557e-07,3.44443e+06
0.912852,14918.2,1.13145e-07,3.34496e+06
0.913853,14940.4,1.16896e-07,3.21118e+06
0.914857,14961.5,1.17869e-07,3.09279e+06
0.915858,14984.1,1.12311e-07,3.07116e+06
0.916861,15006,1.14796e-07,2.9993e+06
0.917862,15027.4,1.1308e-07,2.88907e+06
0.918864,15048.5,1.1196e-07,2.78041e+06
0.919866,15069.3,1.13745e-07,2.71623e+06
0.920868,15090.2,1.09814e-07,2.66308e+06
0.921869,15111.3,1.11378e-07,2.60222e+06
0.922872,15131.8,1.10095e-07,2.51634e+06
0.923874,15151.6,1.09378e-07,2.50656e+06
0.924875,15171.5,1.07644e-07,2.40946e+06
0.925876,15191.3,1.15133e-07,2.32862e+06
0.92688,15210.9,1.16691e-07,2.24862e+06
0.927882,15230.3,1.18524e-07,2.19366e+06
0.928885,15249.5,1.14935e-07,2.11983e+06
0.929887,15268.2,1.11827e-07,2.06122e+06
0.930889,15286.5,1.0217e-07,2.02702e+06
0.931889,15305.2,1.03691e-07,1.96563e+06
0.932891,15324.4,1.12049e-07,1.88714e+06
0.933893,15342.1,1.15325e-07,1.86457e+06
0.934896,15360.6,1.12785e-07,1.7682e+06
0.935897,15377.9,1.13127e-07,1.73932e+06
0.936899,15395.9,1.22317e-07,1.68213e+06
0.937902,15413.2,1.17538e-07,1.64787e+06
0.938904,15430.8,1.14537e-07,1.59857e+06
0.939906,15447.2,1.18128e-07,1.54646e+06
0.940908,15464,1.18022e-07,1.495e+06
0.941909,15480.9,1.16813e-07,1.46621e+06
0.942913,15496.6,1.16546e-07,1.44151e+06
0.943915,15512.6,1.14167e-07,1.37949e+06
0.944918,15528.7,1.07065e-07,1.34682e+06
0.945919,15544.5,1.10825e-07,1.29843e+06
0.946921,15559.5,1.11356e-07,1.26195e+06
0.947922,15574.9,1.07445e-07,1.23362e+06
0.948925,15589.9,1.04544e-07,1.20284e+06
0.949925,15605.1,1.06911e-07,1.18413e+06
0.950927,15619.4,1.12586e-07,1.11181e+06
0.95193,15634.2,1.21575e-07,1.02646e+06
0.952932,15648.2,1.21904e-07,1.01222e+06
0.953934,15662.7,1.19527e-07,974510
0.954936,15676.7,1.14812e-07,914596
0.955939,15690.5,1.12302e-07,876932
0.95694,15703.3,1.0985e-07,848210
0.957942,15715.9,1.08383e-07,818645
0.958943,15729,1.08333e-07,787108
0.959945,15741.1,1.07216e-07,749570
0.960947,15752.8,1.12584e-07,704282
0.96195,15764.6,1.09881e-07,642204
0.962951,15775.7,1.0839e-07,601201
0.963954,15786.2,1.04815e-07,580167
0.964955,15797.2,1.09058e-07,548492
0.965957,15807.6,1.18515e-07,542810
0.966959,15818.2,1.19382e-07,513538
0.967961,15828.5,1.23352e-07,488292
0.968965,15838.6,1.26462e-07,485244
0.969967,15848,1.188e-07,464507
0.970968,15857.9,1.08209e-07,437885
0.97197,15866.9,1.04377e-07,403801
0.972971,15876,1.17231e-07,383492
0.973974,15884,1.12215e-07,362550
0.974975,15892.2,1.10367e-07,342284
0.975978,15900.2,1.18981e-07,328807
0.976981,15908.3,1.12496e-07,285050
0.977983,15916.6,1.10305e-07,268074
0.978984,15923.5,1.09894e-07,253439
0.979985,15929.8,1.15498e-07,237879
0.980989,15936.4,1.2228e-07,203600
0.981992,15942.5,1.04281e-07,190565
0.982992,15948.5,1.04728e-07,178182
0.983993,15954.6,1.12274e-07,153731
0.984996,15959.7,1.16164e-07,134612
0.985998,15964.9,1.09948e-07,113313
0.986999,15969.6,1.12767e-07,93979.6
0.988001,15974.1,1.24259e-07,84132.6
0.989006,15977.9,1.18861e-07,75754.2
0.990006,15981.9,1.12566e-07,60051
0.991009,15985.1,1.13734e-07,49329.5
0.992009,15988.2,1.18974e-07,34832.1
0.993012,15991,1.13953e-07,26889.4
0.994015,15993.3,1.15976e-07,20980.7
0.995016,15994.9,1.12479e-07,15975.4
0.996017,15996.5,1.13792e-07,10244.7
0.997019,15997.6,1.09925e-07,6800.05
0.998018,15998.6,9.5263e-08,4350.26
0.999012,15999.1,8.8417e-08,2558.82
1,15999.4,0,1573.48
0.339805,263.016,2.15886,9.63697e+06
12.0778,-1,-1,-1
