0,1,0,0
0.00101363,2.352,3.71285e-08,348.048
0.00201771,2.934,3.03263e-08,882.822
0.00301996,3.404,3.06715e-08,1706.39
0.00402162,3.76,3.131e-08,2893.2
0.00502361,4.104,3.17711e-08,4334.59
0.00602635,4.416,3.132e-08,5459.47
0.00702774,4.806,2.99544e-08,7066.18
0.00802957,5.12,2.87909e-08,8184.8
0.00903166,5.466,2.76419e-08,10680.4
0.0100341,5.812,2.8899e-08,13346.3
0.0110357,6.19,3.17794e-08,15908.9
0.0120383,6.574,3.14565e-08,19062.3
0.0130395,6.894,3.02204e-08,22257.4
0.0140421,7.334,3.11287e-08,24981.2
0.015044,7.712,3.0187e-08,28918.5
0.0160451,8.094,2.95469e-08,31802.6
0.017048,8.474,2.94615e-08,34172.7
0.0180504,8.862,2.74894e-08,38125.5
0.0190524,9.296,2.98147e-08,42110.2
0.0200544,9.67,2.81785e-08,46258.5
0.021055,10.082,2.95152e-08,51615.6
0.0220575,10.49,2.93931e-08,57474.9
0.0230597,10.902,3.13e-08,63434.2
0.024062,11.342,3.17836e-08,68658.5
0.0250643,11.82,3.20244e-08,76717.8
0.026066,12.22,3.36935e-08,83375.8
0.027067,12.64,2.9998e-08,90673.2
0.0280698,13.072,3.14489e-08,97593.4
0.0290719,13.522,2.85552e-08,105135
0.030074,14,2.9183e-08,111426
0.0310749,14.46,3.1563e-08,119504
0.0320768,14.88,2.88087e-08,126733
0.0330792,15.342,3.00069e-08,134495
0.0340813,15.842,3.06708e-08,144515
0.0350837,16.306,2.98551e-08,153836
0.0360857,16.794,3.17881e-08,162924
0.0370877,17.312,3.05241e-08,170835
0.0380898,17.762,3.17493e-08,177803
0.0390908,18.23,3.19546e-08,188639
0.0400938,18.738,2.82516e-08,202467
0.0410957,19.258,3.0302e-08,213360
0.0420975,19.76,3.26378e-08,225855
0.0430997,20.298,3.02842e-08,236375
0.0441016,20.854,2.73141e-08,250190
0.0451032,21.428,2.93616e-08,269784
0.0461055,22.016,2.91021e-08,287422
0.0471076,22.556,3.04649e-08,299905
0.0481093,23.234,3.35205e-08,316034
0.0491115,23.846,3.32106e-08,328791
0.0501142,24.48,3.00823e-08,340789
0.0511164,25.25,2.84698e-08,361100
0.0521184,26.046,3.06306e-08,388964
0.0531198,26.594,3.05969e-08,406495
0.0541211,27.126,3.19575e-08,423739
0.0551239,27.75,2.93677e-08,436524
0.0561258,28.368,3.02493e-08,463538
0.0571283,29.064,3.11602e-08,484428
0.0581302,29.694,3.04208e-08,505480
0.0591318,30.382,3.00298e-08,527862
0.0601346,31.168,3.00864e-08,551206
0.0611363,31.78,3.11949e-08,570580
0.0621377,32.464,3.28391e-08,599266
0.0631392,33.264,3.01823e-08,627479
0.0641408,34.048,2.83163e-08,652249
0.0651437,34.84,2.97632e-08,684519
0.0661457,35.536,3.08134e-08,697594
0.0671475,36.43,3.13744e-08,728523
0.0681496,37.166,3.05519e-08,756299
0.0691516,38.12,2.87941e-08,791441
0.0701531,38.844,2.83269e-08,818846
0.0711561,39.642,3.0497e-08,839417
0.0721578,40.696,3.07775e-08,967972
0.0731599,41.658,3.14423e-08,1.00837e+06
0.0741622,42.534,2.9741e-08,1.03903e+06
0.0751642,43.518,2.88297e-08,1.07676e+06
0.0761657,44.406,3.19529e-08,1.12479e+06
0.0771682,45.338,3.14635e-08,1.1636e+06
0.0781698,46.094,3.06287e-08,1.20869e+06
0.0791719,47.106,3.02331e-08,1.25701e+06
0.0801741,48.08,2.99849e-08,1.32274e+06
0.0811752,49.136,3.22282e-08,1.41829e+06
0.0821776,50.168,3.10848e-08,1.46858e+06
0.08318,51.214,3.03912e-08,1.52415e+06
0.0841817,52.458,3.07371e-08,1.61489e+06
0.0851844,53.602,2.91995e-08,1.6891e+06
0.0861858,54.882,2.95632e-08,1.8169e+06
0.0871882,56.13,2.96852e-08,1.87506e+06
0.0881898,57.224,3.2242e-08,1.92477e+06
0.0891911,58.33,3.06466e-08,1.98728e+06
0.0901938,59.466,2.73409e-08,2.06472e+06
0.0911961,60.53,2.89543e-08,2.12278e+06
0.092198,61.818,3.11041e-08,2.19617e+06
0.0931994,63.14,2.73383e-08,2.30435e+06
0.0942016,64.456,2.81543e-08,2.3801e+06
0.0952038,65.918,3.20508e-08,2.49438e+06
0.0962057,67.26,3.21961e-08,2.57378e+06
0.0972078,68.532,3.24446e-08,2.66406e+06
0.09821,69.818,3.22037e-08,2.77135e+06
0.0992116,71.392,3.02876e-08,2.88572e+06
0.100215,73.126,3.13158e-08,3.03814e+06
0.101216,74.538,3.18027e-08,3.17467e+06
0.102218,75.962,3.20243e-08,3.26915e+06
0.10322,77.498,2.8258e-08,3.35955e+06
0.104223,79.726,3.44488e-08,3.57292e+06
0.105224,81.518,3.25511e-08,3.70376e+06
0.106226,82.894,3.1671e-08,3.81597e+06
0.107228,84.246,3.00006e-08,3.94335e+06
0.10823,86.28,3.28136e-08,4.06647e+06
0.109232,88.548,3.16324e-08,4.2338e+06
0.110234,90.412,2.93757e-08,4.4635e+06
0.111236,92.33,2.93666e-08,4.63238e+06
0.112238,94.18,3.09899e-08,4.82544e+06
0.11324,96.038,2.85935e-08,4.9395e+06
0.114242,97.754,3.07481e-08,5.09204e+06
0.115244,99.994,3.27377e-08,5.37141e+06
0.116246,102.38,3.16249e-08,5.64746e+06
0.117248,104.478,3.0985e-08,5.8659e+06
0.11825,107.124,2.77417e-08,6.13787e+06
0.119252,109.318,3.11789e-08,6.35939e+06
0.120254,112.124,3.21955e-08,6.6054e+06
0.121256,114.646,3.15374e-08,6.90093e+06
0.122258,117.158,3.03294e-08,7.14187e+06
0.12326,119.674,3.20602e-08,7.43456e+06
0.124262,122.356,3.09323e-08,7.81696e+06
0.125264,125.062,3.11821e-08,8.23943e+06
0.126266,127.494,3.04418e-08,8.44686e+06
0.127268,130.282,2.76021e-08,8.73478e+06
0.12827,133.352,2.72941e-08,9.2207e+06
0.129272,135.676,2.78099e-08,9.46075e+06
0.130274,139.064,2.89555e-08,1.00132e+07
0.131276,141.92,3.00789e-08,1.02772e+07
0.132279,145.348,3.03147e-08,1.06772e+07
0.133281,148.594,3.0266e-08,1.10683e+07
0.134282,152.254,3.16526e-08,1.16108e+07
0.135284,155.78,3.38532e-08,1.22251e+07
0.136286,159.67,3.30953e-08,1.26609e+07
0.137288,162.588,3.29085e-08,1.30251e+07
0.13829,166.274,2.89536e-08,1.33716e+07
0.139292,169.65,3.04639e-08,1.38469e+07
0.140294,174.06,2.97064e-08,1.44011e+07
0.141296,178.742,2.88285e-08,1.49294e+07
0.142298,184.412,3.12118e-08,1.55747e+07
0.1433,189.12,3.30194e-08,1.61984e+07
0.144302,194.074,3.08853e-08,1.70354e+07
0.145304,198.126,3.02566e-08,1.75861e+07
0.146305,205.016,3.23084e-08,1.85303e+07
0.147308,210.176,3.17296e-08,1.94059e+07
0.14831,215.846,3.09274e-08,2.02984e+07
0.149313,221.184,3.09938e-08,2.10149e+07
0.150314,227.678,3.05538e-08,2.20574e+07
0.151316,234.658,3.04285e-08,2.30506e+07
0.152318,241.622,2.8873e-08,2.41919e+07
0.15332,247.176,3.10704e-08,2.50217e+07
0.154322,253.394,3.18851e-08,2.60095e+07
0.155324,259.584,3.02272e-08,2.6974e+07
0.156326,266.434,2.96412e-08,2.79464e+07
0.157328,273.886,3.04301e-08,2.92705e+07
0.15833,282.046,3.27858e-08,3.03462e+07
0.159332,290.492,2.91627e-08,3.14678e+07
0.160335,298.192,2.96948e-08,3.26894e+07
0.161337,305.8,3.036e-08,3.41087e+07
0.162338,314.61,3.22164e-08,3.56543e+07
0.16334,326.248,3.08793e-08,3.80201e+07
0.164342,336.436,3.02055e-08,3.95307e+07
0.165344,346.386,3.12571e-08,4.11341e+07
0.166346,357.31,3.05978e-08,4.30544e+07
0.167348,367.244,3.10701e-08,4.44551e+07
0.16835,376.9,3.21416e-08,4.58422e+07
0.169352,386.628,2.8815e-08,4.8079e+07
0.170354,396.64,3.07816e-08,4.99868e+07
0.171356,408.664,3.06355e-08,5.22131e+07
0.172358,419.054,2.89425e-08,5.42903e+07
0.17336,432.35,3.19221e-08,5.67347e+07
0.174363,443.316,3.14948e-08,5.92025e+07
0.175364,457.04,2.9702e-08,6.13572e+07
0.176366,471.908,3.05822e-08,6.38971e+07
0.177369,488.884,3.06482e-08,6.67384e+07
0.17837,503.566,3.18105e-08,6.91863e+07
0.179372,521.824,3.01746e-08,7.19049e+07
0.180374,540.464,3.1632e-08,7.48557e+07
0.181376,555.838,3.12705e-08,7.77257e+07
0.182378,576.192,3.13894e-08,8.10727e+07
0.18338,595.394,2.84607e-08,8.40515e+07
0.184382,610.616,3.04753e-08,8.7455e+07
0.185384,629.428,3.0354e-08,9.06409e+07
0.186386,651.692,2.95647e-08,9.40927e+07
0.187388,671.428,3.08602e-08,9.67459e+07
0.18839,697.17,2.93541e-08,9.92707e+07
0.189392,719.922,3.13221e-08,1.04452e+08
0.190394,740.534,3.22175e-08,1.08322e+08
0.191396,760.726,2.91697e-08,1.11344e+08
0.192399,785.52,3.07564e-08,1.14691e+08
0.1934,812.318,3.21749e-08,1.18419e+08
0.194402,837.892,2.88709e-08,1.2101e+08
0.195405,864.012,2.8558e-08,1.24082e+08
0.196407,889.21,3.08349e-08,1.26772e+08
0.197408,922.38,3.08419e-08,1.31488e+08
0.19841,948.776,2.81273e-08,1.34669e+08
0.199412,980.636,3.09118e-08,1.38351e+08
0.200415,1008.79,3.16261e-08,1.41819e+08
0.201416,1036.23,3.10095e-08,1.46572e+08
0.202418,1071.69,2.8782e-08,1.51136e+08
0.203421,1103.79,2.98488e-08,1.55487e+08
0.204422,1140.44,3.19778e-08,1.57908e+08
0.205425,1178.7,3.05981e-08,1.60421e+08
0.206426,1215.32,2.91771e-08,1.64388e+08
0.207428,1249.28,2.95505e-08,1.67053e+08
0.208431,1287.27,3.10584e-08,1.6991e+08
0.209433,1327.03,2.88518e-08,1.72599e+08
0.210435,1366.21,2.96029e-08,1.74365e+08
0.211437,1408.05,3.05069e-08,1.76772e+08
0.212438,1451.74,3.1532e-08,1.78436e+08
0.21344,1490.64,3.22432e-08,1.81698e+08
0.214442,1535.55,3.18863e-08,1.79678e+08
0.215444,1579.7,3.29469e-08,1.81739e+08
0.216446,1626.9,3.20771e-08,1.84345e+08
0.217448,1673.95,2.95155e-08,1.83962e+08
0.218451,1726,2.87306e-08,1.83989e+08
0.219453,1767.43,3.1282e-08,1.85641e+08
0.220455,1814.93,2.8827e-08,1.84396e+08
0.221456,1867.31,3.01074e-08,1.84928e+08
0.222459,1923.32,2.9199e-08,1.81983e+08
0.22346,1970.68,2.90372e-08,1.79227e+08
0.224462,2025.19,3.0544e-08,1.79278e+08
0.225464,2075.65,3.14422e-08,1.79612e+08
0.226466,2125.94,2.94516e-08,1.80209e+08
0.227468,2182.04,2.99065e-08,1.75301e+08
0.228471,2238.7,2.95909e-08,1.73289e+08
0.229472,2291.74,3.12616e-08,1.70614e+08
0.230474,2344.2,2.98105e-08,1.69522e+08
0.231476,2399.61,3.22677e-08,1.69244e+08
0.232479,2456.72,2.88158e-08,1.67861e+08
0.233481,2512.7,2.7736e-08,1.66049e+08
0.234483,2570.42,2.91467e-08,1.63689e+08
0.235485,2630.48,3.15491e-08,1.63467e+08
0.236487,2691.83,3.08196e-08,1.58959e+08
0.237489,2749.39,3.03148e-08,1.53531e+08
0.23849,2810.05,3.02932e-08,1.49162e+08
0.239493,2867.94,3.26522e-08,1.47835e+08
0.240495,2929.12,3.08272e-08,1.41649e+08
0.241497,2987.01,3.23995e-08,1.3957e+08
0.242498,3051.55,3.16186e-08,1.37158e+08
0.2435,3113.68,3.08502e-08,1.3336e+08
0.244502,3176.71,3.03738e-08,1.29598e+08
0.245505,3237.32,3.03146e-08,1.26294e+08
0.246507,3299.62,2.94255e-08,1.2406e+08
0.247508,3362.22,3.0586e-08,1.22158e+08
0.248511,3427.06,3.23818e-08,1.17965e+08
0.249513,3489.49,3.09796e-08,1.16619e+08
0.250515,3552.93,3.28457e-08,1.15883e+08
0.251517,3617.74,2.90401e-08,1.13726e+08
0.252519,3680.47,3.05811e-08,1.11862e+08
0.253521,3746.98,3.06195e-08,1.07808e+08
0.254522,3807.52,2.91812e-08,1.07862e+08
0.255525,3869.93,3.01637e-08,1.04841e+08
0.256526,3932.91,2.98853e-08,1.02095e+08
0.257529,3997.7,2.96916e-08,9.97144e+07
0.258531,4061.23,3.17687e-08,9.93386e+07
0.259532,4126.16,3.12966e-08,9.86444e+07
0.260535,4189.16,3.01722e-08,9.74713e+07
0.261537,4254.76,2.96168e-08,9.48738e+07
0.262539,4319.55,3.04865e-08,9.01643e+07
0.26354,4386.16,3.13382e-08,8.80699e+07
0.264542,4453.47,3.14319e-08,8.43583e+07
0.265545,4516.96,3.03078e-08,8.16129e+07
0.266547,4584.74,3.11632e-08,8.00727e+07
0.267549,4651.41,3.03524e-08,7.90374e+07
0.268551,4715.37,3.08427e-08,7.81936e+07
0.269553,4779.38,3.15071e-08,7.72706e+07
0.270555,4848.1,3.16294e-08,7.46564e+07
0.271557,4915.39,3.0924e-08,7.29588e+07
0.272559,4984.02,2.96557e-08,7.16e+07
0.273561,5048.51,2.98177e-08,7.05823e+07
0.274563,5114.41,3.13419e-08,6.7984e+07
0.275565,5179.66,3.08895e-08,6.6965e+07
0.276567,5244.21,2.77742e-08,6.56285e+07
0.277569,5310.74,2.90797e-08,6.50378e+07
0.278571,5376.92,3.04876e-08,6.41052e+07
0.279572,5444.14,2.98405e-08,6.2746e+07
0.280574,5509.78,3.03831e-08,6.17191e+07
0.281576,5576.38,3.14946e-08,6.00281e+07
0.282578,5640.03,2.8487e-08,5.99036e+07
0.28358,5705.82,3.03115e-08,5.84192e+07
0.284583,5772.21,2.90371e-08,5.65601e+07
0.285585,5838.16,3.16066e-08,5.59997e+07
0.286587,5904.28,3.06997e-08,5.3587e+07
0.287588,5971.23,3.06188e-08,5.19816e+07
0.28859,6036.01,2.98566e-08,5.1585e+07
0.289592,6101.12,3.02475e-08,4.9924e+07
0.290595,6166.05,2.80022e-08,4.88351e+07
0.291597,6232.85,3.26997e-08,4.75506e+07
0.292598,6297.54,3.16797e-08,4.70093e+07
0.2936,6362.9,3.02106e-08,4.5776e+07
0.294602,6428.98,3.17525e-08,4.48623e+07
0.295605,6493.41,2.95962e-08,4.36835e+07
0.296607,6556.06,2.89522e-08,4.26509e+07
0.297609,6619.8,3.25891e-08,4.12302e+07
0.29861,6684.74,2.96449e-08,4.0079e+07
0.299612,6747.23,3.03567e-08,3.8901e+07
0.300615,6809.9,3.00766e-08,3.82919e+07
0.301617,6873.81,3.01357e-08,3.74644e+07
0.302619,6935.54,2.89317e-08,3.64365e+07
0.303621,6997.3,2.73353e-08,3.53152e+07
0.304623,7060.22,3.05586e-08,3.52637e+07
0.305625,7124.82,3.16291e-08,3.47506e+07
0.306627,7187.04,3.08438e-08,3.40031e+07
0.307629,7252.55,2.97639e-08,3.26987e+07
0.308631,7313.58,3.04487e-08,3.19328e+07
0.309633,7377.24,3.02977e-08,3.10582e+07
0.310635,7440.66,3.20806e-08,3.04369e+07
0.311637,7500.75,3.04564e-08,2.97193e+07
0.312638,7562.05,3.17439e-08,2.86616e+07
0.313641,7623.5,3.25154e-08,2.80854e+07
0.314643,7685.9,2.94662e-08,2.73689e+07
0.315645,7747.37,3.05375e-08,2.66943e+07
0.316646,7807.4,3.20385e-08,2.62223e+07
0.317649,7868.45,3.2082e-08,2.53098e+07
0.318651,7930.86,2.94993e-08,2.48118e+07
0.319653,7991.86,2.91569e-08,2.42351e+07
0.320655,8053.8,3.06239e-08,2.33401e+07
0.321657,8112.43,2.8316e-08,2.2695e+07
0.32266,8171.44,2.96357e-08,2.2194e+07
0.323661,8228.95,3.25135e-08,2.18001e+07
0.324662,8288.07,2.99455e-08,2.12713e+07
0.325665,8347.57,2.98254e-08,2.11494e+07
0.326667,8405.88,3.0313e-08,2.08377e+07
0.327669,8463.08,2.93823e-08,2.05818e+07
0.328671,8519.53,2.92444e-08,2.0068e+07
0.329673,8576.84,3.01245e-08,1.95712e+07
0.330675,8635.77,3.00007e-08,1.87939e+07
0.331677,8693.29,3.20821e-08,1.85168e+07
0.332678,8749.35,3.05277e-08,1.79685e+07
0.33368,8804.52,3.09135e-08,1.75643e+07
0.334683,8859.96,3.02057e-08,1.68257e+07
0.335685,8915.39,2.93375e-08,1.6299e+07
0.336687,8970.35,3.19039e-08,1.60052e+07
0.337689,9025.2,2.93723e-08,1.56729e+07
0.33869,9079.82,2.84625e-08,1.53381e+07
0.339693,9135.87,2.95498e-08,1.48164e+07
0.340695,9190.78,3.19355e-08,1.43801e+07
0.341697,9244.3,3.20206e-08,1.41189e+07
0.342699,9296.73,2.88602e-08,1.39419e+07
0.343701,9351.34,3.03676e-08,1.35517e+07
0.344703,9407.1,2.93271e-08,1.32052e+07
0.345705,9460.68,2.98873e-08,1.29205e+07
0.346707,9513.02,3.17636e-08,1.23985e+07
0.347709,9565.48,3.0952e-08,1.20475e+07
0.348711,9618.09,3.00587e-08,1.18581e+07
0.349713,9670.27,3.08668e-08,1.1399e+07
0.350715,9722.31,3.00604e-08,1.1099e+07
0.351717,9773.41,2.90568e-08,1.10683e+07
0.352719,9823.71,3.07716e-08,1.06884e+07
0.353722,9875.06,3.0725e-08,1.05141e+07
0.354723,9923.75,3.0632e-08,1.03487e+07
0.355725,9974.4,3.03292e-08,1.0104e+07
0.356727,10024.2,3.11234e-08,9.93407e+06
0.357729,10073.8,2.90769e-08,9.80309e+06
0.358731,10123.8,3.08207e-08,9.55894e+06
0.359733,10171.9,3.16541e-08,9.45724e+06
0.360735,10221.4,3.06011e-08,9.18384e+06
0.361737,10270.2,3.10481e-08,8.82105e+06
0.362739,10318.8,3.23186e-08,8.74894e+06
0.363741,10365.2,3.03641e-08,8.68753e+06
0.364743,10411.5,3.03663e-08,8.51345e+06
0.365745,10457.4,3.11961e-08,8.39611e+06
0.366747,10504.4,3.035e-08,8.30799e+06
0.367749,10550.3,3.02323e-08,8.09498e+06
0.368752,10596.4,3.13543e-08,7.90707e+06
0.369753,10641,3.02624e-08,7.65513e+06
0.370755,10687.1,3.21203e-08,7.57094e+06
0.371757,10732.3,3.24476e-08,7.42593e+06
0.372759,10777.4,2.98232e-08,7.14915e+06
0.373761,10820.7,3.13397e-08,7.03572e+06
0.374764,10865,3.14982e-08,6.95629e+06
0.375765,10908.5,3.16409e-08,6.78261e+06
0.376767,10953,2.99734e-08,6.70142e+06
0.377769,10995,3.06258e-08,6.56629e+06
0.378771,11038.5,3.09109e-08,6.34867e+06
0.379773,11081.3,2.91334e-08,6.31365e+06
0.380775,11125.9,2.95311e-08,6.08158e+06
0.381777,11168,3.04975e-08,5.99658e+06
0.382779,11209.4,3.15628e-08,5.90931e+06
0.383781,11251.7,3.09534e-08,5.97512e+06
0.384783,11293.7,3.13681e-08,5.78192e+06
0.385785,11335.4,3.18019e-08,5.59884e+06
0.386787,11375.8,3.01392e-08,5.5266e+06
0.387789,11416.6,2.92516e-08,5.40204e+06
0.388791,11456.1,2.96625e-08,5.25925e+06
0.389793,11496.3,3.34236e-08,5.1462e+06
0.390795,11536.2,3.08919e-08,5.06361e+06
0.391798,11575.1,3.05258e-08,4.92402e+06
0.392799,11615.3,2.83623e-08,4.80733e+06
0.393801,11653.5,3.13324e-08,4.75093e+06
0.394803,11691,3.11008e-08,4.76568e+06
0.395805,11729.6,3.20304e-08,4.57603e+06
0.396807,11767.9,3.22416e-08,4.55329e+06
0.397809,11805.3,3.35593e-08,4.4951e+06
0.398811,11843.1,2.97644e-08,4.37668e+06
0.399813,11880,2.91926e-08,4.30053e+06
0.400816,11917.1,2.93309e-08,4.16734e+06
0.401817,11953.6,3.26781e-08,4.08313e+06
0.402819,11989.2,2.99229e-08,4.00637e+06
0.403821,12024.8,2.81655e-08,3.90924e+06
0.404824,12060.3,3.12104e-08,3.81667e+06
0.405825,12096,3.0894e-08,3.7515e+06
0.406827,12131,2.88859e-08,3.67403e+06
0.407828,12165.6,3.01481e-08,3.59054e+06
0.408831,12200.9,3.15679e-08,3.52597e+06
0.409833,12235.4,3.02466e-08,3.47936e+06
0.410835,12269.2,2.99802e-08,3.38781e+06
0.411838,12303.3,3.08827e-08,3.39127e+06
0.412838,12336.7,3.13601e-08,3.36666e+06
0.413841,12370.2,3.03073e-08,3.37045e+06
0.414844,12403.6,2.9631e-08,3.36106e+06
0.415846,12437.3,3.09512e-08,3.3789e+06
0.416847,12469.9,3.09142e-08,3.31618e+06
0.417849,12502.3,3.16399e-08,3.28385e+06
0.418851,12533.8,2.94279e-08,3.32433e+06
0.419853,12565.9,2.94398e-08,3.25585e+06
0.420856,12596.8,3.04054e-08,3.17395e+06
0.421858,12628.3,3.15951e-08,3.15163e+06
0.422859,12659.6,3.17602e-08,3.13859e+06
0.423862,12690.9,3.21591e-08,3.08053e+06
0.424864,12722,2.97465e-08,3.01947e+06
0.425866,12752.8,2.81526e-08,2.98953e+06
0.426868,12782.6,3.0734e-08,2.88964e+06
0.427869,12812.7,3.13221e-08,2.85452e+06
0.428871,12843,3.11038e-08,2.83933e+06
0.429873,12873,3.17306e-08,2.7097e+06
0.430875,12901.6,3.19028e-08,2.71693e+06
0.431877,12931,2.99122e-08,2.67797e+06
0.432879,12959.9,3.21003e-08,2.62189e+06
0.433881,12988.1,2.83244e-08,2.59078e+06
0.434884,13016.3,2.87747e-08,2.62035e+06
0.435886,13044,2.82807e-08,2.60576e+06
0.436887,13072.2,3.10664e-08,2.61528e+06
0.43789,13099.8,3.21623e-08,2.57072e+06
0.438891,13127.3,3.15019e-08,2.46671e+06
0.439893,13154.2,2.93909e-08,2.45739e+06
0.440896,13181.3,2.95676e-08,2.45379e+06
0.441897,13208.3,2.96289e-08,2.41044e+06
0.442899,13234.8,2.93063e-08,2.32744e+06
0.443901,13261.2,3.02556e-08,2.26252e+06
0.444903,13287.4,2.93395e-08,2.21496e+06
0.445906,13313.7,3.19554e-08,2.13495e+06
0.446907,13339.5,2.96591e-08,2.09877e+06
0.447909,13365.5,3.08187e-08,2.08982e+06
0.448911,13390.8,2.99311e-08,2.03905e+06
0.449913,13415.7,3.20583e-08,1.98185e+06
0.450915,13440.6,3.0046e-08,1.95695e+06
0.451918,13465,2.92319e-08,1.92408e+06
0.452919,13488.8,2.99598e-08,1.91732e+06
0.453921,13512.6,3.06715e-08,1.89456e+06
0.454923,13537.1,3.08402e-08,1.90986e+06
0.455925,13560.8,3.05247e-08,1.85598e+06
0.456927,13584.3,2.99068e-08,1.84453e+06
0.45793,13608.3,2.96644e-08,1.79555e+06
0.458932,13631.2,2.99952e-08,1.77792e+06
0.459933,13654.7,3.06975e-08,1.73292e+06
0.460935,13677.2,3.20249e-08,1.68273e+06
0.461937,13699.6,2.96562e-08,1.67777e+06
0.462939,13722.2,3.27922e-08,1.66549e+06
0.463942,13744.7,3.14765e-08,1.60853e+06
0.464944,13766.1,2.97396e-08,1.57708e+06
0.465946,13787.9,3.141e-08,1.57327e+06
0.466948,13810,3.05873e-08,1.53926e+06
0.467949,13831.2,3.1615e-08,1.52059e+06
0.468951,13852.7,3.03288e-08,1.51961e+06
0.469953,13873.7,3.09598e-08,1.49371e+06
0.470955,13894.7,3.13859e-08,1.48363e+06
0.471957,13915.8,3.15883e-08,1.45211e+06
0.47296,13935.9,3.10625e-08,1.42298e+06
0.473961,13956.8,3.02028e-08,1.3983e+06
0.474964,13977.3,2.90246e-08,1.39443e+06
0.475965,13997,3.00264e-08,1.39096e+06
0.476967,14016.7,2.82045e-08,1.34907e+06
0.47797,14036.3,2.90098e-08,1.31994e+06
0.478971,14055.8,3.1126e-08,1.33037e+06
0.479974,14075.1,2.88344e-08,1.30773e+06
0.480976,14094.4,2.89239e-08,1.30588e+06
0.481978,14113.5,3.05463e-08,1.3142e+06
0.48298,14132.3,3.02012e-08,1.28739e+06
0.483982,14151.1,2.84992e-08,1.29702e+06
0.484983,14169.9,3.18103e-08,1.28634e+06
0.485985,14188.5,3.13175e-08,1.26519e+06
0.486987,14206.4,3.27769e-08,1.23616e+06
0.48799,14224.2,3.14702e-08,1.2238e+06
0.488991,14242.1,3.21466e-08,1.22963e+06
0.489993,14259.5,3.01978e-08,1.21064e+06
0.490996,14276.9,2.96445e-08,1.21273e+06
0.491998,14294,3.02499e-08,1.18663e+06
0.492999,14311.1,3.23229e-08,1.18444e+06
0.494001,14328.1,3.38227e-08,1.15583e+06
0.495003,14344.9,3.15874e-08,1.1501e+06
0.496005,14361.7,3.02852e-08,1.12607e+06
0.497007,14378,3.11319e-08,1.12065e+06
0.498009,14394.4,3.24186e-08,1.11134e+06
0.499011,14410.6,3.17008e-08,1.11463e+06
0.500013,14426.8,4.9223e-08,1.08989e+06
0.501016,14442.6,3.16866e-08,1.08004e+06
0.502018,14458.8,3.2407e-08,1.08216e+06
0.50302,14474.1,3.10726e-08,1.0458e+06
0.504022,14489.1,3.04058e-08,1.00788e+06
0.505024,14504.7,3.16703e-08,992259
0.506026,14519.9,3.37666e-08,992030
0.507028,14534.9,3.22443e-08,965223
0.508029,14550,3.02178e-08,958424
0.509032,14565.1,2.95777e-08,967161
0.510034,14580.3,3.02018e-08,946269
0.511036,14595.2,3.21133e-08,939829
0.512038,14609.7,3.15463e-08,933686
0.51304,14624.5,3.27329e-08,933302
0.514042,14638.6,3.13099e-08,945353
0.515044,14652.6,3.18949e-08,922086
0.516045,14666.8,2.84784e-08,913621
0.517047,14680.4,3.02633e-08,897016
0.518049,14694.3,3.05193e-08,884787
0.519051,14708.1,2.89632e-08,881379
0.520054,14721.5,2.88956e-08,874423
0.521056,14734.9,3.11336e-08,873239
0.522057,14748.4,2.88877e-08,887883
0.52306,14761.1,2.83579e-08,885554
0.524062,14773.9,2.99401e-08,877445
0.525064,14786.9,2.90981e-08,860572
0.526066,14799.6,3.03633e-08,841234
0.527067,14812.5,3.09571e-08,832007
0.52807,14825.2,3.15186e-08,820863
0.529072,14837.7,3.13462e-08,810021
0.530074,14850.3,3.09235e-08,800035
0.531076,14862.4,3.03335e-08,779695
0.532078,14874.5,3.16286e-08,767178
0.53308,14886.5,3.0614e-08,760971
0.534081,14898.3,3.13224e-08,775876
0.535084,14910,2.97808e-08,773528
0.536085,14921.5,3.14418e-08,767099
0.537088,14933.1,3.28058e-08,739471
0.53809,14944.7,2.97099e-08,724385
0.539092,14955.5,3.19095e-08,714566
0.540094,14966.8,3.07522e-08,720853
0.541095,14977.9,2.99216e-08,717676
0.542097,14989.2,2.97995e-08,697343
0.5431,14999.8,2.99016e-08,681521
0.544102,15010.4,3.06118e-08,670760
0.545104,15021,3.0726e-08,662594
0.546106,15031.6,3.06712e-08,655112
0.547108,15042.2,2.99097e-08,648230
0.548109,15052.1,2.9323e-08,661768
0.549112,15062.4,3.00706e-08,650285
0.550114,15073,3.20728e-08,643911
0.551116,15083.3,2.98904e-08,635466
0.552118,15093.3,3.09042e-08,624361
0.55312,15103.4,2.95934e-08,607573
0.554122,15113.2,3.1924e-08,606634
0.555124,15122.9,2.92108e-08,595489
0.556126,15132.8,3.02186e-08,591350
0.557128,15142.2,2.93106e-08,583097
0.55813,15151.9,2.95026e-08,575707
0.559131,15161.2,2.96899e-08,564733
0.560134,15170.6,2.935e-08,556365
0.561136,15179.8,3.15538e-08,544432
0.562138,15188.8,3.20738e-08,541234
0.56314,15197.9,3.10633e-08,530640
0.564142,15206.8,2.82462e-08,521869
0.565144,15215.8,2.89094e-08,517640
0.566146,15224.7,2.84063e-08,519023
0.567148,15233.4,3.20504e-08,510169
0.56815,15241.9,2.9907e-08,493704
0.569152,15250.8,3.19806e-08,488205
0.570154,15259,3.16659e-08,473873
0.571156,15267.6,3.11303e-08,476313
0.572158,15275.7,3.12148e-08,468533
0.573159,15284,3.07399e-08,469419
0.574161,15292,2.825e-08,462843
0.575164,15299.8,2.98819e-08,463234
0.576165,15307.5,3.22072e-08,456303
0.577168,15315.3,3.17692e-08,442804
0.578169,15323.2,3.16538e-08,437010
0.579171,15330.9,3.02776e-08,436869
0.580174,15338.8,2.94469e-08,430260
0.581176,15346.6,2.93316e-08,425136
0.582178,15354.3,3.1652e-08,420940
0.58318,15361.8,3.09106e-08,413155
0.584181,15369.1,3.08769e-08,412023
0.585184,15376.4,2.97004e-08,410626
0.586186,15383.6,3.03027e-08,403935
0.587189,15390.6,3.13997e-08,399923
0.588189,15397.8,3.09136e-08,398656
0.589192,15404.4,2.99911e-08,390925
0.590194,15411.5,3.02702e-08,383182
0.591196,15418.4,3.15554e-08,380446
0.592199,15424.8,3.01931e-08,377367
0.5932,15431.8,2.8929e-08,377070
0.594202,15438.3,3.08152e-08,373529
0.595204,15444.8,3.11246e-08,368319
0.596206,15451.3,2.82396e-08,368222
0.597208,15457.9,3.00324e-08,361016
0.59821,15464.4,3.27506e-08,356777
0.599212,15471.1,2.93461e-08,345347
0.600214,15477.4,2.90319e-08,342727
0.601216,15483.5,2.98515e-08,334237
0.602218,15489.5,3.36974e-08,334431
0.60322,15495.6,3.21893e-08,328817
0.604222,15501.9,3.19809e-08,327003
0.605224,15508.1,3.11168e-08,319299
0.606226,15513.9,3.12859e-08,312313
0.607228,15519.8,2.83459e-08,308084
0.608229,15525.8,3.0523e-08,304083
0.609232,15531.6,3.09689e-08,307846
0.610235,15537.3,3.33277e-08,305389
0.611236,15542.7,2.96292e-08,304900
0.612238,15548.1,2.92722e-08,299462
0.61324,15553.6,3.01742e-08,295305
0.614242,15559.1,3.1832e-08,290007
0.615244,15564.4,3.1377e-08,281842
0.616246,15569.6,3.0979e-08,276280
0.617249,15574.8,3.14829e-08,273166
0.61825,15579.9,3.04887e-08,269213
0.619252,15584.9,2.94024e-08,265166
0.620254,15590,2.90731e-08,257705
0.621256,15595,3.09628e-08,251695
0.622258,15600,3.05152e-08,246369
0.62326,15605,3.0008e-08,240811
0.624262,15609.9,3.16673e-08,243016
0.625264,15614.7,3.14213e-08,237787
0.626266,15619.5,3.13794e-08,234815
0.627268,15624.2,2.9843e-08,230311
0.62827,15629.3,3.24744e-08,228046
0.629272,15634.1,3.21707e-08,227388
0.630274,15638.6,3.02893e-08,226398
0.631276,15643.1,3.13572e-08,224103
0.632278,15647.6,3.03032e-08,223122
0.63328,15652.1,3.03016e-08,217921
0.634283,15656.6,3.10934e-08,214620
0.635284,15661,3.03897e-08,210787
0.636287,15665.4,3.03215e-08,211701
0.637288,15669.7,3.23642e-08,211579
0.63829,15673.9,3.1021e-08,207820
0.639292,15678.1,3.06215e-08,206523
0.640294,15682,3.16199e-08,199753
0.641296,15686,3.07807e-08,199403
0.642299,15690,2.9059e-08,197101
0.6433,15693.8,3.10802e-08,193280
0.644302,15697.7,3.03697e-08,185976
0.645304,15701.6,3.055e-08,184362
0.646306,15705.5,3.07637e-08,181908
0.647308,15709.3,3.07362e-08,174420
0.64831,15713,2.90821e-08,170905
0.649312,15716.6,3.00828e-08,167981
0.650314,15720.5,3.09018e-08,163018
0.651316,15724.2,2.99779e-08,161274
0.652318,15727.9,3.11654e-08,159165
0.65332,15731.3,3.1688e-08,161343
0.654322,15734.9,2.9826e-08,159649
0.655325,15738.4,2.93334e-08,158275
0.656326,15741.9,3.03913e-08,158612
0.657328,15745.4,2.89427e-08,156009
0.65833,15748.9,3.20635e-08,155212
0.659332,15752.4,3.18647e-08,151178
0.660334,15755.7,2.94423e-08,150574
0.661337,15759.1,2.84673e-08,148334
0.662338,15762.4,2.93093e-08,147102
0.66334,15765.7,3.1902e-08,140823
0.664343,15768.9,2.91915e-08,136874
0.665344,15772,3.02236e-08,135083
0.666347,15775.1,3.10442e-08,131854
0.667349,15778.1,3.05668e-08,130374
0.66835,15781,3.19941e-08,129438
0.669352,15784,3.0042e-08,125439
0.670354,15786.9,3.00854e-08,124142
0.671356,15789.5,2.92739e-08,122432
0.672358,15792.4,2.93493e-08,121439
0.673361,15795.2,3.03205e-08,119333
0.674362,15798,2.98241e-08,116787
0.675365,15800.8,3.00649e-08,112227
0.676366,15803.6,3.24257e-08,110737
0.677368,15806.2,2.96837e-08,107605
0.67837,15808.9,2.83736e-08,106032
0.679372,15811.5,3.07319e-08,101506
0.680374,15814.1,2.92188e-08,100851
0.681376,15816.8,2.94691e-08,99877.1
0.682379,15819.6,3.21925e-08,97328.8
0.683381,15822,3.2066e-08,96772
0.684382,15824.6,3.0465e-08,94382.3
0.685384,15827,2.95026e-08,93622
0.686386,15829.3,3.25199e-08,92516.4
0.687389,15831.7,3.17088e-08,90201.2
0.688391,15834.4,3.05175e-08,89475.2
0.689392,15836.8,3.2057e-08,87913.7
0.690394,15838.9,3.02384e-08,86790.8
0.691396,15841.5,3.04166e-08,85639.9
0.692398,15844,2.97272e-08,84802
0.6934,15846.2,3.08508e-08,81413.2
0.694402,15848.2,3.15977e-08,79949.2
0.695404,15850.5,3.04198e-08,79287
0.696407,15852.7,2.7172e-08,77935.5
0.697408,15854.8,2.9077e-08,76295.1
0.69841,15857,3.01713e-08,74835.7
0.699412,15859.1,3.01281e-08,73206.9
0.700415,15861.1,3.03734e-08,71117.5
0.701417,15863.2,2.96704e-08,69280.3
0.702419,15865.2,3.26401e-08,66489.8
0.70342,15867.2,2.88636e-08,67178.7
0.704422,15869.1,2.95621e-08,66715.7
0.705425,15871.1,3.17949e-08,66499.4
0.706427,15873,3.01282e-08,65550
0.707429,15874.9,3.17117e-08,62403.3
0.70843,15876.7,3.26583e-08,60657.2
0.709433,15878.5,2.8005e-08,60352.7
0.710435,15880.4,3.04375e-08,59868.6
0.711437,15882.1,2.98264e-08,58791.5
0.712439,15884.1,3.05109e-08,57114.6
0.713441,15885.8,3.06197e-08,56909.9
0.714442,15887.5,3.15079e-08,56884.8
0.715444,15889.2,2.89612e-08,56928.3
0.716447,15890.9,3.02505e-08,56584.8
0.717449,15892.7,2.84125e-08,56137.8
0.718451,15894.3,3.1428e-08,55733.2
0.719453,15895.8,3.03573e-08,53779.8
0.720455,15897.5,2.97856e-08,52171
0.721456,15899,3.05529e-08,51279.9
0.722458,15900.4,2.91137e-08,50393.8
0.72346,15902,2.78796e-08,50016.1
0.724463,15903.4,3.10191e-08,48404.2
0.725464,15904.9,3.13163e-08,47704.6
0.726466,15906.4,2.98167e-08,47526
0.727468,15907.9,2.97534e-08,46660
0.72847,15909.3,3.09866e-08,45843.9
0.729472,15910.7,3.1695e-08,45714.1
0.730474,15912.1,3.15144e-08,45759.6
0.731476,15913.4,3.08965e-08,44794.8
0.732478,15914.8,3.0357e-08,44937.8
0.733481,15916.3,3.11971e-08,45571.6
0.734482,15917.7,3.03714e-08,44123.3
0.735485,15919.1,3.13459e-08,44330.1
0.736487,15920.4,3.14674e-08,43968.8
0.737488,15921.8,3.04173e-08,42598.7
0.73849,15922.9,2.95069e-08,41758.9
0.739493,15924.2,3.01551e-08,41466.5
0.740495,15925.4,3.1265e-08,39689.1
0.741496,15926.8,3.16975e-08,39156.7
0.742499,15928,2.96097e-08,37759.4
0.743501,15929.2,2.98919e-08,36785.2
0.744503,15930.3,3.02118e-08,35913.8
0.745505,15931.5,2.91689e-08,34820.9
0.746507,15932.5,3.06536e-08,35392.4
0.747508,15933.7,3.05394e-08,34572.6
0.748511,15934.9,2.90404e-08,33988
0.749512,15935.9,3.29254e-08,33531.4
0.750514,15936.9,3.09665e-08,33031.1
0.751517,15938,3.23989e-08,32577.6
0.752519,15939,3.05482e-08,32213.6
0.753521,15940.1,2.94569e-08,31637.8
0.754522,15941.1,3.03038e-08,31326.8
0.755525,15942.1,3.035e-08,30974.4
0.756527,15943.1,3.08376e-08,30138.8
0.757529,15944.1,3.15964e-08,28803.6
0.75853,15945.1,3.2426e-08,28608.2
0.759533,15946.1,3.08685e-08,28432.8
0.760535,15947.1,3.26823e-08,27916.9
0.761537,15948.1,3.0367e-08,27512.5
0.762538,15949,3.03229e-08,27499
0.76354,15950,3.07859e-08,26959
0.764542,15950.9,3.15481e-08,25968.5
0.765545,15951.8,2.91267e-08,25678.9
0.766546,15952.7,2.76734e-08,25482.9
0.767548,15953.5,2.88931e-08,25535
0.768551,15954.4,3.22085e-08,25207
0.769553,15955.3,2.97879e-08,24700.9
0.770555,15956.2,3.11646e-08,24346.6
0.771557,15957,2.95625e-08,23964
0.772559,15957.7,2.97927e-08,23574.2
0.773561,15958.5,2.94787e-08,23022.7
0.774563,15959.3,3.15349e-08,22971.8
0.775565,15960.1,3.04642e-08,22557.3
0.776567,15960.9,2.9094e-08,21899.5
0.777569,15961.6,2.90946e-08,21447
0.778571,15962.3,3.01345e-08,20873.2
0.779572,15963,2.88978e-08,20670.7
0.780574,15963.7,3.12846e-08,20638.2
0.781576,15964.5,2.88041e-08,20684.3
0.782579,15965.2,2.95697e-08,20363.2
0.783581,15965.8,3.21836e-08,19887.9
0.784583,15966.6,3.29213e-08,19349.4
0.785585,15967.2,3.18867e-08,18834.5
0.786587,15967.8,3.23535e-08,18590.4
0.787589,15968.5,3.14803e-08,17993
0.78859,15969.1,3.05531e-08,17734.6
0.789593,15969.7,2.95004e-08,17145.4
0.790594,15970.3,2.87397e-08,17270.8
0.791596,15971,3.11442e-08,16501.2
0.792599,15971.5,2.96084e-08,16125.9
0.793601,15972.2,2.92219e-08,15654.6
0.794603,15972.7,3.06946e-08,15205.2
0.795605,15973.2,3.19496e-08,14792.7
0.796606,15973.8,2.98813e-08,14434.4
0.797609,15974.3,2.87898e-08,14338.1
0.798611,15974.9,3.11928e-08,14122.3
0.799612,15975.4,3.15156e-08,14074.2
0.800615,15975.9,3.08726e-08,13697.8
0.801617,15976.3,2.81006e-08,13607.1
0.802619,15976.8,3.09241e-08,13519
0.80362,15977.2,3.07371e-08,13316.1
0.804623,15977.7,2.86318e-08,12997
0.805625,15978.1,2.8863e-08,13036.2
0.806627,15978.7,3.2294e-08,12487.4
0.807629,15979.1,3.06768e-08,12103.3
0.808631,15979.5,2.91082e-08,11935
0.809633,15979.9,3.22681e-08,11569.4
0.810635,15980.3,3.11919e-08,11189.9
0.811637,15980.8,2.93287e-08,11047.7
0.812639,15981.2,3.08523e-08,10862.9
0.813641,15981.6,2.94828e-08,10847.3
0.814644,15982,3.05041e-08,10658.1
0.815645,15982.4,3.03872e-08,10475.6
0.816647,15982.7,2.85282e-08,10277.2
0.817649,15983.1,3.14427e-08,9942.34
0.818651,15983.6,3.12567e-08,9666.58
0.819653,15984,3.16703e-08,9543.75
0.820655,15984.3,3.01922e-08,9476.25
0.821657,15984.6,3.16825e-08,9500.69
0.822658,15984.9,3.05884e-08,9378.82
0.823661,15985.3,3.06092e-08,9116.68
0.824663,15985.6,2.96144e-08,8861.17
0.825664,15985.9,3.15512e-08,8849.77
0.826667,15986.2,3.17373e-08,8656.23
0.827669,15986.6,2.89317e-08,8405.8
0.828671,15986.8,3.06917e-08,8251.21
0.829673,15987.1,3.07482e-08,7928.34
0.830675,15987.4,2.88394e-08,7725.54
0.831677,15987.7,3.21617e-08,7621.75
0.832679,15988,3.10105e-08,7503.49
0.833681,15988.3,3.0655e-08,7247.16
0.834683,15988.7,3.13567e-08,6929.55
0.835685,15988.9,3.02019e-08,6728.82
0.836687,15989.2,3.08664e-08,6448.37
0.83769,15989.5,3.23342e-08,6000.9
0.83869,15989.8,3.03047e-08,5968.67
0.839692,15990,2.96535e-08,5825.03
0.840695,15990.3,2.92447e-08,5598.8
0.841697,15990.5,3.28586e-08,5498.99
0.842699,15990.7,3.03595e-08,5367.46
0.843701,15991,2.96109e-08,5214.28
0.844703,15991.2,3.01683e-08,4974.95
0.845705,15991.4,3.19372e-08,4831.08
0.846707,15991.7,3.1057e-08,4629.33
0.847709,15991.9,2.87932e-08,4492.8
0.848711,15992.1,3.05306e-08,4330.02
0.849713,15992.3,3.04896e-08,4315.86
0.850715,15992.5,3.10347e-08,4246.55
0.851717,15992.7,3.08404e-08,4164.25
0.85272,15992.9,3.16691e-08,4069.75
0.853722,15993.1,3.22502e-08,3948.55
0.854723,15993.3,3.01641e-08,3781.14
0.855725,15993.5,3.09399e-08,3652.76
0.856728,15993.7,3.29575e-08,3433.24
0.857729,15993.9,3.1097e-08,3314.58
0.858731,15994.1,2.87427e-08,3247.8
0.859734,15994.3,2.97473e-08,3161.01
0.860735,15994.5,3.04943e-08,3101.75
0.861737,15994.6,2.90082e-08,2971.13
0.862739,15994.7,3.29159e-08,2836.68
0.863741,15994.9,3.31405e-08,2698.95
0.864743,15995.1,3.38678e-08,2588.65
0.865745,15995.2,3.172e-08,2494.18
0.866746,15995.3,3.02537e-08,2334.95
0.867749,15995.4,3.02763e-08,2261.54
0.868751,15995.6,3.00989e-08,2204.11
0.869753,15995.7,2.88998e-08,2188.6
0.870755,15995.8,2.77904e-08,2129.21
0.871757,15996,2.72321e-08,2060.28
0.872759,15996.1,2.76085e-08,2046.26
0.873761,15996.2,3.04904e-08,1949.19
0.874763,15996.3,3.1178e-08,1950.21
0.875765,15996.5,3.09251e-08,1859.75
0.876767,15996.6,3.20493e-08,1792
0.877769,15996.7,3.03423e-08,1748.19
0.878772,15996.8,3.15698e-08,1618.52
0.879773,15996.9,3.22036e-08,1602.47
0.880775,15997,3.11011e-08,1539.8
0.881777,15997.1,2.76896e-08,1496.02
0.882779,15997.2,3.10728e-08,1418.74
0.883781,15997.4,3.17173e-08,1365.48
0.884783,15997.5,3.26768e-08,1308.2
0.885785,15997.5,3.07443e-08,1266.61
0.886788,15997.6,2.86007e-08,1205.8
0.887789,15997.7,3.09806e-08,1194.55
0.888791,15997.7,2.93626e-08,1148.2
0.889793,15997.8,2.94833e-08,1103.78
0.890795,15997.9,3.17185e-08,1076.59
0.891798,15998,3.29371e-08,1026.55
0.892799,15998,3.00036e-08,983.2
0.893801,15998.1,3.16827e-08,936.168
0.894803,15998.2,3.25019e-08,893.158
0.895804,15998.2,3.4372e-08,895.75
0.896807,15998.3,2.82708e-08,823.552
0.897809,15998.4,3.20436e-08,788.392
0.898811,15998.5,3.17749e-08,758.278
0.899813,15998.5,3.12288e-08,720.758
0.900816,15998.6,3.03286e-08,691.472
0.901817,15998.6,3.21472e-08,657.558
0.902819,15998.7,3.23631e-08,636.888
0.903821,15998.7,3.20823e-08,606.95
0.904823,15998.8,3.19614e-08,582.008
0.905826,15998.8,2.80542e-08,569.568
0.906828,15998.9,2.73558e-08,551.048
0.907829,15998.9,3.10887e-08,534.592
0.908831,15998.9,2.88984e-08,514.432
0.909833,15999,2.7422e-08,486.982
0.910836,15999,3.0707e-08,466.848
0.911837,15999.1,3.21836e-08,426.502
0.912839,15999.1,2.9674e-08,403.048
0.913841,15999.2,2.96009e-08,381.568
0.914843,15999.2,2.92025e-08,362.912
0.915845,15999.3,3.07954e-08,349.462
0.916847,15999.3,3.0404e-08,336.438
0.91785,15999.4,3.12034e-08,307.2
0.918852,15999.4,3.22104e-08,281.798
0.919853,15999.4,2.99241e-08,276.952
0.920855,15999.5,3.02462e-08,262.488
0.921857,15999.5,3.06661e-08,240.968
0.922859,15999.5,3.14697e-08,234.8
0.923861,15999.5,3.18049e-08,225.848
0.924863,15999.6,2.87462e-08,214.262
0.925865,15999.6,2.96898e-08,206.95
0.926867,15999.6,3.13733e-08,191.168
0.927869,15999.6,3.08859e-08,182.808
0.928871,15999.6,3.04704e-08,174.632
0.929874,15999.7,2.83399e-08,166.208
0.930876,15999.7,2.87608e-08,153.782
0.931878,15999.7,3.06505e-08,147.672
0.93288,15999.7,3.13728e-08,139.622
0.933881,15999.8,3.08151e-08,131.248
0.934883,15999.8,2.96639e-08,124.55
0.935886,15999.8,2.82146e-08,122.912
0.936888,15999.8,3.01338e-08,119.238
0.937889,15999.8,3.28475e-08,116.95
0.938891,15999.8,3.12399e-08,114
0.939893,15999.8,3.01194e-08,112.182
0.940895,15999.8,3.00278e-08,100.438
0.941897,15999.8,3.04806e-08,97.208
0.942899,15999.8,3.11792e-08,85.878
0.943901,15999.8,3.02856e-08,83.142
0.944903,15999.9,2.94174e-08,77.048
0.945906,15999.9,3.20921e-08,75.632
0.946907,15999.9,3.05843e-08,71.288
0.947909,15999.9,3.05665e-08,65.062
0.948911,15999.9,2.84969e-08,58.95
0.949913,15999.9,3.01176e-08,58.168
0.950916,15999.9,3.31916e-08,50.198
0.951918,15999.9,3.34655e-08,44.128
0.95292,15999.9,3.03063e-08,41.638
0.953922,15999.9,2.90788e-08,39.958
0.954924,15999.9,2.93454e-08,38.262
0.955926,15999.9,2.72827e-08,34.822
0.956927,15999.9,3.03999e-08,28.648
0.95793,16000,3.26794e-08,25.942
0.958931,16000,3.0274e-08,23.032
0.959933,16000,2.82184e-08,20.278
0.960936,16000,3.21607e-08,15.488
0.961937,16000,3.16003e-08,14.55
0.962939,16000,3.05453e-08,14.55
0.963941,16000,3.18315e-08,11.712
0.964943,16000,2.99379e-08,10.758
0.965946,16000,3.06788e-08,9.8
0.966948,16000,3.0016e-08,9.8
0.96795,16000,2.87045e-08,5.928
0.968952,16000,3.1555e-08,5.928
0.969953,16000,2.91849e-08,4.95
0.970955,16000,2.85887e-08,3.968
0.971957,16000,3.14893e-08,3.968
0.97296,16000,3.00619e-08,3.968
0.973961,16000,3.36947e-08,3.968
0.974963,16000,3.19748e-08,3.968
0.975965,16000,3.17452e-08,3.968
0.976967,16000,3.13015e-08,3.968
0.97797,16000,2.93113e-08,3.968
0.978972,16000,2.95341e-08,3.968
0.979973,16000,2.81752e-08,2.982
0.980975,16000,2.9724e-08,2.982
0.981977,16000,2.75531e-08,2.982
0.982979,16000,2.96549e-08,2.982
0.983982,16000,2.94195e-08,1.992
0.984983,16000,3.01949e-08,1.992
0.985985,16000,3.112e-08,0.998
0.986988,16000,3.0263e-08,0
0.987989,16000,3.15373e-08,0
0.988991,16000,3.17624e-08,0
0.989993,16000,2.88049e-08,0
0.990995,16000,2.77046e-08,0
0.991998,16000,2.87549e-08,0
0.992999,16000,3.00522e-08,0
0.994001,16000,3.13857e-08,0
0.995004,16000,3.16723e-08,0
0.996006,16000,3.1275e-08,0
0.997007,16000,3.06867e-08,0
0.998009,16000,3.02791e-08,0
0.999014,16000,3.77327e-08,0
1,16000,0,0
0.152913,242.47,0.919893,1.07728e+07
6.03562,-1,-1,-1
