0,1,0,0
0.00101062,2.026,3.67959e-08,12.662
0.00201958,2.104,4.38733e-08,46.592
0.00302853,2.242,6.60998e-08,97.718
0.00403613,2.368,9.75829e-08,126.288
0.00503911,2.54,1.27634e-07,152.2
0.00604019,2.7,1.36827e-07,139
0.00704184,2.832,1.33829e-07,117.888
0.00804373,2.93,1.32809e-07,106.55
0.00904594,3.002,1.32016e-07,94.998
0.0100471,3.074,1.29844e-07,112.262
0.0110501,3.118,1.27427e-07,122.038
0.0120521,3.178,1.29154e-07,149.158
0.0130547,3.216,1.30039e-07,152.672
0.0140571,3.252,1.35902e-07,168.248
0.0150583,3.296,1.35562e-07,196.192
0.0160601,3.336,1.38222e-07,203.552
0.0170621,3.37,1.36039e-07,244.55
0.018064,3.428,1.31986e-07,266.408
0.0190661,3.482,1.3601e-07,284.838
0.020067,3.546,1.28155e-07,291.942
0.0210709,3.608,1.25279e-07,299.168
0.0220727,3.666,1.24438e-07,315.222
0.0230755,3.718,1.34513e-07,331.238
0.024076,3.768,1.40572e-07,365.088
0.0250776,3.864,1.33732e-07,384.752
0.0260798,3.932,1.3144e-07,399.688
0.0270815,3.988,1.31874e-07,427.928
0.0280844,4.058,1.35762e-07,433.318
0.0290856,4.11,1.33519e-07,432.95
0.0300876,4.164,1.25826e-07,434.552
0.031091,4.21,1.30038e-07,424.95
0.0320926,4.266,1.36055e-07,443.622
0.0330943,4.342,1.36437e-07,480.518
0.0340961,4.404,1.38523e-07,496.392
0.0350979,4.464,1.31902e-07,554.352
0.0361003,4.528,1.29135e-07,586.608
0.0371013,4.592,1.31491e-07,606.768
0.0381047,4.652,1.33618e-07,659.448
0.0391061,4.712,1.28806e-07,668.528
0.0401077,4.734,1.27549e-07,701.622
0.0411114,4.788,1.30491e-07,721.528
0.0421133,4.844,1.3835e-07,743.832
0.0431138,4.9,1.36931e-07,821
0.0441162,4.96,1.31513e-07,813.2
0.0451185,5.032,1.32808e-07,879.488
0.0461211,5.078,1.38471e-07,911.958
0.0471216,5.142,1.40942e-07,1006.92
0.0481232,5.182,1.38281e-07,1114.44
0.0491254,5.258,1.30908e-07,1147.72
0.0501273,5.344,1.30183e-07,1208.83
0.0511298,5.404,1.36711e-07,1246.39
0.0521311,5.464,1.30587e-07,1282.35
0.0531335,5.516,1.27514e-07,1312.87
0.0541356,5.574,1.22592e-07,1456.26
0.0551387,5.638,1.28301e-07,1531.48
0.0561402,5.694,1.32687e-07,1630.18
0.0571426,5.748,1.35045e-07,1662.25
0.0581436,5.818,1.34057e-07,1794.44
0.0591456,5.87,1.29144e-07,1924.55
0.060147,5.928,1.18717e-07,1953.41
0.0611504,5.978,1.16704e-07,2006.76
0.062153,6.034,1.2287e-07,2054.42
0.0631554,6.11,1.28475e-07,2084.95
0.064156,6.144,1.34429e-07,2117.63
0.0651576,6.208,1.30252e-07,2216.37
0.0661599,6.27,1.25129e-07,2298.55
0.0671625,6.332,1.27003e-07,2306.89
0.0681646,6.382,1.30634e-07,2382.04
0.0691662,6.43,1.2947e-07,2394.55
0.0701683,6.5,1.26452e-07,2421
0.0711707,6.572,1.27383e-07,2444.41
0.0721735,6.642,1.34503e-07,2548.92
0.0731734,6.694,1.32305e-07,2674.18
0.0741751,6.768,1.25824e-07,2843.09
0.0751779,6.824,1.25621e-07,2860.51
0.0761813,6.898,1.32108e-07,3015.8
0.0771822,6.97,1.37363e-07,3110.55
0.0781842,7.03,1.35186e-07,3140.55
0.0791867,7.072,1.3975e-07,3173.41
0.0801886,7.142,1.42435e-07,3222.92
0.0811889,7.212,1.32232e-07,3343.53
0.0821917,7.258,1.25099e-07,3399.72
0.0831956,7.328,1.24197e-07,3468.21
0.0841972,7.392,1.29916e-07,3641.17
0.0851989,7.44,1.35156e-07,3773.2
0.0862006,7.488,1.37916e-07,3770.93
0.0872016,7.566,1.33467e-07,4076.82
0.0882041,7.652,1.33195e-07,4117.45
0.0892063,7.718,1.28584e-07,4417.24
0.0902081,7.802,1.24375e-07,4477.4
0.0912101,7.856,1.21988e-07,4497.63
0.0922136,7.922,1.27577e-07,4781.96
0.0932143,7.994,1.35469e-07,4860.98
0.0942161,8.08,1.31727e-07,5048.8
0.0952189,8.162,1.33157e-07,5207.88
0.0962192,8.246,1.29283e-07,5332.74
0.0972221,8.306,1.23511e-07,5418.18
0.0982247,8.358,1.25782e-07,5472.92
0.0992266,8.462,1.27797e-07,5732.28
0.100227,8.56,1.31117e-07,5997.2
0.10123,8.62,1.33432e-07,6099.8
0.102232,8.702,1.34406e-07,6332.6
0.103234,8.784,1.28642e-07,6920.67
0.104236,8.846,1.25254e-07,7065.14
0.10524,8.924,1.33147e-07,7059.11
0.106241,9.002,1.39447e-07,7099
0.107241,9.052,1.35885e-07,7302.65
0.108244,9.134,1.27989e-07,7384.02
0.109247,9.216,1.31113e-07,7492.67
0.110249,9.274,1.37718e-07,7487.46
0.111247,9.34,1.37268e-07,7668.2
0.112251,9.4,1.35534e-07,7708
0.113253,9.474,1.30741e-07,7862.66
0.114256,9.576,1.28994e-07,8340.11
0.115259,9.656,1.28757e-07,8450.83
0.116261,9.732,1.30569e-07,8614.09
0.117263,9.83,1.32981e-07,9240.55
0.118265,9.912,1.33333e-07,9272.13
0.119266,9.99,1.34479e-07,9632.95
0.120268,10.062,1.31876e-07,9785.08
0.121269,10.154,1.27326e-07,10075.1
0.122272,10.24,1.25565e-07,10303.2
0.123275,10.3,1.29934e-07,10313
0.124277,10.388,1.33957e-07,10514.7
0.125276,10.458,1.32171e-07,10798.1
0.12628,10.524,1.31026e-07,12644.7
0.127283,10.61,1.32096e-07,13261
0.128284,10.662,1.34186e-07,13337.9
0.129286,10.768,1.33267e-07,13481.1
0.130288,10.884,1.28648e-07,13695.3
0.13129,10.968,1.2428e-07,14045.5
0.132293,11.054,1.27742e-07,14273.5
0.133296,11.12,1.27204e-07,14430.8
0.134297,11.212,1.31323e-07,15217.5
0.135298,11.312,1.2894e-07,15333.3
0.136301,11.398,1.26806e-07,15927.8
0.137302,11.484,1.28822e-07,16164.9
0.138305,11.588,1.3186e-07,16569.1
0.139307,11.634,1.33332e-07,16702
0.140309,11.724,1.34347e-07,16801.9
0.14131,11.828,1.3232e-07,16857.2
0.142312,11.918,1.2744e-07,17629.6
0.143314,11.974,1.25124e-07,18110.7
0.144318,12.056,1.38209e-07,18216.4
0.145319,12.142,1.45074e-07,18296.9
0.14632,12.216,1.39511e-07,18578.7
0.147322,12.332,1.35139e-07,19140.9
0.148323,12.426,1.34821e-07,19414.3
0.149325,12.504,1.30207e-07,19837
0.150328,12.626,1.22897e-07,20017.1
0.151331,12.712,1.25022e-07,20944.5
0.152334,12.786,1.34366e-07,21430.1
0.153335,12.862,1.44226e-07,21521.5
0.154337,12.942,1.46439e-07,22087.3
0.155337,13.026,1.37443e-07,22466.7
0.15634,13.118,1.31759e-07,22642
0.157343,13.234,1.33149e-07,22995.6
0.158344,13.322,1.33607e-07,23777.2
0.159347,13.442,1.31506e-07,23915.3
0.160349,13.524,1.36102e-07,23864.7
0.16135,13.586,1.38161e-07,23877.3
0.162352,13.694,1.35529e-07,24622.2
0.163354,13.8,1.34963e-07,25038
0.164356,13.892,1.35355e-07,25702.2
0.165358,13.986,1.31492e-07,25824.9
0.166362,14.07,1.28402e-07,25822.6
0.167362,14.14,1.27575e-07,25940.2
0.168365,14.22,1.31753e-07,25951.8
0.169367,14.316,1.34322e-07,26494.1
0.170369,14.434,1.3576e-07,26796.8
0.171371,14.52,1.37904e-07,27136.8
0.172372,14.66,1.38286e-07,27536.2
0.173373,14.754,1.29138e-07,28620.7
0.174376,14.85,1.2501e-07,29179.8
0.175378,14.922,1.26357e-07,29794
0.176381,15.024,1.3123e-07,30713.7
0.177383,15.12,1.31977e-07,31850.8
0.178385,15.198,1.32763e-07,32735.4
0.179386,15.302,1.28569e-07,34035.4
0.180388,15.382,1.26798e-07,34344
0.181391,15.496,1.27658e-07,34589
0.182393,15.584,1.29077e-07,34583.5
0.183395,15.704,1.31724e-07,34882.2
0.184397,15.826,1.39486e-07,35031.9
0.185399,16.004,1.44309e-07,35492
0.1864,16.14,1.41463e-07,36452.2
0.187402,16.218,1.35316e-07,37613.2
0.188404,16.334,1.28946e-07,38579.2
0.189408,16.404,1.34699e-07,38548.4
0.190409,16.5,1.44768e-07,38829
0.19141,16.644,1.43623e-07,39940.6
0.192411,16.742,1.37529e-07,40165.7
0.193414,16.832,1.30699e-07,40605.9
0.194417,16.986,1.2702e-07,41754.9
0.195418,17.1,1.33188e-07,42331
0.196421,17.208,1.39674e-07,43050.4
0.197422,17.26,1.40964e-07,44144.2
0.198424,17.378,1.35892e-07,45323.6
0.199427,17.508,1.3299e-07,45707
0.200426,17.608,1.32308e-07,46615.2
0.20143,17.786,1.33458e-07,48554.1
0.202432,17.906,1.31495e-07,48862.6
0.203435,18.026,1.34895e-07,48896.7
0.204436,18.168,1.37876e-07,51103.9
0.205437,18.286,1.32392e-07,51742.1
0.20644,18.406,1.27453e-07,52142.6
0.207442,18.53,1.22946e-07,52776.6
0.208444,18.618,1.2454e-07,53604
0.209446,18.744,1.27826e-07,56145.2
0.210449,18.842,1.29549e-07,58708.5
0.211451,18.95,1.29363e-07,59103.7
0.212453,19.064,1.30253e-07,59462
0.213455,19.192,1.31265e-07,61901.6
0.214455,19.276,1.28549e-07,61883.9
0.215459,19.392,1.25697e-07,62033.2
0.216461,19.562,1.30168e-07,63787.1
0.217463,19.69,1.32824e-07,65714.9
0.218465,19.816,1.3539e-07,66325.1
0.219467,19.93,1.32568e-07,66658.5
0.220469,20.064,1.33004e-07,68252
0.221471,20.198,1.35421e-07,68725.4
0.222471,20.364,1.33767e-07,70625.8
0.223475,20.454,1.37643e-07,70775.9
0.224476,20.608,1.35113e-07,71365.2
0.225479,20.76,1.36748e-07,72643.2
0.22648,20.934,1.34752e-07,72680.8
0.227482,21.05,1.28895e-07,73837.8
0.228484,21.18,1.27897e-07,75875.8
0.229487,21.324,1.28427e-07,77171.5
0.230489,21.46,1.33344e-07,78632.2
0.231491,21.582,1.3469e-07,78881.6
0.232492,21.72,1.31688e-07,79504.8
0.233494,21.856,1.25343e-07,80297.6
0.234496,21.978,1.26735e-07,81870.8
0.235498,22.142,1.22949e-07,82590.9
0.236501,22.236,1.21287e-07,83320.2
0.237504,22.344,1.24951e-07,83828.8
0.238506,22.478,1.2963e-07,85900.8
0.239508,22.684,1.34336e-07,86968.1
0.240509,22.892,1.40222e-07,87680.2
0.241511,23.01,1.44258e-07,89022.9
0.242512,23.16,1.41125e-07,91569.2
0.243513,23.326,1.32229e-07,96205.9
0.244516,23.484,1.27285e-07,100859
0.245518,23.616,1.28149e-07,101234
0.24652,23.748,1.30998e-07,101226
0.247522,23.896,1.30805e-07,102283
0.248524,24.1,1.28852e-07,102679
0.24953,24.242,1.22782e-07,104014
0.250526,24.416,1.2371e-07,105623
0.251531,24.594,1.29914e-07,106125
0.252533,24.678,1.29597e-07,106535
0.253535,24.848,1.25773e-07,107786
0.254537,25.042,1.27126e-07,110114
0.255539,25.26,1.2984e-07,110946
0.25654,25.402,1.26097e-07,110864
0.257544,25.548,1.25755e-07,112584
0.258545,25.73,1.29414e-07,113527
0.259547,25.876,1.31462e-07,114240
0.260549,26.074,1.32906e-07,115144
0.261551,26.322,1.29913e-07,118311
0.262554,26.53,1.32025e-07,120005
0.263555,26.716,1.34133e-07,120094
0.264557,26.87,1.37315e-07,120325
0.265558,27.044,1.30563e-07,121361
0.266561,27.14,1.18111e-07,123088
0.267564,27.24,1.22128e-07,123651
0.268566,27.438,1.29681e-07,124865
0.269568,27.6,1.40231e-07,126042
0.270569,27.766,1.38317e-07,126866
0.27157,27.95,1.3573e-07,127936
0.272574,28.124,1.31999e-07,128304
0.273575,28.278,1.35195e-07,128740
0.274576,28.522,1.34342e-07,130559
0.275579,28.706,1.29519e-07,131384
0.276581,28.804,1.31447e-07,131787
0.277584,28.97,1.31823e-07,134329
0.278586,29.168,1.38464e-07,135828
0.279587,29.318,1.39e-07,136654
0.280589,29.512,1.33113e-07,136699
0.281591,29.69,1.28856e-07,140667
0.282593,29.946,1.27177e-07,143560
0.283596,30.12,1.34051e-07,144031
0.284597,30.28,1.32546e-07,144307
0.285601,30.518,1.26109e-07,145527
0.286601,30.806,1.21467e-07,148018
0.287603,31.024,1.23126e-07,158774
0.288606,31.218,1.30681e-07,160375
0.289608,31.486,1.33838e-07,162349
0.29061,31.746,1.3511e-07,163975
0.291612,31.974,1.34361e-07,165463
0.292613,32.094,1.35464e-07,166835
0.293615,32.256,1.33409e-07,168245
0.294618,32.428,1.32597e-07,168718
0.29562,32.624,1.36344e-07,170891
0.296621,32.854,1.37036e-07,172254
0.297624,33.14,1.34765e-07,175630
0.298625,33.494,1.32906e-07,180505
0.299626,33.646,1.3293e-07,183258
0.300628,33.862,1.26025e-07,183751
0.301631,34.07,1.27137e-07,185529
0.302633,34.306,1.30334e-07,187092
0.303635,34.48,1.35559e-07,189301
0.304637,34.746,1.37462e-07,194637
0.305639,35.016,1.33345e-07,205438
0.306641,35.246,1.3406e-07,206939
0.307645,35.524,1.32576e-07,209787
0.308646,35.782,1.30867e-07,213121
0.309647,36.014,1.33616e-07,216625
0.310649,36.214,1.31689e-07,220380
0.311652,36.47,1.29576e-07,221255
0.312653,36.672,1.30836e-07,223030
0.313656,36.978,1.35118e-07,226987
0.314657,37.19,1.43839e-07,230517
0.31566,37.416,1.45419e-07,238387
0.316661,37.672,1.38658e-07,242330
0.317663,37.856,1.30122e-07,244394
0.318665,38.184,1.2848e-07,254361
0.319667,38.404,1.32901e-07,255464
0.320669,38.564,1.36167e-07,261661
0.32167,38.796,1.35438e-07,262951
0.322672,39.11,1.31354e-07,264869
0.323675,39.342,1.31876e-07,267107
0.324678,39.7,1.31062e-07,274963
0.325679,40.028,1.32311e-07,297054
0.326682,40.248,1.32392e-07,302065
0.327684,40.524,1.4025e-07,303761
0.328684,40.794,1.41188e-07,304536
0.329687,41.062,1.35108e-07,306393
0.330689,41.328,1.30819e-07,312414
0.331691,41.62,1.29904e-07,314206
0.332697,42.018,1.23909e-07,323661
0.333689,42.268,1.20892e-07,334066
0.334697,42.494,1.29974e-07,334957
0.335699,42.824,1.38158e-07,339307
0.3367,42.974,1.36747e-07,341111
0.337702,43.254,1.33547e-07,347253
0.338705,43.604,1.29844e-07,352358
0.339706,43.854,1.25155e-07,358484
0.340709,44.17,1.22494e-07,367277
0.341712,44.48,1.27802e-07,372635
0.342714,44.73,1.29936e-07,381411
0.343716,44.992,1.30397e-07,393110
0.344718,45.324,1.36367e-07,399854
0.345719,45.57,1.35062e-07,405103
0.346721,45.914,1.30941e-07,409519
0.347723,46.214,1.33082e-07,419796
0.348725,46.568,1.33389e-07,421817
0.349727,46.848,1.29983e-07,421854
0.350729,47.154,1.29168e-07,428831
0.351731,47.528,1.30864e-07,431865
0.352732,47.788,1.29454e-07,433106
0.353735,48,1.26128e-07,436286
0.354738,48.322,1.24404e-07,440969
0.35574,48.672,1.26261e-07,445066
0.356742,48.99,1.3202e-07,449181
0.357744,49.35,1.39573e-07,453580
0.358746,49.704,1.33912e-07,466830
0.359748,49.966,1.33495e-07,478220
0.36075,50.384,1.3915e-07,483140
0.361751,50.72,1.43439e-07,488549
0.362753,51.032,1.4255e-07,493667
0.363753,51.316,1.32208e-07,494148
0.364756,51.63,1.34479e-07,505175
0.365758,51.846,1.30597e-07,509939
0.366761,52.236,1.27878e-07,514196
0.367763,52.584,1.30104e-07,516381
0.368765,52.922,1.27429e-07,518640
0.369768,53.25,1.27576e-07,521890
0.37077,53.566,1.3181e-07,524637
0.371772,53.898,1.31657e-07,527688
0.372774,54.232,1.34386e-07,529673
0.373775,54.648,1.36955e-07,540352
0.374779,55.06,1.37937e-07,548680
0.375779,55.37,1.34671e-07,547995
0.37678,55.832,1.27798e-07,569702
0.377783,56.168,1.23559e-07,579924
0.378786,56.644,1.27166e-07,593407
0.379787,56.99,1.32045e-07,599367
0.380789,57.392,1.32536e-07,604301
0.381791,57.712,1.30484e-07,607085
0.382793,58.016,1.29614e-07,613568
0.383796,58.402,1.30879e-07,620826
0.384796,58.78,1.33346e-07,656526
0.385799,59.28,1.31322e-07,669011
0.386802,59.684,1.33063e-07,675826
0.387803,60.02,1.3114e-07,682908
0.388806,60.686,1.30601e-07,689876
0.389808,61.212,1.31908e-07,718070
0.390809,61.684,1.34959e-07,733540
0.391811,62.168,1.3214e-07,742480
0.392814,62.584,1.31979e-07,766063
0.393815,62.946,1.30534e-07,773354
0.394818,63.294,1.32509e-07,778448
0.395819,63.848,1.31545e-07,795784
0.396821,64.324,1.32363e-07,808898
0.397823,64.718,1.2797e-07,816141
0.398826,65.182,1.25951e-07,821330
0.399832,65.65,1.2533e-07,824516
0.40083,66.546,1.33615e-07,862562
0.401831,67.34,1.37696e-07,888918
0.402833,67.816,1.31694e-07,899451
0.403836,68.422,1.33111e-07,920968
0.404837,68.948,1.32074e-07,948447
0.40584,69.368,1.2853e-07,955490
0.406842,69.79,1.34029e-07,958251
0.407843,70.526,1.37387e-07,973559
0.408845,70.954,1.34956e-07,989012
0.409847,71.678,1.29211e-07,1.00318e+06
0.410848,72.434,1.23429e-07,1.04097e+06
0.41185,73.024,1.21535e-07,1.05838e+06
0.412855,73.32,1.25806e-07,1.06696e+06
0.413856,73.952,1.36882e-07,1.09389e+06
0.414857,74.974,1.39707e-07,1.35958e+06
0.415859,75.494,1.41565e-07,1.37202e+06
0.41686,76.146,1.35152e-07,1.39709e+06
0.417863,76.84,1.31262e-07,1.40946e+06
0.418865,77.434,1.30313e-07,1.42419e+06
0.419868,78.162,1.31762e-07,1.44814e+06
0.42087,78.614,1.31861e-07,1.46773e+06
0.421872,79.192,1.29816e-07,1.49645e+06
0.422874,79.648,1.29537e-07,1.52567e+06
0.423875,80.346,1.26019e-07,1.54162e+06
0.424878,80.894,1.2499e-07,1.57518e+06
0.425881,81.476,1.28141e-07,1.58111e+06
0.426882,82.166,1.29854e-07,1.5925e+06
0.427884,82.97,1.33529e-07,1.62036e+06
0.428884,83.378,1.33127e-07,1.63967e+06
0.429887,83.818,1.33998e-07,1.64873e+06
0.430889,84.802,1.29466e-07,1.66205e+06
0.431892,85.566,1.29061e-07,1.69828e+06
0.432893,86.244,1.32743e-07,1.71354e+06
0.433895,87.074,1.28976e-07,1.72408e+06
0.434897,87.636,1.26527e-07,1.74752e+06
0.435901,88.484,1.29174e-07,1.78476e+06
0.436902,89.256,1.35479e-07,1.80615e+06
0.437904,89.968,1.3889e-07,1.8396e+06
0.438905,90.658,1.31621e-07,1.84936e+06
0.439908,91.272,1.28157e-07,1.85901e+06
0.44091,92.092,1.3296e-07,1.87118e+06
0.441912,92.632,1.38672e-07,1.88763e+06
0.442913,93.246,1.38354e-07,1.91066e+06
0.443915,93.982,1.33028e-07,1.94631e+06
0.444917,95.114,1.337e-07,1.98992e+06
0.445919,95.856,1.35279e-07,2.01122e+06
0.446921,96.638,1.34909e-07,2.07062e+06
0.447924,97.37,1.25495e-07,2.07492e+06
0.448926,98.352,1.23284e-07,2.10683e+06
0.449929,98.984,1.25553e-07,2.12942e+06
0.45093,99.624,1.3043e-07,2.14202e+06
0.451933,100.48,1.33497e-07,2.1722e+06
0.452934,101.598,1.37006e-07,2.23565e+06
0.453935,102.644,1.3611e-07,2.28444e+06
0.454937,103.336,1.31006e-07,2.31078e+06
0.455939,104.12,1.29245e-07,2.34936e+06
0.456942,104.67,1.29006e-07,2.36507e+06
0.457943,105.404,1.27955e-07,2.40324e+06
0.458946,105.952,1.26583e-07,2.40736e+06
0.459948,106.918,1.32984e-07,2.45258e+06
0.46095,107.552,1.33659e-07,2.46217e+06
0.461951,108.368,1.3308e-07,2.48408e+06
0.462955,109.514,1.32601e-07,2.64652e+06
0.463955,110.402,1.38002e-07,2.67671e+06
0.464957,111.198,1.34854e-07,2.72398e+06
0.465958,112.418,1.25439e-07,2.74081e+06
0.466962,113.488,1.19147e-07,2.77121e+06
0.467964,114.578,1.23412e-07,2.80667e+06
0.468966,115.636,1.29686e-07,2.84689e+06
0.469968,116.81,1.32365e-07,2.9245e+06
0.47097,117.972,1.29625e-07,2.98013e+06
0.471972,119.238,1.27044e-07,3.05671e+06
0.472975,120.356,1.29556e-07,3.07187e+06
0.473977,121.786,1.40226e-07,3.09804e+06
0.474978,123.442,1.38235e-07,3.2513e+06
0.47598,124.964,1.32956e-07,3.33739e+06
0.476981,126.818,1.31533e-07,3.4174e+06
0.477984,127.808,1.33173e-07,3.47051e+06
0.478986,129.018,1.36949e-07,3.53187e+06
0.479989,130.13,1.33352e-07,3.61425e+06
0.480989,131.278,1.37357e-07,3.64792e+06
0.481992,132.246,1.36324e-07,3.69781e+06
0.482994,133.598,1.38421e-07,3.75861e+06
0.483995,135.332,1.39025e-07,3.8626e+06
0.484997,136.806,1.3196e-07,3.92557e+06
0.485999,138.366,1.26983e-07,3.99471e+06
0.487002,139.574,1.23902e-07,4.02544e+06
0.488005,141.268,1.32103e-07,4.08181e+06
0.489006,142.592,1.34774e-07,4.10755e+06
0.490008,144.106,1.39704e-07,4.23511e+06
0.491009,145.274,1.33923e-07,4.28383e+06
0.492011,146.434,1.28981e-07,4.32394e+06
0.493013,148.088,1.30607e-07,4.43717e+06
0.494015,149.566,1.31082e-07,4.49922e+06
0.495018,150.786,1.27581e-07,4.58228e+06
0.496021,152.24,1.23119e-07,4.71255e+06
0.497022,153.552,1.27085e-07,4.80573e+06
0.498025,155.486,1.22865e-07,4.93464e+06
0.499033,157.956,1.10009e-07,5.28252e+06
0.500029,159.034,2.0461e-07,5.33819e+06
0.501023,160.58,1.08147e-07,5.4751e+06
0.502031,162.322,1.23629e-07,5.61906e+06
0.503033,163.73,1.26966e-07,5.68703e+06
0.504035,165.26,1.22975e-07,5.81548e+06
0.505038,167.378,1.27899e-07,5.9082e+06
0.50604,169.098,1.31236e-07,6.12448e+06
0.507043,171.398,1.30549e-07,6.3248e+06
0.508045,173.208,1.29168e-07,6.43738e+06
0.509046,174.98,1.34146e-07,6.54358e+06
0.510048,176.882,1.39655e-07,6.67238e+06
0.51105,179.318,1.34482e-07,6.86289e+06
0.512051,180.96,1.31605e-07,6.96672e+06
0.513054,182.634,1.23806e-07,7.06011e+06
0.514057,184.056,1.27435e-07,7.13629e+06
0.515058,186.39,1.32098e-07,7.32902e+06
0.51606,188.69,1.39113e-07,7.50016e+06
0.517062,190.902,1.38306e-07,7.59873e+06
0.518064,193.43,1.36458e-07,7.75254e+06
0.519066,195.956,1.37491e-07,7.90761e+06
0.520067,198.31,1.33004e-07,8.09415e+06
0.52107,200.472,1.37019e-07,8.25619e+06
0.522072,202.454,1.33209e-07,8.39274e+06
0.523075,204.078,1.31764e-07,8.46006e+06
0.524076,206.894,1.33061e-07,8.67964e+06
0.525078,209.032,1.38633e-07,8.84843e+06
0.526079,212.164,1.39975e-07,9.12646e+06
0.527081,214.13,1.28998e-07,9.3518e+06
0.528083,216.948,1.27094e-07,9.51717e+06
0.529085,220.082,1.29838e-07,9.80359e+06
0.530087,222.364,1.32359e-07,1.01831e+07
0.531089,226.306,1.293e-07,1.05631e+07
0.532092,229.022,1.23099e-07,1.06864e+07
0.533094,231.646,1.19019e-07,1.08332e+07
0.534098,234.238,1.2632e-07,1.09503e+07
0.535099,236.89,1.3492e-07,1.10509e+07
0.536101,239.896,1.3823e-07,1.12205e+07
0.537101,242.316,1.32159e-07,1.14029e+07
0.538104,244.66,1.333e-07,1.16889e+07
0.539106,247.468,1.33655e-07,1.21611e+07
0.540108,250.442,1.32934e-07,1.23256e+07
0.54111,253.028,1.26534e-07,1.26733e+07
0.542112,256.498,1.28124e-07,1.30143e+07
0.543114,261.086,1.28989e-07,1.34057e+07
0.544117,264.876,1.29568e-07,1.37539e+07
0.545119,267.838,1.3094e-07,1.40534e+07
0.54612,271.972,1.3637e-07,1.46474e+07
0.547122,275.81,1.3699e-07,1.51877e+07
0.548122,279.658,1.33018e-07,1.55592e+07
0.549125,283.84,1.30337e-07,1.60608e+07
0.550127,287.61,1.25327e-07,1.65987e+07
0.55113,291.946,1.23369e-07,1.69282e+07
0.552132,296.888,1.25728e-07,1.82167e+07
0.553135,300.668,1.35263e-07,1.87984e+07
0.554136,304.948,1.35149e-07,1.92313e+07
0.555139,311.268,1.33605e-07,1.9772e+07
0.556141,315.8,1.33431e-07,2.0096e+07
0.557143,319.63,1.38625e-07,2.06888e+07
0.558144,325.182,1.38723e-07,2.14085e+07
0.559146,329.784,1.32754e-07,2.15992e+07
0.560148,336.11,1.28054e-07,2.23951e+07
0.561151,341.628,1.32179e-07,2.31289e+07
0.562152,344.714,1.38827e-07,2.36823e+07
0.563153,349.762,1.35205e-07,2.43385e+07
0.564155,356.238,1.28791e-07,2.60426e+07
0.565158,360.836,1.267e-07,2.6792e+07
0.56616,366.65,1.29402e-07,2.74505e+07
0.567163,371.224,1.32837e-07,2.79608e+07
0.568164,379.504,1.2883e-07,2.98435e+07
0.569166,385.446,1.29766e-07,3.02241e+07
0.570168,392.682,1.3429e-07,3.14303e+07
0.571171,399.062,1.33286e-07,3.21919e+07
0.572172,404.778,1.3363e-07,3.29975e+07
0.573173,413.52,1.29592e-07,3.41115e+07
0.574175,419.494,1.28087e-07,3.48124e+07
0.575178,425.554,1.2477e-07,3.5917e+07
0.576181,431.868,1.26479e-07,3.70719e+07
0.577182,438.518,1.29499e-07,3.81151e+07
0.578184,447.386,1.29984e-07,3.99216e+07
0.579186,453.712,1.31804e-07,4.06942e+07
0.580188,461.104,1.31752e-07,4.20395e+07
0.58119,466.63,1.30379e-07,4.31725e+07
0.582193,473.64,1.31562e-07,4.40274e+07
0.583196,482.648,1.35564e-07,4.5253e+07
0.584196,489.592,1.41741e-07,4.6612e+07
0.585198,497.844,1.3958e-07,4.80293e+07
0.5862,507.216,1.36704e-07,4.96953e+07
0.587201,515.73,1.25382e-07,5.06395e+07
0.588205,526.2,1.22102e-07,5.15924e+07
0.589207,535.822,1.23793e-07,5.32075e+07
0.590209,546.73,1.29448e-07,5.46285e+07
0.591211,558.022,1.35281e-07,5.68122e+07
0.592212,567.81,1.37298e-07,5.81491e+07
0.593214,579.742,1.33748e-07,6.07899e+07
0.594216,589.422,1.28617e-07,6.22848e+07
0.595219,600.036,1.32412e-07,6.45629e+07
0.59622,610.384,1.32832e-07,6.61105e+07
0.597222,622.27,1.31776e-07,6.91306e+07
0.598225,635.516,1.37913e-07,7.15085e+07
0.599226,646.852,1.32965e-07,7.43384e+07
0.600224,658.596,1.23714e-07,7.74445e+07
0.60123,671.168,1.25693e-07,7.98236e+07
0.602233,686.752,1.28422e-07,8.28686e+07
0.603234,697.836,1.32383e-07,8.47765e+07
0.604236,716.712,1.31706e-07,8.90821e+07
0.605238,729.956,1.32468e-07,9.11325e+07
0.60624,740.744,1.30693e-07,9.2996e+07
0.607242,756.5,1.31829e-07,9.62733e+07
0.608245,772.258,1.32339e-07,9.96719e+07
0.609247,784.386,1.35074e-07,1.04151e+08
0.610248,801.07,1.31803e-07,1.08403e+08
0.61125,815.72,1.30525e-07,1.11617e+08
0.612253,833.34,1.31323e-07,1.16274e+08
0.613254,851.872,1.32808e-07,1.21006e+08
0.614256,872.008,1.31366e-07,1.24503e+08
0.61526,887.166,1.33784e-07,1.27863e+08
0.61626,905.236,1.3047e-07,1.32427e+08
0.617263,921.418,1.29674e-07,1.3591e+08
0.618265,942.096,1.30801e-07,1.41777e+08
0.619267,958.316,1.3269e-07,1.4473e+08
0.620269,978.09,1.31977e-07,1.48709e+08
0.62127,998.298,1.26873e-07,1.51742e+08
0.622272,1022.35,1.23601e-07,1.5808e+08
0.623276,1041.56,1.28383e-07,1.61294e+08
0.624277,1061.89,1.34747e-07,1.6491e+08
0.625277,1083.54,1.3755e-07,1.68154e+08
0.62628,1108.77,1.36983e-07,1.75961e+08
0.627282,1128.22,1.34465e-07,1.80836e+08
0.628284,1153.09,1.31449e-07,1.83752e+08
0.629286,1182.14,1.31607e-07,1.87413e+08
0.630288,1207.13,1.27263e-07,1.95837e+08
0.631291,1237.85,1.27472e-07,2.0133e+08
0.632293,1264.34,1.30316e-07,2.08722e+08
0.633295,1290.93,1.27816e-07,2.10186e+08
0.634298,1322.04,1.30828e-07,2.139e+08
0.635299,1354.24,1.34486e-07,2.19645e+08
0.636303,1382.58,1.32897e-07,2.21001e+08
0.637303,1413.44,1.42519e-07,2.2339e+08
0.638305,1441.6,1.43578e-07,2.27301e+08
0.639306,1473.65,1.38865e-07,2.32966e+08
0.640307,1504.71,1.33253e-07,2.34904e+08
0.64131,1529.48,1.3425e-07,2.3883e+08
0.642312,1561.32,1.39779e-07,2.45328e+08
0.643313,1592.16,1.31593e-07,2.47807e+08
0.644316,1618.98,1.25959e-07,2.49247e+08
0.645318,1648.8,1.24446e-07,2.52999e+08
0.646321,1685.84,1.26315e-07,2.56169e+08
0.647324,1715.16,1.29755e-07,2.60858e+08
0.648324,1746.53,1.30552e-07,2.62138e+08
0.649327,1790.29,1.29337e-07,2.62517e+08
0.650329,1827.98,1.30189e-07,2.63887e+08
0.651331,1858.31,1.33393e-07,2.67818e+08
0.652332,1896.29,1.33068e-07,2.69314e+08
0.653334,1940.32,1.30951e-07,2.68824e+08
0.654337,1974.78,1.3531e-07,2.68204e+08
0.655338,2012.07,1.36216e-07,2.68612e+08
0.656339,2050.58,1.29941e-07,2.71775e+08
0.657342,2087.54,1.299e-07,2.72904e+08
0.658344,2122.12,1.27538e-07,2.78185e+08
0.659347,2171.03,1.22386e-07,2.7594e+08
0.66035,2205.38,1.25423e-07,2.78453e+08
0.661351,2248.92,1.29956e-07,2.7637e+08
0.662354,2288.73,1.33751e-07,2.74717e+08
0.663356,2330.5,1.36728e-07,2.74706e+08
0.664357,2380.59,1.3813e-07,2.69876e+08
0.665359,2416.62,1.29358e-07,2.67122e+08
0.666367,2460.76,1.23084e-07,2.63258e+08
0.667358,2498.92,1.22688e-07,2.61847e+08
0.668365,2539.33,1.30239e-07,2.59739e+08
0.669367,2578.11,1.30927e-07,2.59822e+08
0.670369,2624.97,1.35472e-07,2.51744e+08
0.671372,2661.84,1.41353e-07,2.49871e+08
0.672372,2703.7,1.39975e-07,2.45984e+08
0.673374,2750.65,1.32074e-07,2.42208e+08
0.674377,2796.43,1.32531e-07,2.39666e+08
0.675378,2830.91,1.30871e-07,2.40861e+08
0.67638,2868.42,1.31774e-07,2.41778e+08
0.677384,2908.58,1.31673e-07,2.38735e+08
0.678385,2944.01,1.35716e-07,2.37781e+08
0.679387,2985.79,1.35845e-07,2.35039e+08
0.680389,3026.72,1.32952e-07,2.34827e+08
0.681391,3069.36,1.28383e-07,2.3427e+08
0.682393,3110.4,1.30441e-07,2.3273e+08
0.683395,3150.66,1.39197e-07,2.33967e+08
0.684396,3197.51,1.45296e-07,2.29114e+08
0.685398,3251.81,1.43727e-07,2.26559e+08
0.686399,3295.25,1.34618e-07,2.2271e+08
0.687403,3337.39,1.31017e-07,2.19384e+08
0.688404,3384.69,1.29267e-07,2.15836e+08
0.689407,3433.46,1.31992e-07,2.10361e+08
0.690408,3475.7,1.33628e-07,2.11685e+08
0.69141,3518.91,1.30603e-07,2.09572e+08
0.692411,3566.26,1.31907e-07,2.06216e+08
0.693415,3609.41,1.34272e-07,2.0789e+08
0.694417,3651.11,1.33511e-07,2.09104e+08
0.695419,3695.54,1.37516e-07,2.07388e+08
0.69642,3736.98,1.35474e-07,2.05462e+08
0.697422,3777.32,1.30138e-07,2.02706e+08
0.698425,3824.48,1.27155e-07,1.99202e+08
0.699428,3868.12,1.26352e-07,1.94744e+08
0.700429,3915.03,1.3343e-07,1.89499e+08
0.701431,3965.01,1.32928e-07,1.78906e+08
0.702432,4003.76,1.34388e-07,1.77574e+08
0.703435,4050.07,1.37286e-07,1.76635e+08
0.704436,4098.12,1.36173e-07,1.7083e+08
0.705438,4144.1,1.32363e-07,1.68258e+08
0.706441,4194.72,1.33435e-07,1.61188e+08
0.707442,4241.69,1.3561e-07,1.61514e+08
0.708444,4286.82,1.34089e-07,1.60471e+08
0.709446,4327.72,1.35131e-07,1.62377e+08
0.710448,4373.91,1.33842e-07,1.57891e+08
0.71145,4418.62,1.30463e-07,1.5809e+08
0.712452,4460.71,1.22952e-07,1.56246e+08
0.713455,4503.07,1.2156e-07,1.5545e+08
0.714455,4548.44,1.25739e-07,1.53695e+08
0.715459,4596.76,1.32524e-07,1.50336e+08
0.71646,4642.18,1.33789e-07,1.47333e+08
0.717463,4693.18,1.27064e-07,1.42911e+08
0.718465,4740.62,1.28956e-07,1.41682e+08
0.719467,4784.8,1.33156e-07,1.40213e+08
0.720469,4832.37,1.39214e-07,1.37827e+08
0.72147,4877.38,1.38196e-07,1.37927e+08
0.722472,4921.29,1.31686e-07,1.36881e+08
0.723474,4968.31,1.31166e-07,1.33729e+08
0.724477,5010.12,1.29569e-07,1.32947e+08
0.72548,5054.61,1.34675e-07,1.324e+08
0.726481,5101.67,1.35083e-07,1.29592e+08
0.727482,5149.01,1.31793e-07,1.27711e+08
0.728485,5195.16,1.36147e-07,1.27354e+08
0.729487,5240.61,1.38678e-07,1.27879e+08
0.730487,5287.93,1.39892e-07,1.26001e+08
0.73149,5332.33,1.29363e-07,1.25422e+08
0.732492,5380,1.21781e-07,1.24828e+08
0.733494,5430.13,1.18253e-07,1.21869e+08
0.734498,5477.67,1.3128e-07,1.19296e+08
0.735499,5524.5,1.37226e-07,1.17052e+08
0.736501,5572.4,1.34199e-07,1.15969e+08
0.737502,5616.48,1.31727e-07,1.15589e+08
0.738504,5664.98,1.29908e-07,1.13374e+08
0.739507,5712.49,1.32899e-07,1.09851e+08
0.740509,5760.37,1.31306e-07,1.10119e+08
0.74151,5805.6,1.29382e-07,1.0853e+08
0.742512,5854.46,1.25612e-07,1.07758e+08
0.743515,5901.13,1.26262e-07,1.07602e+08
0.744517,5951.71,1.29967e-07,1.06522e+08
0.745518,6001.75,1.26788e-07,1.05041e+08
0.746521,6050.17,1.25754e-07,1.05208e+08
0.747523,6097.22,1.29436e-07,1.04765e+08
0.748525,6146.01,1.29961e-07,1.03361e+08
0.74953,6190.93,1.24405e-07,1.0314e+08
0.750526,6240.55,1.21921e-07,1.01298e+08
0.751531,6287.55,1.29086e-07,1.00988e+08
0.752533,6336.59,1.31024e-07,9.94621e+07
0.753535,6384.53,1.30753e-07,9.75161e+07
0.754538,6432.16,1.28258e-07,9.66607e+07
0.75554,6482.94,1.27294e-07,9.54879e+07
0.756542,6532.46,1.327e-07,9.28967e+07
0.757544,6580.84,1.41505e-07,9.14793e+07
0.758545,6630.65,1.4409e-07,8.9326e+07
0.759546,6679.26,1.39966e-07,8.88177e+07
0.760548,6726.71,1.3424e-07,8.75055e+07
0.76155,6775.89,1.29576e-07,8.6321e+07
0.762552,6823.81,1.25095e-07,8.52366e+07
0.763554,6867.93,1.20987e-07,8.45287e+07
0.764557,6913.39,1.23231e-07,8.54738e+07
0.765559,6962.95,1.26587e-07,8.50965e+07
0.766561,7010.7,1.25386e-07,8.47167e+07
0.767564,7059.7,1.31988e-07,8.37083e+07
0.768565,7107.77,1.34478e-07,8.34063e+07
0.769567,7160.86,1.33261e-07,8.11818e+07
0.770569,7212.46,1.28193e-07,8.018e+07
0.771572,7259.06,1.28107e-07,8.03926e+07
0.772574,7307.53,1.28896e-07,7.92945e+07
0.773576,7355.46,1.35055e-07,7.8907e+07
0.774577,7402.57,1.36666e-07,7.85108e+07
0.775579,7453.52,1.35087e-07,7.77187e+07
0.776581,7502.65,1.37568e-07,7.68696e+07
0.777585,7554.38,1.34119e-07,7.49073e+07
0.778585,7606.63,1.3561e-07,7.41278e+07
0.779587,7655.02,1.32798e-07,7.36392e+07
0.780589,7704.11,1.32931e-07,7.1713e+07
0.78159,7755.5,1.3523e-07,7.21876e+07
0.782593,7807.65,1.33056e-07,7.05587e+07
0.783594,7857.1,1.29936e-07,6.95587e+07
0.784597,7906.44,1.25666e-07,6.85462e+07
0.7856,7956.83,1.28963e-07,6.73221e+07
0.786601,8007.38,1.31212e-07,6.74195e+07
0.787603,8057.14,1.29891e-07,6.62675e+07
0.788605,8107.51,1.29281e-07,6.44869e+07
0.789606,8157.76,1.29259e-07,6.42043e+07
0.790609,8207.16,1.27708e-07,6.39597e+07
0.791612,8255.25,1.24484e-07,6.29782e+07
0.792613,8305.75,1.22977e-07,6.22807e+07
0.793615,8355.6,1.27486e-07,6.12949e+07
0.794619,8405.53,1.32865e-07,6.03849e+07
0.79562,8455.76,1.37964e-07,5.9899e+07
0.796621,8506.86,1.34697e-07,5.96179e+07
0.797624,8557.6,1.31608e-07,5.95985e+07
0.798626,8605.75,1.33751e-07,5.90916e+07
0.79963,8657.74,1.32944e-07,5.73304e+07
0.800628,8709.34,1.32748e-07,5.74669e+07
0.801632,8759.59,1.36005e-07,5.65606e+07
0.802634,8807.88,1.41196e-07,5.63218e+07
0.803634,8856.28,1.39248e-07,5.62363e+07
0.804637,8907.91,1.32959e-07,5.6075e+07
0.805639,8954.59,1.26892e-07,5.54002e+07
0.806642,9004.06,1.31097e-07,5.48666e+07
0.807645,9055.36,1.38123e-07,5.38355e+07
0.808646,9105.52,1.43699e-07,5.3174e+07
0.809646,9155.6,1.44445e-07,5.23638e+07
0.810648,9204.38,1.3407e-07,5.14681e+07
0.811651,9253.08,1.28881e-07,5.11789e+07
0.812653,9302.99,1.35574e-07,5.03849e+07
0.813656,9355.64,1.42001e-07,4.94287e+07
0.814656,9407.13,1.44034e-07,4.93881e+07
0.815658,9457.66,1.39211e-07,4.83156e+07
0.816661,9507.04,1.31423e-07,4.759e+07
0.817663,9556.92,1.28825e-07,4.69029e+07
0.818665,9602.89,1.27582e-07,4.64682e+07
0.819667,9650.8,1.26771e-07,4.56985e+07
0.82067,9699.83,1.28866e-07,4.50857e+07
0.821671,9748.84,1.32697e-07,4.44754e+07
0.822673,9796.87,1.3199e-07,4.41326e+07
0.823675,9845.86,1.30709e-07,4.37576e+07
0.824678,9894.79,1.26279e-07,4.36303e+07
0.82568,9946.03,1.25102e-07,4.34178e+07
0.826683,9997.57,1.2963e-07,4.22458e+07
0.827684,10046.7,1.38336e-07,4.17621e+07
0.828685,10099.7,1.37796e-07,4.07468e+07
0.829687,10150.3,1.35771e-07,4.03531e+07
0.830689,10198.4,1.34296e-07,4.0553e+07
0.831691,10249,1.31416e-07,4.04e+07
0.832693,10299,1.27239e-07,3.98391e+07
0.833693,10348,1.27951e-07,3.96809e+07
0.834697,10397.4,1.31556e-07,3.88322e+07
0.8357,10448.1,1.35313e-07,3.83921e+07
0.836701,10500,1.34971e-07,3.84547e+07
0.837703,10549.7,1.35524e-07,3.78132e+07
0.838706,10600.6,1.38359e-07,3.72725e+07
0.839707,10648.8,1.35737e-07,3.66578e+07
0.840709,10695.5,1.31424e-07,3.63989e+07
0.841712,10744.8,1.34047e-07,3.56569e+07
0.842713,10793.7,1.33045e-07,3.55535e+07
0.843716,10842.8,1.31894e-07,3.47521e+07
0.844719,10893,1.38337e-07,3.42443e+07
0.845719,10942.3,1.46399e-07,3.36826e+07
0.846721,10989.9,1.44e-07,3.31544e+07
0.847722,11038.8,1.3383e-07,3.2572e+07
0.848724,11086.8,1.24611e-07,3.19849e+07
0.849728,11135.3,1.23299e-07,3.10511e+07
0.85073,11183.7,1.30535e-07,3.07487e+07
0.851732,11231.8,1.34905e-07,3.06176e+07
0.852733,11280.6,1.35075e-07,3.01197e+07
0.853736,11328.8,1.40172e-07,2.99454e+07
0.854737,11375.4,1.45016e-07,2.96763e+07
0.855738,11424.7,1.37645e-07,2.94397e+07
0.856741,11471.7,1.25055e-07,2.93653e+07
0.857743,11518.9,1.28001e-07,2.96458e+07
0.858745,11567.6,1.32473e-07,2.89408e+07
0.859747,11615.6,1.34336e-07,2.80272e+07
0.860749,11662.5,1.33311e-07,2.71448e+07
0.861751,11711.8,1.31714e-07,2.66606e+07
0.862754,11759.6,1.28937e-07,2.59863e+07
0.863755,11806.8,1.26739e-07,2.52889e+07
0.864758,11854.3,1.29232e-07,2.45926e+07
0.865759,11900.6,1.31227e-07,2.44787e+07
0.86676,11947.7,1.26811e-07,2.3893e+07
0.867763,11994.7,1.27397e-07,2.34611e+07
0.868766,12041,1.24177e-07,2.27669e+07
0.869768,12087.6,1.29082e-07,2.2692e+07
0.87077,12134.1,1.33493e-07,2.21902e+07
0.871772,12179.7,1.34233e-07,2.20276e+07
0.872773,12226.2,1.31781e-07,2.16678e+07
0.873775,12272.4,1.30997e-07,2.13722e+07
0.874779,12318.6,1.3276e-07,2.10251e+07
0.875779,12364.9,1.33888e-07,2.0526e+07
0.876781,12409.8,1.29498e-07,2.01419e+07
0.877784,12457.8,1.25463e-07,1.95458e+07
0.878787,12503.1,1.27807e-07,1.90683e+07
0.879788,12548.6,1.31898e-07,1.89828e+07
0.88079,12594.3,1.34717e-07,1.8506e+07
0.881791,12639.3,1.33176e-07,1.80757e+07
0.882793,12685.9,1.32593e-07,1.79333e+07
0.883795,12728.9,1.30338e-07,1.76621e+07
0.884797,12774.5,1.28685e-07,1.70349e+07
0.885799,12820.9,1.29093e-07,1.68424e+07
0.886803,12864.4,1.31023e-07,1.64117e+07
0.887804,12908.2,1.35578e-07,1.62258e+07
0.888808,12952.3,1.38109e-07,1.60622e+07
0.889807,12996.6,1.37252e-07,1.56966e+07
0.890809,13038.8,1.30558e-07,1.52309e+07
0.891812,13083.4,1.27992e-07,1.49016e+07
0.892815,13126,1.36595e-07,1.45626e+07
0.893815,13169.7,1.39149e-07,1.44226e+07
0.894816,13213.1,1.32331e-07,1.43635e+07
0.895819,13254.9,1.25199e-07,1.43282e+07
0.896822,13298.9,1.28901e-07,1.37823e+07
0.897824,13341.3,1.34637e-07,1.35086e+07
0.898825,13383.6,1.33392e-07,1.31848e+07
0.899829,13425.9,1.31361e-07,1.28697e+07
0.900829,13466.8,1.27559e-07,1.2646e+07
0.901831,13507.6,1.25586e-07,1.23811e+07
0.902834,13550.8,1.23742e-07,1.21343e+07
0.903837,13591.9,1.29649e-07,1.21286e+07
0.904837,13634.2,1.33036e-07,1.19682e+07
0.90584,13674.4,1.31931e-07,1.15877e+07
0.906841,13716.5,1.35745e-07,1.12409e+07
0.907842,13757.8,1.27069e-07,1.11358e+07
0.908846,13798.8,1.21893e-07,1.08973e+07
0.909848,13838.9,1.24648e-07,1.09195e+07
0.910849,13878.7,1.28584e-07,1.06714e+07
0.911852,13919.2,1.33e-07,1.02804e+07
0.912854,13957.3,1.33684e-07,9.94371e+06
0.913855,13994.9,1.37865e-07,9.4549e+06
0.914857,14033.1,1.35097e-07,9.29902e+06
0.915858,14073.2,1.29532e-07,9.11709e+06
0.91686,14111.7,1.23796e-07,8.97761e+06
0.917864,14149.3,1.25175e-07,8.50624e+06
0.918867,14186.8,1.32901e-07,8.34481e+06
0.919867,14225.4,1.42265e-07,8.19821e+06
0.920869,14263.1,1.39751e-07,7.96623e+06
0.921872,14301.2,1.35172e-07,7.85528e+06
0.922874,14336.8,1.3751e-07,7.66077e+06
0.923874,14373.1,1.31707e-07,7.42899e+06
0.924878,14409.5,1.25655e-07,7.12715e+06
0.925881,14444.7,1.26119e-07,6.93129e+06
0.926882,14480.3,1.32952e-07,6.68287e+06
0.927882,14517.5,1.33857e-07,6.43525e+06
0.928885,14551.9,1.27278e-07,6.34665e+06
0.929887,14588.3,1.26539e-07,6.13653e+06
0.930889,14623.1,1.29637e-07,5.86829e+06
0.931891,14658,1.3041e-07,5.70021e+06
0.932893,14692.3,1.26811e-07,5.43377e+06
0.933896,14725.2,1.25208e-07,5.39619e+06
0.934898,14759.4,1.30754e-07,5.1426e+06
0.9359,14792.4,1.34486e-07,4.94402e+06
0.9369,14825.1,1.27924e-07,4.84387e+06
0.937903,14856.5,1.2272e-07,4.78788e+06
0.938905,14889.7,1.16557e-07,4.58126e+06
0.939909,14921.4,1.19096e-07,4.40499e+06
0.94091,14953.4,1.29359e-07,4.3119e+06
0.941912,14984.4,1.34201e-07,4.18196e+06
0.942913,15015.6,1.3479e-07,4.09335e+06
0.943916,15046.4,1.32466e-07,3.97883e+06
0.944917,15076,1.27854e-07,3.86341e+06
0.94592,15106.7,1.22689e-07,3.70749e+06
0.946922,15137.2,1.2777e-07,3.55922e+06
0.947925,15168.2,1.30854e-07,3.4566e+06
0.948926,15197.6,1.36611e-07,3.31757e+06
0.949928,15226.3,1.30166e-07,3.2142e+06
0.95093,15255.2,1.31042e-07,3.03542e+06
0.951932,15281.8,1.38465e-07,2.94507e+06
0.952934,15307.9,1.41261e-07,2.8031e+06
0.953935,15334.4,1.38113e-07,2.70678e+06
0.954937,15361.3,1.32768e-07,2.623e+06
0.95594,15386.6,1.31362e-07,2.52109e+06
0.956942,15413,1.37303e-07,2.43278e+06
0.957942,15437.1,1.38059e-07,2.37359e+06
0.958944,15461.2,1.2982e-07,2.22852e+06
0.959948,15484.4,1.27615e-07,2.07895e+06
0.96095,15509.3,1.29025e-07,1.98052e+06
0.961951,15532.6,1.33546e-07,1.89051e+06
0.962954,15555.5,1.31595e-07,1.77979e+06
0.963955,15578.7,1.28923e-07,1.65259e+06
0.964958,15600.5,1.32003e-07,1.57462e+06
0.96596,15622,1.38557e-07,1.52005e+06
0.966962,15643.4,1.36439e-07,1.47239e+06
0.967963,15662.4,1.36045e-07,1.42286e+06
0.968965,15681.8,1.30184e-07,1.40388e+06
0.969968,15700.2,1.25999e-07,1.314e+06
0.97097,15717.5,1.33626e-07,1.27159e+06
0.971972,15734.8,1.35715e-07,1.23021e+06
0.972975,15752.9,1.3181e-07,1.11458e+06
0.973976,15770.2,1.31492e-07,1.03837e+06
0.974978,15786.4,1.33791e-07,933962
0.97598,15802,1.40618e-07,892009
0.976981,15816.8,1.34396e-07,823273
0.977983,15831.4,1.2429e-07,747672
0.978985,15845.3,1.25352e-07,668156
0.979989,15859.3,1.28229e-07,641140
0.98099,15871.9,1.35831e-07,575415
0.981992,15884.4,1.31884e-07,547983
0.982994,15896,1.36109e-07,504845
0.983996,15906.9,1.38247e-07,452889
0.984998,15917.8,1.35635e-07,402236
0.985999,15928,1.3607e-07,372630
0.987001,15937.5,1.30222e-07,329267
0.988004,15946.1,1.29146e-07,269649
0.989006,15954.1,1.2735e-07,214891
0.990009,15961.4,1.29861e-07,188699
0.99101,15968,1.31761e-07,162354
0.992012,15974,1.32682e-07,131141
0.993014,15979.7,1.33962e-07,105131
0.994016,15984.6,1.36888e-07,77540.6
0.995017,15988.8,1.27111e-07,52136.5
0.99602,15991.9,9.57207e-08,41857.8
0.997027,15994.7,6.63151e-08,28771.9
0.998036,15996.7,4.72521e-08,16069.4
0.999045,15998,4.33382e-08,8841.03
1,15998.5,0,4955
0.583605,483.412,0.766687,3.08934e+07
19.5736,-1,-1,-1
