0,1,0,0
0.00100703,2.112,2.2976e-08,49.728
0.00201188,2.43,2.00999e-08,126.55
0.00301673,2.716,2.10626e-08,119.672
0.00402128,2.882,2.47242e-08,84.038
0.00502482,3.022,2.92207e-08,56.758
0.00602736,3.086,3.34977e-08,49.302
0.00702949,3.15,3.62355e-08,77.75
0.00803066,3.24,3.7126e-08,107.2
0.00903279,3.328,3.65093e-08,130.208
0.0100347,3.422,3.61543e-08,153.958
0.011037,3.522,3.59892e-08,174.758
0.0120391,3.632,3.63303e-08,184.288
0.0130407,3.72,3.74028e-08,186.8
0.0140432,3.816,3.7954e-08,185.072
0.0150453,3.912,3.85988e-08,184.128
0.0160465,4.024,3.85807e-08,171.712
0.0170486,4.136,3.78895e-08,166.752
0.0180502,4.204,3.67519e-08,165.192
0.0190525,4.27,3.5953e-08,176.55
0.0200543,4.35,3.49146e-08,211.75
0.0210569,4.434,3.44689e-08,236.822
0.0220593,4.52,3.51846e-08,256.8
0.023061,4.626,3.58438e-08,271.062
0.0240626,4.716,3.48381e-08,301.672
0.0250648,4.828,3.5196e-08,333.208
0.0260667,4.922,3.428e-08,389.958
0.0270689,5.012,3.40832e-08,423.928
0.0280714,5.108,3.48877e-08,436.168
0.0290734,5.192,3.56232e-08,465.568
0.0300754,5.266,3.73908e-08,505.622
0.0310775,5.344,3.88804e-08,542.832
0.0320785,5.428,3.85826e-08,538.408
0.0330806,5.554,3.64501e-08,573.542
0.0340829,5.644,3.54465e-08,596.632
0.035085,5.702,3.59992e-08,572.598
0.0360869,5.784,3.49552e-08,576.672
0.0370889,5.884,3.54752e-08,585.272
0.038091,5.982,3.62545e-08,626.838
0.0390924,6.082,3.67045e-08,675.638
0.0400943,6.186,3.54594e-08,717.702
0.0410966,6.248,3.3882e-08,749.248
0.042099,6.346,3.23977e-08,819.142
0.0431014,6.452,3.27653e-08,855.848
0.0441037,6.552,3.47769e-08,887.648
0.0451051,6.638,3.67054e-08,907.478
0.0461073,6.714,3.76994e-08,934.102
0.0471085,6.788,3.77585e-08,993.528
0.0481106,6.884,3.68963e-08,1037.27
0.049113,7.002,3.76552e-08,1109
0.0501148,7.116,3.83654e-08,1179.27
0.0511166,7.224,3.89114e-08,1214.91
0.0521183,7.298,3.69184e-08,1258.6
0.0531202,7.374,3.4706e-08,1411.06
0.054123,7.472,3.48264e-08,1442.61
0.0551252,7.576,3.66674e-08,1576.11
0.0561273,7.662,3.65871e-08,1641.88
0.0571289,7.736,3.55186e-08,1699.15
0.0581313,7.858,3.46007e-08,1768.92
0.0591328,7.942,3.5398e-08,1775.32
0.0601354,8.05,3.5957e-08,1865.75
0.0611378,8.15,3.72553e-08,1943.75
0.0621399,8.26,3.82238e-08,1990.2
0.0631415,8.38,4.01549e-08,2041.8
0.0641427,8.514,3.93807e-08,2196.9
0.065145,8.564,3.76871e-08,2208.95
0.0661473,8.664,3.68001e-08,2229.55
0.067149,8.776,3.69862e-08,2356.91
0.0681513,8.888,3.68915e-08,2417.73
0.0691535,8.984,3.8806e-08,2503.87
0.0701549,9.106,3.87663e-08,2637.38
0.0711561,9.236,3.54233e-08,2800.15
0.0721585,9.37,3.36982e-08,2874.55
0.0731611,9.496,3.36083e-08,2998.99
0.074163,9.604,3.51491e-08,3047.59
0.0751652,9.71,3.51417e-08,3152.95
0.0761676,9.808,3.50036e-08,3205.57
0.0771688,9.944,3.64508e-08,3480.43
0.0781708,10.03,3.60076e-08,3518.55
0.079173,10.146,3.5762e-08,3610.34
0.0801751,10.244,3.74632e-08,3684.23
0.0811769,10.4,3.80203e-08,3782
0.082179,10.542,3.78322e-08,4110.12
0.0831813,10.65,3.62588e-08,4209.75
0.0841831,10.798,3.49112e-08,4458.6
0.0851851,10.95,3.49133e-08,4739.75
0.0861872,11.13,3.52789e-08,4838.55
0.0871898,11.278,3.54849e-08,5072.36
0.0881914,11.35,3.67113e-08,5053.75
0.0891928,11.454,3.56893e-08,5219.94
0.0901946,11.618,3.48264e-08,5418.04
0.0911972,11.738,3.38451e-08,5492.68
0.0921994,11.882,3.36271e-08,5848.04
0.093202,12.046,3.3501e-08,6281.94
0.0942035,12.178,3.68116e-08,6229.16
0.095206,12.33,3.69105e-08,6432.55
0.096207,12.488,3.68712e-08,6642.93
0.0972096,12.618,3.76217e-08,6798.04
0.0982112,12.762,3.90859e-08,7112.68
0.0992125,12.97,3.74872e-08,7256.55
0.100214,13.118,3.63114e-08,7280.04
0.101217,13.258,3.61889e-08,7461.72
0.102219,13.398,3.60202e-08,7441.8
0.103221,13.546,3.54106e-08,7745.94
0.104223,13.742,3.44907e-08,7701.72
0.105225,13.906,3.34531e-08,8104.58
0.106227,14.044,3.29607e-08,8651.03
0.107229,14.204,3.29562e-08,8993.19
0.108232,14.378,3.44326e-08,9173.56
0.109234,14.552,3.69337e-08,9637.65
0.110235,14.732,3.7227e-08,9818.09
0.111236,14.91,3.67463e-08,9976.95
0.11224,15.098,3.72066e-08,10884.2
0.113241,15.262,3.75799e-08,11080.7
0.114243,15.438,3.66813e-08,11265.1
0.115246,15.64,3.52438e-08,12121.2
0.116247,15.786,3.56025e-08,12844.1
0.117249,15.956,3.63399e-08,13053
0.118251,16.21,3.51396e-08,13419
0.119253,16.418,3.35569e-08,14531.6
0.120255,16.608,3.39473e-08,15223.2
0.121257,16.832,3.47551e-08,15555.9
0.12226,17.066,3.5032e-08,17168.8
0.123261,17.274,3.61059e-08,17605.5
0.124264,17.518,3.55457e-08,18104.8
0.125265,17.708,3.66216e-08,18387.4
0.126268,17.918,3.72317e-08,19295.6
0.127269,18.07,3.80043e-08,19640.5
0.128271,18.338,3.71652e-08,19859.9
0.129273,18.594,3.65196e-08,20408.6
0.130275,18.746,3.48264e-08,21088.7
0.131278,19.056,3.55539e-08,21582.4
0.13228,19.278,3.60198e-08,22194.4
0.133282,19.518,3.66984e-08,24318.8
0.134283,19.726,3.69205e-08,25961.5
0.135285,20.026,3.51767e-08,27700.7
0.136288,20.282,3.40491e-08,28177.2
0.137289,20.49,3.55469e-08,28188.9
0.138292,20.736,3.66574e-08,28585.2
0.139293,21.052,3.70868e-08,29270.6
0.140295,21.334,3.66542e-08,30955.2
0.141296,21.522,3.65116e-08,31942.8
0.142299,21.924,3.50857e-08,33041.1
0.1433,22.29,3.54159e-08,35463
0.144303,22.532,3.56732e-08,36286.5
0.145305,22.762,3.46429e-08,36888.7
0.146307,23.074,3.33994e-08,37836.3
0.147309,23.332,3.44339e-08,38974.9
0.148311,23.586,3.51498e-08,40197.3
0.149314,23.902,3.50272e-08,41690.2
0.150315,24.162,3.45872e-08,42823.9
0.151318,24.49,3.46693e-08,44108.9
0.15232,24.758,3.61275e-08,44751.7
0.153322,25.086,3.91366e-08,45771.3
0.154323,25.474,4.08039e-08,47032.7
0.155325,25.86,3.83963e-08,49420.2
0.156327,26.214,3.68207e-08,50798.1
0.157329,26.602,3.57028e-08,52707.8
0.158331,26.926,3.58188e-08,53580.3
0.159333,27.302,3.57541e-08,56459.4
0.160335,27.65,3.56113e-08,59311.7
0.161337,28.028,3.54514e-08,59867.6
0.162339,28.408,3.44763e-08,60902.8
0.163342,28.722,3.41745e-08,62156.4
0.164344,29,3.62176e-08,62696
0.165346,29.338,3.8332e-08,63057.9
0.166348,29.812,3.79917e-08,65922.3
0.167349,30.21,3.58766e-08,68074.9
0.168352,30.58,3.55302e-08,69043.8
0.169354,30.942,3.59947e-08,70711.3
0.170356,31.384,3.59966e-08,73106.3
0.171357,31.804,3.56358e-08,74686.8
0.17236,32.268,3.49912e-08,76780.1
0.173361,32.61,3.48464e-08,79356.9
0.174364,32.982,3.55023e-08,81166.8
0.175366,33.522,3.70465e-08,85224.8
0.176368,34.022,3.84877e-08,87002.8
0.177369,34.56,3.76547e-08,88381.2
0.178371,35.058,3.55784e-08,89883.3
0.179374,35.58,3.49468e-08,93273.8
0.180375,36.024,3.51037e-08,95903.7
0.181378,36.528,3.43542e-08,98228.6
0.18238,37.252,3.52155e-08,103944
0.183382,37.816,3.71979e-08,107089
0.184384,38.448,3.6999e-08,109780
0.185386,39.114,3.58151e-08,112971
0.186388,39.6,3.68104e-08,118110
0.187391,40.134,3.90151e-08,120688
0.188391,40.754,4.02537e-08,124243
0.189394,41.276,3.94968e-08,127238
0.190396,41.944,3.89759e-08,136858
0.191397,42.762,3.73823e-08,143691
0.192398,43.43,3.57746e-08,146737
0.193401,44.012,3.57893e-08,156452
0.194403,44.692,3.72668e-08,160871
0.195405,45.306,3.77941e-08,165914
0.196408,46.124,3.74311e-08,171546
0.197409,46.894,3.59861e-08,175315
0.198411,47.666,3.46297e-08,182213
0.199415,48.494,3.41172e-08,191217
0.200414,49.202,3.53348e-08,195035
0.201418,49.938,3.58496e-08,198549
0.20242,50.842,3.516e-08,210451
0.203421,51.866,3.44224e-08,220272
0.204423,52.664,3.39203e-08,225696
0.205426,53.55,3.37714e-08,232642
0.206427,54.476,3.40257e-08,241149
0.20743,55.298,3.53418e-08,245203
0.208431,56.554,3.65196e-08,253958
0.209433,57.71,3.5536e-08,266877
0.210436,58.56,3.46058e-08,274527
0.211438,59.632,3.63439e-08,281450
0.212439,60.694,3.6129e-08,286898
0.213442,61.928,3.50306e-08,298619
0.214443,62.86,3.43387e-08,308404
0.215446,63.996,3.45176e-08,318236
0.216448,65.308,3.48813e-08,339443
0.21745,66.576,3.68272e-08,360296
0.218452,67.784,3.83144e-08,383233
0.219454,69.352,3.71118e-08,398314
0.220455,70.832,3.54152e-08,405066
0.221458,72.06,3.49773e-08,430572
0.222459,73.786,3.60489e-08,453860
0.223462,75.274,3.65133e-08,474187
0.224464,76.49,3.6406e-08,481455
0.225466,77.85,3.69991e-08,494368
0.226468,79.56,3.62414e-08,517317
0.22747,81.204,3.67358e-08,540987
0.228472,83.066,3.55283e-08,569989
0.229474,85.168,3.5278e-08,595334
0.230476,86.758,3.50144e-08,608152
0.231478,89.57,3.63447e-08,653131
0.232479,91.866,3.61545e-08,698972
0.233481,94,3.55618e-08,726946
0.234483,96.436,3.64917e-08,769609
0.235485,97.862,3.57385e-08,784971
0.236487,99.874,3.45596e-08,832787
0.237489,101.802,3.39077e-08,860983
0.238491,104.24,3.35173e-08,936945
0.239494,107.22,3.53822e-08,954178
0.240496,110.528,3.71726e-08,1.09911e+06
0.241498,113.45,3.83146e-08,1.18608e+06
0.2425,116.202,3.84e-08,1.24464e+06
0.243502,119.06,3.72206e-08,1.30348e+06
0.244503,122.356,3.60121e-08,1.33164e+06
0.245506,125.402,3.64062e-08,1.38409e+06
0.246507,128.99,3.63007e-08,1.46303e+06
0.247509,132.05,3.47246e-08,1.56944e+06
0.248511,135.276,3.29913e-08,1.65882e+06
0.249515,138.42,3.25803e-08,1.70839e+06
0.250515,142.42,3.46348e-08,1.82808e+06
0.251518,146.21,3.54013e-08,2.03403e+06
0.25252,152.504,3.64383e-08,2.3029e+06
0.253522,157.878,3.66382e-08,2.50485e+06
0.254523,163.268,3.56211e-08,2.83541e+06
0.255526,166.952,3.45787e-08,2.90702e+06
0.256528,171.056,3.48991e-08,3.05234e+06
0.25753,177.052,3.67212e-08,3.30184e+06
0.258532,182.618,3.65971e-08,3.59012e+06
0.259534,189.134,3.50703e-08,3.98731e+06
0.260536,195.242,3.50413e-08,4.26376e+06
0.261539,202.636,3.61483e-08,4.58731e+06
0.26254,209.158,3.7601e-08,4.93476e+06
0.263542,217.516,3.6935e-08,5.28717e+06
0.264544,225.716,3.58257e-08,5.69325e+06
0.265546,233.89,3.54543e-08,6.19668e+06
0.266548,243.938,3.5092e-08,7.07593e+06
0.26755,253.958,3.67681e-08,7.88908e+06
0.268552,262.64,3.83389e-08,8.39085e+06
0.269554,275.062,3.75618e-08,9.65445e+06
0.270555,287.688,3.78293e-08,1.11129e+07
0.271557,299.612,3.56898e-08,1.18222e+07
0.27256,316.39,3.59231e-08,1.4057e+07
0.273562,331.896,3.55266e-08,1.51441e+07
0.274564,346.052,3.75863e-08,1.66227e+07
0.275565,367.328,3.70054e-08,2.07587e+07
0.276568,386.572,3.53391e-08,2.33533e+07
0.27757,407.178,3.42932e-08,2.70226e+07
0.278572,423.568,3.46202e-08,2.891e+07
0.279574,445.19,3.48128e-08,3.11837e+07
0.280577,469.218,3.56242e-08,3.59895e+07
0.281578,492.086,3.87855e-08,3.82544e+07
0.282579,518.552,3.84866e-08,4.09897e+07
0.283581,546.74,3.61029e-08,4.59544e+07
0.284584,577.892,3.44456e-08,5.04937e+07
0.285587,617.446,3.40011e-08,5.61749e+07
0.286588,647.794,3.45058e-08,6.15079e+07
0.28759,690.826,3.58166e-08,7.08794e+07
0.288592,735.236,3.7397e-08,7.83038e+07
0.289594,782.274,3.65877e-08,8.89993e+07
0.290596,828.586,3.61849e-08,9.66896e+07
0.291598,881.66,3.56817e-08,1.08e+08
0.2926,940.926,3.64564e-08,1.22436e+08
0.293602,1007.85,3.73183e-08,1.35807e+08
0.294604,1080.04,3.69671e-08,1.5161e+08
0.295605,1152.84,3.57715e-08,1.62687e+08
0.296607,1219.55,3.42888e-08,1.77548e+08
0.297609,1288.7,3.28072e-08,1.89764e+08
0.298612,1374.53,3.2465e-08,2.06065e+08
0.299615,1470.07,3.27211e-08,2.14783e+08
0.300616,1568.97,3.43194e-08,2.30196e+08
0.301618,1650.2,3.55787e-08,2.36587e+08
0.30262,1752.9,3.63656e-08,2.47897e+08
0.303622,1847.7,3.70345e-08,2.56124e+08
0.304624,1953.82,3.65405e-08,2.64503e+08
0.305626,2075.32,3.6375e-08,2.61079e+08
0.306628,2206.08,3.60873e-08,2.58717e+08
0.307631,2335.65,3.62833e-08,2.5703e+08
0.308632,2466.39,3.71539e-08,2.46987e+08
0.309634,2590.49,3.59379e-08,2.48109e+08
0.310636,2722.06,3.46045e-08,2.34358e+08
0.311638,2857.56,3.42388e-08,2.21569e+08
0.31264,2973.31,3.58014e-08,2.14873e+08
0.313643,3098.41,3.70034e-08,2.04461e+08
0.314644,3223.48,3.87388e-08,1.95845e+08
0.315646,3367.98,3.85902e-08,1.76275e+08
0.316648,3508.48,3.85644e-08,1.54977e+08
0.31765,3623.06,3.89159e-08,1.4961e+08
0.318651,3752.77,3.7121e-08,1.3198e+08
0.319654,3871.61,3.59598e-08,1.23918e+08
0.320656,3988.99,3.59548e-08,1.18919e+08
0.321658,4103.07,3.66757e-08,1.14847e+08
0.32266,4220.62,3.77061e-08,1.03402e+08
0.323661,4329,3.74989e-08,8.88824e+07
0.324664,4450.36,3.6379e-08,8.14671e+07
0.325666,4564.97,3.55875e-08,7.56909e+07
0.326668,4675.27,3.47395e-08,7.02887e+07
0.32767,4787.8,3.54152e-08,6.70501e+07
0.328672,4894.39,3.64742e-08,6.42625e+07
0.329674,4994.49,3.69544e-08,6.13345e+07
0.330676,5099.8,3.71506e-08,6.10644e+07
0.331678,5206.34,3.6571e-08,5.79976e+07
0.332682,5308.32,3.50434e-08,5.53262e+07
0.333679,5413.19,3.37009e-08,5.33556e+07
0.334684,5516.85,3.41148e-08,5.22236e+07
0.335686,5622.98,3.62753e-08,5.04495e+07
0.336688,5726.26,3.65478e-08,4.83521e+07
0.33769,5828.22,3.70707e-08,4.77891e+07
0.338692,5924.4,3.7787e-08,4.62568e+07
0.339694,6025.7,3.78469e-08,4.53331e+07
0.340697,6126.15,3.85694e-08,4.24786e+07
0.341698,6221.78,3.85426e-08,3.95934e+07
0.3427,6317.2,3.72044e-08,3.68084e+07
0.343702,6412.26,3.5731e-08,3.6735e+07
0.344704,6508.8,3.47269e-08,3.46254e+07
0.345706,6602.53,3.54375e-08,3.38958e+07
0.346708,6696.33,3.46665e-08,3.28341e+07
0.347711,6793.48,3.46214e-08,3.24587e+07
0.348712,6881.71,3.66106e-08,3.13706e+07
0.349714,6971.55,3.71936e-08,3.0181e+07
0.350716,7060.6,3.69318e-08,2.91582e+07
0.351719,7146.96,3.77625e-08,2.87373e+07
0.352721,7235.77,3.86687e-08,2.67882e+07
0.353722,7323.32,3.85464e-08,2.52941e+07
0.354724,7409.42,3.72006e-08,2.43542e+07
0.355726,7494.56,3.666e-08,2.33126e+07
0.356728,7580.14,3.58548e-08,2.24098e+07
0.35773,7663.3,3.47578e-08,2.1661e+07
0.358732,7747.24,3.51801e-08,2.10362e+07
0.359734,7829.18,3.49832e-08,2.03446e+07
0.360736,7908.29,3.53879e-08,1.95555e+07
0.361739,7990.35,3.48038e-08,1.8424e+07
0.362741,8070.03,3.61395e-08,1.7349e+07
0.363742,8146.91,3.74643e-08,1.69691e+07
0.364745,8226.41,3.8758e-08,1.62907e+07
0.365747,8304.24,3.83583e-08,1.60846e+07
0.366748,8382.88,3.71341e-08,1.5325e+07
0.36775,8459.81,3.71288e-08,1.51238e+07
0.368752,8532.99,3.7185e-08,1.4724e+07
0.369754,8606.42,3.66621e-08,1.41384e+07
0.370757,8679.13,3.72374e-08,1.38232e+07
0.371759,8753.87,3.6866e-08,1.35166e+07
0.372761,8827.26,3.70848e-08,1.29503e+07
0.373762,8899.7,3.77504e-08,1.24625e+07
0.374765,8971.49,3.76773e-08,1.21597e+07
0.375766,9043.34,3.75871e-08,1.17623e+07
0.376768,9113.25,3.7558e-08,1.13742e+07
0.37777,9184.14,3.69576e-08,1.07679e+07
0.378772,9251.59,3.62008e-08,1.08725e+07
0.379774,9320.64,3.63716e-08,1.04619e+07
0.380777,9387.36,3.63398e-08,1.03791e+07
0.381779,9454.05,3.77143e-08,1.0383e+07
0.38278,9520.33,3.8611e-08,1.00812e+07
0.383782,9586.31,3.80398e-08,9.36266e+06
0.384783,9648.36,3.63232e-08,9.19766e+06
0.385786,9714.1,3.56288e-08,8.9369e+06
0.386788,9778.58,3.58115e-08,8.62913e+06
0.38779,9840.98,3.66628e-08,8.29901e+06
0.388792,9905.02,3.73614e-08,8.05409e+06
0.389794,9966.72,3.58251e-08,7.71684e+06
0.390796,10027.1,3.54208e-08,7.4939e+06
0.391798,10088,3.51515e-08,7.36816e+06
0.3928,10148.1,3.58028e-08,7.13666e+06
0.393802,10208.2,3.61455e-08,7.07313e+06
0.394804,10266.7,3.52261e-08,6.7702e+06
0.395806,10324.9,3.54948e-08,6.56056e+06
0.396808,10382,3.46117e-08,6.57198e+06
0.39781,10440,3.43983e-08,6.39367e+06
0.398812,10494.7,3.58903e-08,6.24746e+06
0.399816,10549.5,3.628e-08,6.05398e+06
0.400816,10605.4,3.54056e-08,5.92056e+06
0.401818,10659.1,3.56467e-08,5.96145e+06
0.40282,10713.2,3.53724e-08,5.86627e+06
0.403823,10768.2,3.46244e-08,5.69905e+06
0.404824,10821.8,3.50082e-08,5.68919e+06
0.405827,10875.5,3.59521e-08,5.50506e+06
0.406828,10927.1,3.55714e-08,5.32277e+06
0.407831,10980.7,3.61303e-08,5.10491e+06
0.408832,11032,3.56011e-08,4.94736e+06
0.409835,11082.7,3.4964e-08,4.827e+06
0.410836,11132.6,3.49522e-08,4.82196e+06
0.411837,11181.6,3.54851e-08,4.749e+06
0.41284,11231,3.53395e-08,4.6828e+06
0.413843,11281,3.59639e-08,4.50988e+06
0.414844,11328.7,3.58016e-08,4.41058e+06
0.415847,11378,3.56905e-08,4.32426e+06
0.416848,11425.8,3.66743e-08,4.0469e+06
0.41785,11472.3,3.64132e-08,3.92555e+06
0.418853,11519,3.59896e-08,3.91652e+06
0.419855,11565.9,3.61259e-08,3.8849e+06
0.420857,11612.2,3.56702e-08,3.84013e+06
0.421859,11658.1,3.6451e-08,3.7648e+06
0.422861,11703.8,3.95817e-08,3.70006e+06
0.423862,11749,3.7844e-08,3.71273e+06
0.424864,11791.5,3.54316e-08,3.69599e+06
0.425867,11836.1,3.38178e-08,3.6899e+06
0.426869,11880,3.41154e-08,3.66718e+06
0.427871,11921.9,3.63091e-08,3.54279e+06
0.428872,11963.7,3.62406e-08,3.5184e+06
0.429874,12005.9,3.67374e-08,3.45492e+06
0.430876,12047.2,3.58027e-08,3.40864e+06
0.431878,12089.5,3.29288e-08,3.36137e+06
0.432881,12130.1,3.26014e-08,3.32346e+06
0.433883,12170.1,3.34256e-08,3.19449e+06
0.434885,12208.4,3.55212e-08,3.0997e+06
0.435888,12247.8,3.81372e-08,3.08391e+06
0.436889,12286.6,4.01326e-08,3.05017e+06
0.437891,12325.8,4.00055e-08,3.05558e+06
0.438892,12364.1,3.82968e-08,3.05295e+06
0.439895,12402.2,3.70574e-08,2.94805e+06
0.440897,12439.8,3.82465e-08,2.85904e+06
0.441898,12478,3.82756e-08,2.76245e+06
0.4429,12514.9,3.69306e-08,2.70182e+06
0.443902,12551,3.5306e-08,2.72615e+06
0.444904,12587.4,3.51138e-08,2.71731e+06
0.445906,12622.6,3.53545e-08,2.68807e+06
0.446909,12658,3.55089e-08,2.62991e+06
0.447911,12694.6,3.63946e-08,2.63245e+06
0.448913,12728.8,3.82967e-08,2.60669e+06
0.449915,12762.1,3.94088e-08,2.55841e+06
0.450916,12796.4,3.91276e-08,2.50419e+06
0.451918,12830.5,3.59318e-08,2.44494e+06
0.45292,12863,3.44146e-08,2.37802e+06
0.453923,12895.9,3.44386e-08,2.35098e+06
0.454925,12928.8,3.5886e-08,2.34334e+06
0.455927,12960.9,3.57468e-08,2.28828e+06
0.456929,12993,3.43059e-08,2.29008e+06
0.457932,13025.7,3.54122e-08,2.31928e+06
0.458933,13056.7,3.89386e-08,2.32586e+06
0.459935,13087,3.83465e-08,2.31284e+06
0.460937,13117.8,3.69496e-08,2.26693e+06
0.461938,13147.5,3.68343e-08,2.20848e+06
0.462941,13178.2,3.89075e-08,2.17629e+06
0.463942,13208.4,3.73826e-08,2.12405e+06
0.464944,13238.1,3.5545e-08,2.09278e+06
0.465946,13266.8,3.33543e-08,2.11652e+06
0.466948,13296.1,3.37873e-08,2.09636e+06
0.467951,13324.7,3.56595e-08,2.05464e+06
0.468952,13352.6,3.68957e-08,1.96491e+06
0.469955,13380.8,3.67455e-08,1.94178e+06
0.470956,13409,3.54128e-08,1.85959e+06
0.471959,13436.8,3.50778e-08,1.78156e+06
0.472961,13463.8,3.51994e-08,1.73571e+06
0.473963,13491.3,3.67954e-08,1.70329e+06
0.474965,13518.3,3.79175e-08,1.67763e+06
0.475967,13543.9,3.7558e-08,1.66859e+06
0.476968,13570.1,3.71652e-08,1.67225e+06
0.47797,13595.7,3.546e-08,1.65412e+06
0.478972,13622.1,3.49104e-08,1.6376e+06
0.479975,13646.7,3.51454e-08,1.59342e+06
0.480976,13671.9,3.489e-08,1.60129e+06
0.481979,13696.6,3.42291e-08,1.57806e+06
0.482981,13722.1,3.50087e-08,1.56698e+06
0.483983,13746.7,3.68857e-08,1.51296e+06
0.484985,13771.1,3.74296e-08,1.56257e+06
0.485987,13794.9,3.69121e-08,1.52735e+06
0.486989,13818.3,3.6769e-08,1.50641e+06
0.487991,13841.7,3.75272e-08,1.49801e+06
0.488993,13864.9,3.74737e-08,1.47796e+06
0.489995,13888.1,3.79758e-08,1.4412e+06
0.490997,13911.2,3.81376e-08,1.39668e+06
0.491999,13933.9,3.89628e-08,1.37735e+06
0.493,13956.6,3.85833e-08,1.33825e+06
0.494002,13978.7,3.80711e-08,1.31515e+06
0.495004,14001,3.67205e-08,1.32618e+06
0.496006,14023.3,3.54955e-08,1.29036e+06
0.497008,14044.8,3.45018e-08,1.2893e+06
0.498011,14066.3,3.3297e-08,1.25118e+06
0.499016,14088.1,3.2774e-08,1.20593e+06
0.500014,14108.6,5.42271e-08,1.20026e+06
0.501014,14129.2,3.27461e-08,1.18382e+06
0.502018,14149.6,3.33458e-08,1.17172e+06
0.503021,14169.5,3.4508e-08,1.16537e+06
0.504023,14189.5,3.54775e-08,1.18325e+06
0.505025,14209.2,3.67202e-08,1.14087e+06
0.506027,14228.8,3.80472e-08,1.13091e+06
0.50703,14247.7,3.85532e-08,1.11568e+06
0.508031,14267,3.89582e-08,1.11312e+06
0.509032,14286,3.81524e-08,1.13224e+06
0.510034,14305,3.80022e-08,1.1228e+06
0.511037,14323.9,3.74761e-08,1.11938e+06
0.512039,14342.8,3.7542e-08,1.09005e+06
0.51304,14360.9,3.67741e-08,1.08167e+06
0.514043,14378.5,3.69158e-08,1.07251e+06
0.515045,14396.9,3.7445e-08,1.04878e+06
0.516047,14414.7,3.68537e-08,1.02528e+06
0.517048,14432.6,3.49926e-08,1.01449e+06
0.518051,14449.7,3.42175e-08,996046
0.519053,14466.6,3.49019e-08,988213
0.520055,14483.4,3.51209e-08,996323
0.521057,14500.1,3.48987e-08,993574
0.52206,14517.3,3.54651e-08,997215
0.523062,14533.5,3.7142e-08,987269
0.524063,14549.6,3.75616e-08,965016
0.525065,14565.8,3.7935e-08,948690
0.526066,14582.2,3.67757e-08,933256
0.527069,14598.5,3.52125e-08,933980
0.528071,14614.3,3.50926e-08,907646
0.529073,14629.7,3.54313e-08,895990
0.530075,14645.2,3.67489e-08,885559
0.531077,14660.8,3.68651e-08,870710
0.532079,14676.1,3.56178e-08,850319
0.533081,14690.9,3.37415e-08,849548
0.534083,14705.4,3.33387e-08,840482
0.535086,14720.3,3.55629e-08,832095
0.536087,14734.9,3.73993e-08,839431
0.537089,14749.6,3.88987e-08,830595
0.538091,14763.7,3.67591e-08,802989
0.539093,14777.8,3.69622e-08,786271
0.540095,14792.1,3.84165e-08,772046
0.541097,14805.6,3.89487e-08,760383
0.542098,14819.4,3.54034e-08,763986
0.5431,14832.7,3.43546e-08,726574
0.544103,14846.4,3.58278e-08,708931
0.545104,14859.2,3.58944e-08,705812
0.546107,14872.7,3.44049e-08,692455
0.547109,14885.1,3.44069e-08,687478
0.548112,14897.8,3.59392e-08,677844
0.549114,14910.7,3.91472e-08,671871
0.550115,14923.1,3.93916e-08,656955
0.551117,14935.4,3.82954e-08,644360
0.552118,14947.8,3.63901e-08,628066
0.55312,14960.2,3.55172e-08,622791
0.554123,14972.3,3.53622e-08,630060
0.555125,14984.1,3.50776e-08,620016
0.556127,14995.9,3.53451e-08,622262
0.557129,15007.5,3.69447e-08,629521
0.558131,15018.9,3.83097e-08,633780
0.559133,15030.3,3.8219e-08,623221
0.560135,15041.6,3.70631e-08,604835
0.561137,15053,3.83267e-08,615881
0.562139,15063.8,4.00305e-08,613999
0.563141,15074.6,4.01704e-08,615638
0.564142,15085.4,3.81361e-08,600814
0.565144,15096,3.55112e-08,580951
0.566147,15106.6,3.34161e-08,578664
0.567149,15117.4,3.2587e-08,577373
0.568152,15127.5,3.2932e-08,573290
0.569154,15137.6,3.57921e-08,553793
0.570155,15147.5,3.67404e-08,528836
0.571158,15157.7,3.62368e-08,522328
0.572159,15168,3.63334e-08,523232
0.573161,15177.4,3.41032e-08,528213
0.574163,15187.5,3.38485e-08,509771
0.575166,15197.3,3.54399e-08,501514
0.576168,15206.6,3.78448e-08,494678
0.577169,15215.3,3.95842e-08,480424
0.57817,15224.6,3.64466e-08,478597
0.579173,15233.7,3.57213e-08,472011
0.580175,15242.5,3.6169e-08,473635
0.581177,15251.6,3.5984e-08,461799
0.58218,15260.4,3.64248e-08,450415
0.583181,15269.1,3.66604e-08,435619
0.584183,15277.7,3.56907e-08,430117
0.585185,15286.2,3.58066e-08,413543
0.586187,15294.8,3.5989e-08,414886
0.587189,15303.4,3.5332e-08,420831
0.588192,15311.7,3.54872e-08,418136
0.589193,15320.2,3.49303e-08,420491
0.590195,15328.3,3.49503e-08,416313
0.591197,15336.6,3.56058e-08,406839
0.592199,15344.7,3.61156e-08,396899
0.593202,15352.7,3.55716e-08,394748
0.594203,15360.5,3.59629e-08,385015
0.595205,15368.4,3.50189e-08,380550
0.596207,15376,3.46124e-08,371656
0.597209,15383.3,3.53657e-08,370197
0.598211,15390.9,3.56539e-08,370534
0.599214,15398.4,3.53857e-08,365054
0.600213,15405.7,3.62332e-08,363782
0.601217,15413.1,3.58725e-08,359801
0.602219,15420.1,3.43644e-08,358371
0.603221,15427.3,3.4616e-08,361447
0.604223,15434.3,3.55017e-08,360501
0.605225,15441.3,3.52318e-08,358748
0.606227,15448.1,3.61577e-08,355354
0.607229,15454.9,3.57842e-08,355162
0.608231,15461.7,3.51378e-08,351615
0.609233,15468.5,3.53906e-08,345156
0.610235,15475,3.58544e-08,340353
0.611237,15481.7,3.73753e-08,335380
0.61224,15488.1,3.66233e-08,332467
0.613241,15494.3,3.57772e-08,326377
0.614244,15500.7,3.55888e-08,311380
0.615247,15507.2,3.62909e-08,303618
0.616247,15513.2,3.80317e-08,296925
0.617249,15519.4,3.86115e-08,290727
0.618251,15525.4,3.77007e-08,287914
0.619253,15531.4,3.63304e-08,279417
0.620255,15537.3,3.63832e-08,277672
0.621257,15542.9,3.61993e-08,271994
0.622259,15548.9,3.69593e-08,270197
0.623261,15554.7,3.75889e-08,266773
0.624263,15560.4,3.75934e-08,267603
0.625264,15566.1,3.77023e-08,264000
0.626267,15571.6,3.7775e-08,263013
0.627269,15577.1,3.71276e-08,260207
0.628271,15582.5,3.69064e-08,257543
0.629273,15588.2,3.72201e-08,254581
0.630275,15593.3,3.66689e-08,249493
0.631277,15598.8,3.71996e-08,242268
0.632279,15604.1,3.71344e-08,241253
0.633281,15609.4,3.71506e-08,237766
0.634283,15614.4,3.84083e-08,232176
0.635285,15619.5,3.87993e-08,227423
0.636287,15624.4,3.75025e-08,226536
0.637289,15629.3,3.61473e-08,223742
0.638291,15634.2,3.4828e-08,220513
0.639293,15639,3.53791e-08,216959
0.640296,15643.7,3.49738e-08,211319
0.641297,15648.3,3.51773e-08,208908
0.6423,15653,3.4747e-08,209486
0.643302,15657.7,3.58538e-08,205889
0.644304,15662.2,3.66603e-08,203134
0.645306,15666.7,3.72016e-08,198238
0.646308,15670.9,3.85752e-08,192517
0.647309,15675.4,3.86721e-08,187624
0.648311,15679.5,3.77567e-08,178682
0.649313,15683.8,3.6961e-08,175477
0.650315,15688.1,3.71869e-08,171255
0.651317,15692.4,3.66124e-08,168578
0.652319,15696.7,3.46116e-08,166971
0.653322,15700.7,3.46686e-08,163586
0.654323,15704.8,3.5452e-08,161131
0.655325,15708.7,3.46948e-08,159595
0.656328,15712.7,3.57331e-08,155027
0.65733,15716.7,3.72064e-08,152247
0.658332,15720.7,3.85626e-08,150184
0.659333,15724.5,3.85793e-08,146337
0.660335,15728.4,3.78554e-08,143895
0.661337,15732.2,3.7784e-08,146410
0.662339,15735.9,3.70694e-08,143199
0.663341,15739.5,3.65455e-08,139859
0.664343,15743,3.62498e-08,138456
0.665346,15746.7,3.40544e-08,137513
0.666351,15750.2,3.37443e-08,133904
0.667347,15753.7,3.50581e-08,132221
0.668351,15757.2,3.66082e-08,135471
0.669353,15760.4,3.71259e-08,136648
0.670356,15763.7,3.69417e-08,134551
0.671357,15766.9,3.64702e-08,131918
0.672359,15770.2,3.54252e-08,128470
0.673361,15773.4,3.4729e-08,125584
0.674364,15776.5,3.55962e-08,125419
0.675366,15779.5,3.63637e-08,122345
0.676368,15782.7,3.74935e-08,122611
0.67737,15785.9,3.76894e-08,121101
0.678371,15788.9,3.66566e-08,119080
0.679374,15792.1,3.59397e-08,115230
0.680376,15795,3.59429e-08,113551
0.681378,15797.9,3.71095e-08,112578
0.68238,15801,3.88726e-08,111000
0.683382,15803.8,3.8542e-08,107899
0.684383,15806.6,3.86076e-08,105625
0.685385,15809.3,3.87605e-08,105259
0.686387,15812.2,3.69765e-08,103413
0.68739,15814.9,3.57872e-08,99668.3
0.688391,15817.7,3.42363e-08,97030.6
0.689394,15820.3,3.46362e-08,93771.1
0.690395,15823.1,3.59569e-08,93381.4
0.691398,15825.6,3.71484e-08,90320.9
0.692398,15828.1,3.62949e-08,90087.3
0.693401,15830.5,3.61254e-08,89839
0.694403,15833,3.63724e-08,91037
0.695405,15835.3,3.65729e-08,90499.8
0.696407,15837.8,3.70571e-08,89317.7
0.697409,15840.3,3.63432e-08,87969.2
0.698411,15842.7,3.5563e-08,86547.4
0.699413,15845.1,3.43254e-08,84315.7
0.700415,15847.5,3.27277e-08,83455
0.701418,15849.7,3.24606e-08,83071.5
0.70242,15851.9,3.28017e-08,81468.3
0.703422,15854.1,3.42581e-08,80265.8
0.704424,15856.3,3.5754e-08,79091.8
0.705426,15858.6,3.69742e-08,77622.2
0.706427,15860.7,3.7289e-08,77215.2
0.707429,15862.8,3.64389e-08,75091.8
0.708431,15864.9,3.5697e-08,74218.5
0.709434,15867,3.62118e-08,74508.7
0.710436,15869.1,3.65658e-08,72553.3
0.711438,15871.2,3.73725e-08,71125.6
0.712439,15873.1,3.58056e-08,69612.2
0.713442,15875.1,3.44731e-08,69717.8
0.714442,15877.2,3.39746e-08,68763
0.715446,15879.1,3.44595e-08,66713
0.716448,15880.9,3.61292e-08,64924.8
0.71745,15882.8,3.84903e-08,65255.4
0.718451,15884.7,3.8752e-08,63348.6
0.719453,15886.5,3.56218e-08,63725
0.720455,15888.4,3.48439e-08,64144.8
0.721457,15890.3,3.46479e-08,61986.6
0.72246,15892,3.43083e-08,60073.7
0.723462,15893.7,3.53497e-08,59063.4
0.724464,15895.3,3.69942e-08,58282.2
0.725466,15897,3.75602e-08,56845.9
0.726468,15898.6,3.55026e-08,56299.1
0.72747,15900.3,3.58808e-08,55511.3
0.728472,15901.9,3.56282e-08,53662.8
0.729474,15903.5,3.78033e-08,52428.8
0.730476,15905.1,3.75331e-08,51270.2
0.731478,15906.6,3.83261e-08,50792.2
0.732479,15908,3.67159e-08,50977.5
0.733481,15909.6,3.50953e-08,49950.8
0.734484,15911.2,3.54743e-08,49639.2
0.735486,15912.5,3.58445e-08,48738.8
0.736488,15914.1,3.69466e-08,47916.8
0.737489,15915.6,3.75998e-08,46389.1
0.738491,15917,3.61463e-08,45950.9
0.739493,15918.3,3.50392e-08,46347.4
0.740496,15919.7,3.51093e-08,45014.1
0.741498,15921.2,3.6633e-08,43677.7
0.742499,15922.5,3.66961e-08,42562.8
0.743502,15923.8,3.48805e-08,42297.5
0.744504,15925.1,3.45951e-08,41322.3
0.745506,15926.4,3.5614e-08,41164.9
0.746508,15927.6,3.66474e-08,40612.6
0.747509,15928.8,3.64363e-08,39172.6
0.748511,15930,3.54185e-08,38973
0.749515,15931.2,3.46431e-08,38452.4
0.750514,15932.3,3.25528e-08,38229.4
0.751518,15933.6,3.30069e-08,37409
0.752521,15934.8,3.47449e-08,36236.9
0.753523,15936,3.62733e-08,35482.1
0.754524,15937.1,3.63904e-08,34770.6
0.755526,15938.1,3.60112e-08,34856.5
0.756528,15939.3,3.72471e-08,33477.2
0.75753,15940.4,3.84295e-08,33075.5
0.758532,15941.5,3.82981e-08,32086.5
0.759533,15942.6,3.71492e-08,31067.3
0.760536,15943.6,3.53461e-08,30350
0.761538,15944.6,3.34787e-08,30022.9
0.76254,15945.7,3.39066e-08,29087
0.763542,15946.7,3.45519e-08,28737
0.764545,15947.7,3.57333e-08,28554.5
0.765546,15948.6,3.64483e-08,28018.3
0.766548,15949.5,3.55173e-08,27590.8
0.76755,15950.4,3.61496e-08,26691.7
0.768552,15951.4,3.63229e-08,26458.5
0.769553,15952.4,3.50329e-08,25774.3
0.770556,15953.2,3.52828e-08,25474.2
0.771558,15954.1,3.55623e-08,25235.7
0.77256,15955,3.67548e-08,24649.9
0.773562,15955.9,3.6238e-08,23924.9
0.774564,15956.7,3.70152e-08,24153.2
0.775565,15957.6,3.64231e-08,23714.4
0.776568,15958.4,3.65301e-08,23331.6
0.77757,15959.1,3.60136e-08,23464.6
0.778572,15959.8,3.49755e-08,23647.9
0.779574,15960.6,3.54043e-08,23136.7
0.780576,15961.3,3.71654e-08,22251.7
0.781578,15962,3.83696e-08,21548.1
0.782579,15962.9,3.68337e-08,21183.8
0.783581,15963.6,3.48709e-08,20947.5
0.784584,15964.3,3.45177e-08,20510.7
0.785586,15964.9,3.43685e-08,20719.3
0.786588,15965.6,3.50476e-08,20362.3
0.78759,15966.3,3.61295e-08,19670.6
0.788592,15967,3.62986e-08,18942.5
0.789593,15967.6,3.46246e-08,18185.8
0.790596,15968.3,3.55352e-08,18197.7
0.791598,15968.8,3.64928e-08,17965.9
0.7926,15969.5,3.5321e-08,17374.1
0.793602,15970.1,3.40124e-08,16752.1
0.794604,15970.7,3.3774e-08,16462.1
0.795606,15971.3,3.39238e-08,15991
0.796608,15971.8,3.44155e-08,16004.6
0.79761,15972.4,3.51792e-08,15506.7
0.798612,15973,3.58639e-08,15079.7
0.799615,15973.5,3.5352e-08,14796.3
0.800615,15974,3.41166e-08,14370.8
0.801618,15974.5,3.46396e-08,14146.3
0.80262,15975,3.60048e-08,13886.4
0.803622,15975.6,3.74393e-08,13665
0.804624,15976.1,3.77649e-08,13465.1
0.805626,15976.6,3.72482e-08,13125.6
0.806628,15977.1,3.57428e-08,12886
0.807631,15977.6,3.57696e-08,12530.8
0.808633,15978.1,3.73881e-08,12092
0.809634,15978.5,3.89814e-08,11884.2
0.810636,15979,3.95001e-08,11734
0.811638,15979.5,4.02657e-08,11528.8
0.812639,15979.9,3.90022e-08,11178.1
0.813641,15980.4,3.68406e-08,10628.5
0.814644,15980.8,3.58427e-08,10536.4
0.815646,15981.2,3.70556e-08,10400.4
0.816648,15981.6,3.7219e-08,10244
0.817649,15982,3.52435e-08,10009
0.818652,15982.5,3.43723e-08,9824.03
0.819654,15982.9,3.51234e-08,9803.05
0.820656,15983.2,3.4976e-08,9658.74
0.821658,15983.6,3.56032e-08,9423.75
0.82266,15984,3.76945e-08,9230
0.823661,15984.4,3.84725e-08,9030.55
0.824664,15984.7,3.705e-08,8832.1
0.825665,15985.1,3.55016e-08,8454.58
0.826668,15985.4,3.48702e-08,8230.82
0.82767,15985.8,3.49756e-08,8090.01
0.828672,15986.1,3.56436e-08,8003.54
0.829674,15986.4,3.60071e-08,7928.02
0.830676,15986.7,3.60093e-08,7658.55
0.831678,15987,3.5553e-08,7341.49
0.83268,15987.4,3.58956e-08,7180.63
0.833681,15987.7,3.80152e-08,6872.6
0.834684,15988,3.83038e-08,6626
0.835685,15988.3,3.61796e-08,6367.4
0.836688,15988.6,3.41488e-08,6215.06
0.83769,15988.9,3.44754e-08,5926.82
0.838693,15989.2,3.54479e-08,5881.24
0.839695,15989.5,3.5579e-08,5790.93
0.840697,15989.8,3.57086e-08,5478.1
0.841698,15990.1,3.57638e-08,5273.08
0.842701,15990.3,3.56863e-08,5040.21
0.843703,15990.6,3.68047e-08,4996.41
0.844705,15990.8,3.83979e-08,4731.83
0.845706,15991.1,4.07623e-08,4674.26
0.846708,15991.3,3.91473e-08,4555.91
0.847709,15991.5,3.61502e-08,4419
0.848711,15991.8,3.46558e-08,4382.23
0.849714,15992,3.46313e-08,4247.99
0.850716,15992.2,3.50492e-08,4152.01
0.851718,15992.4,3.50924e-08,4106.26
0.85272,15992.7,3.44021e-08,3994.89
0.853722,15992.9,3.3388e-08,3828.31
0.854725,15993,3.46655e-08,3764.85
0.855727,15993.3,3.56363e-08,3578.74
0.856729,15993.4,3.53357e-08,3435.54
0.85773,15993.6,3.5071e-08,3305.75
0.858733,15993.8,3.65034e-08,3222.55
0.859734,15994,3.66488e-08,3150.55
0.860736,15994.2,3.70883e-08,3056.79
0.861738,15994.4,3.66492e-08,2983.2
0.86274,15994.5,3.55156e-08,2932.2
0.863742,15994.7,3.40425e-08,2900.07
0.864744,15994.9,3.52012e-08,2761.05
0.865747,15995,3.6944e-08,2626.98
0.866747,15995.1,3.6699e-08,2534.31
0.86775,15995.3,3.60293e-08,2469.24
0.868752,15995.5,3.55696e-08,2429.85
0.869754,15995.6,3.48551e-08,2336.26
0.870756,15995.7,3.65478e-08,2287.01
0.871759,15995.8,3.71787e-08,2252.52
0.87276,15996,3.80047e-08,2150.55
0.873762,15996.1,3.72355e-08,2024.58
0.874765,15996.3,3.66406e-08,2004.2
0.875766,15996.4,3.55871e-08,1904.95
0.876768,15996.5,3.61076e-08,1756.35
0.87777,15996.6,3.50342e-08,1702.02
0.878772,15996.8,3.47695e-08,1640.23
0.879774,15996.9,3.39492e-08,1591.06
0.880777,15997,3.3561e-08,1516.76
0.881779,15997.1,3.51674e-08,1458.26
0.88278,15997.1,3.6316e-08,1457.63
0.883782,15997.3,3.55975e-08,1355.72
0.884784,15997.3,3.52701e-08,1299.22
0.885786,15997.4,3.67277e-08,1265.47
0.886789,15997.5,3.75874e-08,1190.28
0.88779,15997.6,3.71914e-08,1173.59
0.888793,15997.7,3.67652e-08,1123.37
0.889794,15997.8,3.72388e-08,1105.09
0.890796,15997.9,3.69664e-08,1084.34
0.891798,15998,3.4405e-08,1017.2
0.8928,15998.1,3.29526e-08,962.262
0.893803,15998.2,3.29569e-08,915.878
0.894804,15998.2,3.34504e-08,884.678
0.895807,15998.3,3.44819e-08,838.438
0.896809,15998.4,3.54105e-08,811.312
0.897811,15998.4,3.59943e-08,793.542
0.898813,15998.5,3.61776e-08,756.712
0.899815,15998.6,3.63243e-08,720.262
0.900817,15998.6,3.75022e-08,707.312
0.901818,15998.7,3.90803e-08,654.438
0.90282,15998.7,3.76185e-08,637.912
0.903823,15998.8,3.6887e-08,615.622
0.904824,15998.8,3.69299e-08,593.8
0.905826,15998.9,3.68293e-08,582.502
0.906828,15998.9,3.35152e-08,554.8
0.90783,15999,3.36812e-08,536.55
0.908832,15999,3.3875e-08,493.608
0.909835,15999.1,3.48373e-08,481.112
0.910837,15999.1,3.56806e-08,467.728
0.911838,15999.1,3.66982e-08,446.342
0.91284,15999.2,3.54592e-08,431.862
0.913842,15999.2,3.5272e-08,415.398
0.914844,15999.2,3.49131e-08,390.55
0.915846,15999.3,3.49248e-08,385.232
0.916848,15999.3,3.62853e-08,361.672
0.917851,15999.3,3.78098e-08,335.552
0.918853,15999.4,3.80114e-08,315.8
0.919854,15999.4,3.73979e-08,300
0.920857,15999.4,3.57257e-08,282.112
0.921859,15999.5,3.59991e-08,267.848
0.922861,15999.5,3.6415e-08,254.712
0.923862,15999.5,3.50272e-08,238.992
0.924864,15999.5,3.51817e-08,226.838
0.925867,15999.5,3.50944e-08,212.2
0.926868,15999.6,3.35789e-08,204.262
0.927871,15999.6,3.36713e-08,196.768
0.928873,15999.6,3.5442e-08,192.502
0.929875,15999.6,3.8779e-08,186.288
0.930876,15999.7,3.87732e-08,173.878
0.931878,15999.7,3.68746e-08,158.072
0.932881,15999.7,3.6998e-08,141.782
0.933882,15999.7,3.68202e-08,133.462
0.934885,15999.8,3.77326e-08,121.248
0.935887,15999.8,3.94118e-08,114.008
0.936888,15999.8,4.01773e-08,107.782
0.93789,15999.8,3.8259e-08,100.792
0.938892,15999.8,3.72666e-08,93.702
0.939894,15999.8,3.59606e-08,81.888
0.940897,15999.8,3.54063e-08,77.2
0.941898,15999.8,3.46044e-08,75.832
0.942901,15999.8,3.55472e-08,72.448
0.943902,15999.9,3.65953e-08,71.048
0.944904,15999.9,3.66416e-08,68.2
0.945907,15999.9,3.48047e-08,59.062
0.946909,15999.9,3.47012e-08,56.038
0.947911,15999.9,3.69373e-08,52.95
0.948913,15999.9,3.89022e-08,45
0.949915,15999.9,3.83723e-08,40.95
0.950917,15999.9,3.76172e-08,38.472
0.951919,15999.9,3.68871e-08,38.472
0.952921,15999.9,3.77768e-08,34.262
0.953922,15999.9,3.7717e-08,34.262
0.954924,15999.9,3.67082e-08,30.822
0.955926,15999.9,3.47578e-08,27.318
0.956928,15999.9,3.27607e-08,24.648
0.957931,16000,3.24018e-08,22.848
0.958933,16000,3.3885e-08,20.118
0.959935,16000,3.5443e-08,17.352
0.960937,16000,3.66801e-08,15.488
0.961939,16000,3.6244e-08,14.55
0.962941,16000,3.54784e-08,12.662
0.963943,16000,3.49549e-08,12.662
0.964945,16000,3.60025e-08,11.712
0.965947,16000,3.54307e-08,11.712
0.966949,16000,3.64753e-08,9.8
0.967951,16000,3.86239e-08,9.8
0.968952,16000,3.89001e-08,7.872
0.969954,16000,3.73915e-08,6.902
0.970956,16000,3.56236e-08,5.928
0.971958,16000,3.49039e-08,5.928
0.972961,16000,3.40898e-08,5.928
0.973963,16000,3.43071e-08,4.95
0.974965,16000,3.52158e-08,4.95
0.975967,16000,3.48439e-08,4.95
0.976969,16000,3.58525e-08,4.95
0.97797,16000,3.51811e-08,2.982
0.978973,16000,3.44549e-08,1.992
0.979975,16000,3.48974e-08,1.992
0.980977,16000,3.59632e-08,1.992
0.981979,16000,3.67484e-08,0
0.982981,16000,3.78622e-08,0
0.983983,16000,3.85802e-08,0
0.984984,16000,3.86043e-08,0
0.985986,16000,3.79608e-08,0
0.986989,16000,3.73995e-08,0
0.987991,16000,3.633e-08,0
0.988993,16000,3.59887e-08,0
0.989995,16000,3.61651e-08,0
0.990997,16000,3.65351e-08,0
0.991999,16000,3.71549e-08,0
0.993,16000,3.62249e-08,0
0.994002,16000,3.34306e-08,0
0.995005,16000,2.90956e-08,0
0.996008,16000,2.45735e-08,0
0.997013,16000,2.09794e-08,0
0.998018,16000,2.01297e-08,0
0.999023,16000,2.31187e-08,0
1,16000,0,0
0.286687,651.2,0.0221567,5.49279e+07
7.45225,-1,-1,-1
