0,1,0,0
0.0010234,2.146,1.68475e-08,70.342
0.00202016,2.482,2.34383e-08,156.838
0.00302009,2.784,3.1455e-08,142.672
0.00402259,3.012,3.63179e-08,159.928
0.00502463,3.162,3.44239e-08,195.878
0.00602616,3.288,3.32315e-08,318.528
0.00702855,3.408,3.5775e-08,398.768
0.00803099,3.54,3.53547e-08,498.2
0.00903298,3.686,3.23947e-08,599.702
0.0100344,3.874,3.16878e-08,799.062
0.0110359,4.008,3.42633e-08,809.968
0.0120386,4.166,3.29806e-08,917.222
0.0130408,4.316,3.37744e-08,1078.07
0.0140427,4.482,3.3029e-08,1242.84
0.0150441,4.632,3.50885e-08,1444.29
0.0160466,4.776,3.51317e-08,1576.91
0.0170491,4.91,3.23668e-08,1832.95
0.01805,5.052,3.18042e-08,2128.65
0.0190519,5.25,3.56024e-08,2629.75
0.0200551,5.4,3.3525e-08,2882
0.021057,5.55,3.21595e-08,3191.75
0.022058,5.692,3.27051e-08,3672.57
0.0230605,5.872,3.61281e-08,4047.81
0.0240629,6.058,3.10242e-08,4453.32
0.0250639,6.216,3.37516e-08,4594.67
0.0260668,6.428,3.57172e-08,5078.41
0.027069,6.578,3.27461e-08,5469.96
0.0280705,6.718,3.2679e-08,6107.24
0.0290722,6.87,3.36765e-08,6636.55
0.0300739,7.034,3.49389e-08,7192.42
0.0310769,7.206,3.3572e-08,7827.78
0.0320781,7.35,3.39025e-08,8309.75
0.0330805,7.574,3.39549e-08,9534.26
0.0340825,7.75,3.29532e-08,10753.8
0.0350846,7.948,3.14761e-08,11474.6
0.0360861,8.122,3.27745e-08,12105.6
0.037088,8.282,3.42006e-08,13015.2
0.0380899,8.44,3.53749e-08,14147.2
0.0390927,8.62,3.53691e-08,14381.8
0.040095,8.818,3.26349e-08,15228.4
0.0410961,9,3.40194e-08,15868
0.042099,9.206,3.46266e-08,17171.8
0.0431013,9.398,3.01434e-08,18835.8
0.0441021,9.588,3.10002e-08,19837.1
0.0451046,9.804,3.34648e-08,20794.8
0.0461064,9.996,3.23912e-08,22222
0.0471085,10.196,3.28481e-08,23536.8
0.0481103,10.412,3.11577e-08,25027.1
0.0491119,10.626,3.27839e-08,26463.1
0.0501144,10.794,3.51972e-08,27525.8
0.0511166,11.032,3.44237e-08,29343.5
0.0521187,11.254,3.31394e-08,30698.7
0.0531203,11.516,3.17638e-08,33016.9
0.0541224,11.684,3.31134e-08,34534.1
0.055124,11.87,3.42385e-08,36680.6
0.0561266,12.088,3.35098e-08,38178.1
0.0571281,12.336,3.41727e-08,40931.6
0.0581307,12.538,3.48756e-08,42136.3
0.0591326,12.802,3.21743e-08,44307.4
0.0601338,13.062,3.12179e-08,45373.1
0.0611358,13.346,3.46603e-08,47335.1
0.0621392,13.54,3.43874e-08,49286.2
0.0631406,13.768,3.23995e-08,52275.1
0.0641423,14.072,3.35243e-08,56971.4
0.0651444,14.306,3.40625e-08,60356.2
0.0661462,14.576,3.14106e-08,63412.1
0.0671484,14.846,3.25975e-08,64909.1
0.0681502,15.11,3.17572e-08,67302.9
0.0691524,15.344,3.32969e-08,69278.8
0.0701545,15.618,3.07738e-08,70932
0.0711563,15.91,3.07326e-08,74023
0.072158,16.21,3.24654e-08,77646.9
0.0731603,16.476,3.25292e-08,83076.7
0.0741621,16.744,3.35988e-08,84363.2
0.0751642,17.07,3.43485e-08,87550.6
0.0761663,17.304,3.45957e-08,88995.8
0.0771686,17.554,3.55774e-08,91041.5
0.0781704,17.83,3.60078e-08,93466.6
0.0791728,18.038,3.55466e-08,94836.3
0.0801749,18.31,3.56813e-08,96959
0.0811767,18.636,3.42784e-08,101800
0.0821782,18.886,3.47593e-08,104891
0.0831801,19.18,3.33471e-08,110078
0.0841828,19.518,3.43745e-08,113249
0.0851846,19.85,3.36414e-08,117422
0.0861868,20.232,3.36357e-08,122239
0.0871887,20.564,3.38376e-08,125699
0.0881906,20.852,3.33272e-08,130911
0.0891925,21.188,3.33139e-08,135762
0.0901944,21.522,3.64647e-08,140869
0.0911968,21.82,3.49746e-08,144782
0.0921983,22.16,3.33542e-08,147811
0.0932007,22.472,3.46178e-08,150477
0.0942026,22.83,3.42145e-08,155453
0.0952042,23.148,3.57321e-08,162891
0.0962068,23.46,3.46589e-08,168126
0.0972082,23.834,3.30472e-08,174965
0.0982104,24.236,3.43691e-08,179006
0.0992128,24.656,3.47027e-08,184353
0.100215,25.032,3.39356e-08,192865
0.101217,25.388,3.26227e-08,197889
0.102219,25.758,3.29544e-08,206382
0.103221,26.078,3.34048e-08,212366
0.104223,26.496,3.20969e-08,221371
0.105225,26.894,3.19194e-08,226715
0.106227,27.314,3.28507e-08,234764
0.107228,27.668,3.34042e-08,239463
0.108231,28.072,3.31906e-08,246793
0.109233,28.532,3.24533e-08,259540
0.110234,28.964,3.32225e-08,269107
0.111237,29.388,3.35784e-08,275983
0.112239,30.002,3.42767e-08,285719
0.113241,30.502,3.22389e-08,291845
0.114243,30.972,3.4709e-08,301802
0.115245,31.344,3.55525e-08,310369
0.116247,31.828,3.44961e-08,318163
0.117248,32.364,3.45065e-08,326440
0.11825,32.74,3.45849e-08,331292
0.119253,33.356,3.39819e-08,341417
0.120255,33.822,3.32273e-08,351337
0.121257,34.342,3.39895e-08,364961
0.122258,34.79,3.47972e-08,373349
0.123261,35.336,3.5613e-08,380776
0.124263,35.81,3.37311e-08,386451
0.125265,36.454,3.36288e-08,397640
0.126266,37.086,3.41364e-08,417475
0.127269,37.682,3.52351e-08,430644
0.128271,38.204,3.36749e-08,442041
0.129273,38.94,3.29194e-08,461252
0.130275,39.598,3.35418e-08,480384
0.131277,40.482,3.27123e-08,514347
0.132278,41.204,3.26646e-08,538947
0.13328,41.81,3.54255e-08,549461
0.134283,42.45,3.40573e-08,566426
0.135286,43.096,3.34904e-08,587431
0.136287,43.806,3.21464e-08,602358
0.137289,44.65,3.36242e-08,620384
0.138291,45.426,3.48915e-08,637512
0.139293,46.096,3.3191e-08,652535
0.140294,46.86,3.32495e-08,680570
0.141297,47.526,3.4069e-08,698939
0.142299,48.41,3.31467e-08,721547
0.143301,49.198,3.24586e-08,741287
0.144302,50.044,3.25155e-08,750687
0.145305,50.8,3.50121e-08,773260
0.146307,51.594,3.39164e-08,786093
0.147309,52.554,3.24126e-08,866878
0.148311,53.396,3.38158e-08,892250
0.149313,54.164,3.18136e-08,920651
0.150315,54.88,3.40375e-08,934515
0.151317,55.962,3.36209e-08,957906
0.152319,57.108,3.33595e-08,987212
0.153321,58.23,3.39902e-08,1.0715e+06
0.154323,59.29,3.40937e-08,1.10775e+06
0.155325,60.126,3.37765e-08,1.15594e+06
0.156327,60.984,3.49543e-08,1.19091e+06
0.157329,62.024,3.57474e-08,1.21214e+06
0.158331,62.934,3.20532e-08,1.24181e+06
0.159332,63.81,3.49539e-08,1.27399e+06
0.160335,65.018,3.66474e-08,1.30288e+06
0.161338,66.184,3.32881e-08,1.36557e+06
0.162339,67.46,3.20708e-08,1.41705e+06
0.163342,68.786,3.24918e-08,1.48607e+06
0.164343,70.036,3.15414e-08,1.53902e+06
0.165345,71.388,3.21998e-08,1.56977e+06
0.166346,72.668,3.24969e-08,1.65148e+06
0.167349,73.956,3.43564e-08,1.69788e+06
0.168351,75.484,3.1868e-08,1.7591e+06
0.169353,76.994,3.2221e-08,1.84792e+06
0.170355,78.706,3.27038e-08,2.0371e+06
0.171357,80.058,3.57824e-08,2.1717e+06
0.172359,81.46,3.31678e-08,2.25169e+06
0.173361,83.206,3.28845e-08,2.31659e+06
0.174363,84.998,3.23867e-08,2.39304e+06
0.175365,86.326,3.43527e-08,2.44336e+06
0.176367,87.758,3.4075e-08,2.50077e+06
0.177369,89.3,3.4635e-08,2.63154e+06
0.178371,91.106,3.20464e-08,2.73901e+06
0.179373,92.856,3.41325e-08,2.85435e+06
0.180375,94.892,3.51948e-08,3.00532e+06
0.181377,97.16,3.27475e-08,3.15427e+06
0.182378,98.888,3.26421e-08,3.28027e+06
0.18338,101.172,3.34567e-08,3.39751e+06
0.184383,103.22,3.52022e-08,3.50989e+06
0.185385,105.864,3.44025e-08,3.67671e+06
0.186388,108.148,3.32667e-08,3.81849e+06
0.187389,110.794,3.22722e-08,3.95886e+06
0.188391,113.324,3.14872e-08,4.09882e+06
0.189393,115.824,3.12491e-08,4.22619e+06
0.190394,117.956,3.40872e-08,4.32002e+06
0.191397,120.738,3.43652e-08,4.39921e+06
0.192399,123.846,3.63743e-08,4.60566e+06
0.193402,126.658,3.35551e-08,4.7179e+06
0.194403,129.73,3.25178e-08,4.8457e+06
0.195405,133.168,3.43944e-08,5.26346e+06
0.196407,136.432,3.38808e-08,5.48097e+06
0.197409,139.298,3.38758e-08,5.63743e+06
0.198411,143.412,3.37398e-08,5.90888e+06
0.199413,147.436,3.18605e-08,6.34333e+06
0.200415,150.908,3.25562e-08,6.64509e+06
0.201417,155.21,3.36169e-08,7.02618e+06
0.202419,159.134,3.47472e-08,7.33334e+06
0.203422,162.964,3.33991e-08,7.9312e+06
0.204423,166.988,3.27315e-08,8.20734e+06
0.205425,171.472,3.55994e-08,8.50742e+06
0.206427,175.74,3.39826e-08,8.8564e+06
0.207429,179.852,3.44838e-08,9.34646e+06
0.208431,184.092,3.33235e-08,9.80976e+06
0.209433,189.656,3.49529e-08,1.04923e+07
0.210435,194.796,3.33882e-08,1.09421e+07
0.211437,200.83,3.29186e-08,1.1591e+07
0.212439,206.086,3.47735e-08,1.20606e+07
0.213441,210.498,3.38952e-08,1.24225e+07
0.214443,217.158,3.38428e-08,1.32173e+07
0.215446,223.536,3.43137e-08,1.36894e+07
0.216447,230.258,3.38348e-08,1.46446e+07
0.217449,237.598,3.36912e-08,1.55903e+07
0.218451,245.342,3.30413e-08,1.66368e+07
0.219453,253.116,3.2569e-08,1.73722e+07
0.220455,259.916,3.2689e-08,1.79606e+07
0.221457,267.67,3.36291e-08,1.87188e+07
0.222459,277.584,3.24767e-08,2.0274e+07
0.223461,286.294,3.22415e-08,2.13384e+07
0.224463,295.564,3.45893e-08,2.24179e+07
0.225465,305.276,3.27555e-08,2.38921e+07
0.226467,316.088,3.34353e-08,2.56383e+07
0.227469,327.214,3.52176e-08,2.69907e+07
0.228472,339.594,3.58238e-08,2.90139e+07
0.229473,352.518,3.31754e-08,3.19519e+07
0.230475,368.584,3.51729e-08,3.41894e+07
0.231478,382.7,3.36675e-08,3.6271e+07
0.232479,397.376,3.46467e-08,3.83299e+07
0.233482,413.558,3.1828e-08,4.09203e+07
0.234483,429.61,3.28239e-08,4.31339e+07
0.235485,448.236,3.35144e-08,4.61896e+07
0.236487,465.46,3.36579e-08,4.90453e+07
0.237489,482.352,3.42454e-08,5.1302e+07
0.238491,501.864,3.2969e-08,5.46099e+07
0.239493,526.408,3.52664e-08,5.88943e+07
0.240495,549.818,3.1424e-08,6.272e+07
0.241497,576.116,3.33468e-08,6.68437e+07
0.242499,600.402,3.42561e-08,7.11746e+07
0.243501,622.532,3.28333e-08,7.52198e+07
0.244503,653.214,3.32103e-08,8.20694e+07
0.245505,688.184,3.21404e-08,8.84997e+07
0.246507,720.386,3.40305e-08,9.35181e+07
0.247509,752.124,3.55214e-08,9.93106e+07
0.248512,792.224,3.43682e-08,1.06696e+08
0.249512,830.59,3.21603e-08,1.15069e+08
0.250516,867.118,3.37568e-08,1.19942e+08
0.251517,903.412,3.18157e-08,1.24022e+08
0.252519,954.706,3.33387e-08,1.28453e+08
0.253521,994.114,3.47026e-08,1.34958e+08
0.254523,1038.03,3.49126e-08,1.41018e+08
0.255526,1082.45,3.40949e-08,1.48321e+08
0.256527,1128.28,3.17498e-08,1.54315e+08
0.257529,1192.41,3.18425e-08,1.61172e+08
0.258531,1250.83,3.2196e-08,1.66682e+08
0.259533,1306.58,3.31634e-08,1.70651e+08
0.260535,1366.19,3.38766e-08,1.75793e+08
0.261537,1432.1,3.38684e-08,1.81536e+08
0.262539,1489.94,3.36984e-08,1.88015e+08
0.263541,1564.29,3.17613e-08,1.90578e+08
0.264543,1632.52,3.21795e-08,1.95094e+08
0.265545,1707.49,3.40696e-08,1.97593e+08
0.266547,1784.12,3.35772e-08,1.96062e+08
0.267549,1861.35,3.44221e-08,1.97659e+08
0.268552,1941.97,3.15758e-08,1.99538e+08
0.269553,2024.8,3.48655e-08,1.97394e+08
0.270556,2106.61,3.52442e-08,1.98589e+08
0.271557,2196.31,3.3608e-08,1.94589e+08
0.272559,2287.94,3.33383e-08,1.9176e+08
0.273561,2378.57,3.37091e-08,1.90057e+08
0.274564,2465.64,3.31612e-08,1.87043e+08
0.275565,2559.76,3.3283e-08,1.80732e+08
0.276567,2650.27,3.4596e-08,1.71953e+08
0.277569,2730.49,3.62772e-08,1.76296e+08
0.278571,2817.59,3.55218e-08,1.73427e+08
0.279574,2911.04,3.29807e-08,1.67713e+08
0.280575,2997.32,3.23383e-08,1.58994e+08
0.281577,3096.35,3.50353e-08,1.53513e+08
0.282579,3178.98,3.5852e-08,1.50281e+08
0.283581,3269.63,3.56409e-08,1.43712e+08
0.284583,3365.95,3.51597e-08,1.37167e+08
0.285585,3450.31,3.3282e-08,1.37613e+08
0.286588,3540.58,3.37549e-08,1.2435e+08
0.287589,3634.5,3.19085e-08,1.17108e+08
0.288591,3726.71,3.45834e-08,1.12692e+08
0.289594,3822.78,3.29967e-08,1.05631e+08
0.290595,3909.47,3.30327e-08,1.00915e+08
0.291597,3995.81,3.60659e-08,9.75656e+07
0.2926,4084.12,3.41122e-08,9.51147e+07
0.293602,4173.37,3.40557e-08,8.96782e+07
0.294603,4262.7,3.42215e-08,8.71971e+07
0.295605,4350.05,3.44187e-08,8.61033e+07
0.296608,4439.45,3.38404e-08,8.23722e+07
0.29761,4521.86,3.44999e-08,8.05286e+07
0.298612,4603.72,3.21462e-08,7.88291e+07
0.299612,4690.64,3.17994e-08,7.56607e+07
0.300615,4775.98,3.56762e-08,7.24402e+07
0.301618,4864.58,3.40981e-08,6.9237e+07
0.302619,4947.53,3.40377e-08,6.74053e+07
0.303622,5031.24,3.44237e-08,6.68616e+07
0.304623,5111.76,3.54814e-08,6.59691e+07
0.305626,5194.73,3.56236e-08,6.44104e+07
0.306628,5278.59,3.511e-08,6.21255e+07
0.307629,5359.93,3.51201e-08,6.13455e+07
0.308632,5447.92,3.49373e-08,5.79929e+07
0.309634,5530.95,3.46373e-08,5.59586e+07
0.310636,5616.24,3.43533e-08,5.47629e+07
0.311638,5702.05,3.26615e-08,5.22537e+07
0.31264,5787.36,3.29971e-08,5.13155e+07
0.313641,5871.53,3.22104e-08,4.95476e+07
0.314643,5954.98,3.55314e-08,4.80906e+07
0.315646,6036.36,3.46526e-08,4.57334e+07
0.316648,6114.97,3.20143e-08,4.55449e+07
0.317649,6198.27,3.48964e-08,4.41712e+07
0.318652,6276.56,3.48895e-08,4.25614e+07
0.319654,6353.88,3.32598e-08,4.06064e+07
0.320656,6433.4,3.13929e-08,3.87522e+07
0.321657,6512.14,3.21718e-08,3.64658e+07
0.322659,6590.56,3.28429e-08,3.58801e+07
0.323661,6665.75,3.41782e-08,3.4901e+07
0.324663,6740.9,3.27221e-08,3.34688e+07
0.325665,6819.23,3.45694e-08,3.24661e+07
0.326668,6893.17,3.54044e-08,3.09836e+07
0.32767,6968.03,3.22312e-08,3.01948e+07
0.328671,7043.33,3.38029e-08,2.90922e+07
0.329674,7117.93,3.2303e-08,2.79905e+07
0.330675,7192.17,3.53369e-08,2.69305e+07
0.331678,7266.31,3.37488e-08,2.65029e+07
0.332679,7339.18,3.34661e-08,2.62636e+07
0.333684,7413.39,3.32285e-08,2.52995e+07
0.334684,7488.17,3.51711e-08,2.3819e+07
0.335686,7560.54,3.28624e-08,2.26723e+07
0.336687,7631.41,3.16425e-08,2.18441e+07
0.337689,7705.07,3.31803e-08,2.12407e+07
0.338692,7778.75,3.63553e-08,2.05111e+07
0.339694,7848.38,3.28789e-08,2.06065e+07
0.340695,7918.13,3.25343e-08,1.99306e+07
0.341697,7990.19,3.33767e-08,1.86719e+07
0.3427,8059.07,3.48946e-08,1.81797e+07
0.343702,8127.73,3.15093e-08,1.76202e+07
0.344703,8197.98,3.14874e-08,1.69674e+07
0.345705,8264.83,3.41502e-08,1.66092e+07
0.346707,8333.89,3.55503e-08,1.63549e+07
0.347711,8402.88,3.37253e-08,1.60164e+07
0.348712,8471.61,3.14923e-08,1.55837e+07
0.349714,8538.61,3.35107e-08,1.49447e+07
0.350716,8603.8,3.18594e-08,1.45978e+07
0.351717,8668.44,3.29799e-08,1.43065e+07
0.35272,8733.45,3.38254e-08,1.42212e+07
0.353721,8799.2,3.43562e-08,1.39765e+07
0.354724,8862.46,3.54586e-08,1.37652e+07
0.355726,8926.24,3.44985e-08,1.34847e+07
0.356728,8988.97,3.15437e-08,1.34599e+07
0.35773,9052.07,3.22529e-08,1.28498e+07
0.358732,9112.23,3.23261e-08,1.26361e+07
0.359733,9174.25,3.14009e-08,1.22674e+07
0.360735,9234.32,3.51225e-08,1.22392e+07
0.361738,9294.56,3.53119e-08,1.20478e+07
0.362739,9355.62,3.39584e-08,1.15648e+07
0.363742,9415.93,3.37227e-08,1.16014e+07
0.364743,9472.29,3.31915e-08,1.15157e+07
0.365745,9530.94,3.23788e-08,1.12195e+07
0.366747,9590.01,3.40525e-08,1.07906e+07
0.367749,9648.01,3.545e-08,1.03314e+07
0.368752,9705.63,3.42672e-08,1.02722e+07
0.369754,9763.6,3.41627e-08,9.94195e+06
0.370756,9820.38,3.4109e-08,9.51886e+06
0.371757,9875.14,3.40507e-08,9.30973e+06
0.37276,9930.9,3.49276e-08,9.1316e+06
0.373762,9986.64,3.20511e-08,9.12997e+06
0.374763,10040.6,3.39383e-08,8.97273e+06
0.375766,10095.6,3.41218e-08,8.73054e+06
0.376768,10150.3,3.05526e-08,8.43455e+06
0.377769,10203.2,3.1906e-08,8.19331e+06
0.378771,10256.1,3.35936e-08,8.11593e+06
0.379774,10309.1,3.34114e-08,7.98304e+06
0.380776,10361.1,3.34727e-08,7.63162e+06
0.381778,10414.3,3.42752e-08,7.29572e+06
0.38278,10466.2,3.32395e-08,7.01509e+06
0.383781,10518,3.36928e-08,6.7533e+06
0.384784,10570.1,3.67059e-08,6.55836e+06
0.385786,10619.2,3.47664e-08,6.43097e+06
0.386788,10667.8,3.53999e-08,6.25866e+06
0.387791,10717.2,3.30296e-08,6.09699e+06
0.388791,10765.6,3.20304e-08,5.86813e+06
0.389794,10813.6,3.49574e-08,5.75467e+06
0.390796,10861.9,3.37966e-08,5.59272e+06
0.391798,10909.5,3.19482e-08,5.44854e+06
0.3928,10956.7,3.31524e-08,5.35568e+06
0.393802,11004.3,3.55681e-08,5.43796e+06
0.394804,11051,3.39396e-08,5.36228e+06
0.395805,11098.2,3.21409e-08,5.26551e+06
0.396807,11144.5,3.42324e-08,5.20335e+06
0.39781,11190.7,3.48994e-08,5.11209e+06
0.398812,11236.4,3.32396e-08,5.01576e+06
0.399812,11280.2,3.29998e-08,4.95639e+06
0.400816,11324.4,3.42167e-08,4.72511e+06
0.401818,11368.2,3.33654e-08,4.60739e+06
0.40282,11413,3.38878e-08,4.4385e+06
0.403822,11456.6,3.364e-08,4.38892e+06
0.404824,11499.9,3.35223e-08,4.29708e+06
0.405826,11543.5,3.52654e-08,4.22851e+06
0.406828,11586.8,3.33488e-08,4.13875e+06
0.40783,11627.9,3.45056e-08,4.15161e+06
0.408832,11669.8,3.27541e-08,3.98244e+06
0.409833,11711.6,3.51521e-08,3.88997e+06
0.410836,11752.9,3.53892e-08,3.81038e+06
0.411838,11793.3,3.28953e-08,3.8128e+06
0.412839,11833.5,3.47575e-08,3.80604e+06
0.413842,11874.5,3.38775e-08,3.71152e+06
0.414844,11914.7,3.29448e-08,3.58424e+06
0.415846,11954.9,3.34661e-08,3.49969e+06
0.416848,11993.9,3.34616e-08,3.448e+06
0.41785,12031.7,3.13634e-08,3.41852e+06
0.418851,12069.7,3.20402e-08,3.39517e+06
0.419853,12107.8,3.50402e-08,3.36144e+06
0.420856,12145.9,3.34574e-08,3.31686e+06
0.421858,12183.3,3.55226e-08,3.27222e+06
0.42286,12221.3,3.50678e-08,3.23549e+06
0.423862,12257.6,3.43076e-08,3.27588e+06
0.424864,12294.1,3.3047e-08,3.2476e+06
0.425866,12330.6,3.3572e-08,3.17699e+06
0.426868,12365.8,3.41967e-08,3.11017e+06
0.42787,12401,3.25138e-08,3.11109e+06
0.428872,12436.5,3.31312e-08,3.09266e+06
0.429875,12470.5,3.43312e-08,3.02921e+06
0.430876,12505,3.25264e-08,2.90961e+06
0.431878,12539.4,3.24045e-08,2.83742e+06
0.43288,12573.7,3.41024e-08,2.80347e+06
0.433883,12607.1,3.40276e-08,2.72646e+06
0.434884,12640.6,3.37801e-08,2.68626e+06
0.435886,12673.6,3.29326e-08,2.69246e+06
0.436888,12706.1,3.26862e-08,2.62757e+06
0.437889,12738.9,3.1758e-08,2.59616e+06
0.438892,12770.9,3.30344e-08,2.56919e+06
0.439894,12804.1,3.11237e-08,2.60071e+06
0.440896,12836,3.29483e-08,2.52224e+06
0.441898,12866.9,3.59608e-08,2.44548e+06
0.442901,12898.3,3.32947e-08,2.38946e+06
0.443902,12929.2,3.04436e-08,2.37578e+06
0.444904,12960.1,3.24304e-08,2.39386e+06
0.445906,12990.7,3.37757e-08,2.35326e+06
0.446908,13021.1,3.25841e-08,2.34192e+06
0.44791,13051.4,3.27657e-08,2.34611e+06
0.448912,13081,3.55758e-08,2.30744e+06
0.449915,13110.5,3.20248e-08,2.26391e+06
0.450916,13139,3.04938e-08,2.19269e+06
0.451918,13167.5,3.53042e-08,2.15986e+06
0.45292,13196.3,3.44836e-08,2.14035e+06
0.453922,13224.6,3.40414e-08,2.13624e+06
0.454924,13252.7,3.37984e-08,2.09307e+06
0.455926,13280,3.31476e-08,2.08142e+06
0.456928,13307.8,3.19384e-08,2.08341e+06
0.45793,13335.2,3.30377e-08,2.01476e+06
0.458932,13362,3.24084e-08,2.00254e+06
0.459933,13388.4,3.43966e-08,1.97271e+06
0.460936,13415.2,3.8155e-08,1.91805e+06
0.461939,13441.8,3.51382e-08,1.91714e+06
0.462941,13468.2,3.24096e-08,1.94793e+06
0.463943,13494.4,3.14993e-08,1.9507e+06
0.464944,13519.2,3.2776e-08,1.92339e+06
0.465946,13544.5,3.21375e-08,1.88143e+06
0.466948,13569.5,3.36291e-08,1.88414e+06
0.46795,13594.2,3.47606e-08,1.84466e+06
0.468952,13619.7,3.48107e-08,1.82682e+06
0.469955,13643.9,3.23176e-08,1.80611e+06
0.470956,13668,3.196e-08,1.75566e+06
0.471958,13692.5,3.27103e-08,1.71979e+06
0.47296,13716.1,3.19262e-08,1.69077e+06
0.473961,13739.7,3.29114e-08,1.63762e+06
0.474964,13762.7,3.57056e-08,1.56891e+06
0.475966,13785.2,3.36669e-08,1.56682e+06
0.476969,13807.6,3.31408e-08,1.52665e+06
0.47797,13830.7,3.16115e-08,1.50792e+06
0.478972,13852.9,3.47716e-08,1.53874e+06
0.479974,13874.9,3.30943e-08,1.53596e+06
0.480977,13896.6,3.22636e-08,1.48399e+06
0.481978,13917.6,3.31598e-08,1.49458e+06
0.48298,13939.2,3.35888e-08,1.45844e+06
0.483982,13960.4,3.35205e-08,1.42881e+06
0.484984,13981.5,3.53255e-08,1.4268e+06
0.485986,14002.3,3.53017e-08,1.39768e+06
0.486988,14023.5,3.32011e-08,1.39929e+06
0.48799,14043.9,3.16342e-08,1.38593e+06
0.488992,14064.4,3.37558e-08,1.38103e+06
0.489994,14084.7,3.57753e-08,1.38829e+06
0.490997,14104.6,3.41511e-08,1.3677e+06
0.491998,14125,3.44727e-08,1.34425e+06
0.493,14144,3.39724e-08,1.30389e+06
0.494002,14163.9,3.28285e-08,1.27947e+06
0.495004,14183.2,3.24949e-08,1.25043e+06
0.496006,14202.5,3.42862e-08,1.26164e+06
0.497008,14221.7,3.16449e-08,1.257e+06
0.498009,14240.4,3.15519e-08,1.26307e+06
0.49901,14258.6,3.22422e-08,1.24636e+06
0.500015,14276.8,5.55735e-08,1.22449e+06
0.501018,14294.7,3.24632e-08,1.23011e+06
0.502019,14313.1,3.15796e-08,1.20865e+06
0.50302,14331.2,3.17187e-08,1.19156e+06
0.504023,14349.3,3.43401e-08,1.18356e+06
0.505025,14367,3.24866e-08,1.15127e+06
0.506026,14384.3,3.28522e-08,1.13139e+06
0.507029,14401.2,3.4008e-08,1.12962e+06
0.50803,14418,3.45275e-08,1.12262e+06
0.509032,14434.8,3.42398e-08,1.12576e+06
0.510035,14451.9,3.57319e-08,1.10376e+06
0.511037,14468.5,3.38219e-08,1.0876e+06
0.512039,14484.8,3.1631e-08,1.063e+06
0.51304,14501.1,3.322e-08,1.07353e+06
0.514042,14517,3.53375e-08,1.05381e+06
0.515044,14532.4,3.52819e-08,1.04123e+06
0.516046,14547.9,3.35743e-08,1.01747e+06
0.517048,14563,3.35709e-08,1.01059e+06
0.51805,14578.2,3.31153e-08,1.00367e+06
0.519052,14593.7,3.22424e-08,1.00144e+06
0.520054,14609.5,3.31252e-08,987438
0.521057,14624.2,3.47736e-08,977290
0.522058,14639.3,3.16425e-08,974186
0.52306,14654.3,3.3131e-08,965828
0.524062,14668.7,3.36501e-08,940331
0.525064,14683.3,3.56963e-08,940147
0.526067,14697.2,3.2911e-08,926754
0.527068,14711.5,3.20118e-08,908919
0.528071,14725.6,3.2651e-08,884838
0.529072,14739.5,3.19164e-08,879393
0.530073,14753.3,3.22502e-08,885120
0.531076,14767.2,3.47587e-08,877695
0.532078,14780.4,3.47585e-08,866633
0.53308,14794.4,3.35891e-08,847397
0.534082,14807.3,3.21871e-08,833160
0.535084,14820.1,3.27336e-08,801771
0.536086,14833.2,3.14539e-08,779467
0.537088,14845.5,3.23134e-08,755497
0.538089,14858.2,3.50812e-08,753309
0.539092,14871.1,3.81881e-08,754307
0.540095,14883.6,3.43513e-08,747993
0.541096,14895.4,3.25109e-08,734256
0.542099,14907.5,3.30612e-08,715075
0.5431,14919.4,3.19739e-08,705953
0.544102,14931.2,3.31539e-08,702414
0.545104,14942.9,3.38217e-08,674053
0.546106,14954.5,3.39896e-08,652880
0.547108,14966.4,3.44592e-08,648114
0.548111,14977.6,3.53403e-08,642512
0.549113,14989.5,3.04838e-08,623451
0.550114,15000.6,3.20711e-08,624891
0.551116,15011.8,3.55042e-08,625815
0.552118,15022.9,3.27575e-08,610793
0.553121,15034.1,3.2554e-08,614560
0.554123,15045,3.38075e-08,603281
0.555125,15055.6,3.23843e-08,592061
0.556126,15066.2,3.04452e-08,579424
0.557128,15076.6,3.33026e-08,569818
0.558131,15087.1,3.59569e-08,559759
0.559133,15097.5,3.29488e-08,548235
0.560134,15108.2,3.11307e-08,549321
0.561136,15118.2,3.30253e-08,556592
0.562139,15128.2,3.17514e-08,542991
0.56314,15137.7,3.27336e-08,527319
0.564143,15147.5,3.28862e-08,513517
0.565144,15157.3,3.37135e-08,507209
0.566146,15166.8,3.40063e-08,503965
0.567149,15176.1,3.40768e-08,500885
0.568151,15185.9,3.23442e-08,496340
0.569152,15195.2,3.24379e-08,486522
0.570154,15204.8,3.43987e-08,476873
0.571157,15214,3.30526e-08,473291
0.572158,15223.2,3.25358e-08,472106
0.57316,15232.3,3.41031e-08,459875
0.574163,15241.4,3.35116e-08,450113
0.575164,15250.2,3.30521e-08,447042
0.576166,15259.2,3.42674e-08,440811
0.577168,15267.6,3.51106e-08,426833
0.578171,15276.3,3.554e-08,417018
0.579173,15284.8,3.34649e-08,403654
0.580175,15293.3,3.51057e-08,398834
0.581177,15301.4,3.20952e-08,384464
0.582179,15309.5,3.13796e-08,386273
0.58318,15317.7,3.34028e-08,383351
0.584183,15325.7,3.34627e-08,376390
0.585184,15333.5,3.30136e-08,366216
0.586186,15341.5,3.39419e-08,369191
0.587189,15349.2,3.47252e-08,358747
0.58819,15356.8,3.28975e-08,361914
0.589192,15364.2,3.53875e-08,356644
0.590195,15371.6,3.50647e-08,351455
0.591196,15379.2,3.27104e-08,349510
0.592198,15386.5,3.44218e-08,343432
0.5932,15393.5,3.33529e-08,347561
0.594203,15400.9,3.51998e-08,349492
0.595204,15408.2,3.34619e-08,349175
0.596207,15415.1,3.36628e-08,341247
0.597208,15422.2,3.38786e-08,335669
0.598211,15429,3.33782e-08,320879
0.599212,15435.7,3.42462e-08,319042
0.600216,15442.3,3.30432e-08,318455
0.601217,15448.9,3.328e-08,312937
0.602218,15455.5,3.49453e-08,307889
0.603221,15461.9,3.42717e-08,300854
0.604223,15468.5,3.21337e-08,296148
0.605225,15474.8,3.39061e-08,295258
0.606227,15481.1,3.55503e-08,293809
0.607229,15487.4,3.31795e-08,289175
0.60823,15493.5,3.20073e-08,289673
0.609232,15499.6,3.37868e-08,284749
0.610235,15505.4,3.48977e-08,271146
0.611237,15511.4,3.19852e-08,264945
0.612238,15517.6,3.30315e-08,263594
0.61324,15523.6,3.53467e-08,261170
0.614242,15529.5,3.47749e-08,257523
0.615245,15535.5,3.66673e-08,252512
0.616247,15541.2,3.3709e-08,253394
0.617249,15546.7,3.32893e-08,250083
0.618251,15552.4,3.4259e-08,249449
0.619253,15557.9,3.34481e-08,244803
0.620255,15563.7,3.34031e-08,238243
0.621257,15569.1,3.35876e-08,237682
0.622259,15574.4,3.18832e-08,234944
0.62326,15579.9,3.05801e-08,232571
0.624263,15585.1,3.40892e-08,230281
0.625265,15590.6,3.40182e-08,234215
0.626267,15595.5,3.20837e-08,228926
0.627269,15600.5,3.49895e-08,229624
0.628271,15605.6,3.40405e-08,226731
0.629273,15610.8,3.41397e-08,222472
0.630275,15615.8,3.41219e-08,219420
0.631277,15620.8,3.43087e-08,216256
0.632279,15625.6,3.54442e-08,216692
0.633281,15630.3,3.40897e-08,212026
0.634283,15635,3.23914e-08,212987
0.635285,15639.9,3.32609e-08,209983
0.636286,15644.5,3.38189e-08,208507
0.637289,15649.2,3.39521e-08,205165
0.63829,15653.6,3.53255e-08,201759
0.639293,15658.1,3.51386e-08,197523
0.640295,15662.4,3.14499e-08,193887
0.641296,15667,3.2311e-08,194693
0.642299,15671.2,3.21993e-08,192487
0.643301,15675.7,3.15324e-08,191631
0.644302,15679.9,3.45428e-08,191288
0.645305,15683.9,3.54491e-08,188719
0.646307,15688,3.43268e-08,185466
0.647309,15692.2,3.38469e-08,183292
0.648311,15696.1,3.29554e-08,181698
0.649313,15700.2,3.18663e-08,177848
0.650315,15704.1,3.34883e-08,173448
0.651317,15708,3.14533e-08,169842
0.652318,15711.9,3.37717e-08,165878
0.653321,15715.8,3.54629e-08,161766
0.654323,15719.7,3.4205e-08,162504
0.655325,15723.6,3.14561e-08,158760
0.656326,15727.3,3.15527e-08,151977
0.657328,15730.9,3.49311e-08,151364
0.658331,15734.5,3.33822e-08,147043
0.659333,15738,3.25219e-08,143464
0.660335,15741.5,3.28892e-08,140232
0.661337,15744.9,3.63396e-08,137692
0.662339,15748.3,3.319e-08,136511
0.663341,15751.8,3.16478e-08,130821
0.664343,15755.1,3.28964e-08,126941
0.665345,15758.7,3.52104e-08,126948
0.666344,15761.9,3.32313e-08,125552
0.66735,15765.3,3.35739e-08,122390
0.668351,15768.5,3.3718e-08,121587
0.669353,15771.7,3.53231e-08,120512
0.670354,15775.1,3.23193e-08,120190
0.671357,15778.3,3.37767e-08,119266
0.672359,15781.4,3.22081e-08,118214
0.67336,15784.3,3.54353e-08,118298
0.674363,15787.3,3.4551e-08,118352
0.675365,15790.4,3.27343e-08,116342
0.676367,15793.4,3.41332e-08,114108
0.677369,15796.3,3.28945e-08,112745
0.678371,15799.2,3.213e-08,111297
0.679373,15802.1,3.13913e-08,107843
0.680374,15804.9,3.32906e-08,106165
0.681376,15807.6,3.49109e-08,106858
0.682379,15810.4,3.48349e-08,104760
0.683381,15813.2,3.19458e-08,104627
0.684382,15815.6,3.46968e-08,102748
0.685386,15818.2,3.54568e-08,101228
0.686387,15820.7,3.21918e-08,98238.4
0.687389,15823.3,3.29507e-08,95376.4
0.688391,15825.9,3.26326e-08,94977.4
0.689392,15828.4,3.42877e-08,93031.3
0.690395,15830.7,3.45747e-08,92633.2
0.691397,15833.2,3.48503e-08,90869.8
0.6924,15835.7,3.51156e-08,89831.9
0.693401,15838.1,3.51407e-08,89002
0.694403,15840.6,3.56478e-08,88853.6
0.695405,15843.1,3.54788e-08,87468.5
0.696407,15845.3,3.4432e-08,87157.2
0.697409,15847.6,3.40597e-08,86183.1
0.698411,15849.9,3.41154e-08,85946
0.699413,15852,3.56927e-08,83632.8
0.700416,15854.3,3.17417e-08,83055.6
0.701417,15856.4,3.21991e-08,82995.6
0.702419,15858.6,3.45245e-08,83478.3
0.703421,15860.8,3.38337e-08,83326.2
0.704423,15862.9,3.43867e-08,81724.2
0.705425,15865.1,3.41802e-08,81454.6
0.706427,15867.1,3.40582e-08,78851.8
0.707429,15869,3.40603e-08,77550.8
0.708432,15870.9,3.61052e-08,76395.3
0.709433,15872.9,3.29863e-08,73848.5
0.710435,15874.9,3.3022e-08,73011.7
0.711437,15876.8,3.45454e-08,72968.8
0.712439,15878.8,3.18828e-08,72677.7
0.713441,15880.6,3.3788e-08,71136.3
0.714444,15882.5,3.32871e-08,68977.8
0.715445,15884.3,3.52101e-08,67966.6
0.716447,15886.1,3.56816e-08,67784.5
0.71745,15888,3.59176e-08,65524.1
0.718452,15889.7,3.50096e-08,64809.7
0.719453,15891.4,3.22942e-08,63921.8
0.720455,15893.1,3.29852e-08,63400.6
0.721457,15894.8,3.55107e-08,61694.2
0.722459,15896.5,3.62826e-08,60308.8
0.723462,15898,3.46428e-08,59169.8
0.724463,15899.8,3.33977e-08,58311.4
0.725465,15901.5,3.31988e-08,56562.7
0.726467,15903.1,3.36975e-08,55621.1
0.727469,15904.6,3.32967e-08,54117.4
0.728471,15906.1,3.35638e-08,52968.5
0.729473,15907.5,3.52098e-08,51708.4
0.730475,15909,3.47689e-08,50200.4
0.731477,15910.6,3.16561e-08,49560.5
0.732479,15912.1,3.44106e-08,49887.7
0.733481,15913.7,3.36147e-08,49515.6
0.734483,15915.1,3.40846e-08,49620.2
0.735485,15916.4,3.21714e-08,48367.2
0.736487,15917.7,3.17376e-08,48096.8
0.737489,15919.1,3.36697e-08,47359.1
0.738492,15920.5,3.39075e-08,47848.6
0.739493,15921.7,3.3934e-08,47244.2
0.740496,15923.1,3.32249e-08,46797.3
0.741498,15924.3,3.22329e-08,45840.8
0.742499,15925.6,3.18759e-08,45642.6
0.743501,15926.8,3.17801e-08,44430.6
0.744503,15928.2,3.40336e-08,44203.1
0.745505,15929.3,3.48304e-08,42878.8
0.746507,15930.5,3.46982e-08,42088.4
0.747509,15931.6,3.33074e-08,40852.9
0.748511,15932.9,3.1751e-08,39625.8
0.749512,15934,3.35692e-08,39699.8
0.750516,15935.1,3.22182e-08,39336.5
0.751517,15936.2,3.44541e-08,39121.1
0.75252,15937.3,3.55264e-08,38612.1
0.753522,15938.5,3.4018e-08,38030.5
0.754523,15939.5,3.22121e-08,37320.6
0.755525,15940.6,3.32671e-08,36907.6
0.756527,15941.7,3.28815e-08,35948.9
0.757529,15942.7,3.4309e-08,35041
0.758532,15943.7,3.32861e-08,34724.9
0.759533,15944.7,3.1475e-08,34370.2
0.760535,15945.7,3.52892e-08,33357.2
0.761537,15946.7,3.2994e-08,31985.4
0.762539,15947.6,3.42817e-08,31130.3
0.763541,15948.6,3.37015e-08,30800.3
0.764544,15949.6,3.35085e-08,30040.7
0.765546,15950.6,3.27758e-08,29167.5
0.766546,15951.5,3.18482e-08,28378.5
0.767549,15952.4,3.45428e-08,27738.1
0.768551,15953.3,3.35941e-08,26834.1
0.769553,15954.1,3.5157e-08,26797.4
0.770555,15955,3.31928e-08,26685.9
0.771557,15955.8,3.58163e-08,26495.6
0.772559,15956.7,3.52033e-08,25670.6
0.773562,15957.4,3.34195e-08,25178.3
0.774563,15958.2,3.2752e-08,24368.2
0.775565,15958.9,3.45654e-08,24262.6
0.776568,15959.7,3.21855e-08,23341.2
0.777569,15960.5,3.24346e-08,22777
0.778571,15961.2,3.3594e-08,22115.2
0.779574,15961.9,3.26887e-08,21867.3
0.780575,15962.7,3.25891e-08,21660.2
0.781577,15963.4,3.30534e-08,21525.3
0.782579,15964.1,3.36196e-08,21077.3
0.783581,15964.9,3.3825e-08,19933
0.784583,15965.5,3.42627e-08,19086.8
0.785586,15966.2,3.37658e-08,18292.7
0.786587,15967,3.38475e-08,17873.9
0.787589,15967.7,3.48318e-08,17731.4
0.788591,15968.2,3.29542e-08,17533.9
0.789594,15968.8,3.34738e-08,17346.3
0.790596,15969.5,3.49925e-08,17536.7
0.791597,15970.1,3.33102e-08,16938
0.792599,15970.7,3.45217e-08,16511.8
0.793602,15971.3,3.39886e-08,15954.5
0.794603,15971.8,3.56291e-08,15526.4
0.795606,15972.5,3.27137e-08,14950
0.796607,15973,3.34561e-08,14840
0.797609,15973.5,3.4727e-08,14521.8
0.798611,15974.1,3.36382e-08,14353.4
0.799613,15974.6,3.24498e-08,14382
0.800615,15975.1,3.1892e-08,13805.3
0.801618,15975.7,3.37318e-08,13622.2
0.802619,15976.2,3.38842e-08,13228.1
0.803622,15976.7,3.39061e-08,12904.7
0.804623,15977.3,3.43986e-08,12505.7
0.805626,15977.8,3.25164e-08,12238.6
0.806627,15978.2,3.3527e-08,12010.7
0.807629,15978.7,3.63281e-08,11838.9
0.808632,15979.2,3.44377e-08,11550.5
0.809634,15979.6,3.41144e-08,11074
0.810636,15980.1,3.13041e-08,10791.3
0.811637,15980.5,3.15331e-08,10308.7
0.81264,15980.9,3.22461e-08,10116.5
0.813641,15981.3,3.32899e-08,9918.89
0.814643,15981.8,3.43707e-08,9287.19
0.815646,15982.2,3.52492e-08,8977.4
0.816648,15982.5,3.34671e-08,8805.94
0.81765,15982.9,3.26835e-08,8979.11
0.818652,15983.4,3.27255e-08,8616.63
0.819653,15983.7,3.51884e-08,8384.95
0.820656,15984.1,3.4131e-08,7939.54
0.821657,15984.4,3.20337e-08,7545.8
0.822659,15984.8,3.45739e-08,7347.2
0.823661,15985.2,3.4093e-08,7295.09
0.824663,15985.6,3.43379e-08,7245.2
0.825666,15985.9,3.23605e-08,6961.81
0.826667,15986.2,3.27926e-08,6947.09
0.827669,15986.6,3.31524e-08,6785.32
0.828671,15986.8,3.57364e-08,6557.86
0.829674,15987.1,3.26388e-08,6527.06
0.830675,15987.5,3.21674e-08,6239.75
0.831677,15987.8,3.1857e-08,6094.74
0.832679,15988,3.43577e-08,6227.8
0.833682,15988.3,3.25242e-08,6110.18
0.834684,15988.6,3.22252e-08,6051.64
0.835686,15988.9,3.15034e-08,5943.75
0.836687,15989.1,3.24815e-08,5721.27
0.837689,15989.4,3.20033e-08,5640.95
0.838691,15989.7,3.33147e-08,5500.44
0.839693,15990,3.66386e-08,5339.94
0.840696,15990.3,3.4906e-08,5041.23
0.841697,15990.5,3.20546e-08,4906.84
0.842699,15990.8,3.57562e-08,4787.25
0.843702,15991,3.49114e-08,4684.55
0.844703,15991.3,3.37559e-08,4608.2
0.845706,15991.5,3.40167e-08,4454.93
0.846708,15991.7,3.40078e-08,4307.72
0.84771,15992,3.33503e-08,4156.42
0.848711,15992.2,3.35897e-08,3997.46
0.849714,15992.4,3.40015e-08,3921.54
0.850716,15992.7,3.18209e-08,3827.79
0.851717,15992.9,3.3792e-08,3778.75
0.85272,15993,3.23706e-08,3642.85
0.853721,15993.2,3.39481e-08,3644.91
0.854724,15993.4,3.49846e-08,3537.8
0.855726,15993.6,3.24876e-08,3380.58
0.856727,15993.8,3.25055e-08,3274.95
0.857729,15993.9,3.3151e-08,3133.08
0.858732,15994.1,3.40533e-08,2945.29
0.859734,15994.3,3.32033e-08,2836.44
0.860735,15994.5,3.3168e-08,2702.87
0.861737,15994.6,3.49704e-08,2636.02
0.86274,15994.8,3.35972e-08,2624.18
0.863742,15995,3.2078e-08,2504.76
0.864743,15995.1,3.34298e-08,2463.27
0.865745,15995.3,3.40675e-08,2444.25
0.866748,15995.4,3.54032e-08,2364.95
0.86775,15995.5,3.26529e-08,2282.2
0.868752,15995.7,3.27312e-08,2230.8
0.869754,15995.8,3.35845e-08,2177.19
0.870756,15996,3.29248e-08,2042.55
0.871757,15996.1,3.36712e-08,1919
0.87276,15996.2,3.51763e-08,1919.24
0.873762,15996.4,3.40843e-08,1790.05
0.874763,15996.5,3.35387e-08,1728.12
0.875765,15996.6,3.37705e-08,1673.43
0.876768,15996.7,3.56177e-08,1668.52
0.87777,15996.8,3.48628e-08,1612.91
0.878772,15996.9,3.40648e-08,1538.5
0.879774,15997,3.32991e-08,1439.99
0.880776,15997.1,3.39612e-08,1330.02
0.881778,15997.2,3.45865e-08,1297.46
0.88278,15997.3,3.44852e-08,1270.21
0.883782,15997.4,3.44547e-08,1237.96
0.884784,15997.5,3.56132e-08,1198.95
0.885786,15997.6,3.46798e-08,1179.56
0.886788,15997.7,3.22657e-08,1141.33
0.88779,15997.8,3.42766e-08,1127.46
0.888791,15997.9,3.35568e-08,1070.75
0.889794,15997.9,3.32397e-08,1062.82
0.890796,15998,3.24502e-08,1021
0.891797,15998.1,3.31842e-08,969.958
0.8928,15998.2,3.33633e-08,932.552
0.893802,15998.2,3.28847e-08,916.55
0.894804,15998.3,3.19763e-08,895.008
0.895806,15998.3,3.20852e-08,861.862
0.896808,15998.4,3.33631e-08,807.558
0.89781,15998.4,3.29251e-08,786.262
0.898812,15998.5,3.25984e-08,774.968
0.899813,15998.5,3.38854e-08,739.848
0.900816,15998.6,3.47153e-08,692
0.901818,15998.7,3.43871e-08,647.222
0.90282,15998.7,3.30217e-08,596.8
0.903822,15998.8,3.46177e-08,572.678
0.904824,15998.8,3.57257e-08,548.598
0.905826,15998.9,3.42666e-08,537.632
0.906828,15998.9,3.46417e-08,506.95
0.90783,15998.9,3.33535e-08,491.542
0.908832,15999,3.50024e-08,485.8
0.909834,15999,3.64348e-08,467.928
0.910836,15999.1,3.32935e-08,452.648
0.911838,15999.1,3.33266e-08,437.638
0.91284,15999.1,3.38167e-08,426.038
0.913842,15999.2,3.36113e-08,421.878
0.914844,15999.2,3.35707e-08,390.95
0.915846,15999.2,3.43659e-08,364.232
0.916848,15999.3,3.3358e-08,339.368
0.91785,15999.3,3.47319e-08,322.208
0.918852,15999.4,3.42458e-08,308.022
0.919854,15999.4,3.57135e-08,280.768
0.920856,15999.4,3.55736e-08,264.952
0.921858,15999.5,3.59854e-08,252.488
0.92286,15999.5,3.5543e-08,252.712
0.923862,15999.5,3.46483e-08,232.982
0.924864,15999.5,3.4381e-08,222.902
0.925866,15999.5,3.36294e-08,212.422
0.926868,15999.6,3.26245e-08,203.542
0.92787,15999.6,3.25158e-08,203.078
0.928872,15999.6,3.07443e-08,195.302
0.929874,15999.6,3.08314e-08,186.728
0.930876,15999.6,3.33555e-08,176.55
0.931878,15999.6,3.17956e-08,164.048
0.93288,15999.7,3.26301e-08,156.208
0.933882,15999.7,3.14595e-08,144.182
0.934884,15999.7,3.41311e-08,129.238
0.935886,15999.7,3.34879e-08,126.088
0.936888,15999.7,3.24656e-08,118.248
0.937889,15999.8,3.44299e-08,117.248
0.938893,15999.8,3.47265e-08,110.008
0.939895,15999.8,3.12097e-08,102.102
0.940896,15999.8,3.21975e-08,93.398
0.941898,15999.8,3.48896e-08,86.438
0.9429,15999.8,3.41259e-08,81.208
0.943902,15999.8,3.35396e-08,80.55
0.944904,15999.8,3.42558e-08,77.2
0.945906,15999.8,3.30929e-08,73.142
0.946908,15999.9,3.17851e-08,68.342
0.94791,15999.9,3.31501e-08,62.55
0.948912,15999.9,3.44193e-08,58.8
0.949914,15999.9,3.51854e-08,56.502
0.950917,15999.9,3.27843e-08,54.95
0.951918,15999.9,3.11933e-08,52.592
0.95292,15999.9,3.2871e-08,50.198
0.953922,15999.9,3.23693e-08,46.128
0.954924,15999.9,3.34238e-08,41.112
0.955926,15999.9,3.09199e-08,39.408
0.956927,15999.9,3.01212e-08,35.952
0.957929,15999.9,3.45749e-08,32.2
0.958932,15999.9,3.39163e-08,32.2
0.959934,16000,3.26307e-08,25.75
0.960936,16000,3.53402e-08,23.942
0.961939,16000,3.53604e-08,22.118
0.96294,16000,3.41912e-08,22.118
0.963942,16000,3.28334e-08,19.352
0.964944,16000,3.15222e-08,18.422
0.965946,16000,3.29557e-08,15.608
0.966948,16000,3.39739e-08,13.712
0.96795,16000,3.38511e-08,11.8
0.968952,16000,3.36252e-08,11.8
0.969955,16000,3.49242e-08,5.928
0.970956,16000,3.36848e-08,5.928
0.971958,16000,3.26657e-08,4.95
0.972959,16000,3.27115e-08,4.95
0.973962,16000,3.57347e-08,1.992
0.974965,16000,3.36759e-08,1.992
0.975966,16000,3.10741e-08,1.992
0.976968,16000,3.60622e-08,1.992
0.97797,16000,3.26311e-08,1.992
0.978971,16000,3.21361e-08,1.992
0.979973,16000,3.35082e-08,1.992
0.980977,16000,3.55244e-08,1.992
0.981978,16000,3.17443e-08,0.998
0.982979,16000,3.23556e-08,0.998
0.983982,16000,3.50611e-08,0.998
0.984984,16000,3.50284e-08,0.998
0.985986,16000,3.30017e-08,0
0.986988,16000,3.37632e-08,0
0.98799,16000,3.30094e-08,0
0.988993,16000,3.42063e-08,0
0.989994,16000,3.16566e-08,0
0.990995,16000,3.23944e-08,0
0.991997,16000,3.52918e-08,0
0.993,16000,3.57737e-08,0
0.994002,16000,3.31779e-08,0
0.995004,16000,3.44263e-08,0
0.996006,16000,3.62835e-08,0
0.997008,16000,3.12973e-08,0
0.998008,16000,2.30598e-08,0
0.999005,16000,1.67177e-08,0
1,16000,0,0
0.232524,428.834,0.358706,2.53249e+07
6.8393,-1,-1,-1
