0,1,0,0
0.00101726,3.472,3.83228e-08,1264.61
0.0020195,4.93,3.96597e-08,3396.55
0.00302091,6.284,3.67022e-08,6017.67
0.0040228,7.628,3.70435e-08,10160.8
0.00502499,9.002,3.63187e-08,14145
0.00602681,10.228,3.60666e-08,18988
0.0070286,11.412,3.58248e-08,23819.1
0.00803079,12.672,3.43589e-08,30078.2
0.00903285,14.052,3.72251e-08,41362.6
0.0100349,15.392,3.60453e-08,48591.2
0.0110368,16.806,3.79155e-08,58738.2
0.0120391,18.184,3.65925e-08,71533.1
0.0130411,19.554,3.46569e-08,84493.5
0.0140423,20.982,3.70572e-08,95208.8
0.0150446,22.448,3.66298e-08,110152
0.0160471,23.97,3.40687e-08,123489
0.0170484,25.444,3.53654e-08,137357
0.0180504,26.864,3.31423e-08,151881
0.0190534,28.502,3.52274e-08,172397
0.020055,30.25,3.87175e-08,200496
0.0210573,31.906,3.66047e-08,223107
0.0220592,33.608,3.50503e-08,243607
0.0230609,35.48,3.31982e-08,278121
0.0240627,37.02,3.62114e-08,299830
0.0250648,39.256,3.73102e-08,347053
0.026067,41.07,3.57885e-08,374213
0.0270691,43.14,3.6302e-08,425146
0.0280703,45.078,3.65507e-08,464508
0.0290731,47.52,3.48692e-08,515557
0.0300748,50.018,3.58548e-08,560049
0.0310766,52.372,3.77654e-08,612815
0.032079,55.016,3.57637e-08,680664
0.0330813,57.704,3.79666e-08,748792
0.0340829,60.886,3.62147e-08,848087
0.0350847,63.938,3.53774e-08,925451
0.0360867,67.084,3.81054e-08,1.00804e+06
0.0370892,70.412,3.84766e-08,1.11008e+06
0.0380913,74.202,3.77256e-08,1.25305e+06
0.0390936,77.54,3.57672e-08,1.36655e+06
0.0400949,81.198,3.8718e-08,1.48926e+06
0.0410976,85.448,3.65632e-08,1.67278e+06
0.0420988,89.984,3.84077e-08,1.85879e+06
0.0431009,94.302,3.63776e-08,2.07853e+06
0.0441031,98.58,3.56646e-08,2.21789e+06
0.0451047,103.486,3.75675e-08,2.46872e+06
0.0461072,108.508,3.69021e-08,2.73273e+06
0.0471086,113.95,3.67859e-08,3.07974e+06
0.0481108,119.752,3.62105e-08,3.4655e+06
0.049113,125.336,3.70151e-08,3.71793e+06
0.0501152,132.174,3.64817e-08,4.15566e+06
0.051117,139.866,3.55631e-08,4.61049e+06
0.0521196,146.234,3.63669e-08,5.09838e+06
0.0531212,153.492,3.84023e-08,5.73453e+06
0.0541232,160.116,3.52966e-08,6.2173e+06
0.0551254,167.554,3.71441e-08,6.63414e+06
0.0561268,175.52,3.59235e-08,7.21049e+06
0.0571289,183.396,3.63808e-08,7.85312e+06
0.0581308,191.954,3.79305e-08,8.59913e+06
0.0591335,201.2,3.57582e-08,9.24892e+06
0.0601352,209.408,3.61927e-08,1.00334e+07
0.0611373,218.518,3.53028e-08,1.07443e+07
0.0621386,229.558,3.69691e-08,1.15174e+07
0.0631411,239.34,3.86836e-08,1.22421e+07
0.0641428,249.886,3.60086e-08,1.31671e+07
0.0651449,259.89,3.53829e-08,1.40062e+07
0.0661477,269.654,3.67597e-08,1.48271e+07
0.067149,282.65,3.59203e-08,1.60599e+07
0.068151,294.932,3.59504e-08,1.71226e+07
0.0691531,306.936,3.69896e-08,1.81667e+07
0.0701547,318.896,3.50154e-08,1.89517e+07
0.0711567,330.782,3.81319e-08,1.98553e+07
0.0721583,342.322,3.67644e-08,2.08352e+07
0.0731608,354.158,3.67812e-08,2.19988e+07
0.0741632,369.59,3.79972e-08,2.27843e+07
0.0751654,383.23,3.68242e-08,2.37654e+07
0.0761673,396.426,3.61083e-08,2.45325e+07
0.0771694,412.636,3.78467e-08,2.57242e+07
0.0781714,425.392,3.72612e-08,2.67087e+07
0.0791728,439.564,3.64209e-08,2.76565e+07
0.080175,455.296,3.89357e-08,2.87606e+07
0.0811777,470.934,3.51973e-08,2.96655e+07
0.0821795,485.586,4.0499e-08,3.03915e+07
0.0831808,502.048,3.8182e-08,3.0993e+07
0.0841831,517.322,3.51346e-08,3.18963e+07
0.0851849,531.68,3.52529e-08,3.29887e+07
0.0861872,548.04,3.83903e-08,3.38706e+07
0.087189,565.288,3.80646e-08,3.46253e+07
0.0881912,582.816,3.73518e-08,3.53446e+07
0.0891925,598.402,3.67729e-08,3.61851e+07
0.090195,617.594,3.91888e-08,3.60998e+07
0.0911967,633.618,3.64211e-08,3.70094e+07
0.0921991,651.098,3.65545e-08,3.73637e+07
0.0932009,667.484,3.73862e-08,3.82519e+07
0.094203,684.694,3.93943e-08,3.90203e+07
0.0952047,703.866,3.69776e-08,3.98047e+07
0.0962069,721.206,3.73529e-08,4.02146e+07
0.097209,740.262,3.82314e-08,4.08217e+07
0.098211,758.438,3.69053e-08,4.18139e+07
0.0992129,775.648,3.63373e-08,4.22491e+07
0.100215,794.004,3.44055e-08,4.27522e+07
0.101217,812.028,3.74538e-08,4.34235e+07
0.10222,831.496,3.37225e-08,4.38896e+07
0.103221,850.74,3.66613e-08,4.41192e+07
0.104223,869.908,3.42437e-08,4.50693e+07
0.105225,892.034,3.41778e-08,4.51896e+07
0.106228,911.894,3.62017e-08,4.58514e+07
0.107229,934.514,3.65498e-08,4.53573e+07
0.108232,952.784,3.75417e-08,4.63482e+07
0.109233,975.402,3.57874e-08,4.61936e+07
0.110235,995.664,3.66739e-08,4.65947e+07
0.111238,1015.11,3.84121e-08,4.70928e+07
0.11224,1035.89,3.9223e-08,4.74953e+07
0.113242,1057.92,3.85356e-08,4.75601e+07
0.114243,1080.61,3.9396e-08,4.64439e+07
0.115246,1102.12,3.46301e-08,4.63998e+07
0.116247,1122.77,3.69326e-08,4.69862e+07
0.11725,1143.91,3.57781e-08,4.77087e+07
0.118251,1165.22,3.79225e-08,4.79498e+07
0.119253,1187.23,3.68211e-08,4.80307e+07
0.120255,1209.52,3.60213e-08,4.76312e+07
0.121258,1231.83,3.70707e-08,4.78056e+07
0.12226,1253.43,3.7913e-08,4.81088e+07
0.123261,1275.69,3.62056e-08,4.82412e+07
0.124264,1297.77,3.59856e-08,4.8298e+07
0.125266,1319.46,3.39667e-08,4.86183e+07
0.126267,1342.07,3.65406e-08,4.87523e+07
0.127269,1364.35,3.65289e-08,4.91706e+07
0.128271,1386.68,3.64971e-08,4.98954e+07
0.129273,1409.09,3.85977e-08,4.97313e+07
0.130276,1431.07,3.65748e-08,5.03568e+07
0.131277,1453.77,3.87233e-08,5.01556e+07
0.13228,1476.25,3.71414e-08,5.02616e+07
0.133281,1498.92,3.53069e-08,5.02383e+07
0.134283,1521.66,3.58514e-08,5.05772e+07
0.135285,1545.54,3.50111e-08,5.04927e+07
0.136287,1567.61,3.63019e-08,5.08957e+07
0.137289,1591.43,3.4689e-08,5.06938e+07
0.138292,1614.43,3.60592e-08,5.10537e+07
0.139294,1638.6,3.45312e-08,5.07789e+07
0.140295,1662.58,3.7409e-08,5.11001e+07
0.141297,1685.54,3.77464e-08,5.13209e+07
0.142299,1710.7,3.76598e-08,5.12399e+07
0.143302,1737.21,3.63704e-08,5.02416e+07
0.144303,1761.97,3.72145e-08,4.99502e+07
0.145305,1786.13,3.5598e-08,4.96206e+07
0.146307,1811.29,3.70497e-08,4.96982e+07
0.147309,1837.48,3.54984e-08,4.94765e+07
0.148311,1861.26,3.97329e-08,4.98088e+07
0.149313,1886.45,3.70416e-08,5.00973e+07
0.150316,1911.25,3.61939e-08,5.00114e+07
0.151317,1936.77,3.28546e-08,4.97116e+07
0.15232,1963.05,3.77825e-08,4.92486e+07
0.153321,1988.49,3.68226e-08,4.94793e+07
0.154324,2013.37,3.55202e-08,4.98114e+07
0.155325,2038.16,3.75151e-08,4.99398e+07
0.156328,2062.93,3.81301e-08,5.01779e+07
0.157329,2088.71,3.68314e-08,5.04029e+07
0.158331,2115,3.57588e-08,5.06586e+07
0.159334,2140.85,3.76551e-08,5.06421e+07
0.160335,2166.05,3.69007e-08,5.03961e+07
0.161337,2191.77,3.59195e-08,5.02648e+07
0.16234,2219.44,3.66924e-08,4.87948e+07
0.163342,2246.74,3.638e-08,4.85889e+07
0.164344,2274.03,3.74888e-08,4.82441e+07
0.165346,2299.96,3.82779e-08,4.84863e+07
0.166347,2327.46,3.7097e-08,4.83134e+07
0.16735,2355.03,3.76085e-08,4.86525e+07
0.168351,2382.21,3.53351e-08,4.84006e+07
0.169353,2409.7,3.86918e-08,4.85476e+07
0.170355,2436.68,3.35354e-08,4.87706e+07
0.171357,2463.86,3.54793e-08,4.88495e+07
0.172359,2491.09,3.96636e-08,4.8857e+07
0.173362,2517.15,3.5825e-08,4.89133e+07
0.174363,2544.91,3.8614e-08,4.89404e+07
0.175366,2572.94,3.78868e-08,4.91916e+07
0.176368,2600.68,3.9176e-08,4.91174e+07
0.177369,2628.67,3.60237e-08,4.93723e+07
0.178372,2656.24,3.68708e-08,4.94274e+07
0.179373,2684.59,3.81009e-08,4.94459e+07
0.180376,2713.23,3.60096e-08,4.91594e+07
0.181378,2741.09,3.43988e-08,4.91282e+07
0.182379,2768.56,3.3631e-08,4.92275e+07
0.183381,2797.31,3.7477e-08,4.90059e+07
0.184383,2824.6,3.86333e-08,4.93088e+07
0.185386,2852.57,3.78749e-08,4.9247e+07
0.186388,2881.21,3.83247e-08,4.95268e+07
0.187389,2909.66,3.51842e-08,4.97089e+07
0.188392,2939.55,3.60163e-08,4.95859e+07
0.189394,2968.6,3.80904e-08,4.93263e+07
0.190395,2997.38,3.80568e-08,4.89758e+07
0.191397,3026.34,3.66713e-08,4.87748e+07
0.192399,3056.15,3.73363e-08,4.86155e+07
0.193402,3084.81,3.52721e-08,4.85723e+07
0.194403,3114.4,3.58728e-08,4.851e+07
0.195406,3142.99,3.70573e-08,4.8515e+07
0.196408,3172.35,3.76447e-08,4.85023e+07
0.19741,3202.77,3.3671e-08,4.85478e+07
0.198412,3232.81,3.27369e-08,4.86472e+07
0.199414,3261.94,3.72369e-08,4.89474e+07
0.200415,3292.04,3.56079e-08,4.88817e+07
0.201418,3322.84,3.90264e-08,4.86251e+07
0.202419,3352.13,3.70826e-08,4.88485e+07
0.203421,3381.68,3.66e-08,4.87369e+07
0.204424,3411.15,3.74785e-08,4.85098e+07
0.205426,3440.63,3.6424e-08,4.82973e+07
0.206428,3471.59,3.57295e-08,4.79753e+07
0.20743,3501.43,3.67722e-08,4.78337e+07
0.208432,3531.4,3.51631e-08,4.80409e+07
0.209433,3562.36,3.6661e-08,4.78214e+07
0.210435,3592,3.62402e-08,4.79447e+07
0.211437,3622.61,3.91827e-08,4.76038e+07
0.21244,3652.99,3.56416e-08,4.75947e+07
0.213441,3683.59,3.86751e-08,4.7632e+07
0.214444,3715.29,3.68553e-08,4.74232e+07
0.215445,3746.05,3.91188e-08,4.77787e+07
0.216448,3777.93,3.49349e-08,4.766e+07
0.217449,3809.37,3.61222e-08,4.77711e+07
0.218451,3840.73,3.59984e-08,4.75681e+07
0.219454,3872.74,3.67259e-08,4.76636e+07
0.220455,3903.4,3.60724e-08,4.77808e+07
0.221458,3935.41,3.50446e-08,4.74589e+07
0.22246,3967.83,3.70642e-08,4.73743e+07
0.223462,3999.31,3.39617e-08,4.73274e+07
0.224463,4030.64,3.77469e-08,4.73205e+07
0.225465,4061.41,3.58123e-08,4.72702e+07
0.226467,4094.03,3.6563e-08,4.70706e+07
0.22747,4126.92,3.5489e-08,4.69583e+07
0.228472,4158.46,3.55556e-08,4.69497e+07
0.229474,4190.04,3.66872e-08,4.661e+07
0.230476,4222.23,3.66708e-08,4.64773e+07
0.231477,4254.32,3.73618e-08,4.64621e+07
0.23248,4286.1,3.54966e-08,4.66394e+07
0.233482,4317.51,3.6254e-08,4.67853e+07
0.234484,4349.24,3.63248e-08,4.66721e+07
0.235485,4381.06,3.51496e-08,4.65594e+07
0.236488,4414.04,3.8763e-08,4.59368e+07
0.237489,4447.15,3.54232e-08,4.5654e+07
0.238492,4479.91,3.70846e-08,4.54108e+07
0.239493,4511.69,3.7092e-08,4.51594e+07
0.240496,4544.55,3.67738e-08,4.49587e+07
0.241497,4577.87,3.69743e-08,4.45996e+07
0.2425,4611.38,3.56249e-08,4.42407e+07
0.243502,4643.39,3.3237e-08,4.41916e+07
0.244504,4675.7,3.70308e-08,4.3977e+07
0.245506,4708.69,3.77242e-08,4.39464e+07
0.246508,4741.69,3.54713e-08,4.37157e+07
0.247509,4775.17,3.72768e-08,4.35325e+07
0.248512,4807.57,3.81396e-08,4.35707e+07
0.249514,4840.03,3.60783e-08,4.34194e+07
0.250517,4873.13,3.55707e-08,4.30944e+07
0.251518,4906.01,3.73847e-08,4.30718e+07
0.25252,4940.06,3.57421e-08,4.29659e+07
0.253522,4972.65,3.78635e-08,4.29306e+07
0.254524,5005.29,3.88738e-08,4.27651e+07
0.255526,5039.75,3.75627e-08,4.26101e+07
0.256527,5072.63,3.41863e-08,4.24006e+07
0.25753,5105.97,3.72255e-08,4.22005e+07
0.258531,5139.22,3.6807e-08,4.22494e+07
0.259533,5172.61,3.67427e-08,4.21029e+07
0.260537,5206.96,3.68554e-08,4.18642e+07
0.261538,5240.24,3.82942e-08,4.17627e+07
0.26254,5272.83,3.62198e-08,4.19758e+07
0.263542,5307.07,3.56023e-08,4.18646e+07
0.264544,5341.07,3.65403e-08,4.15936e+07
0.265546,5375.13,3.52892e-08,4.11469e+07
0.266548,5408.5,3.69957e-08,4.13762e+07
0.26755,5442.6,3.64402e-08,4.08984e+07
0.268552,5475.28,3.72453e-08,4.07309e+07
0.269554,5509.69,3.68013e-08,4.03783e+07
0.270556,5543.48,3.64535e-08,4.01443e+07
0.271558,5577.17,3.72487e-08,4.00498e+07
0.272561,5610.65,3.68413e-08,3.99202e+07
0.273562,5645.02,3.75619e-08,3.98582e+07
0.274564,5679.93,3.62697e-08,3.99728e+07
0.275567,5713.56,3.64027e-08,3.97107e+07
0.276568,5747.6,3.60458e-08,3.94297e+07
0.27757,5780.99,3.56192e-08,3.90913e+07
0.278572,5815.16,3.80277e-08,3.89348e+07
0.279574,5849.44,3.70442e-08,3.87834e+07
0.280576,5882.64,3.69134e-08,3.85527e+07
0.281578,5916.96,3.54125e-08,3.83958e+07
0.28258,5950.64,3.64961e-08,3.8293e+07
0.283581,5984.1,3.61094e-08,3.8167e+07
0.284584,6018.76,3.69281e-08,3.7925e+07
0.285586,6052.77,3.55624e-08,3.77185e+07
0.286589,6087.36,3.76132e-08,3.75585e+07
0.287591,6120.68,3.60859e-08,3.73089e+07
0.288592,6154.65,3.49642e-08,3.7145e+07
0.289595,6188.77,3.37922e-08,3.68489e+07
0.290596,6221.84,3.76789e-08,3.68523e+07
0.291598,6256.85,3.48783e-08,3.65981e+07
0.292599,6292.07,3.72181e-08,3.61808e+07
0.293602,6327.24,3.66677e-08,3.6114e+07
0.294604,6361.65,3.55938e-08,3.59358e+07
0.295606,6396.77,3.86269e-08,3.57689e+07
0.296608,6430.95,3.53478e-08,3.56231e+07
0.29761,6465.44,3.91958e-08,3.54529e+07
0.298612,6498.97,3.5511e-08,3.51205e+07
0.299614,6533.95,3.65205e-08,3.47638e+07
0.300616,6568.64,3.76804e-08,3.44003e+07
0.301618,6602.72,3.77995e-08,3.39716e+07
0.30262,6636.78,3.77946e-08,3.39808e+07
0.303622,6671.21,3.66573e-08,3.38074e+07
0.304624,6705.41,3.88862e-08,3.37811e+07
0.305626,6739.88,3.62116e-08,3.34531e+07
0.306628,6774.44,3.54262e-08,3.31357e+07
0.30763,6808.89,3.72799e-08,3.29351e+07
0.308632,6843.58,3.62833e-08,3.262e+07
0.309635,6877.47,3.39318e-08,3.2573e+07
0.310636,6910.93,3.60875e-08,3.25041e+07
0.311638,6945.28,3.75752e-08,3.23236e+07
0.312641,6980.28,3.61137e-08,3.20519e+07
0.313642,7014.88,3.77833e-08,3.18388e+07
0.314643,7048.78,3.39663e-08,3.15238e+07
0.315646,7083.55,3.62912e-08,3.14495e+07
0.316648,7117.19,3.46732e-08,3.11974e+07
0.31765,7151.81,3.55012e-08,3.11945e+07
0.318653,7186.93,3.53489e-08,3.09833e+07
0.319654,7220.75,3.41001e-08,3.09144e+07
0.320656,7254.8,3.52805e-08,3.07106e+07
0.321658,7288.82,3.61164e-08,3.0372e+07
0.32266,7323.33,3.69783e-08,3.02823e+07
0.323662,7357.11,3.47633e-08,2.98488e+07
0.324665,7390.4,3.67778e-08,2.98286e+07
0.325666,7424.21,3.62181e-08,2.97736e+07
0.326669,7458,3.69394e-08,2.9473e+07
0.32767,7491.9,3.90483e-08,2.91903e+07
0.328673,7525.22,3.65901e-08,2.90712e+07
0.329674,7559.05,3.48797e-08,2.88841e+07
0.330676,7593.68,3.39076e-08,2.86817e+07
0.331678,7627.85,3.6294e-08,2.84512e+07
0.33268,7661.66,3.87863e-08,2.82198e+07
0.333683,7696.09,3.99577e-08,2.79083e+07
0.334684,7729.61,3.49444e-08,2.77274e+07
0.335686,7763.4,3.91191e-08,2.74331e+07
0.336688,7797.41,3.71189e-08,2.73402e+07
0.33769,7831.14,3.70689e-08,2.736e+07
0.338692,7865.82,3.67672e-08,2.72405e+07
0.339695,7899.38,3.5482e-08,2.71934e+07
0.340696,7932.25,3.54013e-08,2.68941e+07
0.341698,7966.13,3.51164e-08,2.67364e+07
0.3427,8000.17,3.58702e-08,2.63905e+07
0.343702,8033.35,3.82984e-08,2.61269e+07
0.344704,8067.52,4.02122e-08,2.59367e+07
0.345706,8100.97,3.5945e-08,2.58295e+07
0.346708,8135.74,3.63627e-08,2.55533e+07
0.34771,8168.87,3.643e-08,2.52651e+07
0.348712,8202.9,3.61558e-08,2.5083e+07
0.349714,8235.7,3.7703e-08,2.48501e+07
0.350716,8268.73,3.73933e-08,2.46156e+07
0.351719,8303.01,3.82104e-08,2.44888e+07
0.35272,8337.34,3.67418e-08,2.42198e+07
0.353723,8371.42,3.74546e-08,2.39286e+07
0.354724,8403.76,3.60335e-08,2.36982e+07
0.355726,8437.68,3.82819e-08,2.36039e+07
0.356728,8471.34,3.57549e-08,2.33293e+07
0.35773,8504.93,3.48872e-08,2.30764e+07
0.358732,8538.32,3.56594e-08,2.29297e+07
0.359735,8572.11,3.91539e-08,2.2682e+07
0.360736,8605.38,3.57864e-08,2.23376e+07
0.361739,8638.47,3.54018e-08,2.19978e+07
0.36274,8671.51,3.29164e-08,2.1702e+07
0.363742,8704.45,3.48367e-08,2.15727e+07
0.364744,8738.04,3.59426e-08,2.14682e+07
0.365747,8770.75,3.64112e-08,2.11578e+07
0.366749,8803.68,3.64166e-08,2.10543e+07
0.36775,8837.17,3.65404e-08,2.08236e+07
0.368753,8870.41,3.65865e-08,2.07243e+07
0.369754,8904.21,3.50649e-08,2.06013e+07
0.370757,8937.05,3.69773e-08,2.04588e+07
0.371759,8970.79,3.65724e-08,2.01525e+07
0.372761,9004.46,3.6081e-08,1.99173e+07
0.373762,9037.39,3.70101e-08,1.97115e+07
0.374764,9070.22,3.55163e-08,1.93903e+07
0.375766,9102.82,3.72895e-08,1.9114e+07
0.376768,9134.8,3.71395e-08,1.90629e+07
0.377771,9167.29,3.59498e-08,1.87384e+07
0.378772,9199.53,3.60979e-08,1.85369e+07
0.379774,9232.06,3.59484e-08,1.82339e+07
0.380776,9264.77,4.06595e-08,1.80429e+07
0.381778,9296.74,3.45467e-08,1.79056e+07
0.38278,9329.36,3.58224e-08,1.76385e+07
0.383782,9361.23,3.35186e-08,1.75184e+07
0.384784,9392.77,3.46375e-08,1.73724e+07
0.385786,9425.08,3.50542e-08,1.7278e+07
0.386789,9456.76,3.59121e-08,1.70265e+07
0.38779,9488.03,3.4495e-08,1.70043e+07
0.388792,9520.39,3.41519e-08,1.68834e+07
0.389795,9552.45,3.70603e-08,1.67883e+07
0.390796,9584.37,3.64877e-08,1.65319e+07
0.391798,9616.86,3.83875e-08,1.64755e+07
0.3928,9648.59,3.50029e-08,1.62885e+07
0.393802,9680.77,3.73783e-08,1.61007e+07
0.394805,9712.84,3.66539e-08,1.59743e+07
0.395806,9744.42,3.58539e-08,1.58827e+07
0.396808,9775.9,3.5067e-08,1.56338e+07
0.39781,9807.62,3.54321e-08,1.55624e+07
0.398813,9839.27,3.65364e-08,1.5425e+07
0.399814,9870.71,3.29843e-08,1.52844e+07
0.400815,9901.41,3.4536e-08,1.50656e+07
0.401818,9932.05,3.77343e-08,1.4922e+07
0.40282,9963.25,3.76078e-08,1.47358e+07
0.403823,9994.52,3.86492e-08,1.45587e+07
0.404824,10026.1,3.90519e-08,1.43576e+07
0.405827,10056.8,3.62023e-08,1.41448e+07
0.406828,10087.8,3.59757e-08,1.39138e+07
0.407831,10118.9,3.55508e-08,1.37297e+07
0.408833,10149.6,3.65452e-08,1.36101e+07
0.409835,10180.2,3.70438e-08,1.34485e+07
0.410836,10210.7,3.73156e-08,1.33352e+07
0.411838,10241.3,3.61917e-08,1.32281e+07
0.412841,10272.1,3.65237e-08,1.30623e+07
0.413842,10302.5,3.96236e-08,1.28827e+07
0.414845,10332.4,3.6313e-08,1.26679e+07
0.415847,10362.6,3.6248e-08,1.259e+07
0.416849,10392.8,3.73742e-08,1.24021e+07
0.41785,10423,3.65969e-08,1.21971e+07
0.418852,10452.2,3.72428e-08,1.20004e+07
0.419855,10482.5,3.65294e-08,1.18505e+07
0.420856,10512.5,3.55477e-08,1.16449e+07
0.421858,10542.7,3.40166e-08,1.14743e+07
0.42286,10572.3,3.62904e-08,1.14315e+07
0.423862,10601.9,3.90555e-08,1.13591e+07
0.424864,10631.3,3.6582e-08,1.11803e+07
0.425866,10660.8,3.58054e-08,1.10747e+07
0.426868,10690.4,3.59576e-08,1.08922e+07
0.42787,10720,3.58431e-08,1.07824e+07
0.428873,10749.2,3.55335e-08,1.06649e+07
0.429875,10778.4,3.56958e-08,1.05412e+07
0.430876,10806.9,3.90604e-08,1.03909e+07
0.431878,10835.4,3.44168e-08,1.02914e+07
0.432881,10864.8,3.52895e-08,1.01303e+07
0.433882,10893.5,4.02545e-08,9.99661e+06
0.434885,10921.6,3.53675e-08,9.84508e+06
0.435887,10949.9,3.75913e-08,9.78315e+06
0.436888,10978.7,3.67145e-08,9.59583e+06
0.437891,11007.5,3.40555e-08,9.56647e+06
0.438892,11036.2,3.61827e-08,9.36431e+06
0.439895,11064.5,3.6495e-08,9.20919e+06
0.440896,11092.4,3.8661e-08,9.13467e+06
0.441898,11120.8,3.67912e-08,9.03542e+06
0.442901,11149.2,3.67496e-08,8.98888e+06
0.443902,11176.5,3.67916e-08,8.811e+06
0.444904,11204.6,3.7844e-08,8.7184e+06
0.445907,11231.8,3.64782e-08,8.59706e+06
0.446909,11259.8,3.39217e-08,8.61176e+06
0.44791,11287.5,3.63203e-08,8.46155e+06
0.448912,11314.9,3.5938e-08,8.30827e+06
0.449915,11342.2,3.76449e-08,8.13335e+06
0.450917,11370.1,3.57233e-08,8.03166e+06
0.451919,11396.9,3.57842e-08,7.9445e+06
0.452921,11423.8,3.75633e-08,7.79625e+06
0.453923,11451.2,3.67842e-08,7.73592e+06
0.454925,11478,3.88193e-08,7.60768e+06
0.455927,11505.2,3.66365e-08,7.49723e+06
0.456929,11531.4,3.44275e-08,7.38118e+06
0.457931,11558.4,3.45333e-08,7.32004e+06
0.458932,11585.4,3.51523e-08,7.16902e+06
0.459935,11611.7,3.71593e-08,7.08226e+06
0.460936,11638.3,3.58558e-08,7.04525e+06
0.461939,11664.6,3.44449e-08,6.96657e+06
0.46294,11690.8,3.71794e-08,6.93758e+06
0.463942,11717.5,3.75486e-08,6.88425e+06
0.464945,11743.3,3.66303e-08,6.85726e+06
0.465947,11768.7,3.60722e-08,6.72793e+06
0.466948,11794.8,3.75683e-08,6.59651e+06
0.467951,11820.7,3.76766e-08,6.55265e+06
0.468953,11847.1,3.73687e-08,6.50821e+06
0.469954,11872.8,3.53007e-08,6.44632e+06
0.470957,11898.5,3.64602e-08,6.34118e+06
0.471959,11923.3,3.22015e-08,6.24942e+06
0.472961,11949.1,3.77721e-08,6.13817e+06
0.473962,11973.4,3.53633e-08,6.07988e+06
0.474965,11999.1,3.48843e-08,6.00183e+06
0.475967,12024.3,3.74802e-08,5.96618e+06
0.476969,12049.6,3.60572e-08,5.89923e+06
0.477971,12073.9,3.67178e-08,5.88796e+06
0.478972,12098.7,3.59241e-08,5.76614e+06
0.479975,12124.1,3.60351e-08,5.68838e+06
0.480976,12148.9,3.8684e-08,5.6408e+06
0.481979,12173.4,3.92206e-08,5.61361e+06
0.482981,12198.5,3.59478e-08,5.61124e+06
0.483983,12223.1,3.53164e-08,5.47393e+06
0.484985,12247.5,3.64529e-08,5.377e+06
0.485988,12271.6,3.49949e-08,5.3444e+06
0.486989,12295.7,3.76414e-08,5.23729e+06
0.487991,12319.5,3.70106e-08,5.16943e+06
0.488993,12343.1,3.68119e-08,5.08499e+06
0.489995,12367.1,3.5675e-08,5.08422e+06
0.490997,12390.7,3.70611e-08,5.03297e+06
0.491999,12414.5,3.61944e-08,4.97899e+06
0.493001,12438.2,3.54008e-08,4.93334e+06
0.494003,12462,3.65131e-08,4.82074e+06
0.495004,12485.4,3.6615e-08,4.76929e+06
0.496007,12508.9,3.41253e-08,4.74698e+06
0.497009,12532.1,3.7369e-08,4.70024e+06
0.498011,12555.6,3.49363e-08,4.61341e+06
0.499012,12578.5,3.64476e-08,4.59612e+06
0.500014,12601.5,5.41296e-08,4.52667e+06
0.501018,12624.2,3.63294e-08,4.46736e+06
0.502019,12646.8,3.48963e-08,4.41005e+06
0.503021,12669.6,3.74132e-08,4.35468e+06
0.504023,12692.1,3.4144e-08,4.28201e+06
0.505026,12715,3.69663e-08,4.20626e+06
0.506027,12737.6,3.65477e-08,4.17003e+06
0.507029,12760,3.51824e-08,4.09765e+06
0.50803,12782,3.59827e-08,4.0302e+06
0.509033,12804,3.73822e-08,3.97633e+06
0.510035,12826.2,3.55917e-08,3.92249e+06
0.511037,12848.7,3.67439e-08,3.87038e+06
0.512039,12870.8,3.66654e-08,3.81312e+06
0.51304,12891.8,3.75547e-08,3.77169e+06
0.514042,12913.7,3.50406e-08,3.73153e+06
0.515045,12935.2,3.67047e-08,3.65492e+06
0.516047,12956.7,3.53099e-08,3.5787e+06
0.517049,12978,3.60593e-08,3.50443e+06
0.518051,12999,3.92567e-08,3.48352e+06
0.519053,13020.1,3.87988e-08,3.44943e+06
0.520055,13040.6,3.61301e-08,3.4267e+06
0.521057,13061.5,3.59124e-08,3.37149e+06
0.522058,13082.3,3.65359e-08,3.37274e+06
0.523061,13103,3.62814e-08,3.30282e+06
0.524063,13124,3.74806e-08,3.28868e+06
0.525065,13144.6,3.49704e-08,3.26214e+06
0.526068,13165.2,3.56196e-08,3.21094e+06
0.527069,13185.7,3.78743e-08,3.15855e+06
0.52807,13206.3,3.23947e-08,3.12276e+06
0.529073,13226.8,3.65243e-08,3.11643e+06
0.530076,13247.2,3.53155e-08,3.04063e+06
0.531077,13267.8,3.74982e-08,3.02618e+06
0.532079,13287.2,3.7363e-08,2.99613e+06
0.533082,13307,3.75991e-08,2.9574e+06
0.534082,13326.8,3.60857e-08,2.89701e+06
0.535085,13346.1,3.63924e-08,2.84627e+06
0.536087,13365.3,3.74224e-08,2.81218e+06
0.537089,13384.6,3.73964e-08,2.77133e+06
0.538091,13403.8,3.43697e-08,2.74293e+06
0.539093,13423.1,3.57623e-08,2.70026e+06
0.540095,13442.7,3.70136e-08,2.66116e+06
0.541097,13461.7,3.53269e-08,2.60217e+06
0.542099,13481,3.43844e-08,2.56764e+06
0.543101,13500.1,3.45285e-08,2.51293e+06
0.544103,13519,3.65533e-08,2.47609e+06
0.545105,13537.8,3.94669e-08,2.42957e+06
0.546107,13556.5,3.68471e-08,2.38041e+06
0.547109,13575.1,3.75404e-08,2.36046e+06
0.548111,13593.6,3.57653e-08,2.29613e+06
0.549113,13611.7,3.52677e-08,2.2484e+06
0.550115,13629.6,3.72624e-08,2.23484e+06
0.551117,13647.7,3.58774e-08,2.22716e+06
0.55212,13665.8,3.62961e-08,2.18826e+06
0.553121,13683.7,3.40988e-08,2.16063e+06
0.554123,13701.5,3.64204e-08,2.10933e+06
0.555125,13719.2,3.76847e-08,2.08853e+06
0.556127,13737.6,3.70711e-08,2.04466e+06
0.557129,13755.4,3.6951e-08,2.00449e+06
0.558131,13772.6,3.68016e-08,2.01876e+06
0.559133,13790,3.85779e-08,1.99356e+06
0.560134,13807.4,3.64582e-08,1.96184e+06
0.561137,13824.5,3.65366e-08,1.95674e+06
0.562139,13841.7,3.38765e-08,1.898e+06
0.563141,13858.1,3.6819e-08,1.86546e+06
0.564143,13874.5,3.76429e-08,1.84034e+06
0.565145,13891,3.52358e-08,1.82875e+06
0.566148,13907.5,4.02621e-08,1.82103e+06
0.567149,13923.6,3.5675e-08,1.79059e+06
0.568151,13940.5,3.46403e-08,1.75993e+06
0.569153,13957.2,3.92901e-08,1.75435e+06
0.570154,13973.4,3.59171e-08,1.73818e+06
0.571157,13989.9,3.57623e-08,1.71569e+06
0.572159,14006.4,3.55127e-08,1.72779e+06
0.573162,14022.3,3.55513e-08,1.70967e+06
0.574163,14038.4,3.6161e-08,1.72927e+06
0.575166,14054,3.64818e-08,1.71181e+06
0.576167,14070.1,3.9029e-08,1.69859e+06
0.577169,14085.8,3.6125e-08,1.70118e+06
0.578171,14101.8,3.40901e-08,1.66891e+06
0.579174,14117.1,3.55906e-08,1.61501e+06
0.580175,14132.6,3.65156e-08,1.59395e+06
0.581177,14147.7,3.77208e-08,1.57014e+06
0.582179,14163.2,3.65619e-08,1.56806e+06
0.583181,14178.2,3.72493e-08,1.55583e+06
0.584183,14193.2,3.57091e-08,1.53098e+06
0.585185,14208.1,3.58187e-08,1.50776e+06
0.586187,14222.9,3.98291e-08,1.49092e+06
0.587189,14237.8,3.67657e-08,1.51084e+06
0.588192,14252.4,3.60207e-08,1.47363e+06
0.589193,14267.2,3.70743e-08,1.46474e+06
0.590195,14282.6,3.70237e-08,1.46707e+06
0.591197,14296.9,3.62991e-08,1.45819e+06
0.592199,14311.1,3.54126e-08,1.42498e+06
0.593201,14325.7,3.61113e-08,1.41318e+06
0.594203,14340.2,3.60144e-08,1.43077e+06
0.595206,14354.5,3.94678e-08,1.40326e+06
0.596207,14368.9,3.85473e-08,1.38676e+06
0.597209,14383,3.76828e-08,1.36562e+06
0.598212,14396.8,3.78834e-08,1.37581e+06
0.599214,14410.6,3.45086e-08,1.36703e+06
0.600216,14424.1,3.32441e-08,1.35057e+06
0.601217,14437.5,3.65727e-08,1.31817e+06
0.602219,14450.8,3.55877e-08,1.30744e+06
0.603222,14464.2,3.52739e-08,1.29056e+06
0.604223,14477.7,3.5912e-08,1.29412e+06
0.605225,14491.2,3.67481e-08,1.25616e+06
0.606227,14504.8,3.76333e-08,1.22516e+06
0.607229,14517.7,3.48676e-08,1.22022e+06
0.608231,14530.9,3.83956e-08,1.21503e+06
0.609233,14544.2,3.59466e-08,1.20207e+06
0.610235,14557.2,3.70611e-08,1.19013e+06
0.611237,14570.1,3.44024e-08,1.17811e+06
0.612239,14582.8,3.43839e-08,1.15762e+06
0.613241,14595.8,3.59242e-08,1.14125e+06
0.614243,14608.4,3.50239e-08,1.13196e+06
0.615246,14621.3,3.45865e-08,1.14364e+06
0.616247,14633.5,3.361e-08,1.14142e+06
0.61725,14645.7,3.58817e-08,1.134e+06
0.618252,14657.8,3.42663e-08,1.12167e+06
0.619254,14670.2,4.04006e-08,1.1076e+06
0.620255,14682.1,3.57579e-08,1.10644e+06
0.621258,14694.4,3.58453e-08,1.07703e+06
0.622259,14706.6,3.60132e-08,1.07719e+06
0.623261,14718.6,3.70584e-08,1.06571e+06
0.624264,14730.4,3.72881e-08,1.05818e+06
0.625266,14742.2,3.56914e-08,1.0541e+06
0.626268,14754.3,3.71011e-08,1.03149e+06
0.627269,14766,3.6506e-08,1.01611e+06
0.628271,14777.3,3.61488e-08,1.01685e+06
0.629273,14788.9,3.67854e-08,1.02252e+06
0.630276,14800.5,3.54704e-08,1.00831e+06
0.631277,14811.9,3.6647e-08,986168
0.632279,14823.4,3.6194e-08,977144
0.633281,14834.4,3.61006e-08,970371
0.634283,14845.6,3.64853e-08,969533
0.635286,14856.7,3.65839e-08,941969
0.636287,14867.8,3.50232e-08,935235
0.637289,14878.9,3.32134e-08,935662
0.638291,14889.8,3.56045e-08,917771
0.639294,14900.3,3.59108e-08,905408
0.640295,14910.7,3.94199e-08,903873
0.641298,14921,3.54778e-08,900886
0.642299,14931.5,3.52246e-08,885287
0.643302,14941.8,3.58045e-08,870581
0.644303,14952.1,3.84668e-08,861154
0.645306,14962,3.62159e-08,859490
0.646307,14972.4,3.72665e-08,839676
0.64731,14982.7,3.68399e-08,844873
0.648311,14992.9,3.83338e-08,833521
0.649314,15002.8,3.74141e-08,830280
0.650316,15013,3.78245e-08,828125
0.651317,15022.6,3.62805e-08,815709
0.65232,15032.5,3.63577e-08,796003
0.653321,15042,3.63451e-08,781056
0.654323,15051.6,3.60704e-08,776134
0.655325,15061.3,4.01265e-08,769419
0.656328,15070.6,3.8327e-08,750916
0.65733,15080.1,3.61116e-08,740963
0.658331,15089.2,3.49808e-08,739053
0.659334,15098.4,3.54096e-08,729397
0.660334,15107.8,3.5082e-08,708289
0.661338,15116.9,3.64486e-08,695826
0.66234,15126,3.68417e-08,680299
0.663342,15134.8,3.71356e-08,683078
0.664344,15143.7,3.89577e-08,679751
0.665346,15152.5,3.50035e-08,678278
0.666347,15161.4,3.93408e-08,656086
0.66735,15169.8,3.88871e-08,646173
0.668352,15178.4,3.61234e-08,651851
0.669354,15187,3.38849e-08,634202
0.670356,15195.2,3.48788e-08,617304
0.671357,15203.5,3.64748e-08,612854
0.67236,15211.9,3.90151e-08,602129
0.673361,15220.2,3.67737e-08,597921
0.674363,15228.5,3.62902e-08,579003
0.675364,15236.7,3.68911e-08,574046
0.676368,15245,3.49672e-08,556127
0.67737,15253.2,3.69977e-08,556527
0.678371,15261.1,3.60895e-08,547702
0.679374,15269.3,3.53283e-08,530227
0.680375,15277.3,3.40061e-08,526835
0.681377,15285.1,3.5354e-08,519839
0.682379,15293.1,3.55548e-08,520454
0.683382,15300.5,3.49577e-08,513441
0.684384,15308.3,3.63086e-08,512876
0.685386,15315.8,3.41959e-08,505936
0.686387,15323.1,3.74485e-08,493367
0.687389,15330.5,3.60933e-08,486397
0.688392,15337.8,3.76628e-08,481930
0.689394,15345,3.62064e-08,468205
0.690395,15352.3,3.40632e-08,463599
0.691397,15359.4,3.6222e-08,458951
0.692399,15366.7,3.73664e-08,460390
0.693402,15373.6,3.56474e-08,455931
0.694403,15380.7,3.57745e-08,455935
0.695406,15387.8,3.90257e-08,438547
0.696407,15394.6,3.6584e-08,429047
0.69741,15401.3,3.74283e-08,425227
0.698412,15408.4,3.78038e-08,421279
0.699414,15415.4,3.73492e-08,415619
0.700415,15421.6,3.64779e-08,408152
0.701418,15428.4,3.53396e-08,402468
0.70242,15435.1,3.87882e-08,397515
0.703422,15441.6,3.50663e-08,390673
0.704424,15448.1,3.87225e-08,387370
0.705426,15454.3,3.57216e-08,383608
0.706428,15460.5,3.64635e-08,378177
0.707431,15466.7,3.76042e-08,372033
0.708431,15473.1,3.48128e-08,369624
0.709434,15479.3,3.7653e-08,371846
0.710435,15485.4,3.38781e-08,366636
0.711438,15491.5,3.51685e-08,354559
0.712439,15497.8,3.62046e-08,351969
0.713441,15503.9,3.78128e-08,349869
0.714444,15510.1,3.56399e-08,348877
0.715445,15516,3.68574e-08,348263
0.716448,15522,3.58006e-08,344339
0.71745,15527.5,3.68803e-08,337321
0.718451,15533.1,3.54231e-08,337134
0.719454,15538.8,3.66491e-08,338013
0.720455,15544.1,3.72991e-08,336961
0.721458,15549.8,3.79012e-08,337272
0.72246,15555.1,3.60758e-08,338794
0.723462,15560.7,3.58166e-08,332049
0.724463,15566.1,3.63598e-08,320418
0.725466,15571.6,3.63001e-08,311987
0.726468,15576.9,3.74553e-08,304868
0.727469,15582.2,3.65689e-08,300896
0.728472,15587.4,3.72158e-08,299363
0.729473,15592.6,3.60404e-08,293178
0.730476,15597.6,3.70328e-08,284360
0.731478,15602.8,3.71901e-08,274209
0.73248,15607.9,3.63059e-08,278030
0.733482,15612.9,3.70923e-08,281234
0.734484,15618,3.51242e-08,272623
0.735486,15622.8,3.68186e-08,268728
0.736487,15627.8,3.58164e-08,265509
0.73749,15632.7,3.61638e-08,261057
0.738492,15637.4,3.79398e-08,254877
0.739493,15642.1,3.69203e-08,249422
0.740496,15646.8,3.65791e-08,243712
0.741498,15651.6,3.674e-08,237702
0.7425,15656.2,3.72441e-08,233796
0.743502,15660.9,3.455e-08,232832
0.744504,15665.4,3.75796e-08,233615
0.745506,15669.9,3.87315e-08,228588
0.746508,15674.5,3.80868e-08,227461
0.74751,15679,3.59155e-08,224063
0.748512,15683.2,3.718e-08,219647
0.749513,15687.4,3.57033e-08,214615
0.750516,15691.7,3.60583e-08,217126
0.751518,15695.9,3.7855e-08,217317
0.75252,15700.1,3.73843e-08,216775
0.753522,15704.2,3.55031e-08,209171
0.754524,15708.1,3.79105e-08,206564
0.755525,15712.1,3.673e-08,206407
0.756528,15716.3,3.31783e-08,204704
0.75753,15720.2,3.57074e-08,201050
0.758533,15724.1,3.69783e-08,197094
0.759534,15727.7,3.6893e-08,192329
0.760537,15731.5,3.70962e-08,186327
0.761538,15735.2,3.75367e-08,184449
0.76254,15738.8,3.56091e-08,181595
0.763542,15742.5,3.86775e-08,177869
0.764544,15746.4,3.50447e-08,170021
0.765545,15750.1,3.63311e-08,166238
0.766548,15753.8,3.6204e-08,163697
0.76755,15757.1,3.53006e-08,160359
0.768552,15760.5,3.75438e-08,159210
0.769554,15763.9,3.63806e-08,160169
0.770556,15767.4,3.704e-08,155797
0.771558,15771,3.57198e-08,152532
0.77256,15774.3,3.56198e-08,153357
0.773562,15777.8,3.65535e-08,148830
0.774564,15781,3.52729e-08,145135
0.775566,15784.1,3.7667e-08,143532
0.776568,15787.4,3.39364e-08,140280
0.777569,15790.6,3.67222e-08,136297
0.778572,15793.8,3.53072e-08,135092
0.779574,15796.9,3.62577e-08,137759
0.780576,15800.1,3.68939e-08,134707
0.781578,15803.2,3.62393e-08,131072
0.78258,15806.3,3.63118e-08,129847
0.783582,15809.2,3.502e-08,128058
0.784584,15812.2,3.94103e-08,126637
0.785586,15814.9,3.70928e-08,123844
0.786588,15817.8,3.86326e-08,123236
0.78759,15820.6,3.53634e-08,123441
0.788592,15823.6,3.90239e-08,122115
0.789594,15826.5,3.62219e-08,116943
0.790596,15829.2,3.66616e-08,115243
0.791598,15831.7,3.49794e-08,114197
0.7926,15834.4,3.65407e-08,111495
0.793602,15837.1,3.56692e-08,109132
0.794604,15839.8,3.61656e-08,108046
0.795606,15842.3,3.73295e-08,104953
0.796608,15845,3.66221e-08,103402
0.797611,15847.4,3.71791e-08,100716
0.798612,15850,3.89191e-08,100762
0.799615,15852.5,3.56709e-08,98402.6
0.800616,15855,3.73467e-08,96608.5
0.801618,15857.5,3.3135e-08,95462
0.80262,15859.9,3.37214e-08,94571
0.803622,15862,3.78132e-08,92665.4
0.804624,15864.4,3.67319e-08,90702.5
0.805626,15866.7,3.60345e-08,89243.2
0.806628,15869.1,3.54207e-08,86890.6
0.80763,15871.4,3.74657e-08,85332.3
0.808633,15873.4,3.63442e-08,82743.6
0.809634,15875.6,3.78709e-08,81392
0.810636,15877.7,3.79813e-08,80416.4
0.811638,15879.9,3.62797e-08,76068
0.81264,15882,3.52432e-08,74706.6
0.813642,15884,3.82008e-08,72993
0.814643,15886.1,3.77571e-08,72593.7
0.815646,15887.9,3.87408e-08,72535.4
0.816648,15890,3.74687e-08,71069.9
0.81765,15892,3.39821e-08,69825.6
0.818652,15894,3.45818e-08,67733
0.819654,15895.9,3.58565e-08,66895.7
0.820656,15897.8,3.81187e-08,65058.5
0.821658,15899.6,3.69974e-08,63045
0.822661,15901.3,3.5834e-08,62245.2
0.823662,15903.2,3.90312e-08,60408.3
0.824664,15905,3.76589e-08,58894.1
0.825666,15906.7,3.85739e-08,58192.6
0.826668,15908.5,3.58146e-08,55762
0.827671,15910.3,3.95732e-08,53975.7
0.828672,15911.9,3.54295e-08,53082.9
0.829675,15913.6,3.36279e-08,52248.4
0.830676,15915.1,3.84927e-08,50502.2
0.831678,15916.7,3.59194e-08,49880.1
0.83268,15918.4,3.73959e-08,48606.9
0.833682,15919.9,3.70019e-08,47524.2
0.834684,15921.4,3.8556e-08,46516
0.835685,15923,3.73326e-08,46772.4
0.836688,15924.5,3.63068e-08,45861
0.837689,15926.1,3.64885e-08,45204.8
0.838692,15927.6,3.59544e-08,45264.5
0.839694,15929.1,3.67563e-08,44416.5
0.840696,15930.6,3.76867e-08,43653.2
0.841698,15932.1,3.59417e-08,42076.5
0.8427,15933.5,3.70723e-08,40430.5
0.843702,15934.8,3.80845e-08,39477.7
0.844704,15936.2,3.76641e-08,38275
0.845706,15937.5,3.57437e-08,37433.9
0.846709,15938.8,3.70336e-08,36851.9
0.84771,15940,3.7781e-08,35563.2
0.848712,15941.5,3.27372e-08,34908.6
0.849714,15942.8,3.61574e-08,33657.2
0.850716,15944.1,3.6882e-08,33310.5
0.851718,15945.3,3.92597e-08,32946.5
0.852721,15946.5,3.5327e-08,31884.3
0.853723,15947.7,3.75207e-08,31275.5
0.854725,15948.9,3.55686e-08,30576.2
0.855726,15950,3.75121e-08,30069.9
0.856727,15951.2,3.65278e-08,29858.8
0.857731,15952.4,3.75922e-08,29567.4
0.858732,15953.5,3.83269e-08,28806.7
0.859735,15954.6,3.75282e-08,28483.2
0.860736,15955.7,3.42559e-08,27871.9
0.861738,15956.7,3.58158e-08,26681.9
0.86274,15957.7,3.44489e-08,25492.4
0.863743,15958.7,3.58581e-08,24540.5
0.864744,15959.6,3.4704e-08,24292.3
0.865747,15960.7,3.56793e-08,24125.8
0.866748,15961.6,3.54788e-08,23459.8
0.86775,15962.5,3.70827e-08,22777
0.868753,15963.5,3.87357e-08,22284.1
0.869754,15964.3,3.62778e-08,21824.4
0.870757,15965.1,3.85702e-08,21335.5
0.871759,15966,3.66901e-08,20433.9
0.872761,15966.8,3.63525e-08,20214.5
0.873762,15967.6,3.64466e-08,19238
0.874764,15968.5,3.40133e-08,18598.9
0.875766,15969.3,3.59221e-08,18597.2
0.876769,15970.1,3.63579e-08,17734.5
0.87777,15971,3.74037e-08,17536.8
0.878772,15971.6,3.70717e-08,16723.8
0.879774,15972.4,3.62232e-08,16187.6
0.880776,15973.1,3.70782e-08,16135.1
0.881778,15973.8,3.78807e-08,15575.7
0.88278,15974.6,3.56777e-08,15070.9
0.883782,15975.3,3.69613e-08,14551.5
0.884784,15975.9,3.43497e-08,14261.5
0.885787,15976.6,3.92655e-08,14091.5
0.886787,15977.3,3.82909e-08,13743
0.88779,15978,3.87093e-08,13369.8
0.888792,15978.6,3.79065e-08,12846.6
0.889794,15979.3,3.67676e-08,12629.7
0.890796,15979.9,3.60632e-08,12313
0.891798,15980.5,3.74146e-08,12006.9
0.892801,15981,3.66891e-08,11860
0.893802,15981.6,3.61283e-08,11288.5
0.894805,15982.2,3.42851e-08,10987.8
0.895806,15982.7,3.42004e-08,10643
0.896808,15983.3,3.66178e-08,10432.6
0.89781,15983.8,3.39979e-08,10386.6
0.898813,15984.3,3.75072e-08,9803.55
0.899814,15984.8,3.47747e-08,9404
0.900817,15985.3,3.64308e-08,9232.95
0.901819,15985.8,3.6983e-08,8971.24
0.902821,15986.2,3.84768e-08,8788.79
0.903823,15986.6,3.76489e-08,8468.05
0.904825,15987.1,3.68859e-08,8210.26
0.905827,15987.5,3.95874e-08,8066.71
0.906829,15987.9,3.75143e-08,7913.05
0.907831,15988.4,3.67608e-08,7522.63
0.908833,15988.8,3.65346e-08,7244.36
0.909835,15989.2,3.8627e-08,7056.52
0.910837,15989.5,3.66783e-08,6632.42
0.911838,15989.9,3.74196e-08,6326.31
0.912841,15990.3,3.77983e-08,5875.67
0.913842,15990.7,3.81643e-08,5595.45
0.914845,15991,3.52588e-08,5330.9
0.915847,15991.3,3.53891e-08,5130.6
0.916849,15991.6,3.82621e-08,4869.56
0.91785,15991.9,4.02091e-08,4646.8
0.918852,15992.2,3.51601e-08,4346.23
0.919855,15992.6,3.8884e-08,4121.65
0.920857,15992.9,3.64659e-08,3946.92
0.921858,15993.1,3.72779e-08,3796.02
0.92286,15993.4,3.82342e-08,3489.75
0.923862,15993.7,3.62019e-08,3210.55
0.924864,15994,3.65601e-08,3035.87
0.925866,15994.3,3.76668e-08,2919.62
0.926869,15994.5,3.71551e-08,2886.99
0.927871,15994.7,3.69277e-08,2668.25
0.928873,15995,3.83277e-08,2618.66
0.929875,15995.2,3.52338e-08,2431.53
0.930876,15995.4,3.70283e-08,2399.64
0.931879,15995.6,3.58463e-08,2286.29
0.932881,15995.8,3.62432e-08,2234.55
0.933882,15996,3.66293e-08,2191.99
0.934885,15996.1,3.51292e-08,2117.05
0.935887,15996.4,3.62512e-08,2011.75
0.936889,15996.5,3.87672e-08,1936.84
0.937891,15996.7,3.69677e-08,1893.14
0.938892,15996.8,3.49255e-08,1807.4
0.939894,15997,3.60707e-08,1715.49
0.940896,15997.1,3.55331e-08,1653
0.941899,15997.3,3.80644e-08,1553.23
0.942901,15997.4,3.61874e-08,1436.58
0.943903,15997.6,3.5699e-08,1325.65
0.944904,15997.7,3.70532e-08,1249.51
0.945906,15997.8,3.53069e-08,1158.95
0.946908,15997.9,3.86623e-08,1119.95
0.94791,15998,3.64325e-08,1079.2
0.948913,15998.1,3.57785e-08,1023.29
0.949914,15998.2,3.65632e-08,988.912
0.950917,15998.3,3.69414e-08,925.552
0.951919,15998.4,3.61505e-08,856.952
0.952921,15998.5,3.68402e-08,788.278
0.953922,15998.7,3.68645e-08,683.142
0.954925,15998.8,3.73386e-08,664.152
0.955927,15998.8,3.56106e-08,631.878
0.956929,15998.9,3.63404e-08,563.112
0.957931,15999,3.85085e-08,524.902
0.958932,15999.1,3.62708e-08,495.318
0.959935,15999.1,3.86897e-08,462.8
0.960936,15999.2,3.59548e-08,416.182
0.961938,15999.3,3.77195e-08,382.248
0.96294,15999.3,3.82415e-08,342.072
0.963943,15999.4,3.78079e-08,318.022
0.964945,15999.4,3.54019e-08,299.302
0.965947,15999.5,3.609e-08,267.848
0.966948,15999.5,3.78203e-08,240.968
0.967951,15999.5,3.58346e-08,218.032
0.968953,15999.6,3.77631e-08,203.638
0.969955,15999.6,3.58896e-08,194.502
0.970957,15999.7,3.4664e-08,176.832
0.971959,15999.7,3.66705e-08,155
0.972961,15999.7,3.62985e-08,136.55
0.973963,15999.8,3.59878e-08,125.75
0.974965,15999.8,3.7578e-08,103.782
0.975967,15999.8,3.6439e-08,93.8
0.976969,15999.8,3.33391e-08,85.888
0.97797,15999.9,3.50081e-08,68.342
0.978972,15999.9,3.67415e-08,59.808
0.979975,15999.9,3.87061e-08,52.502
0.980976,15999.9,3.52511e-08,46.198
0.981979,15999.9,3.29359e-08,41.302
0.982981,15999.9,3.54473e-08,33.408
0.983983,15999.9,3.40355e-08,32.55
0.984985,15999.9,3.67225e-08,26.432
0.985987,16000,3.73238e-08,23.75
0.986989,16000,3.48486e-08,20.118
0.987991,16000,3.66434e-08,16.422
0.988993,16000,3.7643e-08,13.608
0.989995,16000,3.61052e-08,11.712
0.990997,16000,3.74342e-08,9.8
0.991999,16000,3.42406e-08,3.968
0.993001,16000,3.58451e-08,2.982
0.994003,16000,3.65083e-08,2.982
0.995005,16000,3.65033e-08,1.992
0.996007,16000,3.70993e-08,0.998
0.997009,16000,3.67674e-08,0
0.99801,16000,3.97101e-08,0
0.999012,16000,3.80081e-08,0
1,16000,0,0
0.0326509,49.55,0.230854,622784
4.87329,-1,-1,-1
