0,1,0,0
0.00102866,2.09,4.13274e-08,44.95
0.00202453,2.338,4.59478e-08,157.878
0.00302369,2.616,4.8193e-08,238.272
0.00402522,2.898,5.66498e-08,407.798
0.00502858,3.106,5.81839e-08,593.382
0.00602982,3.252,5.60881e-08,682.248
0.00703143,3.396,5.71063e-08,931.592
0.00803391,3.506,5.60695e-08,1108.98
0.00903574,3.636,5.8473e-08,1237.75
0.0100387,3.814,5.96952e-08,1653.7
0.0110405,3.954,5.77766e-08,1959.94
0.0120422,4.07,5.62648e-08,2366.55
0.0130442,4.216,5.59924e-08,2796.67
0.0140456,4.376,5.80096e-08,3183.31
0.0150492,4.552,5.40857e-08,3977.65
0.0160498,4.706,5.4408e-08,4343.78
0.0170524,4.892,5.58485e-08,5158.17
0.0180541,5.032,5.88748e-08,5695.49
0.0190571,5.168,5.83652e-08,6035.89
0.0200584,5.32,5.32355e-08,6820.8
0.0210591,5.446,5.38886e-08,7405.54
0.0220622,5.594,5.9876e-08,8052.58
0.0230648,5.77,5.80267e-08,8924.55
0.0240665,5.94,5.8373e-08,9690.2
0.0250683,6.082,5.54929e-08,10595.6
0.0260703,6.242,5.73739e-08,11321.7
0.0270724,6.362,5.73074e-08,11679.5
0.0280737,6.52,6.05542e-08,11950.8
0.0290774,6.682,5.68745e-08,13320.4
0.0300787,6.834,5.27758e-08,14733.2
0.03108,6.996,5.2772e-08,15602
0.0320818,7.144,5.57571e-08,16321.6
0.033084,7.31,5.79868e-08,17669
0.0340868,7.462,5.75047e-08,19124.3
0.0350889,7.638,5.56389e-08,19951.5
0.0360904,7.834,5.68041e-08,20703.2
0.0370934,7.996,5.52307e-08,22280
0.0380947,8.162,5.55943e-08,23613.9
0.0390967,8.332,5.38417e-08,24584.9
0.0400979,8.512,5.37613e-08,25772.9
0.0410999,8.692,5.67703e-08,27288.6
0.0421009,8.876,6.21167e-08,28552.3
0.0431052,9.034,6.45954e-08,29490.4
0.0441072,9.21,6.01741e-08,31507
0.0451096,9.408,5.74487e-08,32784.8
0.0461109,9.564,5.14037e-08,34469
0.0471115,9.758,5.66696e-08,35609.7
0.0481143,9.964,5.79308e-08,37957.4
0.0491164,10.164,5.97718e-08,40356.6
0.0501185,10.352,5.54675e-08,41408
0.0511207,10.508,5.94664e-08,42311
0.0521229,10.672,5.65653e-08,43402.2
0.0531244,10.844,5.8385e-08,44517.8
0.0541269,11.088,5.57763e-08,47698.1
0.055128,11.298,5.59807e-08,49376.6
0.0561298,11.51,6.0796e-08,51686.9
0.0571332,11.772,5.94868e-08,53786
0.0581356,11.966,5.29643e-08,56352.4
0.0591363,12.132,5.50457e-08,57155.3
0.0601384,12.322,5.48131e-08,58841.2
0.0611398,12.558,5.8756e-08,60713.3
0.0621434,12.74,5.66769e-08,64052.2
0.063144,12.948,5.43649e-08,66038.6
0.0641465,13.16,5.50779e-08,68323.2
0.0651484,13.37,5.54025e-08,70344.5
0.06615,13.576,5.44603e-08,73338.1
0.0671522,13.758,5.69615e-08,74747.7
0.0681547,13.958,5.85334e-08,77502.1
0.069157,14.196,5.75932e-08,80958.8
0.0701586,14.418,5.59245e-08,84701.6
0.0711606,14.588,5.92406e-08,86707.1
0.0721626,14.822,5.56223e-08,90021.2
0.0731645,15.058,5.79482e-08,93471.3
0.074167,15.25,5.49533e-08,96425.8
0.0751686,15.504,5.5073e-08,99925
0.0761704,15.758,5.39143e-08,105494
0.0771726,16.016,5.80171e-08,108610
0.0781747,16.21,5.86107e-08,111175
0.079177,16.45,5.80102e-08,113704
0.0801781,16.722,5.50727e-08,117962
0.0811806,16.964,5.64985e-08,122193
0.0821832,17.216,5.84218e-08,128331
0.083185,17.508,5.64759e-08,131211
0.0841858,17.82,5.50856e-08,134572
0.0851889,18.076,5.79638e-08,136703
0.0861909,18.336,5.8853e-08,140070
0.0871937,18.586,5.27609e-08,144223
0.0881952,18.804,5.52353e-08,147663
0.0891966,19.05,5.80591e-08,150958
0.0901992,19.344,6.03001e-08,156451
0.0912015,19.616,5.63326e-08,160518
0.0922029,19.876,5.01431e-08,165274
0.0932037,20.166,5.51047e-08,172407
0.0942062,20.46,5.78648e-08,175340
0.0952089,20.716,5.83176e-08,179350
0.096211,21.036,5.33572e-08,184467
0.0972122,21.31,5.51745e-08,188209
0.0982143,21.59,5.75724e-08,195681
0.0992171,21.918,5.86882e-08,205192
0.100218,22.186,5.95707e-08,219562
0.101222,22.462,6.00133e-08,226206
0.102223,22.746,5.92396e-08,231259
0.103225,23.118,5.59091e-08,236494
0.104227,23.426,5.41384e-08,242618
0.105229,23.736,5.56178e-08,251015
0.106231,24.048,5.2576e-08,258407
0.107232,24.322,5.35617e-08,263979
0.108235,24.628,5.63251e-08,270531
0.109237,24.992,5.7379e-08,283412
0.110239,25.316,5.74231e-08,292230
0.111242,25.654,5.93895e-08,301019
0.112243,25.952,6.11385e-08,312321
0.113246,26.302,5.87427e-08,317897
0.114247,26.658,5.52583e-08,334981
0.115249,27.038,5.74684e-08,345358
0.116252,27.366,5.58008e-08,355950
0.117252,27.692,5.56849e-08,361731
0.118254,28.02,5.85425e-08,367400
0.119256,28.54,5.82134e-08,380018
0.120259,28.874,5.93632e-08,388405
0.121261,29.218,5.40059e-08,404331
0.122262,29.54,5.75525e-08,409822
0.123265,29.896,5.87898e-08,416001
0.124267,30.302,5.86042e-08,424485
0.125269,30.706,5.47429e-08,431046
0.12627,31.102,6.05073e-08,442522
0.127274,31.496,5.54051e-08,453159
0.128275,31.866,5.28886e-08,464520
0.129277,32.254,5.3629e-08,473981
0.130279,32.634,5.25121e-08,481148
0.13128,32.978,4.79483e-08,492063
0.132282,33.5,5.64189e-08,506565
0.133284,33.958,5.88742e-08,518428
0.134287,34.356,5.63793e-08,528959
0.135289,34.748,5.58839e-08,541582
0.136291,35.158,5.7978e-08,550315
0.137293,35.608,5.43199e-08,561395
0.138295,36.044,5.6298e-08,567035
0.139297,36.538,5.3859e-08,586816
0.140298,36.94,5.56854e-08,597248
0.141301,37.464,5.77202e-08,610378
0.142303,37.948,5.72116e-08,627645
0.143304,38.428,5.73418e-08,639956
0.144307,38.928,5.71328e-08,656123
0.145308,39.468,5.64481e-08,667942
0.146311,39.96,5.88321e-08,689301
0.147313,40.452,5.83261e-08,714730
0.148316,40.98,5.99132e-08,728680
0.149318,41.67,5.21545e-08,754967
0.150319,42.266,5.52694e-08,776132
0.151321,42.72,5.54668e-08,790189
0.152322,43.304,5.41115e-08,804866
0.153325,43.908,5.98282e-08,821130
0.154327,44.528,6.01542e-08,836759
0.15533,45.012,5.68045e-08,855432
0.156331,45.614,5.90814e-08,871439
0.157334,46.188,5.4468e-08,887154
0.158335,47.232,5.3657e-08,930223
0.159336,47.732,5.23524e-08,944540
0.160338,48.524,5.62191e-08,978883
0.161342,48.984,5.92255e-08,1.00204e+06
0.162343,49.602,6.04718e-08,1.02631e+06
0.163345,50.282,5.95495e-08,1.04732e+06
0.164347,50.88,5.90885e-08,1.0686e+06
0.165349,51.568,5.50863e-08,1.10458e+06
0.16635,52.184,5.77458e-08,1.14261e+06
0.167353,52.848,5.73188e-08,1.17462e+06
0.168354,53.416,5.6848e-08,1.20044e+06
0.169357,54.072,6.24543e-08,1.22636e+06
0.170359,54.684,5.51763e-08,1.26275e+06
0.171361,55.368,5.54707e-08,1.28984e+06
0.172362,55.956,5.76728e-08,1.30489e+06
0.173366,56.546,5.82697e-08,1.32066e+06
0.174367,57.236,5.45143e-08,1.35171e+06
0.175368,58.052,5.59942e-08,1.42427e+06
0.176372,58.868,5.52539e-08,1.44122e+06
0.177373,59.8,5.29428e-08,1.48543e+06
0.178375,60.53,5.47395e-08,1.51963e+06
0.179377,61.21,5.76638e-08,1.55677e+06
0.180379,61.994,5.47502e-08,1.61558e+06
0.181381,62.824,5.3197e-08,1.64817e+06
0.182383,63.668,5.92221e-08,1.68552e+06
0.183385,64.522,5.72157e-08,1.73196e+06
0.184388,65.172,5.2112e-08,1.76359e+06
0.185389,66.078,5.6633e-08,1.79815e+06
0.186391,66.796,6.11326e-08,1.83704e+06
0.187394,67.628,5.6915e-08,1.88785e+06
0.188395,68.674,5.57241e-08,1.96801e+06
0.189397,69.418,5.78608e-08,2.00325e+06
0.190399,70.226,5.62415e-08,2.05915e+06
0.191401,71.04,5.80292e-08,2.0929e+06
0.192403,72.104,5.4731e-08,2.16783e+06
0.193405,72.892,5.7784e-08,2.27999e+06
0.194407,73.902,5.70807e-08,2.32303e+06
0.195409,74.792,5.83063e-08,2.36924e+06
0.196411,75.878,5.75208e-08,2.43546e+06
0.197413,76.92,5.87323e-08,2.49333e+06
0.198415,77.982,5.656e-08,2.52074e+06
0.199418,79.184,5.43847e-08,2.60211e+06
0.200419,80.154,5.34222e-08,2.64091e+06
0.201421,81.106,5.90988e-08,2.67276e+06
0.202423,82.224,5.43009e-08,2.75275e+06
0.203425,83.332,5.727e-08,2.81547e+06
0.204427,84.612,5.94246e-08,2.88899e+06
0.20543,85.986,5.86561e-08,2.98524e+06
0.206431,87.09,5.32205e-08,3.02883e+06
0.207433,88.35,5.51851e-08,3.09841e+06
0.208435,89.548,5.6387e-08,3.17899e+06
0.209436,90.828,5.68394e-08,3.24339e+06
0.210439,92.232,5.88635e-08,3.34343e+06
0.211442,93.638,5.68387e-08,3.4505e+06
0.212443,94.946,5.62166e-08,3.59342e+06
0.213445,96.408,5.46913e-08,3.68807e+06
0.214447,97.85,5.52419e-08,3.85999e+06
0.215449,99.466,5.96068e-08,3.94276e+06
0.216452,100.822,5.35263e-08,4.00635e+06
0.217453,101.97,5.58541e-08,4.08908e+06
0.218456,103.752,5.70116e-08,4.26789e+06
0.219458,105.452,5.67674e-08,4.36626e+06
0.22046,107.406,5.87229e-08,4.45945e+06
0.221461,109.664,5.79722e-08,4.72318e+06
0.222463,111.804,6.05241e-08,4.8838e+06
0.223465,113.568,5.7912e-08,5.03473e+06
0.224467,115.338,5.75587e-08,5.2015e+06
0.22547,116.998,5.2806e-08,5.32176e+06
0.226471,119.176,5.38175e-08,5.50893e+06
0.227473,121.258,5.37593e-08,5.67693e+06
0.228475,123.168,5.54411e-08,5.81595e+06
0.229477,124.938,5.63662e-08,5.99681e+06
0.230479,126.898,5.61312e-08,6.14264e+06
0.231482,128.96,5.7522e-08,6.29623e+06
0.232484,130.9,5.36004e-08,6.49693e+06
0.233485,133.148,5.43377e-08,6.62159e+06
0.234487,134.984,5.70404e-08,6.85407e+06
0.235489,137.156,5.70939e-08,7.04277e+06
0.236491,140.088,5.71587e-08,7.27863e+06
0.237493,141.944,5.93278e-08,7.51618e+06
0.238495,144.776,5.77559e-08,7.83589e+06
0.239498,147.236,5.81255e-08,8.24707e+06
0.240499,149.476,5.64853e-08,8.46117e+06
0.241502,151.604,5.82546e-08,8.68615e+06
0.242504,154.376,5.49804e-08,9.01247e+06
0.243505,156.988,5.18299e-08,9.25728e+06
0.244507,159.118,5.78933e-08,9.46837e+06
0.24551,162.146,5.59418e-08,9.80905e+06
0.246512,165.434,5.63339e-08,1.01159e+07
0.247513,168.964,5.48898e-08,1.07984e+07
0.248516,171.66,5.82328e-08,1.1075e+07
0.249517,174.922,5.1787e-08,1.14818e+07
0.25052,178.778,5.30582e-08,1.19391e+07
0.251521,181.7,5.27483e-08,1.22952e+07
0.252522,185.05,5.9336e-08,1.26607e+07
0.253525,189.446,5.94828e-08,1.32143e+07
0.254528,192.8,5.50706e-08,1.36181e+07
0.25553,197.89,5.69181e-08,1.42789e+07
0.256531,200.904,5.54112e-08,1.47146e+07
0.257533,204.604,5.5513e-08,1.51441e+07
0.258535,208.546,5.98282e-08,1.58753e+07
0.259538,212.474,5.72697e-08,1.63452e+07
0.260539,217.332,6.03281e-08,1.68004e+07
0.261542,222.068,5.43072e-08,1.73283e+07
0.262543,226.066,5.30001e-08,1.794e+07
0.263545,230.572,5.68548e-08,1.84711e+07
0.264548,235.46,5.95741e-08,1.89909e+07
0.26555,239.756,5.65877e-08,1.93923e+07
0.266551,244.138,5.6348e-08,1.97919e+07
0.267553,249.596,5.49021e-08,2.05289e+07
0.268555,254.288,5.66208e-08,2.11246e+07
0.269557,259.558,5.33165e-08,2.17242e+07
0.270559,265.942,5.55067e-08,2.26824e+07
0.271562,271.82,5.73458e-08,2.36691e+07
0.272563,277.51,5.85062e-08,2.46974e+07
0.273566,284.864,5.83213e-08,2.65056e+07
0.274568,291.41,5.53288e-08,2.72654e+07
0.275569,298.064,5.69687e-08,2.80097e+07
0.276571,306.452,6.2402e-08,2.90921e+07
0.277574,315.17,6.21292e-08,3.08857e+07
0.278576,322.408,5.73575e-08,3.18156e+07
0.279577,329.526,5.68243e-08,3.29514e+07
0.280579,336.516,5.9149e-08,3.37873e+07
0.281581,345.252,6.00236e-08,3.5541e+07
0.282584,352.14,5.82688e-08,3.69207e+07
0.283585,361.236,5.94833e-08,3.8552e+07
0.284588,370.3,6.30423e-08,4.06345e+07
0.285589,380.058,5.6843e-08,4.27003e+07
0.286591,390.254,5.79639e-08,4.4646e+07
0.287594,399.364,5.97368e-08,4.58467e+07
0.288595,407.91,5.52994e-08,4.70248e+07
0.289598,417.866,5.56088e-08,4.89246e+07
0.2906,430.048,5.66368e-08,5.15348e+07
0.291601,442.774,5.7131e-08,5.39035e+07
0.292604,453.112,5.66085e-08,5.58828e+07
0.293606,464.804,5.49203e-08,5.79887e+07
0.294607,477.218,5.4442e-08,6.05143e+07
0.295609,490.78,5.78049e-08,6.31674e+07
0.296611,504.462,5.93348e-08,6.51935e+07
0.297615,518.47,6.0576e-08,6.80935e+07
0.298617,531.98,5.57024e-08,6.99147e+07
0.299618,545.006,5.70747e-08,7.26052e+07
0.300619,559.264,5.67125e-08,7.55088e+07
0.301621,575.344,5.77241e-08,7.82868e+07
0.302624,589.756,5.92258e-08,8.06729e+07
0.303626,605.748,5.56966e-08,8.3225e+07
0.304628,622.508,5.14828e-08,8.74135e+07
0.305628,640.976,5.45805e-08,9.09969e+07
0.306631,656.202,5.86385e-08,9.48322e+07
0.307633,671.326,5.72818e-08,9.71704e+07
0.308635,687.704,5.93725e-08,9.99584e+07
0.309638,707.182,6.20385e-08,1.04044e+08
0.310641,725.78,5.27215e-08,1.06412e+08
0.311641,749.816,5.54178e-08,1.09404e+08
0.312643,768.022,5.90842e-08,1.13355e+08
0.313646,789.59,5.84362e-08,1.159e+08
0.314649,812.682,5.98166e-08,1.18747e+08
0.31565,836.764,5.61667e-08,1.22136e+08
0.316651,858.52,5.51497e-08,1.25766e+08
0.317654,883.306,5.52613e-08,1.30568e+08
0.318655,907.994,5.31479e-08,1.32886e+08
0.319658,936.48,5.68004e-08,1.35355e+08
0.320659,961.304,5.51578e-08,1.39409e+08
0.321661,988.174,5.87357e-08,1.43796e+08
0.322665,1020.06,5.63065e-08,1.47813e+08
0.323665,1049.06,5.57019e-08,1.51276e+08
0.324668,1080.31,5.69295e-08,1.563e+08
0.32567,1114.65,6.07356e-08,1.60663e+08
0.326672,1147.01,5.7026e-08,1.6324e+08
0.327674,1182.98,5.3991e-08,1.68229e+08
0.328676,1220.46,5.70193e-08,1.74215e+08
0.329677,1252.88,5.62421e-08,1.79712e+08
0.33068,1285.72,5.78835e-08,1.82788e+08
0.331681,1312.33,5.86083e-08,1.87288e+08
0.332683,1357.58,5.74712e-08,1.91473e+08
0.333689,1391.01,5.64904e-08,1.94232e+08
0.334688,1430.98,5.6293e-08,1.95904e+08
0.33569,1471.24,5.71353e-08,1.96073e+08
0.336692,1510.6,5.5019e-08,1.98233e+08
0.337693,1548.75,5.55604e-08,1.99195e+08
0.338695,1590.5,5.71087e-08,2.03051e+08
0.339698,1634.12,5.38084e-08,2.03729e+08
0.3407,1681.07,5.2989e-08,2.02138e+08
0.341701,1724.53,5.53211e-08,2.04279e+08
0.342703,1767.84,5.81461e-08,2.06555e+08
0.343706,1820.52,5.59161e-08,2.04295e+08
0.344707,1860.93,5.77353e-08,2.08598e+08
0.34571,1909.23,5.83456e-08,2.06089e+08
0.346712,1953.93,5.83734e-08,2.06244e+08
0.347714,2001.18,5.77765e-08,2.06161e+08
0.348716,2049.11,5.94746e-08,2.05679e+08
0.349718,2097.73,5.42298e-08,2.03032e+08
0.350719,2147.33,5.48187e-08,2.02995e+08
0.351722,2193.25,6.14443e-08,2.05195e+08
0.352725,2246.89,5.40518e-08,2.00622e+08
0.353725,2295.86,5.82459e-08,1.97499e+08
0.354728,2345.64,5.83445e-08,1.95102e+08
0.35573,2400.56,5.87944e-08,1.91391e+08
0.356733,2453.86,5.97725e-08,1.89164e+08
0.357734,2510.61,5.71488e-08,1.84015e+08
0.358736,2554.53,5.68579e-08,1.85888e+08
0.359739,2614.96,5.54215e-08,1.83542e+08
0.360739,2665.49,5.58081e-08,1.8448e+08
0.361743,2726.99,5.98995e-08,1.79187e+08
0.362744,2783.89,5.33606e-08,1.73693e+08
0.363747,2836.61,5.81624e-08,1.71537e+08
0.364748,2890.88,5.82319e-08,1.65506e+08
0.36575,2940.53,5.67645e-08,1.64565e+08
0.366753,2997.29,5.68576e-08,1.61755e+08
0.367754,3056.39,5.49714e-08,1.53093e+08
0.368757,3114.31,5.45071e-08,1.47143e+08
0.369758,3172.12,5.35571e-08,1.43117e+08
0.37076,3224.43,5.93657e-08,1.42035e+08
0.371761,3281.19,5.74268e-08,1.36825e+08
0.372763,3343.21,5.77311e-08,1.30666e+08
0.373767,3397.59,6.03196e-08,1.28279e+08
0.374768,3452.74,5.59876e-08,1.27907e+08
0.37577,3502.27,5.66534e-08,1.25859e+08
0.376771,3559.08,5.64411e-08,1.22766e+08
0.377774,3614.18,5.82424e-08,1.20433e+08
0.378775,3668.99,5.71422e-08,1.17548e+08
0.379778,3725.77,5.9741e-08,1.11338e+08
0.38078,3782.88,5.5447e-08,1.09754e+08
0.381782,3839.66,5.30595e-08,1.09223e+08
0.382785,3896.88,5.5619e-08,1.06138e+08
0.383786,3951.35,5.42309e-08,1.06401e+08
0.384788,4012.53,5.65448e-08,1.01489e+08
0.385791,4069.51,5.48848e-08,9.94473e+07
0.386792,4125.01,5.566e-08,9.6945e+07
0.387795,4178.58,5.96941e-08,9.44519e+07
0.388797,4237.51,5.51945e-08,9.27301e+07
0.389797,4291.5,5.49558e-08,9.12123e+07
0.390799,4349.91,5.78118e-08,9.08539e+07
0.391802,4408.83,5.66527e-08,9.06272e+07
0.392805,4467.7,5.48902e-08,9.03003e+07
0.393806,4523.47,5.19694e-08,8.72862e+07
0.394808,4583.13,5.36891e-08,8.40468e+07
0.39581,4640.13,5.70858e-08,8.24102e+07
0.396812,4696.39,6.04557e-08,8.11046e+07
0.397815,4754.56,5.88564e-08,8.03511e+07
0.398817,4812.23,5.4221e-08,7.90758e+07
0.399817,4866.46,5.40397e-08,7.74267e+07
0.400819,4925.11,5.6086e-08,7.62555e+07
0.401821,4982.41,6.1764e-08,7.48782e+07
0.402824,5040.8,6.03606e-08,7.31711e+07
0.403826,5096.92,5.84703e-08,7.24064e+07
0.404828,5154.86,5.81743e-08,7.17042e+07
0.405831,5213.37,5.65138e-08,7.12983e+07
0.406833,5268.38,5.89568e-08,6.9841e+07
0.407834,5320.5,5.51705e-08,6.95756e+07
0.408836,5379.74,6.13558e-08,6.77409e+07
0.409838,5434.81,5.96078e-08,6.76094e+07
0.410841,5490.96,5.779e-08,6.66504e+07
0.411843,5548.46,5.58633e-08,6.53196e+07
0.412844,5605.53,5.43216e-08,6.45165e+07
0.413847,5664.31,5.8421e-08,6.4374e+07
0.414848,5718.44,5.73281e-08,6.35395e+07
0.415851,5775.42,5.4536e-08,6.22516e+07
0.416852,5832.77,5.13649e-08,6.16613e+07
0.417854,5891.57,5.35035e-08,5.98048e+07
0.418855,5952.04,5.33135e-08,5.81726e+07
0.419858,6009.82,5.88856e-08,5.6489e+07
0.42086,6066.89,5.64888e-08,5.52761e+07
0.421863,6124.79,5.67195e-08,5.44544e+07
0.422864,6179.94,5.3666e-08,5.34817e+07
0.423867,6237.06,5.44439e-08,5.26287e+07
0.424868,6295.37,5.50351e-08,5.15017e+07
0.42587,6351.43,5.74723e-08,5.04307e+07
0.426872,6404.18,5.53164e-08,4.94677e+07
0.427874,6459.97,5.71018e-08,4.87872e+07
0.428876,6515.92,5.48724e-08,4.84199e+07
0.429878,6573.54,5.74027e-08,4.73892e+07
0.43088,6631.81,6.03556e-08,4.65035e+07
0.431882,6686.95,6.10946e-08,4.59683e+07
0.432885,6744.27,6.0365e-08,4.48166e+07
0.433887,6799.22,5.59908e-08,4.41941e+07
0.434889,6854.41,5.52114e-08,4.42503e+07
0.43589,6910.65,5.40338e-08,4.31404e+07
0.436893,6965.51,5.40522e-08,4.30152e+07
0.437894,7024.98,5.71998e-08,4.18996e+07
0.438897,7079.52,5.80225e-08,4.08125e+07
0.439899,7136.32,5.75566e-08,4.04711e+07
0.440901,7191.98,5.60364e-08,4.00002e+07
0.441902,7249.43,5.86951e-08,3.87858e+07
0.442904,7304.25,5.5014e-08,3.83144e+07
0.443905,7358.52,5.80209e-08,3.75643e+07
0.444908,7413.8,6.15368e-08,3.72613e+07
0.445911,7468.29,5.98917e-08,3.66784e+07
0.446912,7524.68,5.67544e-08,3.55004e+07
0.447914,7579.6,5.93708e-08,3.49769e+07
0.448916,7635.36,5.94099e-08,3.43921e+07
0.449919,7689.2,5.78605e-08,3.3901e+07
0.450921,7743.48,5.51535e-08,3.34636e+07
0.451922,7797.3,5.65108e-08,3.20304e+07
0.452924,7851.06,5.82618e-08,3.19435e+07
0.453927,7904.89,5.87869e-08,3.16132e+07
0.454929,7957.4,5.93523e-08,3.1034e+07
0.455931,8010.63,5.56795e-08,3.06387e+07
0.456932,8064.14,5.8292e-08,3.01564e+07
0.457935,8115.91,5.70055e-08,2.97645e+07
0.458936,8168.66,5.88084e-08,2.92878e+07
0.459939,8221.19,5.75888e-08,2.89133e+07
0.460941,8274.32,5.09551e-08,2.77665e+07
0.461942,8326.05,5.60676e-08,2.75519e+07
0.462944,8378.11,5.77644e-08,2.68774e+07
0.463947,8431.37,5.77365e-08,2.5832e+07
0.464949,8484.44,5.35989e-08,2.53561e+07
0.465951,8538.18,5.47547e-08,2.46711e+07
0.466953,8589.49,5.46871e-08,2.44005e+07
0.467954,8640.31,5.50108e-08,2.41172e+07
0.468956,8691.06,5.55119e-08,2.39372e+07
0.469958,8741.8,5.64143e-08,2.2925e+07
0.47096,8792.73,5.50503e-08,2.27026e+07
0.471963,8844.1,5.78233e-08,2.23612e+07
0.472964,8893.07,5.8379e-08,2.20445e+07
0.473966,8943.71,5.61992e-08,2.17887e+07
0.474969,8994.3,5.75248e-08,2.14536e+07
0.475971,9041.78,5.53035e-08,2.1269e+07
0.476972,9091.6,5.41593e-08,2.08653e+07
0.477974,9140.74,5.63276e-08,2.05826e+07
0.478977,9189.45,6.2009e-08,2.00925e+07
0.479979,9236.97,5.63046e-08,1.9555e+07
0.48098,9286.82,5.75265e-08,1.95382e+07
0.481983,9335.33,5.94365e-08,1.92641e+07
0.482985,9385.41,5.64581e-08,1.88176e+07
0.483987,9434.2,5.44536e-08,1.849e+07
0.484989,9481.05,5.453e-08,1.78957e+07
0.48599,9528.69,5.73085e-08,1.75007e+07
0.486992,9575.47,5.86653e-08,1.73445e+07
0.487995,9622.12,6.01659e-08,1.72866e+07
0.488997,9669.31,6.02676e-08,1.67953e+07
0.489998,9715.78,5.53463e-08,1.65497e+07
0.491001,9763.03,5.7984e-08,1.60526e+07
0.492003,9808.59,5.56996e-08,1.58236e+07
0.493005,9855.17,5.75215e-08,1.51915e+07
0.494007,9900.18,5.58356e-08,1.47884e+07
0.495009,9945.61,5.99599e-08,1.43483e+07
0.496011,9990.17,5.51122e-08,1.41948e+07
0.497012,10036.2,5.72598e-08,1.37745e+07
0.498015,10079.1,6.04503e-08,1.35957e+07
0.499015,10123.8,5.72371e-08,1.35081e+07
0.500017,10167.6,8.90037e-08,1.30344e+07
0.501022,10211.7,5.72697e-08,1.2783e+07
0.502022,10254.6,6.04931e-08,1.27219e+07
0.503025,10298.9,5.71764e-08,1.25274e+07
0.504026,10343,5.51552e-08,1.24443e+07
0.505028,10387.2,5.98843e-08,1.21141e+07
0.50603,10431.1,5.59114e-08,1.19155e+07
0.507032,10473.9,5.76365e-08,1.16888e+07
0.508034,10516.6,5.57439e-08,1.17733e+07
0.509036,10560.9,5.80648e-08,1.15909e+07
0.510039,10603.9,5.53487e-08,1.15076e+07
0.51104,10646.5,6.03689e-08,1.11213e+07
0.512042,10688.2,6.01055e-08,1.09174e+07
0.513045,10730.1,5.8656e-08,1.06586e+07
0.514047,10771.8,5.72165e-08,1.04018e+07
0.515048,10811.8,5.4551e-08,1.02996e+07
0.51605,10853.4,5.43925e-08,1.01355e+07
0.517052,10894.9,5.65036e-08,9.95504e+06
0.518054,10936.8,5.96167e-08,9.58928e+06
0.519057,10978.9,5.75801e-08,9.4545e+06
0.520058,11019.6,5.63919e-08,9.34717e+06
0.52106,11061.3,6.23069e-08,9.22505e+06
0.522063,11101.9,5.6121e-08,8.89859e+06
0.523065,11141.8,5.41137e-08,8.77883e+06
0.524066,11180.5,5.5336e-08,8.68653e+06
0.525068,11220.1,5.75495e-08,8.47421e+06
0.526071,11260.7,5.61522e-08,8.2975e+06
0.527073,11299.7,5.83185e-08,8.26759e+06
0.528074,11338.4,5.78673e-08,8.07503e+06
0.529077,11377,5.49297e-08,7.98926e+06
0.530079,11415,5.64358e-08,7.88311e+06
0.531081,11452.1,5.54418e-08,7.77362e+06
0.532083,11488.6,5.50622e-08,7.54217e+06
0.533084,11526.5,5.46921e-08,7.26871e+06
0.534086,11564.7,5.47964e-08,7.21772e+06
0.535088,11602.4,5.36949e-08,7.07801e+06
0.53609,11640.8,5.76492e-08,6.84263e+06
0.537093,11677.5,5.78346e-08,6.72307e+06
0.538095,11713.4,5.5963e-08,6.68483e+06
0.539096,11750.3,5.09674e-08,6.5906e+06
0.540098,11787.1,5.77346e-08,6.42108e+06
0.541101,11823.4,5.86404e-08,6.21407e+06
0.542102,11858.5,5.7088e-08,6.16807e+06
0.543105,11893.3,5.81951e-08,6.07664e+06
0.544106,11928.9,5.55575e-08,5.91935e+06
0.545108,11964.6,5.94144e-08,5.88818e+06
0.546111,11999.3,5.8686e-08,5.8128e+06
0.547113,12033.5,5.82487e-08,5.79902e+06
0.548115,12067.3,5.63701e-08,5.79098e+06
0.549116,12102.2,5.52398e-08,5.6272e+06
0.550118,12136.6,5.81437e-08,5.62953e+06
0.551121,12171.1,5.93777e-08,5.56669e+06
0.552123,12205.2,5.93452e-08,5.41156e+06
0.553125,12238,5.67597e-08,5.2849e+06
0.554126,12272.1,6.00599e-08,5.16912e+06
0.555129,12305.4,6.14191e-08,5.13147e+06
0.556132,12337.4,5.79878e-08,5.08269e+06
0.557133,12369.4,5.50923e-08,5.11515e+06
0.558136,12401.5,5.85577e-08,5.03947e+06
0.559136,12434.1,5.60551e-08,5.03032e+06
0.560138,12466.8,5.76021e-08,5.01469e+06
0.56114,12498.4,5.81068e-08,4.78071e+06
0.562143,12530.2,5.70245e-08,4.69167e+06
0.563144,12561.4,5.4244e-08,4.57561e+06
0.564147,12593.5,5.40597e-08,4.51144e+06
0.565148,12624.3,5.51484e-08,4.45089e+06
0.56615,12655.7,5.61381e-08,4.345e+06
0.567152,12686,6.03855e-08,4.29406e+06
0.568155,12716.3,6.09869e-08,4.26418e+06
0.569157,12746,6.05159e-08,4.19037e+06
0.570159,12776.4,5.7358e-08,4.25505e+06
0.571161,12805.4,5.49085e-08,4.19376e+06
0.572163,12835.5,5.70801e-08,4.12671e+06
0.573165,12864.7,5.51191e-08,4.06938e+06
0.574167,12893.5,5.77197e-08,3.97821e+06
0.575169,12922.1,5.50065e-08,3.90017e+06
0.57617,12950.1,5.45268e-08,3.8804e+06
0.577173,12978.2,5.35916e-08,3.81143e+06
0.578174,13005.6,5.68387e-08,3.76029e+06
0.579177,13033.8,5.65693e-08,3.74071e+06
0.580179,13061.3,5.90865e-08,3.68575e+06
0.581182,13088.6,5.33707e-08,3.71344e+06
0.582183,13116.4,5.35779e-08,3.62714e+06
0.583184,13143.3,5.12433e-08,3.58379e+06
0.584186,13170.9,5.44922e-08,3.55773e+06
0.585189,13197.7,5.71803e-08,3.50622e+06
0.58619,13224.8,5.83619e-08,3.49581e+06
0.587193,13251.3,5.41948e-08,3.38947e+06
0.588194,13278.1,5.58159e-08,3.30715e+06
0.589196,13303.9,5.78302e-08,3.24553e+06
0.590198,13329.4,5.96094e-08,3.11711e+06
0.591201,13356.2,6.12863e-08,3.0763e+06
0.592203,13381.9,5.51613e-08,3.09503e+06
0.593204,13407.7,5.87695e-08,3.06617e+06
0.594206,13433.2,5.64785e-08,3.04491e+06
0.595209,13458.1,5.81516e-08,2.95746e+06
0.59621,13483.4,5.8561e-08,2.92304e+06
0.597213,13509.2,6.04202e-08,2.78872e+06
0.598215,13533.2,6.1814e-08,2.71341e+06
0.599218,13557.7,5.60598e-08,2.7007e+06
0.60022,13582,5.40143e-08,2.66609e+06
0.60122,13605.6,5.41416e-08,2.6355e+06
0.602222,13629.7,5.87332e-08,2.57617e+06
0.603225,13652.9,6.03554e-08,2.55007e+06
0.604227,13675.9,5.70158e-08,2.54326e+06
0.605229,13698.5,5.35783e-08,2.54034e+06
0.606231,13721.9,5.19431e-08,2.48708e+06
0.607232,13744.1,5.49397e-08,2.45107e+06
0.608235,13766.1,5.65281e-08,2.3828e+06
0.609238,13788.9,5.78583e-08,2.36041e+06
0.610239,13811.2,5.49878e-08,2.3825e+06
0.61124,13832.4,5.52539e-08,2.38727e+06
0.612242,13854.4,5.96922e-08,2.36447e+06
0.613245,13875.8,5.53761e-08,2.32176e+06
0.614246,13897.4,5.49159e-08,2.26261e+06
0.615249,13918.4,5.63207e-08,2.21606e+06
0.616251,13939.7,5.42677e-08,2.11947e+06
0.617252,13961.2,5.53445e-08,2.11168e+06
0.618255,13982.2,5.29839e-08,2.06972e+06
0.619257,14003.4,5.53637e-08,2.04958e+06
0.620258,14023.7,5.9749e-08,2.01705e+06
0.621262,14043.8,5.70743e-08,2.00154e+06
0.622263,14064.2,5.84102e-08,1.98342e+06
0.623266,14083.9,5.6319e-08,1.97229e+06
0.624267,14103.9,5.66763e-08,1.97609e+06
0.625269,14123.4,5.61357e-08,1.95876e+06
0.62627,14142.7,6.03167e-08,1.93081e+06
0.627273,14161.7,5.78547e-08,1.89717e+06
0.628275,14181.4,5.75007e-08,1.88241e+06
0.629277,14201.1,5.932e-08,1.81857e+06
0.630279,14220.2,5.35838e-08,1.76969e+06
0.63128,14238.5,5.44502e-08,1.70955e+06
0.632283,14256.7,5.47241e-08,1.68131e+06
0.633284,14275,5.68594e-08,1.66207e+06
0.634287,14293,5.66363e-08,1.67057e+06
0.635289,14309.9,5.82403e-08,1.65671e+06
0.63629,14327.2,5.81294e-08,1.63753e+06
0.637293,14344.8,5.3338e-08,1.62949e+06
0.638294,14362.1,5.99264e-08,1.59697e+06
0.639298,14379.6,5.57842e-08,1.56708e+06
0.640298,14396.8,5.54116e-08,1.51536e+06
0.641301,14414.5,5.66686e-08,1.51534e+06
0.642303,14432.2,5.71218e-08,1.49404e+06
0.643304,14449.2,5.96747e-08,1.47941e+06
0.644307,14465.8,5.85525e-08,1.47511e+06
0.645309,14482.2,5.83654e-08,1.45221e+06
0.646312,14498.3,5.7925e-08,1.3976e+06
0.647312,14514.8,5.42071e-08,1.38306e+06
0.648315,14531.3,6.14325e-08,1.35295e+06
0.649318,14547.2,5.48713e-08,1.33214e+06
0.650318,14563.3,5.42485e-08,1.28764e+06
0.651321,14579.4,5.949e-08,1.27111e+06
0.652323,14595.2,5.77324e-08,1.2468e+06
0.653325,14611.3,5.82652e-08,1.25249e+06
0.654326,14627,5.83374e-08,1.23213e+06
0.65533,14642.4,5.76843e-08,1.19819e+06
0.656331,14657.8,5.59147e-08,1.15391e+06
0.657333,14673.3,5.81894e-08,1.1381e+06
0.658336,14688.2,5.52946e-08,1.13752e+06
0.659337,14702.8,5.30477e-08,1.11755e+06
0.660339,14717.5,5.38595e-08,1.10093e+06
0.661342,14732.6,5.70716e-08,1.09333e+06
0.662344,14747.1,5.56174e-08,1.07585e+06
0.663345,14761.6,5.49719e-08,1.06412e+06
0.664347,14776.1,5.69671e-08,1.05012e+06
0.665349,14790.2,5.62097e-08,1.05258e+06
0.666348,14803.8,5.63959e-08,1.04707e+06
0.667354,14817.2,5.76829e-08,1.04793e+06
0.668355,14831.2,5.85852e-08,1.03206e+06
0.669357,14844.2,5.79508e-08,1.01353e+06
0.670359,14857.7,5.619e-08,1.00365e+06
0.671361,14871.1,5.70812e-08,996200
0.672362,14884.1,5.39188e-08,969636
0.673365,14897,5.70869e-08,953271
0.674367,14909.8,6.06453e-08,947886
0.675368,14922.2,5.68767e-08,938054
0.676372,14934.9,5.54573e-08,901166
0.677372,14947.5,5.63169e-08,878552
0.678376,14959.9,5.87699e-08,875768
0.679377,14972.4,5.52923e-08,857108
0.680379,14984.6,5.67371e-08,859151
0.681382,14996.7,5.33044e-08,850561
0.682383,15009,5.5307e-08,833281
0.683385,15020.8,5.51682e-08,813362
0.684387,15032.7,5.61838e-08,807320
0.685388,15044.3,5.97181e-08,793407
0.686391,15055.7,5.82987e-08,778035
0.687393,15067.6,5.91449e-08,756397
0.688395,15079.3,5.5302e-08,731821
0.689396,15090.2,5.25899e-08,720390
0.690398,15101,6.19598e-08,719023
0.691402,15111.9,5.95246e-08,711976
0.692404,15122.9,5.76268e-08,706774
0.693405,15133.8,5.89166e-08,695140
0.694408,15144.8,5.47071e-08,681079
0.695409,15155,5.14592e-08,679035
0.696411,15165.7,5.5632e-08,676992
0.697413,15176.1,5.92042e-08,660732
0.698415,15186.3,5.77384e-08,646019
0.699417,15196.3,5.67247e-08,643977
0.700419,15206.4,5.69683e-08,625878
0.70142,15216.6,5.5425e-08,613028
0.702422,15226.4,6.03523e-08,618689
0.703426,15236,5.93158e-08,615812
0.704428,15245.6,5.78288e-08,610805
0.70543,15255.1,5.44278e-08,616136
0.706431,15264.5,5.50021e-08,610884
0.707433,15274.2,5.67108e-08,595500
0.708435,15283.2,5.72471e-08,592062
0.709437,15292.5,5.66646e-08,582438
0.710439,15301.5,5.55885e-08,566904
0.711441,15310.5,5.53607e-08,555775
0.712443,15319.4,5.98317e-08,549795
0.713445,15328.2,5.7924e-08,545621
0.714447,15337.5,5.68634e-08,547395
0.715449,15346.1,6.27731e-08,546885
0.716452,15355,5.96055e-08,531707
0.717453,15363.5,5.82627e-08,528666
0.718456,15372,6.01275e-08,517554
0.719458,15380.1,5.92256e-08,512241
0.72046,15388.1,5.68929e-08,504460
0.721461,15396.2,5.71203e-08,500048
0.722462,15404.4,6.19739e-08,493437
0.723466,15412.4,6.23332e-08,487741
0.724468,15420.2,5.70143e-08,473557
0.725469,15428,5.52775e-08,471256
0.726471,15435.8,5.8136e-08,462726
0.727473,15443.4,5.84729e-08,448354
0.728475,15450.7,5.73475e-08,439753
0.729477,15458.2,5.55774e-08,420218
0.730479,15465.5,5.3379e-08,417488
0.731481,15472.8,5.65482e-08,416483
0.732484,15480,5.49986e-08,408646
0.733485,15487.1,5.63732e-08,402380
0.734487,15494.5,5.6543e-08,394295
0.735489,15501.5,5.9623e-08,392995
0.736492,15508.6,5.70531e-08,388416
0.737494,15515.6,5.31641e-08,391781
0.738495,15522.2,5.4424e-08,392750
0.739498,15528.8,6.02537e-08,389460
0.740499,15535.1,5.7192e-08,381330
0.741502,15541.7,5.99169e-08,377144
0.742504,15548.2,5.55754e-08,370860
0.743505,15554.8,5.53413e-08,369064
0.744507,15561,5.67921e-08,357852
0.745509,15567.1,5.48761e-08,354581
0.746511,15573.3,5.95357e-08,349322
0.747514,15579.4,5.94021e-08,341864
0.748516,15585.7,5.28876e-08,337514
0.749517,15591.8,5.27051e-08,330262
0.750519,15597.9,5.18793e-08,327652
0.751521,15603.7,5.82221e-08,325121
0.752524,15609.4,5.48002e-08,318022
0.753525,15615.1,5.63297e-08,316842
0.754527,15620.9,5.58873e-08,310809
0.755529,15626.6,5.78677e-08,303716
0.756532,15632.1,5.16924e-08,296978
0.757533,15637.5,5.49202e-08,291601
0.758535,15643.1,5.81049e-08,279216
0.759538,15648.3,5.6556e-08,273317
0.760539,15653.5,5.80597e-08,272924
0.761541,15658.7,5.7764e-08,266244
0.762543,15663.7,5.92308e-08,265637
0.763546,15668.8,5.72514e-08,262194
0.764548,15673.6,5.72127e-08,256394
0.76555,15678.5,5.72731e-08,243909
0.766551,15683.4,5.43215e-08,238170
0.767552,15688.3,5.34389e-08,233931
0.768555,15692.8,5.73621e-08,228519
0.769557,15697.6,5.6108e-08,225956
0.770559,15702.3,5.63599e-08,221247
0.771562,15707,5.55372e-08,216821
0.772564,15711.5,5.36897e-08,211021
0.773565,15716.2,5.38304e-08,205579
0.774567,15720.7,5.26891e-08,204054
0.775569,15725,5.74799e-08,202120
0.776571,15729.4,5.78655e-08,195701
0.777573,15733.7,6.04003e-08,194986
0.778576,15737.9,5.80138e-08,192337
0.779577,15742.3,5.85453e-08,188510
0.780579,15746.5,5.66768e-08,188655
0.781581,15750.7,5.6963e-08,186046
0.782584,15755,5.56965e-08,180830
0.783585,15759,5.35163e-08,173635
0.784588,15763,5.98088e-08,168080
0.78559,15767.1,5.53608e-08,163126
0.786592,15770.9,5.47252e-08,157726
0.787593,15774.8,5.61558e-08,155340
0.788595,15778.6,5.6792e-08,154453
0.789598,15782.3,5.90366e-08,149381
0.7906,15785.8,5.69546e-08,145670
0.791602,15789.3,5.64231e-08,140534
0.792604,15792.9,5.50114e-08,138185
0.793605,15796.3,5.32753e-08,132921
0.794607,15799.7,5.85029e-08,127826
0.79561,15803,5.95052e-08,128252
0.796611,15806.2,5.70913e-08,125206
0.797614,15809.6,5.42788e-08,123627
0.798616,15812.8,5.91697e-08,119026
0.799618,15816.2,5.3349e-08,116517
0.800619,15819.5,5.43128e-08,115028
0.801621,15822.5,5.64443e-08,115959
0.802624,15825.4,5.86579e-08,113176
0.803625,15828.4,5.74948e-08,111467
0.804628,15831.4,5.83946e-08,107839
0.805629,15834.5,5.7089e-08,106366
0.806631,15837.3,5.75964e-08,105058
0.807634,15840.3,5.46478e-08,105129
0.808635,15843,5.79189e-08,102761
0.809637,15845.8,5.62336e-08,103762
0.81064,15848.5,5.78849e-08,104552
0.811642,15851,5.58026e-08,102895
0.812643,15853.8,5.69474e-08,100282
0.813646,15856.6,6.13165e-08,99157.2
0.814648,15859.2,5.65156e-08,95837.6
0.815649,15862,5.20946e-08,96174.1
0.816651,15864.7,5.71596e-08,95632.1
0.817654,15867.3,5.92512e-08,90258.8
0.818656,15869.7,5.32579e-08,87550.7
0.819658,15872.3,5.48015e-08,83010.5
0.82066,15874.9,5.75527e-08,83043.8
0.821662,15877.3,5.465e-08,78851.8
0.822663,15879.8,5.28469e-08,77629.8
0.823665,15882.3,5.52324e-08,76927.8
0.824668,15884.5,5.60678e-08,76047.8
0.825669,15886.8,5.44771e-08,73836
0.826671,15889,5.81191e-08,74205.8
0.827674,15891.3,5.77606e-08,72002.8
0.828676,15893.4,5.55171e-08,69046.3
0.829678,15895.7,5.5254e-08,68112.2
0.83068,15897.5,6.24922e-08,66263
0.831682,15899.6,5.6911e-08,64897.5
0.832683,15901.5,5.73623e-08,64494.7
0.833687,15903.5,5.7902e-08,63224.2
0.834687,15905.5,5.5108e-08,61614.4
0.835689,15907.5,5.90322e-08,59996.4
0.836691,15909.3,5.95736e-08,59383.2
0.837693,15911.3,6.03727e-08,56181.8
0.838695,15913.3,5.91905e-08,56045.2
0.839699,15915.2,5.62769e-08,54560.7
0.8407,15917,5.24012e-08,54000.4
0.841701,15918.8,5.35132e-08,51760.2
0.842703,15920.4,5.42617e-08,52707.6
0.843706,15922.3,5.90522e-08,51998.4
0.844706,15923.8,5.6681e-08,51463.9
0.84571,15925.6,6.02467e-08,51266.2
0.846712,15927.4,6.01254e-08,49878.6
0.847715,15929.1,5.42347e-08,48169.5
0.848715,15930.7,5.55652e-08,47080.2
0.849718,15932.2,5.51668e-08,46066.2
0.850719,15933.8,5.18517e-08,44971.8
0.851721,15935.2,5.96721e-08,44372.4
0.852724,15936.6,5.81602e-08,43448
0.853726,15938,5.89753e-08,42317.2
0.854729,15939.4,5.664e-08,40220.3
0.85573,15940.7,5.72967e-08,39927.4
0.856733,15942.1,5.73611e-08,39426.2
0.857734,15943.5,5.71555e-08,38214.9
0.858736,15944.7,5.76903e-08,37187.7
0.859739,15946,5.56751e-08,35643.8
0.86074,15947.4,5.38178e-08,35152.9
0.861742,15948.6,5.61634e-08,34252.3
0.862743,15949.8,5.43561e-08,33328.5
0.863746,15951.1,5.7974e-08,32242.6
0.864748,15952.2,5.59948e-08,31296.6
0.86575,15953.4,5.64495e-08,30305.8
0.866753,15954.5,5.90974e-08,29585
0.867755,15955.6,5.63922e-08,29516.2
0.868757,15956.6,4.81021e-08,28806.7
0.869758,15957.7,5.24575e-08,27975.5
0.870759,15958.8,5.36777e-08,27526.2
0.871762,15959.9,5.27605e-08,26709.5
0.872763,15960.8,5.54679e-08,26212.3
0.873767,15962,6.04185e-08,26049.2
0.874768,15963.1,5.46633e-08,23966
0.87577,15964.1,5.86665e-08,23541
0.876772,15965.1,5.88836e-08,22844.9
0.877775,15966,5.74086e-08,21997.4
0.878775,15966.9,5.40793e-08,21534.1
0.879778,15967.9,5.94647e-08,20643.7
0.88078,15968.7,5.81792e-08,19467.3
0.881782,15969.5,5.87031e-08,19456.8
0.882785,15970.3,5.5843e-08,18811.2
0.883785,15971.2,5.58991e-08,18019
0.884788,15972,5.74183e-08,17857
0.88579,15972.8,5.53622e-08,17583.6
0.886791,15973.6,5.8891e-08,17226.8
0.887794,15974.3,6.10739e-08,16875.4
0.888795,15975.1,5.94133e-08,16317.3
0.889798,15975.8,5.74499e-08,16101.8
0.8908,15976.5,5.73923e-08,15866.2
0.891802,15977.3,5.6438e-08,15023
0.892805,15977.9,5.34594e-08,14121.8
0.893806,15978.6,5.25146e-08,13669.6
0.894808,15979.2,5.56473e-08,13122.2
0.89581,15979.8,5.40649e-08,12766.5
0.896811,15980.5,5.5904e-08,12301
0.897814,15981.1,5.92725e-08,11767.6
0.898815,15981.7,6.00077e-08,11575.2
0.899819,15982.3,5.94749e-08,11169.7
0.90082,15982.7,5.86934e-08,10802.2
0.901823,15983.4,5.76243e-08,10387.5
0.902825,15983.9,5.51567e-08,9861.54
0.903826,15984.5,5.34132e-08,9434.49
0.904828,15985,5.8385e-08,9196.66
0.905831,15985.5,5.78998e-08,8827
0.906833,15986,5.51754e-08,8768.42
0.907834,15986.4,5.02242e-08,8641.8
0.908835,15986.9,5.6283e-08,8203.05
0.909838,15987.3,6.03299e-08,8179.4
0.91084,15987.7,5.78908e-08,7935.23
0.911842,15988.2,5.52673e-08,7495.8
0.912843,15988.6,5.26929e-08,7276.2
0.913846,15989,5.88376e-08,7117.71
0.914848,15989.5,5.79288e-08,6749.85
0.915851,15989.8,5.49816e-08,6551.88
0.916852,15990.1,5.64584e-08,6511.63
0.917854,15990.6,5.84608e-08,6188.11
0.918856,15990.9,5.63614e-08,5968.59
0.919859,15991.2,5.49991e-08,5600.91
0.92086,15991.6,5.7891e-08,5422.82
0.921862,15991.9,5.86513e-08,5016.5
0.922864,15992.2,5.78956e-08,4836.18
0.923867,15992.5,5.39735e-08,4612.61
0.924868,15992.8,5.50557e-08,4477.75
0.92587,15993.1,5.49342e-08,4215.95
0.926872,15993.3,5.80585e-08,4006.83
0.927874,15993.6,5.58647e-08,3863.8
0.928876,15993.9,5.90992e-08,3680.04
0.929878,15994.1,5.59288e-08,3468.04
0.93088,15994.4,5.73929e-08,3308.92
0.931882,15994.6,5.84963e-08,3137.38
0.932885,15994.9,5.69168e-08,2925.06
0.933887,15995.1,5.45006e-08,2861.96
0.934888,15995.3,5.53609e-08,2810.8
0.93589,15995.6,5.50324e-08,2671.75
0.936893,15995.7,5.42912e-08,2587.67
0.937893,15995.9,5.68047e-08,2444.8
0.938897,15996.1,5.86161e-08,2349.3
0.939898,15996.3,5.49228e-08,2171.7
0.940901,15996.5,5.50381e-08,2074.95
0.941901,15996.7,5.30092e-08,1937.45
0.942904,15996.8,5.96123e-08,1875.19
0.943907,15997,6.08047e-08,1812.12
0.944909,15997.1,5.60372e-08,1702.04
0.94591,15997.2,5.59891e-08,1599.62
0.946912,15997.4,5.83219e-08,1524.81
0.947914,15997.5,5.66021e-08,1358.61
0.948916,15997.6,5.93991e-08,1272.05
0.949918,15997.8,5.54143e-08,1144.6
0.95092,15997.9,5.97721e-08,1109.77
0.951923,15998,5.80175e-08,1002.12
0.952925,15998.2,5.6667e-08,978.512
0.953926,15998.3,5.14071e-08,888.182
0.954927,15998.4,5.74181e-08,868.112
0.95593,15998.5,6.00914e-08,776.838
0.956932,15998.6,6.4634e-08,721.798
0.957936,15998.7,6.19751e-08,695.158
0.958937,15998.8,5.68885e-08,642.95
0.959939,15998.9,5.37055e-08,599.478
0.96094,15998.9,5.3908e-08,536.432
0.961942,15999.1,5.55633e-08,477.542
0.962943,15999.1,5.52755e-08,453.288
0.963946,15999.2,5.68172e-08,414.182
0.964948,15999.2,5.56334e-08,376.742
0.96595,15999.3,5.75376e-08,356.182
0.966953,15999.3,5.81323e-08,343.75
0.967955,15999.4,5.59552e-08,319.472
0.968957,15999.5,5.29417e-08,260.662
0.969958,15999.5,5.28765e-08,232.608
0.970959,15999.6,5.67849e-08,219.318
0.971963,15999.6,6.06418e-08,198.198
0.972964,15999.6,5.73779e-08,175.2
0.973966,15999.7,5.74524e-08,151.862
0.974968,15999.7,5.54512e-08,144.182
0.97597,15999.7,5.84824e-08,132.8
0.976972,15999.8,5.78649e-08,122.678
0.977975,15999.8,5.99162e-08,110.368
0.978978,15999.8,5.36955e-08,87.862
0.979978,15999.8,5.32875e-08,76.448
0.98098,15999.9,5.8469e-08,66.55
0.981983,15999.9,5.88795e-08,46.95
0.982984,15999.9,5.58923e-08,39.408
0.983987,15999.9,5.44365e-08,33.318
0.984988,15999.9,5.42473e-08,32.432
0.985991,15999.9,5.79899e-08,29.75
0.986993,16000,5.61058e-08,24.118
0.987995,16000,5.63092e-08,22.278
0.988996,16000,5.78654e-08,16.55
0.989998,16000,5.97786e-08,13.712
0.991001,16000,5.84147e-08,3.968
0.992003,16000,5.62617e-08,0.998
0.993005,16000,5.71884e-08,0.998
0.994007,16000,5.61981e-08,0
0.995008,16000,5.83601e-08,0
0.996011,16000,5.68073e-08,0
0.997013,16000,4.811e-08,0
0.998012,16000,4.51749e-08,0
0.999008,16000,4.14146e-08,0
1,16000,0,0
0.281874,362.852,1.07515,1.88741e+07
8.22248,-1,-1,-1
