0,1,0,0
0.00101434,3.694,2.37991e-08,1976.18
0.00201608,5.288,2.49822e-08,5524.53
0.00301832,6.796,2.53788e-08,10331.2
0.00401996,8.246,2.35907e-08,16558.7
0.00502172,9.682,2.26117e-08,22616.4
0.00602367,11.17,2.51631e-08,30252.5
0.00702603,12.42,2.31667e-08,37837.8
0.00802803,13.84,2.38251e-08,47849.2
0.00902996,15.342,2.58045e-08,56626.5
0.0100319,16.752,2.35433e-08,68953.2
0.0110339,18.156,2.48165e-08,80309.8
0.0120359,19.596,2.50389e-08,92384.4
0.0130378,21.09,2.43881e-08,105209
0.0140402,22.752,2.32004e-08,124103
0.0150422,24.42,2.44193e-08,142442
0.0160438,26.11,2.26169e-08,161155
0.0170454,27.728,2.42689e-08,182677
0.0180479,29.35,2.4529e-08,210682
0.0190496,31.31,2.44924e-08,242711
0.0200522,33.278,2.29586e-08,282938
0.0210537,35.186,2.34528e-08,314590
0.0220561,37.126,2.39557e-08,349901
0.0230583,39.13,2.45504e-08,385565
0.0240598,41.346,2.51442e-08,437969
0.025062,43.792,2.4327e-08,492270
0.0260641,45.856,2.47026e-08,536844
0.027066,48.33,2.45461e-08,613413
0.028068,50.496,2.39362e-08,677695
0.02907,52.97,2.32327e-08,766289
0.0300724,55.734,2.41831e-08,844850
0.0310738,59.126,2.29405e-08,1.07712e+06
0.0320759,62.096,2.41319e-08,1.20917e+06
0.0330777,64.976,2.33378e-08,1.33609e+06
0.0340795,68.142,2.30695e-08,1.46941e+06
0.0350824,71.452,2.42747e-08,1.61038e+06
0.0360839,74.784,2.39194e-08,1.73522e+06
0.0370857,78.636,2.33985e-08,1.94566e+06
0.0380879,82.716,2.29349e-08,2.20735e+06
0.0390901,86.554,2.47759e-08,2.42007e+06
0.0400924,90.928,2.38558e-08,2.67015e+06
0.0410943,95.148,2.21634e-08,2.92166e+06
0.0420958,100.028,2.28101e-08,3.14538e+06
0.0430982,104.862,2.37375e-08,3.55248e+06
0.0441002,109.372,2.29755e-08,3.84281e+06
0.0451019,115.062,2.66511e-08,4.37153e+06
0.0461042,120.448,2.41492e-08,4.72167e+06
0.0471058,125.68,2.44716e-08,5.09315e+06
0.0481076,132.3,2.35887e-08,5.60974e+06
0.0491098,139.324,2.53301e-08,6.14654e+06
0.0501121,145.906,2.52175e-08,6.69013e+06
0.0511136,153.102,2.31921e-08,7.29502e+06
0.0521164,159.842,2.36662e-08,7.87655e+06
0.0531184,166.034,2.34926e-08,8.4789e+06
0.0541202,172.742,2.26093e-08,9.06468e+06
0.0551219,180.236,2.37209e-08,9.68531e+06
0.0561241,187.53,2.42875e-08,1.02539e+07
0.0571262,194.97,2.40426e-08,1.09363e+07
0.0581284,204.52,2.15089e-08,1.1647e+07
0.0591308,214.076,2.18586e-08,1.248e+07
0.0601328,222.164,2.39882e-08,1.31995e+07
0.0611338,231.316,2.24776e-08,1.40682e+07
0.0621367,240.392,2.54466e-08,1.47915e+07
0.0631382,250.064,2.31589e-08,1.58424e+07
0.0641402,260.272,2.30038e-08,1.68129e+07
0.0651423,271.074,2.22832e-08,1.77614e+07
0.0661443,282.186,2.47224e-08,1.87253e+07
0.0671456,294.24,2.29983e-08,1.98502e+07
0.0681478,306.442,2.41971e-08,2.09524e+07
0.06915,320.99,2.50229e-08,2.23468e+07
0.0701529,333.762,2.34597e-08,2.37064e+07
0.0711548,345.802,2.30523e-08,2.47376e+07
0.0721559,360.012,2.31769e-08,2.62973e+07
0.0731583,373.992,2.37622e-08,2.7533e+07
0.0741603,388.442,2.38125e-08,2.87849e+07
0.0751625,406.236,2.50486e-08,3.06249e+07
0.0761641,420.8,2.23875e-08,3.20724e+07
0.0771663,436.51,2.42678e-08,3.3558e+07
0.0781678,454.548,2.37608e-08,3.49161e+07
0.0791703,471.336,2.40486e-08,3.69391e+07
0.0801721,487.048,2.38633e-08,3.81867e+07
0.0811743,506.42,2.39092e-08,3.90966e+07
0.0821767,525.238,2.3065e-08,4.05666e+07
0.0831777,543.894,2.37936e-08,4.18143e+07
0.0841803,559.586,2.35543e-08,4.30405e+07
0.0851827,579.374,2.37582e-08,4.45981e+07
0.0861846,600.222,2.39654e-08,4.61191e+07
0.0871861,620.058,2.38446e-08,4.72822e+07
0.0881887,641.606,2.43442e-08,4.76287e+07
0.0891903,662.422,2.40452e-08,4.86443e+07
0.0901922,685.826,2.65187e-08,4.99799e+07
0.0911941,708.164,2.50185e-08,5.10773e+07
0.0921971,730.09,2.43395e-08,5.20609e+07
0.0931983,752.588,2.3384e-08,5.33809e+07
0.0942008,774.11,2.48818e-08,5.38473e+07
0.0952026,793.758,2.31377e-08,5.53683e+07
0.096204,815.698,2.44976e-08,5.65091e+07
0.0972062,836.862,2.42755e-08,5.84049e+07
0.0982081,860.046,2.4816e-08,5.94226e+07
0.09921,886.136,2.32264e-08,5.9959e+07
0.100212,909.93,2.45826e-08,6.06353e+07
0.101215,935.706,2.47676e-08,6.08835e+07
0.102216,959.896,2.34367e-08,6.19934e+07
0.103218,984.522,2.43866e-08,6.26484e+07
0.104221,1008.83,2.33985e-08,6.34266e+07
0.105223,1034.83,2.23204e-08,6.38225e+07
0.106225,1061.07,2.44871e-08,6.33106e+07
0.107226,1087.61,2.4378e-08,6.32484e+07
0.108228,1113.15,2.26676e-08,6.40334e+07
0.109231,1140.57,2.20036e-08,6.42124e+07
0.110232,1167.16,2.47186e-08,6.51054e+07
0.111234,1194.53,2.21642e-08,6.47581e+07
0.112236,1220.33,2.28438e-08,6.62854e+07
0.113238,1245.52,2.45685e-08,6.80536e+07
0.114241,1271.09,2.4419e-08,6.88468e+07
0.115243,1301.26,2.3801e-08,6.92897e+07
0.116244,1331.67,2.24546e-08,6.84442e+07
0.117246,1360.19,2.38504e-08,6.92958e+07
0.118248,1388.73,2.29737e-08,6.97255e+07
0.11925,1416.46,2.51526e-08,6.99699e+07
0.120253,1447.58,2.40712e-08,7.06068e+07
0.121254,1477.83,2.39899e-08,7.06963e+07
0.122256,1506.59,2.32407e-08,7.10486e+07
0.123259,1537.38,2.18129e-08,7.20716e+07
0.124261,1568.76,2.43554e-08,7.24368e+07
0.125262,1598.58,2.274e-08,7.31871e+07
0.126264,1630.7,2.38836e-08,7.32735e+07
0.127266,1663.73,2.29569e-08,7.22254e+07
0.128269,1694.96,2.33505e-08,7.22679e+07
0.12927,1726.69,2.56549e-08,7.28988e+07
0.130272,1758.93,2.3284e-08,7.27545e+07
0.131275,1790.47,2.25952e-08,7.26084e+07
0.132276,1821.62,2.42936e-08,7.2878e+07
0.133278,1854.88,2.24914e-08,7.23251e+07
0.13428,1886.76,2.2982e-08,7.24937e+07
0.135282,1921.6,2.43963e-08,7.06771e+07
0.136284,1954.59,2.44493e-08,7.04949e+07
0.137287,1988.95,2.57142e-08,7.06908e+07
0.138289,2021.74,2.47442e-08,7.0838e+07
0.139291,2054.52,2.2749e-08,7.0813e+07
0.140293,2090.05,2.20734e-08,7.10009e+07
0.141294,2124.66,2.45704e-08,7.16222e+07
0.142296,2160.45,2.17872e-08,7.15702e+07
0.143298,2196.53,2.39187e-08,7.13883e+07
0.1443,2231.59,2.49508e-08,7.10404e+07
0.145303,2266.61,2.20627e-08,7.12903e+07
0.146304,2302.93,2.21241e-08,7.10598e+07
0.147306,2338.83,2.40629e-08,7.15906e+07
0.148308,2374.84,2.24616e-08,7.15357e+07
0.149311,2410.95,2.4207e-08,7.15029e+07
0.150313,2447.19,2.60039e-08,7.16367e+07
0.151314,2484.28,2.28488e-08,7.11817e+07
0.152317,2521.28,2.38077e-08,7.14603e+07
0.153318,2558.18,2.41105e-08,7.1965e+07
0.15432,2595.55,2.41361e-08,7.17972e+07
0.155323,2632.15,2.30711e-08,7.13419e+07
0.156324,2670.43,2.44938e-08,7.13333e+07
0.157326,2710.31,2.33159e-08,7.07798e+07
0.158328,2747.98,2.32219e-08,7.06588e+07
0.159331,2787.27,2.31355e-08,7.07858e+07
0.160333,2826.41,2.49278e-08,7.0251e+07
0.161335,2866.02,2.4092e-08,7.02552e+07
0.162336,2905.42,2.52502e-08,6.96797e+07
0.163339,2945.01,2.3259e-08,7.01222e+07
0.16434,2986.05,2.35842e-08,6.97604e+07
0.165343,3025.56,2.41478e-08,6.94447e+07
0.166344,3066.66,2.42665e-08,6.94311e+07
0.167346,3106.53,2.40495e-08,6.92829e+07
0.168349,3147.05,2.27168e-08,6.94079e+07
0.169351,3188.05,2.63328e-08,6.89725e+07
0.170353,3228.62,2.35376e-08,6.92272e+07
0.171355,3269.71,2.58092e-08,6.93451e+07
0.172357,3311.71,2.36091e-08,6.93687e+07
0.173359,3353.99,2.48068e-08,6.8584e+07
0.174361,3395.58,2.23512e-08,6.82773e+07
0.175363,3437.58,2.33369e-08,6.7956e+07
0.176365,3477.96,2.48864e-08,6.78909e+07
0.177367,3520.36,2.35488e-08,6.76791e+07
0.178369,3562.51,2.45552e-08,6.78594e+07
0.179371,3605.37,2.36682e-08,6.7404e+07
0.180373,3647.85,2.44302e-08,6.67213e+07
0.181374,3691.24,2.32626e-08,6.66441e+07
0.182377,3734.49,2.31805e-08,6.63189e+07
0.183378,3777.95,2.44079e-08,6.57173e+07
0.184381,3821.31,2.08496e-08,6.5234e+07
0.185383,3865.27,2.29361e-08,6.47461e+07
0.186385,3910.08,2.34414e-08,6.43227e+07
0.187387,3955.77,2.52556e-08,6.3925e+07
0.188388,3999.42,2.42253e-08,6.3955e+07
0.189391,4044.12,2.35588e-08,6.34793e+07
0.190393,4088.15,2.44218e-08,6.28422e+07
0.191395,4132.25,2.29547e-08,6.24717e+07
0.192397,4175.78,2.36104e-08,6.18176e+07
0.193398,4220.14,2.33192e-08,6.11093e+07
0.194401,4265.29,2.35267e-08,6.09609e+07
0.195403,4310.73,2.32411e-08,6.0754e+07
0.196404,4357.68,2.48471e-08,5.97656e+07
0.197406,4403.5,2.36762e-08,5.92281e+07
0.198409,4449.34,2.1631e-08,5.87316e+07
0.19941,4495.31,2.35234e-08,5.84748e+07
0.200413,4540.79,2.29751e-08,5.79867e+07
0.201415,4586.49,2.36023e-08,5.77743e+07
0.202417,4633.98,2.34806e-08,5.6935e+07
0.203418,4680.08,2.30301e-08,5.6866e+07
0.20442,4725.89,2.34913e-08,5.61028e+07
0.205423,4772.55,2.25223e-08,5.54466e+07
0.206424,4818.67,2.23233e-08,5.47408e+07
0.207427,4865.03,2.33395e-08,5.3829e+07
0.208429,4912.21,2.28004e-08,5.35399e+07
0.209431,4958.39,2.34815e-08,5.34773e+07
0.210434,5004.88,2.31146e-08,5.28248e+07
0.211435,5052.71,2.40322e-08,5.2134e+07
0.212437,5098.83,2.49724e-08,5.20841e+07
0.213439,5146.58,2.35153e-08,5.15547e+07
0.214441,5193.04,2.24294e-08,5.11678e+07
0.215442,5239.72,2.29494e-08,5.06826e+07
0.216445,5286.52,2.39355e-08,5.03485e+07
0.217446,5334.91,2.37413e-08,5.03226e+07
0.218449,5382.59,2.23267e-08,5.00259e+07
0.219451,5430.33,2.44286e-08,4.99112e+07
0.220453,5477.21,2.38786e-08,4.91197e+07
0.221455,5524.9,2.3259e-08,4.85685e+07
0.222457,5571.5,2.36733e-08,4.81687e+07
0.223459,5617.76,2.43884e-08,4.84031e+07
0.224461,5664.74,2.38515e-08,4.85994e+07
0.225463,5711.84,2.39738e-08,4.82032e+07
0.226465,5759.98,2.44084e-08,4.76739e+07
0.227467,5808.59,2.39121e-08,4.70714e+07
0.228469,5856.4,2.56835e-08,4.6533e+07
0.229471,5903.31,2.22336e-08,4.58757e+07
0.230473,5950.18,2.15772e-08,4.55434e+07
0.231475,5998.62,2.37091e-08,4.54045e+07
0.232477,6046.66,2.23027e-08,4.51135e+07
0.233478,6095.73,2.43329e-08,4.4669e+07
0.234481,6142.69,2.42888e-08,4.45461e+07
0.235483,6190.44,2.36297e-08,4.42147e+07
0.236485,6239.37,2.41212e-08,4.33688e+07
0.237487,6288.05,2.30202e-08,4.28797e+07
0.238489,6336.11,2.38847e-08,4.22432e+07
0.239492,6384.68,2.40395e-08,4.15657e+07
0.240493,6432.99,2.43556e-08,4.10512e+07
0.241495,6480.98,2.46034e-08,4.03494e+07
0.242497,6529.09,2.41556e-08,3.98901e+07
0.243499,6577.56,2.3668e-08,3.93731e+07
0.244501,6625.66,2.32608e-08,3.89965e+07
0.245503,6673.18,2.50616e-08,3.86248e+07
0.246505,6722.11,2.16375e-08,3.85214e+07
0.247506,6769.48,2.19393e-08,3.78769e+07
0.248509,6817.74,2.38199e-08,3.72881e+07
0.24951,6865.85,2.36759e-08,3.67351e+07
0.250513,6914.11,2.46598e-08,3.64231e+07
0.251515,6962.86,2.48725e-08,3.6041e+07
0.252517,7010.81,2.33991e-08,3.55502e+07
0.253519,7058.92,2.36576e-08,3.5059e+07
0.254521,7106.5,2.30854e-08,3.48189e+07
0.255524,7153.49,2.38393e-08,3.44715e+07
0.256525,7201.89,2.44727e-08,3.39124e+07
0.257527,7248.39,2.42694e-08,3.3577e+07
0.258529,7295.55,2.48268e-08,3.32019e+07
0.259531,7342.67,2.37505e-08,3.29253e+07
0.260532,7389.75,2.20712e-08,3.23635e+07
0.261535,7437.68,2.49462e-08,3.17917e+07
0.262537,7484.94,2.40638e-08,3.11313e+07
0.263539,7532.09,2.4963e-08,3.06181e+07
0.264541,7580.06,2.27369e-08,3.0005e+07
0.265543,7627.84,2.39196e-08,2.96489e+07
0.266545,7674.71,2.25219e-08,2.91134e+07
0.267548,7722.47,2.26235e-08,2.87049e+07
0.268549,7770.12,2.27328e-08,2.85371e+07
0.269551,7817.93,2.32958e-08,2.81953e+07
0.270553,7864.93,2.25152e-08,2.78969e+07
0.271555,7911.72,2.32455e-08,2.76719e+07
0.272557,7958.74,2.47806e-08,2.73038e+07
0.273559,8005.7,2.5951e-08,2.68199e+07
0.274561,8053.1,2.43984e-08,2.60211e+07
0.275563,8100.66,2.39703e-08,2.57179e+07
0.276565,8146.61,2.36496e-08,2.54778e+07
0.277567,8192.22,2.32697e-08,2.50138e+07
0.278569,8237.99,2.25529e-08,2.4806e+07
0.27957,8283.47,2.52691e-08,2.44502e+07
0.280573,8329.07,2.29207e-08,2.41079e+07
0.281575,8374.47,2.38758e-08,2.38039e+07
0.282577,8419.34,2.42331e-08,2.35854e+07
0.283579,8465.62,2.25329e-08,2.30719e+07
0.284581,8510.83,2.21182e-08,2.24927e+07
0.285583,8557,2.34225e-08,2.20772e+07
0.286585,8602.71,2.3602e-08,2.1605e+07
0.287587,8649.02,2.36945e-08,2.12313e+07
0.288589,8694.77,2.48664e-08,2.07495e+07
0.28959,8739.66,2.22117e-08,2.02898e+07
0.290593,8785.22,2.64731e-08,2.00266e+07
0.291595,8830.3,2.39022e-08,1.9672e+07
0.292597,8874.32,2.17617e-08,1.93262e+07
0.2936,8919.65,2.25395e-08,1.89808e+07
0.294601,8964.51,2.27522e-08,1.89134e+07
0.295603,9008,2.25715e-08,1.86422e+07
0.296605,9051.64,2.31524e-08,1.83268e+07
0.297607,9095.85,2.36191e-08,1.80797e+07
0.298609,9139.09,2.4049e-08,1.78592e+07
0.299611,9182.55,2.19717e-08,1.75546e+07
0.300613,9227.05,2.54454e-08,1.72063e+07
0.301616,9270.62,2.3789e-08,1.69678e+07
0.302617,9313.84,2.21834e-08,1.66508e+07
0.303619,9357.26,2.42215e-08,1.64e+07
0.304621,9399.78,2.29059e-08,1.62405e+07
0.305623,9442.75,2.38463e-08,1.59105e+07
0.306625,9486.28,2.36345e-08,1.55352e+07
0.307627,9528.43,2.37189e-08,1.54135e+07
0.308629,9570.72,2.29052e-08,1.53012e+07
0.309631,9612.68,2.43993e-08,1.50637e+07
0.310634,9655.08,2.37761e-08,1.47718e+07
0.311635,9697.12,2.27975e-08,1.44165e+07
0.312637,9739.47,2.33254e-08,1.41819e+07
0.313639,9781.98,2.26627e-08,1.39266e+07
0.314641,9822.5,2.31502e-08,1.37832e+07
0.315643,9864.03,2.22618e-08,1.35981e+07
0.316645,9905.91,2.23126e-08,1.33832e+07
0.317648,9946.06,2.319e-08,1.32876e+07
0.318649,9987.41,2.28133e-08,1.30923e+07
0.319651,10029,2.28562e-08,1.28525e+07
0.320653,10070.5,2.3856e-08,1.26343e+07
0.321656,10110.6,2.25499e-08,1.23755e+07
0.322657,10151.6,2.40502e-08,1.23593e+07
0.32366,10192,2.60607e-08,1.21796e+07
0.324661,10231.9,2.38364e-08,1.19825e+07
0.325663,10271.9,2.42174e-08,1.17891e+07
0.326665,10310.8,2.38337e-08,1.1662e+07
0.327667,10351.1,2.38802e-08,1.14967e+07
0.328669,10389.4,2.47907e-08,1.12203e+07
0.329671,10428.2,2.48344e-08,1.1e+07
0.330673,10466.5,2.34228e-08,1.07301e+07
0.331675,10505.6,2.43026e-08,1.0637e+07
0.332677,10544,2.39609e-08,1.04654e+07
0.333679,10582.3,2.27073e-08,1.02262e+07
0.334682,10621.2,2.37663e-08,1.00504e+07
0.335684,10659.4,2.36093e-08,1.00265e+07
0.336685,10697.6,2.38132e-08,9.74046e+06
0.337687,10735.4,2.24412e-08,9.63632e+06
0.338689,10773.8,2.34884e-08,9.56115e+06
0.339691,10811,2.52356e-08,9.38811e+06
0.340693,10848.5,2.37949e-08,9.32311e+06
0.341695,10885.2,2.44928e-08,9.12686e+06
0.342698,10922.6,2.35564e-08,8.95593e+06
0.3437,10959.6,2.58287e-08,8.83809e+06
0.344702,10995.7,2.23129e-08,8.62447e+06
0.345704,11032.6,2.46077e-08,8.54762e+06
0.346705,11068.8,2.25853e-08,8.39285e+06
0.347707,11104.9,2.3346e-08,8.24591e+06
0.34871,11140.5,2.47558e-08,8.18193e+06
0.349711,11176.6,2.53062e-08,8.05337e+06
0.350714,11211.8,2.35025e-08,7.92438e+06
0.351716,11246.4,2.37164e-08,7.8748e+06
0.352717,11281.8,2.5592e-08,7.70478e+06
0.353719,11316.4,2.26584e-08,7.60572e+06
0.354721,11351.4,2.42072e-08,7.4518e+06
0.355724,11386.1,2.2623e-08,7.33635e+06
0.356725,11421,2.41164e-08,7.18445e+06
0.357727,11455.1,2.11028e-08,7.12919e+06
0.358729,11488.8,2.35615e-08,7.02949e+06
0.359731,11523.1,2.26659e-08,6.842e+06
0.360734,11556.2,2.38579e-08,6.73478e+06
0.361736,11589.4,2.36292e-08,6.62643e+06
0.362737,11622.8,2.40918e-08,6.55206e+06
0.363739,11655.4,2.33912e-08,6.39754e+06
0.364741,11688.3,2.13103e-08,6.17201e+06
0.365743,11720.9,2.28362e-08,6.05684e+06
0.366745,11754.3,2.38923e-08,5.9536e+06
0.367748,11786.6,2.37848e-08,5.91269e+06
0.36875,11819.4,2.03787e-08,5.75661e+06
0.369751,11851.1,2.45327e-08,5.60924e+06
0.370754,11882.6,2.38387e-08,5.50173e+06
0.371755,11914.1,2.44819e-08,5.39406e+06
0.372758,11946,2.40984e-08,5.20971e+06
0.373759,11977.2,2.28562e-08,5.10512e+06
0.374762,12008.7,2.42087e-08,5.13308e+06
0.375763,12040,2.37177e-08,5.06732e+06
0.376765,12070.6,2.29504e-08,4.94028e+06
0.377767,12101.5,2.51034e-08,4.84284e+06
0.378769,12133.4,2.35679e-08,4.73843e+06
0.379772,12163.8,2.56857e-08,4.62231e+06
0.380774,12194.9,2.35217e-08,4.54605e+06
0.381775,12224.9,2.35084e-08,4.44509e+06
0.382777,12255.2,2.3677e-08,4.36777e+06
0.383779,12284.3,2.3237e-08,4.35934e+06
0.384781,12313.4,2.28757e-08,4.27393e+06
0.385783,12342.5,2.3878e-08,4.18823e+06
0.386786,12371.6,2.41026e-08,4.12949e+06
0.387788,12400.5,2.33394e-08,4.03244e+06
0.38879,12429.1,2.54473e-08,3.95252e+06
0.389792,12457.5,2.46305e-08,3.84981e+06
0.390793,12485.3,2.39213e-08,3.80802e+06
0.391795,12513.6,2.43372e-08,3.76551e+06
0.392798,12541.5,2.32638e-08,3.75203e+06
0.3938,12569.2,2.35301e-08,3.66051e+06
0.394801,12596.8,2.21979e-08,3.58119e+06
0.395804,12624.7,2.53122e-08,3.484e+06
0.396806,12651.8,2.22363e-08,3.48917e+06
0.397808,12679.2,2.53996e-08,3.45082e+06
0.398809,12706,2.40715e-08,3.4054e+06
0.399811,12733.6,2.39168e-08,3.38615e+06
0.400814,12760.5,2.25548e-08,3.35683e+06
0.401816,12787.6,2.50166e-08,3.27879e+06
0.402817,12814.3,2.27485e-08,3.20153e+06
0.403819,12840.5,2.23846e-08,3.15069e+06
0.404822,12866.7,2.34409e-08,3.1142e+06
0.405824,12892.2,2.27723e-08,3.07505e+06
0.406826,12918.2,2.42724e-08,3.00618e+06
0.407827,12944.1,2.24309e-08,2.94034e+06
0.408829,12969.3,2.37826e-08,2.91817e+06
0.409831,12994.6,2.37272e-08,2.88068e+06
0.410834,13019.6,2.28513e-08,2.89765e+06
0.411836,13044.5,2.49606e-08,2.8205e+06
0.412837,13069,2.35628e-08,2.78397e+06
0.41384,13093.5,2.27394e-08,2.73695e+06
0.414841,13117.9,2.41371e-08,2.71589e+06
0.415844,13141.9,2.41845e-08,2.70673e+06
0.416845,13165.3,2.43471e-08,2.6504e+06
0.417848,13189.5,2.30751e-08,2.64941e+06
0.41885,13212.9,2.3462e-08,2.63215e+06
0.419852,13236.1,2.44945e-08,2.54855e+06
0.420854,13259.3,2.25016e-08,2.51728e+06
0.421856,13282.5,2.31201e-08,2.50985e+06
0.422858,13305.6,2.51033e-08,2.4646e+06
0.423859,13328.8,2.42981e-08,2.45001e+06
0.424861,13351.3,2.36685e-08,2.38054e+06
0.425863,13373.8,2.35915e-08,2.32766e+06
0.426865,13396.6,2.46958e-08,2.29328e+06
0.427867,13419.1,2.48432e-08,2.25395e+06
0.428869,13441.3,2.41782e-08,2.2336e+06
0.429872,13463,2.3175e-08,2.18974e+06
0.430874,13484.4,2.44036e-08,2.14714e+06
0.431876,13505.8,2.42769e-08,2.14325e+06
0.432878,13527.3,2.35506e-08,2.11913e+06
0.43388,13549,2.38873e-08,2.08744e+06
0.434882,13570.5,2.52032e-08,2.03837e+06
0.435884,13591.8,2.44088e-08,2.01217e+06
0.436886,13612.5,2.37021e-08,1.97956e+06
0.437887,13633.2,2.29636e-08,1.95478e+06
0.438889,13654.4,2.2793e-08,1.92484e+06
0.439891,13674.9,2.49588e-08,1.88326e+06
0.440894,13694.7,2.37344e-08,1.83147e+06
0.441896,13714.5,2.39162e-08,1.7856e+06
0.442898,13734.8,2.43808e-08,1.73338e+06
0.4439,13754.6,2.15547e-08,1.7118e+06
0.444902,13774.4,2.48181e-08,1.72113e+06
0.445904,13794.2,2.33994e-08,1.7138e+06
0.446906,13813.5,2.35324e-08,1.68148e+06
0.447908,13832.9,2.39461e-08,1.63593e+06
0.44891,13852.3,2.31423e-08,1.62181e+06
0.449912,13871.1,2.12451e-08,1.60551e+06
0.450914,13889.7,2.54437e-08,1.58884e+06
0.451916,13908.2,2.4543e-08,1.57698e+06
0.452917,13927.2,2.50017e-08,1.54175e+06
0.453919,13946.2,2.41757e-08,1.53003e+06
0.454922,13964.7,2.37037e-08,1.53937e+06
0.455924,13982.9,2.41804e-08,1.5297e+06
0.456925,14001.3,2.33577e-08,1.50586e+06
0.457928,14019.8,2.45184e-08,1.49821e+06
0.45893,14037.3,2.377e-08,1.49452e+06
0.459932,14055.2,2.38284e-08,1.45261e+06
0.460934,14072.7,2.44147e-08,1.43037e+06
0.461935,14090.2,2.23696e-08,1.3836e+06
0.462938,14107.6,2.32316e-08,1.35468e+06
0.46394,14124.7,2.39322e-08,1.3449e+06
0.464942,14141.9,2.35317e-08,1.3493e+06
0.465944,14158.9,2.34704e-08,1.35256e+06
0.466946,14175.9,2.41507e-08,1.33018e+06
0.467948,14192.3,2.41955e-08,1.32459e+06
0.46895,14208.8,2.50767e-08,1.32769e+06
0.469951,14224.9,2.42546e-08,1.31272e+06
0.470954,14241.1,2.15078e-08,1.31042e+06
0.471956,14257.3,2.33612e-08,1.30248e+06
0.472958,14273,2.36188e-08,1.26387e+06
0.47396,14288.7,2.45774e-08,1.25583e+06
0.474962,14304.8,2.34326e-08,1.23484e+06
0.475964,14320.2,2.42991e-08,1.23479e+06
0.476966,14335.9,2.46014e-08,1.22452e+06
0.477968,14350.9,2.6435e-08,1.19782e+06
0.47897,14366.1,2.29083e-08,1.19555e+06
0.479972,14381.8,2.44049e-08,1.18086e+06
0.480974,14397.2,2.43242e-08,1.16155e+06
0.481976,14412.5,2.28169e-08,1.15316e+06
0.482978,14427.4,2.43874e-08,1.13837e+06
0.48398,14442,2.45086e-08,1.13967e+06
0.484981,14456.4,2.48862e-08,1.13867e+06
0.485984,14471,2.36043e-08,1.11751e+06
0.486986,14485.6,2.56148e-08,1.11497e+06
0.487988,14499.9,2.41796e-08,1.106e+06
0.488989,14514,2.46986e-08,1.08166e+06
0.489992,14527.8,2.43966e-08,1.062e+06
0.490994,14541.5,2.62456e-08,1.05258e+06
0.491996,14555.1,2.44885e-08,1.05891e+06
0.492998,14569.1,2.29041e-08,1.04054e+06
0.494,14583.3,2.31655e-08,1.03169e+06
0.495002,14597,2.16861e-08,1.02277e+06
0.496004,14610.7,2.34935e-08,995589
0.497006,14624.1,2.58872e-08,994738
0.498008,14637.2,2.36776e-08,977971
0.49901,14650.1,2.50943e-08,959595
0.500011,14663.5,3.68115e-08,945340
0.501014,14676.2,2.50187e-08,930131
0.502016,14688.8,2.36358e-08,923396
0.503018,14701.6,2.58096e-08,915665
0.50402,14714,2.34694e-08,913758
0.505022,14726.2,2.17017e-08,909820
0.506024,14738.6,2.30576e-08,903401
0.507026,14751.1,2.29161e-08,877270
0.508028,14763.2,2.46092e-08,866650
0.50903,14775.3,2.62765e-08,854006
0.510032,14787.2,2.43672e-08,840761
0.511035,14799.2,2.48074e-08,839557
0.512036,14811.3,2.42343e-08,818590
0.513038,14823.1,2.56044e-08,812043
0.51404,14834.5,2.37056e-08,793056
0.515043,14845.8,2.48716e-08,779805
0.516044,14857.2,2.45082e-08,759243
0.517046,14868.5,2.43558e-08,751528
0.518048,14879.7,2.28419e-08,735570
0.51905,14890.9,2.44092e-08,730927
0.520052,14901.7,2.44904e-08,719059
0.521054,14912.6,2.29479e-08,706935
0.522056,14923.6,2.64228e-08,709768
0.523058,14934.3,2.48302e-08,698517
0.52406,14944.6,2.42891e-08,684327
0.525062,14955.4,2.33455e-08,661045
0.526064,14965.9,2.45229e-08,657233
0.527066,14976.1,2.35545e-08,655511
0.528068,14986.5,2.33397e-08,658892
0.52907,14996.3,2.13809e-08,636468
0.530073,15006.5,2.40846e-08,632007
0.531074,15016.4,2.51453e-08,613823
0.532076,15026.6,2.42366e-08,611421
0.533078,15036.4,2.44544e-08,608160
0.53408,15046.3,2.35822e-08,587703
0.535082,15056.1,2.35303e-08,575412
0.536084,15065.8,2.3909e-08,562244
0.537086,15075.5,2.31876e-08,564400
0.538088,15084.8,2.23799e-08,551450
0.53909,15094.1,2.44409e-08,551994
0.540092,15103.3,2.3842e-08,543172
0.541094,15112.4,2.37247e-08,537725
0.542096,15121.6,2.45593e-08,534506
0.543098,15130.7,2.32245e-08,528114
0.5441,15139.7,2.42252e-08,529457
0.545102,15148.4,2.38187e-08,529946
0.546104,15157.2,2.39922e-08,525015
0.547107,15166,2.50542e-08,522725
0.548108,15174.7,2.44477e-08,514152
0.54911,15182.9,2.57338e-08,500539
0.550112,15191.2,2.12071e-08,496309
0.551114,15199.8,2.29811e-08,486223
0.552116,15208.3,2.37917e-08,476235
0.553118,15216.7,2.35309e-08,465961
0.55412,15225,2.33745e-08,454673
0.555122,15233.2,2.49953e-08,455179
0.556124,15241.2,2.14369e-08,447861
0.557126,15249.3,2.44686e-08,443728
0.558128,15257.3,2.3917e-08,444519
0.55913,15265.4,2.36439e-08,439010
0.560133,15273.2,2.49717e-08,433242
0.561135,15281,2.27382e-08,428491
0.562137,15288.6,2.30695e-08,428856
0.563138,15296.3,2.37395e-08,438135
0.56414,15304,2.43521e-08,433505
0.565142,15311.6,2.51707e-08,428246
0.566144,15318.8,2.37524e-08,428999
0.567146,15326.1,2.35197e-08,423403
0.568148,15333.4,2.42017e-08,411427
0.56915,15340.7,2.45065e-08,401770
0.570152,15347.9,2.3127e-08,392033
0.571155,15355.1,2.43478e-08,391321
0.572156,15362.1,2.46493e-08,384523
0.573158,15369.1,2.45079e-08,375518
0.574161,15376,2.32623e-08,368534
0.575162,15382.5,2.33495e-08,361317
0.576165,15389.6,2.42574e-08,355129
0.577166,15396.1,2.51178e-08,355257
0.578168,15402.8,2.3189e-08,345066
0.57917,15409,2.26227e-08,346953
0.580172,15415.7,2.44755e-08,346374
0.581174,15422.2,2.35388e-08,347766
0.582176,15428.5,2.30707e-08,347894
0.583178,15435.1,2.44605e-08,343815
0.58418,15441.3,2.41039e-08,339493
0.585182,15447.7,2.41205e-08,334277
0.586184,15453.8,2.26326e-08,324909
0.587187,15460.3,2.34174e-08,318779
0.588188,15466.3,2.49311e-08,310110
0.58919,15472.3,2.25558e-08,310119
0.590193,15478.1,2.35725e-08,312526
0.591194,15483.9,2.37436e-08,312535
0.592197,15490,2.22452e-08,306931
0.593198,15495.9,2.40824e-08,307259
0.5942,15501.8,2.27911e-08,298977
0.595202,15507.4,2.34662e-08,293448
0.596204,15513,2.23129e-08,286865
0.597207,15518.7,2.26503e-08,283289
0.598208,15524.2,2.49023e-08,276973
0.59921,15529.6,2.27285e-08,271978
0.600213,15535,2.38203e-08,267760
0.601215,15540.5,2.40589e-08,265433
0.602216,15545.9,2.55254e-08,261664
0.603218,15551.1,2.21877e-08,264973
0.60422,15556.5,2.51993e-08,263390
0.605223,15561.6,2.2222e-08,260999
0.606224,15566.5,2.36337e-08,257885
0.607226,15571.4,2.32964e-08,257843
0.608229,15576.3,2.42284e-08,254793
0.609231,15581.3,2.37335e-08,251034
0.610232,15586,2.477e-08,243811
0.611234,15590.9,2.54213e-08,239462
0.612236,15595.9,2.3577e-08,235588
0.613238,15600.7,2.40115e-08,233294
0.614241,15605.3,2.41197e-08,231663
0.615242,15609.8,2.30732e-08,229556
0.616244,15614.6,2.33103e-08,223261
0.617246,15619.3,2.37675e-08,219725
0.618248,15623.8,2.35704e-08,220618
0.61925,15628.2,2.35287e-08,215410
0.620252,15632.8,2.55106e-08,214072
0.621254,15637.5,2.36453e-08,209765
0.622257,15641.7,2.52046e-08,207141
0.623259,15646,2.29561e-08,204659
0.62426,15650.5,2.37028e-08,203164
0.625262,15654.8,2.40258e-08,201760
0.626265,15658.8,2.29175e-08,199622
0.627266,15662.8,2.41286e-08,195316
0.628269,15666.9,2.45834e-08,198684
0.62927,15671.1,2.38587e-08,196955
0.630272,15675.1,2.44261e-08,193750
0.631274,15679,2.03148e-08,191573
0.632276,15682.9,2.3833e-08,189064
0.633278,15687,2.39283e-08,187538
0.634281,15690.9,2.28873e-08,184255
0.635282,15694.7,2.12815e-08,182834
0.636284,15698.2,2.35072e-08,179282
0.637287,15702,2.41124e-08,176264
0.638288,15705.8,2.3467e-08,170415
0.63929,15709.5,2.39308e-08,167059
0.640293,15713.1,2.26254e-08,163617
0.641295,15716.6,2.36528e-08,160359
0.642297,15719.9,2.10338e-08,160302
0.643299,15723.4,2.41745e-08,154930
0.6443,15726.9,2.25032e-08,153995
0.645302,15730.3,2.40728e-08,153059
0.646305,15733.8,2.23906e-08,149584
0.647307,15737.2,2.57098e-08,150758
0.648308,15740.4,2.36099e-08,149241
0.64931,15743.8,2.35124e-08,145200
0.650312,15746.9,2.52973e-08,146412
0.651314,15750.3,2.4835e-08,144445
0.652317,15753.4,2.32552e-08,145238
0.653318,15756.5,2.23745e-08,146111
0.65432,15759.6,2.48173e-08,144681
0.655322,15762.8,2.23305e-08,142709
0.656324,15765.8,2.58344e-08,140149
0.657326,15768.7,2.35346e-08,139409
0.658329,15771.6,2.4546e-08,137763
0.659331,15774.5,2.37219e-08,135775
0.660333,15777.3,2.52265e-08,135305
0.661335,15780.2,2.37081e-08,133858
0.662337,15783.2,2.25026e-08,132649
0.663339,15786,2.38034e-08,131342
0.66434,15788.9,2.33921e-08,131208
0.665342,15791.7,2.37379e-08,129598
0.666345,15794.4,2.26754e-08,125206
0.667347,15797.1,2.40383e-08,123654
0.668349,15799.8,2.4241e-08,121241
0.669351,15802.5,2.34274e-08,117357
0.670353,15805,2.49043e-08,116475
0.671355,15807.7,2.4811e-08,115075
0.672356,15810.5,2.38857e-08,111842
0.673358,15813.1,2.38823e-08,109738
0.674361,15815.6,2.40565e-08,109049
0.675363,15818.2,2.37312e-08,108457
0.676364,15820.6,2.58948e-08,104502
0.677367,15823,2.40925e-08,103732
0.678368,15825.4,2.26368e-08,100999
0.679371,15827.6,2.37243e-08,100142
0.680373,15830,2.28975e-08,99501
0.681375,15832.3,2.27434e-08,97748.4
0.682376,15834.7,2.30948e-08,96281
0.683379,15836.9,2.22753e-08,94393.3
0.684381,15839.2,2.24789e-08,92708.5
0.685383,15841.3,2.32143e-08,89822.6
0.686385,15843.6,2.28758e-08,88648.6
0.687387,15846,2.32903e-08,89347.4
0.688389,15848.1,2.26562e-08,86265.8
0.68939,15850.3,2.36658e-08,84876.4
0.690393,15852.4,2.44089e-08,84053.3
0.691395,15854.5,2.27509e-08,83586.9
0.692397,15856.5,2.35577e-08,82368.5
0.693399,15858.6,2.36579e-08,82287.5
0.694401,15860.6,2.35519e-08,80539.1
0.695403,15862.6,2.30417e-08,78482.8
0.696405,15864.5,2.43607e-08,76883
0.697407,15866.5,2.23345e-08,75442
0.698408,15868.3,2.38573e-08,74019
0.699411,15870.2,2.55972e-08,72449.2
0.700413,15872.1,2.18317e-08,70843.6
0.701414,15874,2.41172e-08,69644.4
0.702417,15875.8,2.34307e-08,66921.2
0.703419,15877.6,2.3165e-08,66661.3
0.704421,15879.3,2.25741e-08,66181.5
0.705423,15881,2.27252e-08,65269.9
0.706424,15882.8,2.2647e-08,62722.4
0.707427,15884.5,2.19168e-08,61508.9
0.708429,15886.3,2.37632e-08,60527.7
0.709431,15887.9,2.64071e-08,59951.1
0.710434,15889.6,2.20871e-08,58236.2
0.711435,15891.2,2.4878e-08,57233.6
0.712437,15892.8,2.38982e-08,55711.9
0.713439,15894.4,2.35534e-08,54860
0.714441,15896,2.34632e-08,54264
0.715443,15897.5,2.20704e-08,54230.5
0.716445,15899,2.25018e-08,53863
0.717447,15900.5,2.42413e-08,53017
0.718449,15902,2.35987e-08,53484
0.719451,15903.5,2.27151e-08,51872.2
0.720453,15905,2.53105e-08,50137.7
0.721455,15906.5,2.25646e-08,49168.4
0.722457,15907.9,2.31161e-08,48193.3
0.723459,15909.3,2.36803e-08,47194.1
0.724461,15910.6,2.39198e-08,46572.8
0.725462,15912,2.41412e-08,44978.6
0.726465,15913.4,2.60761e-08,43618
0.727467,15914.7,2.47312e-08,42410.2
0.728469,15916.1,2.31899e-08,41248.4
0.729471,15917.3,2.26688e-08,39559.7
0.730473,15918.6,2.30879e-08,39038.5
0.731475,15920,2.28101e-08,38521.4
0.732476,15921.3,2.27939e-08,38482.1
0.733479,15922.5,2.24708e-08,37887
0.734481,15923.8,2.39023e-08,37190.4
0.735483,15925,2.28196e-08,35255
0.736485,15926.4,2.5058e-08,34491.2
0.737487,15927.6,2.41048e-08,34287.8
0.738489,15928.8,2.47943e-08,33092.1
0.739491,15930,2.21125e-08,33076.3
0.740493,15931.1,2.35632e-08,32728.2
0.741495,15932.2,2.47287e-08,32974.7
0.742497,15933.4,2.41763e-08,31974.2
0.743499,15934.6,2.43555e-08,31377.8
0.7445,15935.7,2.36688e-08,30852.7
0.745503,15936.7,2.30893e-08,30115
0.746505,15937.7,2.36257e-08,29972.7
0.747507,15938.8,2.34452e-08,29273.2
0.748509,15939.8,2.48175e-08,29039.8
0.749511,15940.8,2.47748e-08,28754.4
0.750514,15941.9,2.35264e-08,27878.1
0.751515,15943,2.37825e-08,27055.8
0.752518,15943.9,2.20677e-08,26590.4
0.753518,15944.9,2.17475e-08,25751.5
0.754521,15945.9,2.50795e-08,25459.8
0.755523,15946.9,2.30505e-08,24838.9
0.756525,15947.8,2.37491e-08,24675.8
0.757527,15948.6,2.39663e-08,24602
0.758529,15949.5,2.45629e-08,24348.4
0.759531,15950.3,2.44368e-08,24534.8
0.760532,15951.2,2.41142e-08,24657.2
0.761535,15952,2.39008e-08,24492
0.762537,15952.9,2.28414e-08,24767
0.763539,15953.7,2.40828e-08,24484.1
0.764541,15954.5,2.35557e-08,24550.9
0.765543,15955.3,2.42373e-08,24175.4
0.766545,15956.1,2.45094e-08,23691.4
0.767547,15956.9,2.20854e-08,23729.4
0.768549,15957.7,2.39586e-08,23856.6
0.769551,15958.5,2.15117e-08,23463
0.770553,15959.3,2.22193e-08,23262.7
0.771555,15960.1,2.56696e-08,22785.5
0.772557,15960.8,2.40429e-08,22245.5
0.773559,15961.5,2.45088e-08,20955
0.774561,15962.2,2.39885e-08,20693.5
0.775563,15962.9,2.37194e-08,20321.3
0.776565,15963.5,2.43158e-08,19636.5
0.777567,15964.2,2.3775e-08,18993.1
0.778569,15964.9,2.33781e-08,18480
0.779571,15965.7,2.35068e-08,17883.9
0.780573,15966.3,2.43874e-08,17836.2
0.781575,15967,2.2327e-08,17874.4
0.782578,15967.6,2.37225e-08,17744.4
0.783579,15968.3,2.39829e-08,17407.2
0.784581,15968.9,2.28842e-08,16835
0.785583,15969.5,2.25202e-08,16773
0.786585,15970.2,2.34141e-08,16393.9
0.787587,15970.7,2.47538e-08,15703.5
0.788589,15971.3,2.40162e-08,15414.1
0.78959,15971.9,2.32325e-08,15046.5
0.790593,15972.4,2.34994e-08,15119.3
0.791595,15973,2.2903e-08,14668
0.792597,15973.6,2.3351e-08,14455.6
0.7936,15974.1,2.23622e-08,14041.8
0.794601,15974.6,2.22074e-08,13935.2
0.795603,15975.1,2.35339e-08,13877.3
0.796606,15975.7,2.29226e-08,13700.8
0.797607,15976.2,2.3818e-08,13499.2
0.798609,15976.7,2.36783e-08,13308.1
0.799611,15977.2,2.31403e-08,12567.6
0.800613,15977.7,2.35967e-08,12542.1
0.801615,15978.1,2.14373e-08,12477.6
0.802618,15978.5,2.37211e-08,12007.8
0.803619,15979,2.48441e-08,11839.6
0.804621,15979.5,2.31612e-08,11368.9
0.805623,15979.9,2.36707e-08,10989.6
0.806626,15980.3,2.33155e-08,10640.1
0.807627,15980.7,2.36652e-08,10236.2
0.808629,15981.2,2.31056e-08,9951.86
0.809631,15981.6,2.43767e-08,9690.5
0.810633,15982,2.35744e-08,9467.94
0.811636,15982.5,2.40475e-08,9130.03
0.812637,15982.8,2.51271e-08,8911.83
0.813639,15983.2,2.34516e-08,8714.01
0.814641,15983.6,2.30031e-08,8698.95
0.815643,15983.9,2.09789e-08,8425.08
0.816645,15984.3,2.44438e-08,8188.55
0.817647,15984.6,2.32293e-08,8035.48
0.81865,15985,2.32078e-08,7857.61
0.819651,15985.3,2.45485e-08,7889.37
0.820653,15985.6,2.36069e-08,7858.92
0.821655,15985.9,2.46598e-08,7767.54
0.822657,15986.3,2.35281e-08,7520.1
0.823659,15986.6,2.50792e-08,7265.75
0.824661,15986.9,2.3413e-08,7253.73
0.825663,15987.2,2.22951e-08,7181.57
0.826665,15987.4,2.46629e-08,7111.75
0.827667,15987.8,2.36499e-08,6754.37
0.828669,15988.1,2.58937e-08,6447.11
0.829671,15988.3,2.34941e-08,6355.22
0.830673,15988.6,2.63906e-08,6140
0.831675,15988.9,2.26986e-08,5976.59
0.832677,15989.2,2.39918e-08,5899.86
0.83368,15989.5,2.42867e-08,5772.28
0.834681,15989.7,2.42854e-08,5737.33
0.835684,15990,2.36398e-08,5637.03
0.836685,15990.2,2.3405e-08,5420.1
0.837687,15990.5,2.52433e-08,5333.85
0.838689,15990.7,2.42005e-08,5291.22
0.839691,15990.9,2.4898e-08,5074.17
0.840693,15991.2,2.31463e-08,4879.83
0.841696,15991.4,2.30613e-08,4714.2
0.842697,15991.6,2.35833e-08,4575.8
0.8437,15991.8,2.45457e-08,4474.6
0.844701,15992,2.31929e-08,4406.95
0.845704,15992.2,2.40256e-08,4356.95
0.846706,15992.4,2.41418e-08,4275.17
0.847707,15992.6,2.38303e-08,4219.13
0.84871,15992.8,2.2896e-08,4038.55
0.849711,15993,2.61163e-08,3858.84
0.850713,15993.1,2.42005e-08,3756.34
0.851715,15993.4,2.25812e-08,3682.92
0.852718,15993.5,2.41655e-08,3560.28
0.85372,15993.7,2.22177e-08,3476.95
0.854721,15993.9,2.19666e-08,3388.55
0.855724,15994.1,2.5091e-08,3265.95
0.856725,15994.2,2.37905e-08,3315.7
0.857727,15994.3,2.17935e-08,3185.14
0.85873,15994.5,2.45256e-08,3042.97
0.859731,15994.6,2.20982e-08,2991.48
0.860733,15994.8,2.2589e-08,2936.79
0.861735,15995,2.47747e-08,2748.98
0.862737,15995.1,2.57373e-08,2656.95
0.86374,15995.3,2.45671e-08,2539.23
0.864742,15995.4,2.44665e-08,2502.77
0.865744,15995.5,2.30436e-08,2450.03
0.866746,15995.7,2.25151e-08,2429.22
0.867747,15995.8,2.44339e-08,2383.88
0.868749,15996,2.26759e-08,2303.71
0.869752,15996.1,2.31769e-08,2276.5
0.870754,15996.2,2.57615e-08,2170.91
0.871755,15996.3,2.33824e-08,2117.55
0.872758,15996.4,2.27044e-08,2061.75
0.873759,15996.5,2.39128e-08,1997.94
0.874762,15996.7,2.28755e-08,1950.2
0.875763,15996.8,2.42453e-08,1868.74
0.876765,15996.8,2.16601e-08,1789.2
0.877767,15996.9,2.31158e-08,1690.26
0.87877,15997,2.40435e-08,1600.55
0.879771,15997.1,2.41043e-08,1492.75
0.880774,15997.2,2.5039e-08,1456.95
0.881776,15997.3,2.29872e-08,1394.57
0.882778,15997.4,2.38256e-08,1347.64
0.88378,15997.5,2.24954e-08,1322.87
0.884781,15997.6,2.36228e-08,1284.82
0.885783,15997.7,2.45031e-08,1258.52
0.886786,15997.7,2.46123e-08,1232.09
0.887788,15997.8,2.27932e-08,1195.7
0.88879,15997.9,2.23108e-08,1140.04
0.889791,15998,2.46153e-08,1111.49
0.890793,15998,2.20532e-08,1063.2
0.891796,15998.1,2.2647e-08,1024.55
0.892798,15998.2,2.45186e-08,978.792
0.893799,15998.3,2.422e-08,914.678
0.894801,15998.3,2.2511e-08,861.552
0.895803,15998.4,2.32843e-08,818.582
0.896806,15998.5,2.44208e-08,766.8
0.897808,15998.5,2.34455e-08,746.118
0.898809,15998.6,2.49824e-08,717.472
0.899812,15998.6,2.46681e-08,678.808
0.900814,15998.7,2.32007e-08,636.8
0.901816,15998.7,2.45793e-08,608.742
0.902818,15998.8,2.43536e-08,584.598
0.90382,15998.9,2.45306e-08,566.312
0.904821,15998.9,2.30772e-08,507.688
0.905823,15999,2.48146e-08,500.422
0.906826,15999,2.34777e-08,486.95
0.907827,15999.1,2.44624e-08,470.648
0.90883,15999.1,2.51125e-08,457.638
0.909832,15999.1,2.66005e-08,445.272
0.910834,15999.2,2.40554e-08,425.2
0.911835,15999.2,2.44217e-08,415.702
0.912838,15999.2,2.391e-08,402.358
0.913839,15999.2,2.39116e-08,386.232
0.914841,15999.3,2.36217e-08,370.95
0.915844,15999.3,2.35343e-08,352.8
0.916846,15999.3,2.36743e-08,346.832
0.917847,15999.4,2.29676e-08,315.062
0.91885,15999.4,2.38136e-08,298.768
0.919852,15999.4,2.37889e-08,274.822
0.920854,15999.5,2.38175e-08,267.942
0.921856,15999.5,2.37104e-08,258.712
0.922858,15999.5,2.4317e-08,240.992
0.92386,15999.5,2.23523e-08,232.758
0.924861,15999.5,2.52417e-08,215.942
0.925864,15999.6,2.38034e-08,206.688
0.926866,15999.6,2.38719e-08,201.302
0.927868,15999.6,2.3225e-08,193.592
0.928869,15999.6,2.29385e-08,186.55
0.929871,15999.7,2.35267e-08,168.2
0.930874,15999.7,2.50464e-08,163.158
0.931876,15999.7,2.42512e-08,154.182
0.932878,15999.7,2.29239e-08,142.8
0.93388,15999.7,2.46401e-08,141.008
0.934882,15999.8,2.2404e-08,127.248
0.935884,15999.8,2.29447e-08,124.152
0.936886,15999.8,2.32077e-08,113.8
0.937887,15999.8,2.53142e-08,109.192
0.93889,15999.8,2.22125e-08,102.182
0.939891,15999.8,2.40767e-08,99.702
0.940893,15999.8,2.15977e-08,83.862
0.941896,15999.8,2.14958e-08,75.878
0.942898,15999.8,2.40139e-08,73.832
0.9439,15999.9,2.41507e-08,69.632
0.944902,15999.9,2.35888e-08,65.288
0.945904,15999.9,2.25802e-08,61.808
0.946905,15999.9,2.34429e-08,56.502
0.947908,15999.9,2.37555e-08,52.168
0.94891,15999.9,2.33543e-08,47.392
0.949912,15999.9,2.51847e-08,43.302
0.950914,15999.9,2.53198e-08,43.302
0.951916,15999.9,2.36387e-08,40.8
0.952918,15999.9,2.4394e-08,39.112
0.95392,15999.9,2.41604e-08,36.55
0.954922,15999.9,2.66625e-08,34.822
0.955924,15999.9,2.30904e-08,33.078
0.956926,15999.9,2.37604e-08,31.318
0.957928,16000,2.28769e-08,24.848
0.95893,16000,2.18985e-08,24.848
0.959932,16000,2.37494e-08,23.942
0.960934,16000,2.47644e-08,22.118
0.961936,16000,2.29112e-08,20.278
0.962938,16000,2.34185e-08,19.352
0.96394,16000,2.39016e-08,17.488
0.964942,16000,2.44172e-08,16.55
0.965944,16000,2.30351e-08,16.55
0.966946,16000,2.33176e-08,15.608
0.967948,16000,2.40914e-08,11.8
0.96895,16000,2.31855e-08,10.838
0.969951,16000,2.41389e-08,9.872
0.970954,16000,2.33347e-08,9.872
0.971956,16000,2.38652e-08,9.872
0.972958,16000,2.44909e-08,5.928
0.97396,16000,2.47482e-08,5.928
0.974962,16000,2.43118e-08,4.95
0.975964,16000,2.50744e-08,4.95
0.976966,16000,2.461e-08,3.968
0.977968,16000,2.38977e-08,2.982
0.97897,16000,2.35475e-08,2.982
0.979972,16000,2.29783e-08,2.982
0.980974,16000,2.446e-08,2.982
0.981976,16000,2.44455e-08,2.982
0.982979,16000,2.40998e-08,0.998
0.98398,16000,2.27011e-08,0
0.984982,16000,2.45792e-08,0
0.985984,16000,2.31611e-08,0
0.986986,16000,2.44122e-08,0
0.987988,16000,2.50515e-08,0
0.98899,16000,2.46598e-08,0
0.989992,16000,2.35379e-08,0
0.990994,16000,2.5907e-08,0
0.991996,16000,2.37214e-08,0
0.992998,16000,2.32229e-08,0
0.994,16000,2.50092e-08,0
0.995002,16000,2.26749e-08,0
0.996004,16000,2.36514e-08,0
0.997006,16000,2.52257e-08,0
0.998008,16000,2.49674e-08,0
0.99901,16000,2.36329e-08,0
1,16000,0,0
0.0361736,61.5,0.275141,1.03417e+06
4.61986,-1,-1,-1
