0,1,0,0
0.00101586,2.26,5.33225e-08,206.2
0.00202057,2.674,4.58022e-08,427.862
0.00302335,3.086,4.79914e-08,737.302
0.00402601,3.438,4.86916e-08,1195.08
0.00502749,3.75,5.15375e-08,1623.75
0.00602876,4.062,5.16363e-08,2765.08
0.00703113,4.406,5.07559e-08,3394.58
0.00803421,4.722,4.94561e-08,4198.36
0.00903554,5.03,4.85465e-08,5482.55
0.0100374,5.368,4.86389e-08,7008.29
0.0110395,5.72,5.41287e-08,8120.8
0.0120415,6.046,5.22992e-08,9301.94
0.0130427,6.296,4.95902e-08,10684.2
0.0140454,6.606,4.82099e-08,12165.4
0.0150471,6.906,4.94997e-08,14168.6
0.0160492,7.204,5.06423e-08,15731.2
0.0170521,7.532,5.26703e-08,17194.5
0.0180529,7.922,5.15977e-08,19174
0.0190555,8.286,5.07376e-08,21164.1
0.0200573,8.666,5.2133e-08,23785.2
0.0210592,8.972,5.23816e-08,24965.6
0.0220617,9.358,5.00469e-08,27602.9
0.0230639,9.718,5.06341e-08,30311.2
0.0240656,10.054,5.3395e-08,32681.5
0.0250669,10.436,5.23304e-08,36523
0.026069,10.822,5.02956e-08,39563.2
0.0270723,11.208,4.94619e-08,43360.4
0.0280739,11.582,4.99075e-08,45535.6
0.0290757,11.948,5.09634e-08,48526.6
0.030077,12.324,5.34061e-08,51501.5
0.0310793,12.664,4.43718e-08,55363.6
0.0320818,13.046,5.19721e-08,58451.9
0.0330835,13.384,5.27608e-08,61336.3
0.0340856,13.81,5.14123e-08,65453
0.0350873,14.258,4.75013e-08,70185.7
0.0360894,14.742,4.86136e-08,76575.7
0.0370919,15.164,5.05761e-08,81396.6
0.0380938,15.624,5.10714e-08,86217.3
0.0390949,16.106,4.9567e-08,90345.4
0.0400974,16.512,5.00261e-08,95894.9
0.0410991,16.95,5.25598e-08,101606
0.0421013,17.326,4.82034e-08,104618
0.0431036,17.914,4.9983e-08,112215
0.044105,18.364,5.18282e-08,117638
0.0451076,18.806,4.85195e-08,123272
0.0461104,19.202,4.95399e-08,128695
0.0471116,19.712,5.16117e-08,135803
0.0481128,20.222,5.16185e-08,142704
0.0491158,20.778,5.0063e-08,150680
0.0501175,21.232,5.13734e-08,155515
0.05112,21.746,4.94527e-08,168319
0.0521211,22.334,5.03411e-08,175391
0.0531238,22.886,4.72539e-08,182405
0.0541261,23.326,5.42667e-08,189192
0.0551277,23.82,5.4516e-08,196284
0.0561295,24.284,5.14974e-08,204650
0.0571315,24.74,5.09601e-08,212200
0.0581333,25.446,4.86645e-08,224228
0.0591352,26.038,4.7701e-08,248830
0.0601373,26.622,5.413e-08,261566
0.0611393,27.22,5.17607e-08,283718
0.0621409,27.84,4.72567e-08,295117
0.0631441,28.428,4.7514e-08,309602
0.0641451,28.964,5.2524e-08,318025
0.0651472,29.51,5.1288e-08,331467
0.0661499,30.118,5.29055e-08,344784
0.0671509,30.778,5.18394e-08,362268
0.0681534,31.66,5.10017e-08,393582
0.069156,32.338,5.05839e-08,410732
0.0701584,32.894,4.67298e-08,424043
0.0711598,33.526,5.23101e-08,440621
0.0721619,34.246,5.24457e-08,454559
0.0731634,34.886,5.17982e-08,465543
0.074166,35.522,4.77882e-08,483695
0.0751673,36.22,4.79582e-08,502174
0.0761705,36.87,5.00895e-08,520157
0.0771714,37.538,5.35371e-08,547194
0.0781731,38.184,5.23099e-08,566831
0.079175,39.036,4.95243e-08,605221
0.0801776,39.886,5.01479e-08,634009
0.0811804,40.684,5.01868e-08,661364
0.0821813,41.502,5.09193e-08,680231
0.0831836,42.262,4.62929e-08,701607
0.0841858,42.966,5.17275e-08,715572
0.0851874,43.946,4.90582e-08,746554
0.08619,44.704,4.8393e-08,770628
0.0871915,45.628,5.43584e-08,793353
0.0881929,46.41,4.92569e-08,819531
0.0891957,47.472,5.17305e-08,848877
0.0901973,48.46,4.78873e-08,895950
0.0911989,49.478,5.00263e-08,986059
0.0922021,50.28,4.82014e-08,1.01397e+06
0.0932037,51.066,4.95775e-08,1.04948e+06
0.0942053,51.968,5.16163e-08,1.0832e+06
0.0952078,52.98,5.38716e-08,1.11518e+06
0.0962098,53.868,4.97822e-08,1.14354e+06
0.0972111,54.748,4.76758e-08,1.17242e+06
0.098214,55.948,4.68401e-08,1.21793e+06
0.0992157,56.974,4.9935e-08,1.2514e+06
0.100218,58.052,4.96505e-08,1.29224e+06
0.10122,59.112,5.16158e-08,1.34414e+06
0.102222,60.378,5.14138e-08,1.39448e+06
0.103224,61.51,4.67293e-08,1.45927e+06
0.104226,63.04,5.22629e-08,1.52979e+06
0.105227,64.248,4.92264e-08,1.61282e+06
0.10623,65.594,4.69347e-08,1.69645e+06
0.107232,67.014,4.97059e-08,1.80111e+06
0.108234,68.154,5.18319e-08,1.83794e+06
0.109236,69.564,5.12962e-08,1.95039e+06
0.110238,70.734,5.38403e-08,2.0008e+06
0.111239,72.146,4.99467e-08,2.08746e+06
0.112242,73.444,4.98532e-08,2.14071e+06
0.113243,75.014,5.07421e-08,2.21017e+06
0.114246,76.264,5.17496e-08,2.26758e+06
0.115248,77.478,5.14237e-08,2.33117e+06
0.11625,78.936,5.13221e-08,2.40344e+06
0.117251,80.396,5.1831e-08,2.46528e+06
0.118253,81.932,4.86153e-08,2.54609e+06
0.119256,83.424,4.6079e-08,2.60896e+06
0.120259,85.116,4.91699e-08,2.69645e+06
0.12126,86.968,5.14794e-08,2.8344e+06
0.122262,88.508,4.78084e-08,2.92664e+06
0.123264,90.946,4.92457e-08,3.29532e+06
0.124266,92.65,4.91551e-08,3.40504e+06
0.125267,94.218,5.25713e-08,3.51718e+06
0.12627,95.992,4.82056e-08,3.63199e+06
0.127271,97.612,4.81602e-08,3.75845e+06
0.128273,99.764,5.56691e-08,4.01577e+06
0.129275,102.014,5.02569e-08,4.1696e+06
0.130278,103.788,4.87234e-08,4.29211e+06
0.13128,105.582,5.24063e-08,4.39628e+06
0.132282,107.572,5.44642e-08,4.56005e+06
0.133284,110.102,5.38796e-08,4.77745e+06
0.134286,112.45,5.23704e-08,5.08934e+06
0.135288,114.688,4.97276e-08,5.242e+06
0.136291,116.896,5.20922e-08,5.46725e+06
0.137292,119.12,4.95071e-08,5.6997e+06
0.138295,121.724,5.24267e-08,5.94504e+06
0.139295,124.174,5.15007e-08,6.15532e+06
0.140298,126.41,4.85965e-08,6.29058e+06
0.1413,128.708,4.90461e-08,6.40841e+06
0.142301,131.098,5.0257e-08,6.62269e+06
0.143304,133.956,5.07204e-08,6.91453e+06
0.144306,136.564,4.89958e-08,7.2094e+06
0.145308,139.082,4.94051e-08,7.38655e+06
0.14631,142.158,5.27319e-08,7.74601e+06
0.147312,144.774,5.14236e-08,7.97484e+06
0.148315,147.506,4.6226e-08,8.17213e+06
0.149317,151.14,4.92402e-08,8.50279e+06
0.150318,154.094,5.11975e-08,8.77034e+06
0.151319,157.022,5.05714e-08,9.14413e+06
0.152322,160.666,4.85383e-08,9.64965e+06
0.153324,163.99,4.88618e-08,1.02256e+07
0.154325,166.978,5.29392e-08,1.0518e+07
0.155328,170.866,5.46142e-08,1.0927e+07
0.15633,174.774,5.34488e-08,1.14514e+07
0.157331,178.728,5.06082e-08,1.17815e+07
0.158334,182.672,5.40199e-08,1.23704e+07
0.159336,185.826,5.35677e-08,1.26968e+07
0.160338,190.756,5.29422e-08,1.33186e+07
0.16134,194.952,4.85165e-08,1.37893e+07
0.162342,198.862,5.08137e-08,1.41843e+07
0.163345,204.264,4.9413e-08,1.50146e+07
0.164345,207.996,5.29252e-08,1.53997e+07
0.165348,211.33,5.28436e-08,1.58019e+07
0.16635,215.994,5.05922e-08,1.62982e+07
0.167352,220.844,4.97646e-08,1.6827e+07
0.168354,225.71,5.07429e-08,1.73336e+07
0.169356,230.622,5.27427e-08,1.79081e+07
0.170358,236.026,5.05985e-08,1.86252e+07
0.171361,241.944,5.20152e-08,1.92345e+07
0.172362,247.284,4.93542e-08,1.9871e+07
0.173364,253.7,4.95239e-08,2.08176e+07
0.174366,258.748,4.99351e-08,2.13866e+07
0.175367,264.934,4.70988e-08,2.20347e+07
0.176369,270.272,5.1256e-08,2.25988e+07
0.177372,276.548,4.76752e-08,2.34234e+07
0.178375,281.966,5.07146e-08,2.42335e+07
0.179376,287.242,5.15436e-08,2.50386e+07
0.180378,295.18,4.91209e-08,2.64021e+07
0.18138,302.19,5.21128e-08,2.72804e+07
0.182382,310.154,5.02121e-08,2.8059e+07
0.183384,317.66,4.78332e-08,2.92399e+07
0.184386,324.956,5.1126e-08,3.04725e+07
0.185388,333.07,5.05151e-08,3.17321e+07
0.18639,340.802,4.64946e-08,3.28816e+07
0.187392,348.378,4.85412e-08,3.3823e+07
0.188394,357.958,5.36683e-08,3.5621e+07
0.189396,365.87,5.23249e-08,3.70344e+07
0.190398,373.926,5.42182e-08,3.8316e+07
0.191401,382.3,4.86541e-08,3.94833e+07
0.192402,390.714,5.33629e-08,4.0884e+07
0.193404,397.29,5.04441e-08,4.18023e+07
0.194406,407.13,4.7992e-08,4.34394e+07
0.195408,416.596,4.87177e-08,4.4758e+07
0.19641,425.938,4.98459e-08,4.59672e+07
0.197412,437.482,5.20161e-08,4.73014e+07
0.198414,449.56,4.73499e-08,4.87847e+07
0.199416,459.57,5.0616e-08,5.00945e+07
0.200418,468.724,5.1253e-08,5.14705e+07
0.20142,477.702,5.08832e-08,5.28855e+07
0.202422,489.748,5.34286e-08,5.44304e+07
0.203424,500.39,5.0464e-08,5.55666e+07
0.204426,511.184,4.82456e-08,5.73591e+07
0.205428,523.482,4.76245e-08,5.92642e+07
0.20643,535.392,4.85322e-08,6.06448e+07
0.207432,547.644,5.08885e-08,6.17312e+07
0.208434,559.504,4.96375e-08,6.34477e+07
0.209436,571.958,4.84854e-08,6.43629e+07
0.210438,583.514,5.15097e-08,6.60374e+07
0.21144,596.28,5.01001e-08,6.768e+07
0.212443,609.326,5.15457e-08,6.97314e+07
0.213444,622.532,4.92357e-08,7.13926e+07
0.214446,637.238,5.05691e-08,7.28609e+07
0.215448,653.93,4.88712e-08,7.4549e+07
0.216451,670.238,4.87558e-08,7.61044e+07
0.217452,683.796,5.06619e-08,7.72661e+07
0.218454,698.172,4.87085e-08,7.85998e+07
0.219456,714.028,4.85406e-08,8.06555e+07
0.220458,729.908,4.95912e-08,8.24679e+07
0.22146,749.188,4.73807e-08,8.40855e+07
0.222461,765.35,4.8646e-08,8.54893e+07
0.223463,781.59,4.88344e-08,8.70167e+07
0.224466,796.564,5.09742e-08,8.79522e+07
0.225468,815.746,5.27891e-08,8.9578e+07
0.22647,832.576,5.01507e-08,9.25573e+07
0.227473,850.698,4.7476e-08,9.44713e+07
0.228475,871.282,4.74485e-08,9.64098e+07
0.229477,890.144,5.03335e-08,9.87292e+07
0.230479,909.114,5.13012e-08,1.00628e+08
0.23148,927.206,5.1378e-08,1.02429e+08
0.232482,950.744,4.93348e-08,1.04067e+08
0.233483,971.65,4.66755e-08,1.05946e+08
0.234486,991.656,4.99207e-08,1.08472e+08
0.235488,1012.13,4.95495e-08,1.10544e+08
0.23649,1035.32,5.08736e-08,1.11486e+08
0.237492,1059.11,4.93428e-08,1.14094e+08
0.238494,1082.21,5.25691e-08,1.15283e+08
0.239496,1103.89,4.89977e-08,1.17404e+08
0.240498,1131.5,5.22443e-08,1.18455e+08
0.2415,1155.5,4.98518e-08,1.19554e+08
0.242502,1179.84,5.22899e-08,1.20676e+08
0.243504,1205.22,4.92261e-08,1.21194e+08
0.244506,1229.4,4.95804e-08,1.22086e+08
0.245509,1254.43,5.1113e-08,1.23556e+08
0.24651,1279.58,5.16652e-08,1.24432e+08
0.247512,1306.95,4.90174e-08,1.25211e+08
0.248515,1333.01,4.83744e-08,1.27329e+08
0.249516,1359.99,5.1769e-08,1.29707e+08
0.250518,1386.5,5.11187e-08,1.3084e+08
0.25152,1411.97,4.99212e-08,1.33405e+08
0.252522,1438.5,4.68653e-08,1.35766e+08
0.253524,1466.05,5.18794e-08,1.35348e+08
0.254525,1491.99,4.54951e-08,1.36553e+08
0.255528,1522.42,4.715e-08,1.37032e+08
0.25653,1553.63,5.34042e-08,1.37665e+08
0.257532,1581.41,4.93985e-08,1.38162e+08
0.258534,1608.79,4.80293e-08,1.38176e+08
0.259536,1639.09,4.71851e-08,1.37216e+08
0.260538,1670.39,5.24172e-08,1.37207e+08
0.26154,1699.96,5.08007e-08,1.37939e+08
0.262542,1727.34,5.30062e-08,1.39652e+08
0.263545,1759.76,5.05896e-08,1.39833e+08
0.264546,1791.84,5.42648e-08,1.38708e+08
0.265549,1821.59,4.77827e-08,1.39698e+08
0.26655,1853.11,5.16909e-08,1.38138e+08
0.267552,1884.91,5.2858e-08,1.36669e+08
0.268554,1918.1,4.94431e-08,1.37748e+08
0.269556,1950.39,4.9372e-08,1.37414e+08
0.270559,1983.04,5.02515e-08,1.37057e+08
0.27156,2015.99,4.96848e-08,1.37034e+08
0.272562,2048.31,4.99992e-08,1.34978e+08
0.273564,2079.57,4.8705e-08,1.35591e+08
0.274566,2114.49,4.8722e-08,1.32375e+08
0.275568,2145.44,4.92352e-08,1.32277e+08
0.276571,2176.87,5.01258e-08,1.32163e+08
0.277573,2212.03,4.91782e-08,1.29677e+08
0.278574,2246.46,4.9209e-08,1.26074e+08
0.279576,2284.21,4.71634e-08,1.25499e+08
0.280579,2316.59,4.97978e-08,1.26168e+08
0.281581,2354.18,4.83026e-08,1.23775e+08
0.282582,2390.12,4.69709e-08,1.21997e+08
0.283585,2422.82,4.75446e-08,1.23573e+08
0.284586,2457.13,5.32123e-08,1.21543e+08
0.285589,2492.02,5.29855e-08,1.21909e+08
0.28659,2526.77,4.92346e-08,1.21477e+08
0.287592,2563.73,4.62077e-08,1.20853e+08
0.288595,2598.81,5.13375e-08,1.19639e+08
0.289597,2637.8,5.30857e-08,1.16923e+08
0.290599,2672.13,5.26625e-08,1.15941e+08
0.2916,2709,5.33148e-08,1.1555e+08
0.292603,2748.66,5.63785e-08,1.10518e+08
0.293604,2785.7,5.20998e-08,1.08249e+08
0.294606,2820.87,4.85374e-08,1.0802e+08
0.295608,2858.8,4.84037e-08,1.08251e+08
0.296611,2896.82,5.03914e-08,1.05213e+08
0.297612,2934.13,5.02742e-08,1.0482e+08
0.298615,2974.5,4.66329e-08,1.02748e+08
0.299617,3012.33,4.84086e-08,1.02278e+08
0.300618,3049.04,4.9662e-08,1.02153e+08
0.30162,3085.95,5.14314e-08,1.02066e+08
0.302622,3121.88,5.13286e-08,1.01279e+08
0.303625,3162.06,5.25339e-08,9.77416e+07
0.304626,3198.36,5.13978e-08,9.73315e+07
0.305629,3237.79,5.00039e-08,9.74802e+07
0.30663,3276.77,5.05013e-08,9.83533e+07
0.307632,3318.53,5.14325e-08,9.71138e+07
0.308634,3358.81,4.60072e-08,9.63286e+07
0.309637,3396.96,4.8272e-08,9.55593e+07
0.310639,3435.94,5.24579e-08,9.46123e+07
0.311641,3474.3,5.05738e-08,9.41312e+07
0.312643,3514.89,5.12161e-08,9.27946e+07
0.313645,3553.53,5.01117e-08,9.17743e+07
0.314647,3591.07,5.2417e-08,9.11686e+07
0.315649,3629,4.81728e-08,9.06045e+07
0.316651,3669.9,5.40312e-08,8.96966e+07
0.317653,3710.9,5.17365e-08,8.80191e+07
0.318654,3752.21,5.00932e-08,8.7286e+07
0.319657,3793.78,5.08766e-08,8.59742e+07
0.320658,3834.94,4.85456e-08,8.53258e+07
0.321661,3874.57,4.91728e-08,8.41786e+07
0.322663,3916.73,4.81916e-08,8.42354e+07
0.323665,3955.9,4.94247e-08,8.39329e+07
0.324667,3994.35,5.15342e-08,8.39019e+07
0.325669,4036.25,5.45841e-08,8.198e+07
0.32667,4080.47,4.98377e-08,8.0605e+07
0.327673,4122.75,4.7182e-08,7.96839e+07
0.328674,4162.63,5.02152e-08,7.8868e+07
0.329677,4203.96,5.15933e-08,7.87668e+07
0.330678,4247.25,4.86322e-08,7.74418e+07
0.33168,4289.69,4.95137e-08,7.607e+07
0.332683,4332.23,4.76857e-08,7.49578e+07
0.333683,4373.87,5.11755e-08,7.32349e+07
0.334687,4417.34,4.83615e-08,7.17697e+07
0.335689,4459.84,5.16336e-08,7.11474e+07
0.336691,4501.2,4.9823e-08,7.02664e+07
0.337693,4545.19,5.06537e-08,7.00913e+07
0.338695,4588.7,4.86376e-08,6.9933e+07
0.339697,4631.1,5.05703e-08,6.86908e+07
0.340699,4673.83,5.40816e-08,6.76953e+07
0.341701,4716.18,5.1082e-08,6.74321e+07
0.342704,4759.13,5.32994e-08,6.70784e+07
0.343705,4801.93,4.91887e-08,6.63265e+07
0.344706,4847.32,4.99753e-08,6.56068e+07
0.345709,4891.57,4.72695e-08,6.48813e+07
0.346711,4934.94,4.98426e-08,6.41753e+07
0.347713,4977.98,4.87927e-08,6.32855e+07
0.348716,5021.21,5.02448e-08,6.26792e+07
0.349717,5066.63,4.98363e-08,6.20388e+07
0.350719,5110.82,4.81824e-08,6.07699e+07
0.35172,5155.68,5.02549e-08,5.98496e+07
0.352723,5200.2,4.81339e-08,5.91721e+07
0.353725,5243.54,5.43033e-08,5.85587e+07
0.354727,5285.59,5.00993e-08,5.8089e+07
0.355728,5330.11,5.16268e-08,5.71227e+07
0.356731,5372.89,4.96617e-08,5.63953e+07
0.357733,5417.55,5.319e-08,5.57416e+07
0.358735,5460.98,5.12034e-08,5.50716e+07
0.359736,5504.33,4.87319e-08,5.46805e+07
0.360739,5547.81,5.06699e-08,5.43677e+07
0.361741,5592.24,5.20937e-08,5.35115e+07
0.362743,5637.67,5.04733e-08,5.30939e+07
0.363744,5681.11,5.14541e-08,5.23795e+07
0.364746,5725.69,5.01649e-08,5.22239e+07
0.365749,5770.02,4.87408e-08,5.18547e+07
0.366751,5814.36,4.86877e-08,5.10724e+07
0.367753,5859.07,5.28127e-08,5.04737e+07
0.368754,5902.12,5.02418e-08,4.97055e+07
0.369757,5946.68,4.7591e-08,4.87884e+07
0.37076,5991.3,4.82922e-08,4.81825e+07
0.371761,6035.52,5.43692e-08,4.74402e+07
0.372763,6081.93,4.79181e-08,4.69671e+07
0.373765,6126.02,5.11908e-08,4.67787e+07
0.374767,6170.16,5.21312e-08,4.69008e+07
0.375768,6214.65,4.86124e-08,4.64214e+07
0.37677,6259.41,4.78833e-08,4.60951e+07
0.377773,6305.09,4.92982e-08,4.54382e+07
0.378775,6349.29,5.06072e-08,4.48235e+07
0.379777,6394.28,5.38522e-08,4.46944e+07
0.380778,6440.27,5.52385e-08,4.42136e+07
0.38178,6484.34,5.32352e-08,4.41729e+07
0.382783,6528.98,4.81298e-08,4.38191e+07
0.383784,6574.29,5.1728e-08,4.30674e+07
0.384786,6620.27,5.45684e-08,4.29827e+07
0.385788,6665.08,4.86853e-08,4.26172e+07
0.386792,6709.78,4.87722e-08,4.24831e+07
0.387793,6753.91,4.9909e-08,4.19376e+07
0.388796,6798.56,4.81472e-08,4.12428e+07
0.389796,6843.22,4.9744e-08,4.04842e+07
0.390799,6886.9,4.98712e-08,4.07115e+07
0.3918,6931.81,4.80867e-08,4.01933e+07
0.392803,6974.78,5.17286e-08,3.95334e+07
0.393805,7016.42,4.89082e-08,3.94397e+07
0.394807,7061.05,5.15142e-08,3.9278e+07
0.395809,7104.61,5.02716e-08,3.89082e+07
0.396811,7148.37,5.19193e-08,3.84689e+07
0.397813,7192.92,4.98075e-08,3.8465e+07
0.398815,7239.05,4.73699e-08,3.78333e+07
0.399818,7283.95,4.75297e-08,3.72064e+07
0.400819,7329.52,4.94851e-08,3.67276e+07
0.401821,7374.4,4.86263e-08,3.65203e+07
0.402824,7418.07,4.78255e-08,3.60938e+07
0.403826,7462.63,5.25819e-08,3.57028e+07
0.404827,7505.89,5.25147e-08,3.54982e+07
0.405829,7550.48,5.15813e-08,3.48781e+07
0.406831,7595.01,4.66637e-08,3.44468e+07
0.407833,7639,4.80252e-08,3.40093e+07
0.408836,7683.27,4.89828e-08,3.36697e+07
0.409837,7727.6,5.1793e-08,3.33603e+07
0.410838,7772.8,4.88312e-08,3.30113e+07
0.411841,7817.57,5.09063e-08,3.2321e+07
0.412843,7862.34,4.62843e-08,3.19773e+07
0.413845,7906.66,5.08744e-08,3.20683e+07
0.414847,7949.33,5.34491e-08,3.1611e+07
0.415848,7994.18,4.92175e-08,3.116e+07
0.416852,8036.83,5.25462e-08,3.10042e+07
0.417853,8078.95,5.20118e-08,3.0704e+07
0.418855,8121.89,5.17078e-08,3.01679e+07
0.419857,8165.11,4.83474e-08,2.98643e+07
0.420859,8209.09,5.64785e-08,2.96073e+07
0.421861,8252.93,5.42498e-08,2.90477e+07
0.422863,8294.63,5.36195e-08,2.86678e+07
0.423866,8336.89,4.77236e-08,2.8221e+07
0.424867,8379.76,5.11248e-08,2.77775e+07
0.425868,8423.67,4.95841e-08,2.72063e+07
0.42687,8466.9,5.17869e-08,2.68775e+07
0.427873,8509.7,4.94038e-08,2.68527e+07
0.428875,8553.23,4.94803e-08,2.64507e+07
0.429877,8594.95,4.84639e-08,2.61115e+07
0.430879,8635.99,4.81378e-08,2.56963e+07
0.43188,8677.21,4.86521e-08,2.55746e+07
0.432883,8719.04,4.87909e-08,2.53714e+07
0.433885,8761.41,4.96768e-08,2.48843e+07
0.434887,8803.75,5.17981e-08,2.4392e+07
0.435889,8846.25,5.25347e-08,2.40593e+07
0.436891,8887.88,4.79002e-08,2.38654e+07
0.437893,8928.99,5.06077e-08,2.38282e+07
0.438895,8970.75,5.09837e-08,2.34889e+07
0.439897,9012.6,5.03835e-08,2.33177e+07
0.440899,9053.75,4.66128e-08,2.31018e+07
0.441902,9095.93,5.06277e-08,2.28384e+07
0.442903,9138.49,4.88563e-08,2.25098e+07
0.443905,9179.2,4.92424e-08,2.23639e+07
0.444907,9220.68,4.92571e-08,2.19885e+07
0.445909,9260.58,4.99556e-08,2.15775e+07
0.44691,9300.65,5.12006e-08,2.12654e+07
0.447914,9340.71,4.89205e-08,2.08451e+07
0.448915,9381.33,5.12079e-08,2.05881e+07
0.449917,9420.74,5.08744e-08,2.03036e+07
0.450919,9461.46,5.08728e-08,2.0063e+07
0.451922,9501.2,4.97727e-08,2.00355e+07
0.452923,9541.66,5.56285e-08,1.98278e+07
0.453925,9579.47,4.87755e-08,1.94935e+07
0.454927,9619.72,4.70281e-08,1.91052e+07
0.45593,9659.59,4.95618e-08,1.9012e+07
0.456932,9699.56,5.12063e-08,1.88427e+07
0.457933,9740.89,5.44678e-08,1.85007e+07
0.458935,9780.4,4.87413e-08,1.82964e+07
0.459938,9821.06,4.88677e-08,1.80216e+07
0.46094,9861.63,4.90513e-08,1.77171e+07
0.461941,9900.68,4.75045e-08,1.74897e+07
0.462944,9940.45,5.28124e-08,1.72373e+07
0.463945,9978.43,4.96052e-08,1.69765e+07
0.464947,10017.8,5.0156e-08,1.66412e+07
0.465949,10055.7,5.133e-08,1.64893e+07
0.466951,10094.5,4.92278e-08,1.61163e+07
0.467953,10132.6,5.10895e-08,1.57001e+07
0.468955,10172,5.24459e-08,1.52838e+07
0.469957,10210.4,5.2463e-08,1.51673e+07
0.470959,10247.8,5.02405e-08,1.49701e+07
0.471961,10285.9,5.01014e-08,1.47074e+07
0.472963,10322.8,4.87786e-08,1.44282e+07
0.473966,10361,5.01479e-08,1.42012e+07
0.474968,10398.6,5.20839e-08,1.41354e+07
0.47597,10436,5.04958e-08,1.38418e+07
0.476971,10472.6,5.49372e-08,1.37702e+07
0.477974,10510.5,5.03418e-08,1.35207e+07
0.478975,10547.5,4.79642e-08,1.3201e+07
0.479978,10585.1,4.66516e-08,1.30171e+07
0.48098,10621.6,5.14647e-08,1.26725e+07
0.481982,10658.3,5.0836e-08,1.24699e+07
0.482983,10694.9,5.34924e-08,1.2381e+07
0.483986,10731.3,4.93977e-08,1.24133e+07
0.484988,10767.7,5.10748e-08,1.21178e+07
0.485989,10804.4,5.07255e-08,1.18731e+07
0.486992,10840.3,4.66364e-08,1.16198e+07
0.487993,10875.9,4.97771e-08,1.14047e+07
0.488995,10910.2,4.91371e-08,1.11837e+07
0.489997,10946.1,5.08792e-08,1.10818e+07
0.491,10981.9,4.53523e-08,1.082e+07
0.492002,11017.3,5.21365e-08,1.07224e+07
0.493003,11053,5.25931e-08,1.04494e+07
0.494005,11087.7,4.90081e-08,1.0344e+07
0.495008,11122.6,4.94506e-08,1.01704e+07
0.496009,11157.1,5.16162e-08,1.00055e+07
0.497012,11192.1,5.05618e-08,9.87426e+06
0.498013,11225.6,4.92819e-08,9.67111e+06
0.499016,11259.9,5.09204e-08,9.56961e+06
0.500019,11294.3,7.12548e-08,9.37776e+06
0.501019,11328.4,5.11586e-08,9.10856e+06
0.502022,11362.1,4.92999e-08,8.89848e+06
0.503023,11395.7,5.07819e-08,8.83145e+06
0.504026,11428.4,5.12382e-08,8.70814e+06
0.505027,11462.1,4.94466e-08,8.54238e+06
0.50603,11495,4.91873e-08,8.29017e+06
0.507032,11529.2,5.2664e-08,8.23717e+06
0.508033,11562.2,5.20938e-08,8.21e+06
0.509035,11594.6,4.5453e-08,8.05765e+06
0.510038,11627.7,5.11936e-08,7.85976e+06
0.51104,11660.1,4.90332e-08,7.76761e+06
0.512042,11692,4.95748e-08,7.71752e+06
0.513043,11724.1,4.65638e-08,7.54463e+06
0.514046,11756.4,5.10537e-08,7.46111e+06
0.515047,11787.6,5.10472e-08,7.47883e+06
0.516049,11819.9,4.97138e-08,7.40391e+06
0.517051,11851.4,5.34588e-08,7.23824e+06
0.518053,11883,5.08811e-08,7.14908e+06
0.519055,11914.4,5.14903e-08,7.05939e+06
0.520057,11945.2,4.6547e-08,6.93146e+06
0.52106,11976.4,4.81664e-08,6.80774e+06
0.522061,12007,5.04099e-08,6.78593e+06
0.523064,12038.1,5.49295e-08,6.6811e+06
0.524064,12067.7,5.06201e-08,6.5818e+06
0.525067,12098.3,5.22355e-08,6.40492e+06
0.526069,12128.9,5.01462e-08,6.28272e+06
0.527072,12159,4.88683e-08,6.17383e+06
0.528074,12189,5.00603e-08,5.92666e+06
0.529075,12218.3,5.04438e-08,5.89789e+06
0.530077,12248.3,5.26302e-08,5.8328e+06
0.531079,12277.5,5.24308e-08,5.66242e+06
0.532081,12307.4,5.08431e-08,5.56509e+06
0.533084,12336.3,4.93206e-08,5.4372e+06
0.534086,12365.7,5.16268e-08,5.31362e+06
0.535088,12394.4,4.99558e-08,5.26653e+06
0.53609,12423.2,4.95571e-08,5.1893e+06
0.537091,12451.3,5.30967e-08,5.22173e+06
0.538093,12479.9,4.73814e-08,5.10363e+06
0.539095,12508.1,4.91386e-08,4.99945e+06
0.540097,12535.6,4.88842e-08,4.96386e+06
0.5411,12562.9,4.86926e-08,4.84221e+06
0.542102,12591.4,5.4643e-08,4.77575e+06
0.543103,12619.6,5.14229e-08,4.86009e+06
0.544105,12646.5,4.951e-08,4.82334e+06
0.545108,12674.3,4.71689e-08,4.69794e+06
0.54611,12701.6,4.8998e-08,4.59732e+06
0.547111,12728.5,5.5538e-08,4.44063e+06
0.548113,12755.9,4.98584e-08,4.39227e+06
0.549116,12782.2,5.08143e-08,4.31823e+06
0.550118,12808.3,5.08483e-08,4.23165e+06
0.55112,12834.4,5.11639e-08,4.19685e+06
0.552121,12860.7,4.89751e-08,4.13547e+06
0.553125,12887,5.11008e-08,4.08025e+06
0.554126,12912.6,4.9796e-08,4.04149e+06
0.555128,12937.6,4.9233e-08,3.95951e+06
0.55613,12962.8,4.91099e-08,3.86961e+06
0.557131,12988.2,4.88866e-08,3.84803e+06
0.558133,13012.9,5.08248e-08,3.756e+06
0.559135,13038.2,4.65364e-08,3.66954e+06
0.560138,13063.1,5.03016e-08,3.59428e+06
0.56114,13087.6,5.0847e-08,3.55896e+06
0.562141,13111.9,5.07193e-08,3.54772e+06
0.563144,13136.3,4.78481e-08,3.46293e+06
0.564146,13161.4,5.26692e-08,3.39096e+06
0.565148,13186,5.18097e-08,3.32225e+06
0.56615,13209.8,4.9777e-08,3.31976e+06
0.567152,13234.1,4.85363e-08,3.27536e+06
0.568154,13258.1,4.86024e-08,3.25863e+06
0.569156,13282.4,4.83735e-08,3.24531e+06
0.570158,13305.7,4.86534e-08,3.23186e+06
0.57116,13329.1,4.95889e-08,3.21202e+06
0.572161,13351.7,4.93447e-08,3.19855e+06
0.573165,13375,5.14211e-08,3.13357e+06
0.574167,13398.2,4.95111e-08,3.11352e+06
0.575168,13421.3,5.09559e-08,3.08794e+06
0.576169,13444,4.77495e-08,3.05913e+06
0.577172,13466.5,5.38372e-08,2.99734e+06
0.578174,13489.1,5.42426e-08,2.97839e+06
0.579176,13511.2,5.63857e-08,2.95612e+06
0.580177,13532.9,4.8305e-08,2.93593e+06
0.58118,13555,5.17358e-08,2.85863e+06
0.582182,13576.4,5.19085e-08,2.84146e+06
0.583183,13597.7,5.26637e-08,2.80609e+06
0.584186,13619.1,4.91723e-08,2.79837e+06
0.585188,13640.4,5.33951e-08,2.7239e+06
0.58619,13661.9,5.04911e-08,2.66574e+06
0.587192,13682.6,4.63796e-08,2.64003e+06
0.588194,13703.1,5.08435e-08,2.63341e+06
0.589196,13724.5,4.88564e-08,2.58638e+06
0.590197,13745.1,5.1823e-08,2.53098e+06
0.591199,13766.1,4.90469e-08,2.51398e+06
0.592202,13787.1,4.81372e-08,2.51806e+06
0.593204,13806.8,4.66437e-08,2.43593e+06
0.594206,13827.1,5.162e-08,2.42749e+06
0.595208,13846.8,5.23897e-08,2.3932e+06
0.596209,13866.7,5.26466e-08,2.35168e+06
0.597211,13886.5,4.81528e-08,2.29722e+06
0.598214,13905.7,4.88428e-08,2.24014e+06
0.599216,13925.2,4.92008e-08,2.23649e+06
0.600217,13944.5,4.73863e-08,2.20849e+06
0.60122,13964.5,4.727e-08,2.21756e+06
0.602222,13983.3,5.00501e-08,2.19174e+06
0.603224,14002.3,5.20605e-08,2.13551e+06
0.604226,14021.1,4.99314e-08,2.0865e+06
0.605228,14039.6,5.1401e-08,2.03391e+06
0.60623,14058.3,4.88225e-08,1.97425e+06
0.607232,14077.7,5.15645e-08,1.90693e+06
0.608234,14095.9,4.78567e-08,1.86958e+06
0.609236,14114.1,5.01013e-08,1.88294e+06
0.610238,14131.9,4.97177e-08,1.86582e+06
0.611239,14149.4,4.82197e-08,1.847e+06
0.612242,14167,5.01165e-08,1.80869e+06
0.613243,14184.7,4.88441e-08,1.78984e+06
0.614247,14201.9,4.8674e-08,1.74045e+06
0.615248,14219.1,5.46185e-08,1.7236e+06
0.61625,14236.5,5.16167e-08,1.71414e+06
0.617252,14253.9,4.79953e-08,1.70642e+06
0.618254,14271.2,5.33021e-08,1.66008e+06
0.619256,14288.1,5.49906e-08,1.60674e+06
0.620258,14304.5,5.38896e-08,1.57124e+06
0.62126,14321.6,5.07202e-08,1.57722e+06
0.622262,14339,4.91701e-08,1.5523e+06
0.623264,14356.2,4.76663e-08,1.50676e+06
0.624266,14372.2,4.87659e-08,1.50297e+06
0.625268,14387.8,5.1998e-08,1.47861e+06
0.62627,14403.3,5.12634e-08,1.47033e+06
0.627272,14419,4.77561e-08,1.43689e+06
0.628274,14434.8,5.43806e-08,1.46217e+06
0.629275,14450.7,4.8022e-08,1.43365e+06
0.630278,14466.6,4.78389e-08,1.39816e+06
0.63128,14482.1,5.02665e-08,1.38559e+06
0.632282,14497.3,5.28266e-08,1.37278e+06
0.633284,14512.5,4.8815e-08,1.30066e+06
0.634286,14528.1,4.86948e-08,1.2915e+06
0.635288,14543.2,5.02811e-08,1.27015e+06
0.63629,14558.5,5.1482e-08,1.27084e+06
0.637292,14573.1,5.0552e-08,1.26613e+06
0.638294,14588,5.21881e-08,1.27076e+06
0.639296,14602.3,5.08746e-08,1.25998e+06
0.640298,14615.9,4.85901e-08,1.25264e+06
0.641299,14630.4,5.10361e-08,1.24588e+06
0.642302,14644.5,5.32167e-08,1.20736e+06
0.643303,14658.6,4.97046e-08,1.17543e+06
0.644307,14673,5.17214e-08,1.16181e+06
0.645308,14687.2,4.99962e-08,1.16561e+06
0.64631,14700.4,5.41887e-08,1.13184e+06
0.647312,14713.5,4.81912e-08,1.09835e+06
0.648315,14726.9,5.01341e-08,1.0996e+06
0.649316,14740.7,4.81047e-08,1.07515e+06
0.650318,14754.1,4.97406e-08,1.05517e+06
0.651319,14767.3,5.02599e-08,1.05001e+06
0.652322,14780.5,4.89765e-08,1.0412e+06
0.653324,14793.5,4.99833e-08,1.04138e+06
0.654326,14806,4.71094e-08,1.0192e+06
0.655329,14819.5,5.00174e-08,995075
0.65633,14831.6,4.92334e-08,997309
0.657331,14844.2,5.3316e-08,970027
0.658334,14856.7,5.12462e-08,956116
0.659336,14869,5.42065e-08,937929
0.660338,14881.4,5.03336e-08,928017
0.66134,14893.5,4.87272e-08,920248
0.662342,14906.4,5.07856e-08,888591
0.663344,14918.1,4.99257e-08,864826
0.664346,14929.7,5.13303e-08,849696
0.665348,14941.4,4.85972e-08,842908
0.666351,14953.1,5.13802e-08,832106
0.667352,14964.3,4.73002e-08,817666
0.668354,14975.3,4.95804e-08,807066
0.669356,14986.7,4.84165e-08,786949
0.670358,14998,5.15523e-08,770940
0.671361,15009.4,5.01916e-08,763309
0.672362,15020.2,4.719e-08,754866
0.673365,15030.9,4.9836e-08,734419
0.674366,15041.9,5.46299e-08,722473
0.675368,15052.5,5.14834e-08,705990
0.67637,15063.3,4.94918e-08,704742
0.677371,15073.7,4.82933e-08,697437
0.678374,15084.3,4.92585e-08,700193
0.679376,15094.9,4.85677e-08,676503
0.680378,15105.2,5.08869e-08,671745
0.681381,15115.6,4.98728e-08,662317
0.682382,15125.7,5.17794e-08,662213
0.683384,15135.5,5.38559e-08,658787
0.684386,15145.4,4.82975e-08,647621
0.685388,15155,5.26637e-08,646805
0.68639,15164.9,5.02736e-08,647365
0.687392,15174.5,5.12518e-08,630816
0.688394,15184.3,5.07282e-08,614510
0.689396,15193.7,5.2471e-08,604094
0.690398,15203.2,4.82241e-08,592440
0.691401,15212.8,4.60376e-08,605352
0.692402,15222.1,5.12581e-08,610750
0.693405,15231.6,5.03194e-08,598135
0.694406,15240.6,5.00756e-08,590019
0.695408,15249.5,5.13203e-08,597093
0.69641,15258.5,5.24986e-08,580461
0.697413,15267.2,5.12813e-08,579201
0.698414,15276.2,5.15051e-08,579178
0.699416,15284.9,4.97028e-08,576903
0.700418,15293.4,4.85321e-08,566219
0.70142,15301.8,4.6712e-08,567201
0.702422,15310.2,5.04567e-08,551473
0.703423,15318.4,5.04165e-08,556163
0.704427,15326.9,4.845e-08,544456
0.705429,15335.1,4.84816e-08,533037
0.70643,15343.5,5.22001e-08,527199
0.707432,15351.5,5.64874e-08,518441
0.708435,15359.6,5.30995e-08,525014
0.709436,15367.8,5.2697e-08,523693
0.710438,15375.7,5.31466e-08,522875
0.711439,15383.6,5.12139e-08,506531
0.712442,15391.1,4.61508e-08,495722
0.713445,15399,4.93754e-08,484249
0.714446,15406.6,5.25108e-08,467402
0.715449,15414,5.31828e-08,466554
0.71645,15421.7,4.72658e-08,456199
0.717452,15428.9,4.72981e-08,451846
0.718454,15436.3,4.84075e-08,442745
0.719456,15443.5,4.96613e-08,434731
0.720459,15450.8,4.72718e-08,434908
0.721461,15458.2,4.90651e-08,420864
0.722462,15465.1,4.91903e-08,416707
0.723463,15472.1,5.00565e-08,410616
0.724467,15479,4.92186e-08,405726
0.725468,15485.8,4.86288e-08,397902
0.72647,15492.9,4.86961e-08,389643
0.727472,15499.5,4.99422e-08,385863
0.728474,15506.1,4.97082e-08,373017
0.729476,15512.6,5.02116e-08,371801
0.730478,15519.3,4.9497e-08,365763
0.73148,15525.8,4.94721e-08,354703
0.732482,15532.3,5.28829e-08,355114
0.733484,15538.5,5.12679e-08,352830
0.734486,15544.8,4.80144e-08,347935
0.735488,15550.8,5.4109e-08,347298
0.73649,15557.1,5.06359e-08,342284
0.737492,15563.2,5.27474e-08,327121
0.738495,15569.1,5.08082e-08,321940
0.739497,15575,5.22375e-08,318528
0.740499,15580.8,4.69739e-08,310462
0.741501,15586.5,4.82268e-08,302249
0.742503,15592.5,4.93407e-08,296138
0.743505,15598,5.35933e-08,291699
0.744506,15603.7,4.71187e-08,290501
0.745509,15609.2,4.56996e-08,288523
0.746511,15614.5,5.16869e-08,279578
0.747512,15620,4.6896e-08,273804
0.748515,15625.4,4.98888e-08,269514
0.749516,15630.6,5.12581e-08,268921
0.750519,15635.8,5.18135e-08,267838
0.75152,15640.9,4.81111e-08,265580
0.752523,15646.1,4.91224e-08,262093
0.753524,15651.2,5.18773e-08,260327
0.754526,15656.1,5.11164e-08,253027
0.755529,15661.3,4.9454e-08,246288
0.756531,15666.2,4.93163e-08,243855
0.757532,15670.7,5.2188e-08,244758
0.758535,15675.5,4.98168e-08,237285
0.759536,15680.1,5.21774e-08,234462
0.760538,15684.7,4.9082e-08,229807
0.76154,15689.2,5.24993e-08,229785
0.762543,15693.6,4.93665e-08,225746
0.763545,15698.3,5.09889e-08,223819
0.764546,15702.9,4.95551e-08,220884
0.765549,15707.3,5.00345e-08,215465
0.766551,15711.5,4.66376e-08,212423
0.767552,15715.6,4.93196e-08,205805
0.768555,15720,5.15446e-08,202660
0.769556,15724.1,5.11404e-08,198971
0.770558,15728.2,5.02413e-08,196569
0.77156,15732.4,4.74724e-08,192872
0.772562,15736.5,4.77274e-08,191784
0.773565,15740.7,5.025e-08,188367
0.774567,15744.7,5.26671e-08,186391
0.775568,15748.9,5.08854e-08,180290
0.776572,15752.8,4.87811e-08,174663
0.777574,15756.5,4.88148e-08,170795
0.778575,15760.4,4.72761e-08,163357
0.779576,15764.1,4.9454e-08,166204
0.780579,15767.7,4.8531e-08,162623
0.78158,15771.4,4.85253e-08,158229
0.782583,15775.1,5.07178e-08,156165
0.783584,15778.8,4.85963e-08,156314
0.784586,15782.3,4.91092e-08,151428
0.785588,15785.5,5.06303e-08,147854
0.786591,15788.9,4.93119e-08,140644
0.787592,15792.4,5.14991e-08,137597
0.788594,15795.8,5.01368e-08,135065
0.789596,15799.2,5.14853e-08,132856
0.790599,15802.5,4.85817e-08,130809
0.7916,15805.9,4.97232e-08,128661
0.792602,15809.2,5.07433e-08,124080
0.793604,15812.4,4.87445e-08,121753
0.794607,15815.5,4.75434e-08,121336
0.795609,15818.6,4.82323e-08,120035
0.796611,15821.5,5.04271e-08,117733
0.797612,15824.7,5.33228e-08,114585
0.798614,15827.6,5.10949e-08,110485
0.799617,15830.4,5.12368e-08,109397
0.800618,15833.3,5.03448e-08,107199
0.80162,15836.2,4.75059e-08,104869
0.802623,15839,5.20938e-08,105597
0.803624,15841.8,4.95415e-08,105229
0.804627,15844.6,4.89772e-08,105703
0.805629,15847.2,4.77535e-08,106629
0.806631,15850.1,5.06007e-08,104852
0.807633,15852.7,5.31879e-08,103116
0.808634,15855.1,4.85344e-08,100111
0.809637,15857.6,5.44261e-08,97975.4
0.810638,15860.2,5.2212e-08,97106.5
0.811641,15862.6,5.35909e-08,94854
0.812642,15865.1,4.85303e-08,93413.8
0.813645,15867.5,4.65363e-08,91423.9
0.814646,15870,5.04229e-08,91109.9
0.815648,15872.2,5.10015e-08,90410
0.81665,15874.5,4.78582e-08,88008.1
0.817653,15876.8,5.04286e-08,85787.8
0.818655,15879,5.21918e-08,84308.3
0.819657,15881.3,4.9207e-08,81684.5
0.820659,15883.6,5.151e-08,80981.3
0.82166,15885.7,5.0524e-08,80435.1
0.822663,15887.8,4.78391e-08,78745.9
0.823665,15890.1,5.1176e-08,77555.1
0.824668,15892.1,4.688e-08,75781.7
0.825668,15894.4,5.00008e-08,73182.3
0.826671,15896.4,4.95461e-08,72797.8
0.827673,15898.4,4.97525e-08,70337
0.828674,15900.3,5.18387e-08,70246.6
0.829677,15902.2,5.05541e-08,68456
0.830679,15904.1,5.30307e-08,66044
0.83168,15906.1,5.05976e-08,62601
0.832682,15908.1,4.98595e-08,60651.7
0.833685,15910,5.06107e-08,57236.3
0.834687,15911.7,5.26767e-08,56744.8
0.835689,15913.4,5.30633e-08,56023.2
0.83669,15915.2,4.95938e-08,54069.4
0.837692,15916.9,5.06819e-08,53183.7
0.838695,15918.6,4.87652e-08,51662.6
0.839697,15920.4,5.29944e-08,49583.4
0.840699,15922.2,5.34668e-08,48141.6
0.841701,15923.9,5.38737e-08,46372.2
0.842704,15925.5,5.06272e-08,45314.9
0.843705,15927.1,5.35166e-08,44113.1
0.844707,15928.6,5.46073e-08,43309.5
0.845709,15930.3,5.31587e-08,42417.5
0.846711,15931.7,4.86569e-08,41911.6
0.847713,15933.2,4.85776e-08,40604.9
0.848715,15934.7,5.06126e-08,39482.1
0.849717,15936.2,5.13184e-08,39058.9
0.850718,15937.5,4.92322e-08,38115
0.85172,15938.9,4.61368e-08,36743.5
0.852723,15940.4,5.14292e-08,36175.2
0.853724,15941.7,5.2919e-08,34543.7
0.854727,15943.1,4.92299e-08,33524.1
0.855729,15944.3,4.89289e-08,33710.6
0.856731,15945.6,5.09422e-08,33188.5
0.857734,15946.8,5.01496e-08,31631.2
0.858734,15947.9,4.91928e-08,29853.3
0.859737,15949.1,4.84367e-08,28420.9
0.860739,15950.3,5.15289e-08,27741.9
0.86174,15951.5,5.20986e-08,27322.9
0.862743,15952.6,4.96934e-08,27040.3
0.863744,15953.7,5.19664e-08,26690.2
0.864747,15954.7,4.98333e-08,26264.6
0.865749,15955.8,5.24419e-08,25981.1
0.866751,15956.9,5.3578e-08,25356
0.867753,15958,5.45024e-08,24750
0.868755,15959.1,5.21696e-08,23742.6
0.869757,15960.1,4.85968e-08,23117.3
0.87076,15961.1,5.04617e-08,22553.6
0.871761,15962.1,5.5738e-08,21461.5
0.872763,15963.1,4.82333e-08,21196.8
0.873765,15964.1,4.8226e-08,21052.6
0.874767,15965,5.26996e-08,20364.9
0.875769,15965.9,4.88815e-08,19694.6
0.87677,15966.7,4.92779e-08,19984.2
0.877773,15967.5,4.77878e-08,19256.4
0.878775,15968.4,5.14116e-08,18781.6
0.879776,15969.1,4.91896e-08,18352.6
0.880779,15969.9,4.60186e-08,17928.8
0.881782,15970.8,4.86917e-08,17540.4
0.882783,15971.6,5.21089e-08,17156.9
0.883785,15972.4,5.1133e-08,16506.4
0.884787,15973.2,5.1219e-08,16248.2
0.885789,15973.9,5.18002e-08,15770.2
0.886792,15974.7,5.0577e-08,15232.5
0.887793,15975.4,4.98437e-08,14412.4
0.888796,15976.1,5.01578e-08,13932.6
0.889797,15976.7,5.36995e-08,12920.7
0.890799,15977.4,5.12769e-08,12322.9
0.891801,15978.1,5.17305e-08,11830.2
0.892803,15978.7,4.95367e-08,11187
0.893805,15979.3,4.6826e-08,10943.4
0.894807,15979.9,4.93829e-08,10747.8
0.895809,15980.6,5.2035e-08,10399.4
0.896811,15981.2,4.68047e-08,10102.2
0.897813,15981.7,5.13882e-08,9890.68
0.898815,15982.4,5.14489e-08,9722.05
0.899817,15982.9,4.95431e-08,9542.59
0.900819,15983.4,5.01845e-08,9353.43
0.901821,15984,4.6597e-08,8842.98
0.902824,15984.5,4.75464e-08,8425.75
0.903825,15985.1,4.97582e-08,8284.26
0.904827,15985.6,5.37165e-08,8263.54
0.905829,15986,5.16604e-08,7872
0.906831,15986.5,4.95443e-08,7532.99
0.907833,15986.9,4.80816e-08,7430.55
0.908836,15987.4,5.01642e-08,6976.81
0.909837,15987.8,4.77507e-08,6765.8
0.910839,15988.2,5.15871e-08,6538.36
0.911842,15988.7,4.92671e-08,6186.55
0.912843,15989.1,5.44498e-08,6035.54
0.913845,15989.5,4.83967e-08,5688.87
0.914847,15989.9,4.91081e-08,5615.56
0.915849,15990.2,5.15502e-08,5424.15
0.916851,15990.6,4.61248e-08,5327.38
0.917853,15990.9,5.11727e-08,5051.41
0.918854,15991.2,5.02205e-08,4989.75
0.919857,15991.6,5.02286e-08,4788
0.92086,15992,4.91703e-08,4645.2
0.921862,15992.3,5.25206e-08,4575.62
0.922863,15992.6,5.3726e-08,4249.64
0.923864,15992.9,4.99973e-08,4061.73
0.924867,15993.2,4.80216e-08,3908.52
0.925869,15993.4,4.77201e-08,3975.8
0.926871,15993.7,5.19027e-08,3734.21
0.927873,15993.9,5.26016e-08,3524.55
0.928875,15994.2,5.2211e-08,3338.01
0.929876,15994.5,4.6543e-08,3243
0.930879,15994.8,5.0527e-08,3108.74
0.931881,15995,5.08176e-08,2933.8
0.932884,15995.3,5.20012e-08,2809.62
0.933885,15995.5,5.2737e-08,2624.87
0.934888,15995.7,5.12727e-08,2518.8
0.93589,15995.9,5.25085e-08,2447.81
0.936891,15996.1,4.72311e-08,2288.26
0.937894,15996.2,4.74718e-08,2198.55
0.938895,15996.4,5.178e-08,2127.38
0.939897,15996.6,5.38898e-08,1923.64
0.940899,15996.7,4.78213e-08,1800.74
0.941901,15996.9,4.85419e-08,1713.3
0.942903,15997,5.10198e-08,1613.75
0.943905,15997.2,5.12276e-08,1518.95
0.944907,15997.3,5.47573e-08,1432.52
0.945909,15997.5,5.40154e-08,1328.98
0.946911,15997.6,4.7172e-08,1264.92
0.947914,15997.8,5.0442e-08,1174.67
0.948915,15997.9,4.94262e-08,1112.2
0.949917,15998.1,5.14166e-08,1032.65
0.950919,15998.2,4.98992e-08,943.8
0.951922,15998.3,5.17592e-08,818.95
0.952923,15998.4,5.13912e-08,765.2
0.953924,15998.5,4.94513e-08,701.848
0.954927,15998.6,4.85087e-08,664.55
0.95593,15998.7,5.20189e-08,641.782
0.956931,15998.8,4.99835e-08,601.568
0.957933,15998.9,4.81423e-08,566.95
0.958936,15999,5.25945e-08,540.278
0.959937,15999,4.99386e-08,511.608
0.96094,15999.1,4.98414e-08,441.728
0.961941,15999.2,5.10207e-08,411.2
0.962943,15999.2,5.0479e-08,353.2
0.963945,15999.3,4.875e-08,322.182
0.964947,15999.4,4.74663e-08,296.808
0.965949,15999.4,5.1394e-08,273.638
0.966951,15999.5,5.27443e-08,266.422
0.967953,15999.5,5.18309e-08,248.968
0.968956,15999.6,4.45667e-08,212.822
0.969958,15999.6,5.31421e-08,189.592
0.970959,15999.7,5.07837e-08,157.75
0.971961,15999.7,4.9862e-08,150.072
0.972962,15999.7,4.95263e-08,136.358
0.973966,15999.8,5.04608e-08,111.75
0.974968,15999.8,5.22942e-08,100.358
0.975969,15999.8,5.33877e-08,90.792
0.976971,15999.8,5.06455e-08,81.158
0.977973,15999.8,5.01702e-08,72.518
0.978976,15999.9,5.22803e-08,63.288
0.979977,15999.9,5.18645e-08,49.798
0.980979,15999.9,5.06285e-08,41.768
0.981982,15999.9,5.17252e-08,35.112
0.982983,15999.9,5.2651e-08,29.078
0.983986,16000,5.05965e-08,22.848
0.984988,16000,4.93758e-08,16.422
0.985989,16000,4.81167e-08,15.488
0.986992,16000,4.96563e-08,11.712
0.987993,16000,5.24415e-08,10.758
0.988995,16000,5.41135e-08,6.902
0.989997,16000,4.83933e-08,4.95
0.990999,16000,4.87016e-08,2.982
0.992,16000,4.94815e-08,0.998
0.993004,16000,5.08106e-08,0.998
0.994006,16000,5.16623e-08,0.998
0.995007,16000,5.14834e-08,0.998
0.996009,16000,4.86646e-08,0.998
0.997011,16000,4.80871e-08,0
0.998014,16000,4.55881e-08,0
0.999019,16000,5.39627e-08,0
1,16000,0,0
0.164711,198.296,1.16099,7.09585e+06
6.79338,-1,-1,-1
