0,1,0,0
0.00102137,3.566,6.59905e-08,1174.82
0.00202416,5.19,6.26189e-08,3288.95
0.00302551,6.608,6.84183e-08,6293.17
0.00402791,8.028,6.64354e-08,9957.61
0.00502951,9.48,6.28267e-08,14372.8
0.00603198,10.788,6.53658e-08,18781.5
0.00703388,12.158,6.0774e-08,24632.5
0.00803641,13.488,6.28017e-08,31984.9
0.00903752,14.832,6.63776e-08,38851.9
0.010039,16.126,6.82749e-08,46513.1
0.0110413,17.534,6.39164e-08,58696.4
0.0120437,18.938,6.17325e-08,68133.1
0.0130465,20.21,6.26057e-08,76879
0.0140479,21.558,6.66971e-08,87439.3
0.01505,23.056,6.17991e-08,100848
0.0160518,24.598,6.50242e-08,117900
0.0170543,26.042,6.89715e-08,131556
0.018056,27.654,6.32975e-08,145573
0.0190584,29.32,5.69567e-08,166789
0.0200587,30.924,6.83911e-08,182941
0.0210617,32.7,6.27333e-08,212903
0.0220636,34.618,6.39218e-08,238606
0.0230657,36.648,6.3502e-08,285040
0.0240679,38.654,6.1685e-08,325649
0.0250696,40.88,6.25338e-08,365755
0.0260721,43.276,6.66995e-08,424372
0.0270731,45.598,6.69355e-08,479638
0.0280755,48.268,5.93378e-08,554598
0.0290783,50.464,6.12954e-08,600972
0.030079,53.074,6.34873e-08,666316
0.031082,56.066,6.71741e-08,764679
0.0320837,58.664,6.94653e-08,816616
0.0330856,61.15,6.70893e-08,895898
0.0340885,64.146,6.55553e-08,965134
0.0350897,68.364,6.22012e-08,1.11848e+06
0.0360919,71.616,6.15764e-08,1.23508e+06
0.0370939,75.566,6.27887e-08,1.41701e+06
0.0380959,78.898,5.65764e-08,1.52791e+06
0.0390982,82.53,6.34121e-08,1.67922e+06
0.0400988,86.864,6.22232e-08,1.8604e+06
0.0411012,91.422,6.37574e-08,2.05177e+06
0.0421043,96.222,6.6254e-08,2.28313e+06
0.0431056,101.692,6.4224e-08,2.63689e+06
0.044108,105.948,6.48674e-08,2.86174e+06
0.0451102,111.41,6.93922e-08,3.15108e+06
0.0461119,116.43,6.5714e-08,3.42325e+06
0.0471135,122.14,6.23435e-08,3.80805e+06
0.0481161,128.672,6.18876e-08,4.2553e+06
0.0491182,135.624,6.50515e-08,4.73159e+06
0.0501195,142.854,6.03839e-08,5.17426e+06
0.0511218,149.07,6.15453e-08,5.65497e+06
0.0521243,157.326,6.31166e-08,6.15871e+06
0.0531257,165.376,6.25664e-08,6.68113e+06
0.054127,174.656,6.17865e-08,7.42622e+06
0.0551294,182.396,6.31151e-08,8.0331e+06
0.0561313,192.224,5.74833e-08,8.60789e+06
0.0571339,200.47,6.46249e-08,9.06666e+06
0.0581362,208.236,6.24034e-08,9.56225e+06
0.0591378,216.388,6.44813e-08,1.01343e+07
0.0601393,225.306,6.15725e-08,1.06716e+07
0.0611422,236.568,5.90272e-08,1.14026e+07
0.062144,246.214,6.5641e-08,1.18398e+07
0.0631451,258.376,6.039e-08,1.27757e+07
0.0641479,268.78,6.36996e-08,1.32683e+07
0.0651505,279.79,6.51353e-08,1.40743e+07
0.0661514,289.498,6.58929e-08,1.46923e+07
0.0671534,300.942,6.40751e-08,1.5334e+07
0.068156,312.47,6.45155e-08,1.61207e+07
0.0691572,323.894,6.24171e-08,1.68393e+07
0.0701593,335.756,6.26025e-08,1.75631e+07
0.0711612,348.004,6.49957e-08,1.82676e+07
0.0721632,359.576,6.17841e-08,1.88939e+07
0.0731653,373.086,6.04968e-08,1.97575e+07
0.0741685,386.83,5.94044e-08,2.04346e+07
0.0751704,399.28,6.40591e-08,2.11467e+07
0.0761711,412.974,6.36291e-08,2.18749e+07
0.0771742,427.688,6.40082e-08,2.24572e+07
0.0781762,440.778,6.47992e-08,2.2886e+07
0.0791788,453.314,6.63907e-08,2.36945e+07
0.0801798,468.048,6.27972e-08,2.44435e+07
0.0811821,482.218,6.38375e-08,2.47234e+07
0.0821832,495.52,6.34947e-08,2.53548e+07
0.0831866,509.046,6.31181e-08,2.57052e+07
0.0841882,522.666,6.26489e-08,2.62698e+07
0.0851899,537.766,6.17026e-08,2.67855e+07
0.0861926,550.848,6.20458e-08,2.74401e+07
0.0871937,565.194,6.51724e-08,2.76982e+07
0.0881958,578.306,6.32618e-08,2.82258e+07
0.0891989,593.482,6.16419e-08,2.85026e+07
0.0901998,608.764,6.60901e-08,2.89715e+07
0.0912021,623.942,6.30222e-08,2.86507e+07
0.0922037,638.48,6.76789e-08,2.88768e+07
0.0932069,654.234,6.1643e-08,2.88923e+07
0.0942084,667.21,6.05542e-08,2.93604e+07
0.0952098,683.51,6.59516e-08,2.93008e+07
0.0962122,697.77,6.7146e-08,2.94362e+07
0.0972137,712.764,6.37664e-08,2.96554e+07
0.0982163,727.664,6.61884e-08,2.9866e+07
0.0992181,743.862,6.40075e-08,2.99136e+07
0.10022,759.812,6.31041e-08,2.96796e+07
0.101222,774.446,6.2986e-08,3.0031e+07
0.102224,790.136,6.50428e-08,2.99453e+07
0.103226,804.292,6.77998e-08,3.02191e+07
0.104228,819.388,6.32057e-08,3.02537e+07
0.10523,835.106,5.7972e-08,3.02373e+07
0.106233,850.612,5.93384e-08,3.02261e+07
0.107235,866.936,6.64078e-08,2.99814e+07
0.108236,882.144,6.0644e-08,3.01567e+07
0.109237,897.978,6.71687e-08,3.06227e+07
0.11024,914.136,6.26599e-08,3.04776e+07
0.111242,929.232,6.456e-08,3.09155e+07
0.112243,945.278,6.53301e-08,3.06642e+07
0.113246,961.202,5.66233e-08,3.10269e+07
0.114248,977.752,6.26888e-08,3.08263e+07
0.11525,992.74,6.36034e-08,3.12327e+07
0.116253,1008,5.92514e-08,3.16633e+07
0.117253,1024.78,6.11525e-08,3.18827e+07
0.118256,1041.37,6.73672e-08,3.1676e+07
0.119257,1057.15,6.2582e-08,3.16512e+07
0.120259,1074.64,5.76843e-08,3.12081e+07
0.121262,1091.65,6.1738e-08,3.13236e+07
0.122264,1108.3,6.05493e-08,3.13318e+07
0.123266,1124.77,6.29182e-08,3.16623e+07
0.124268,1141.7,6.85131e-08,3.1641e+07
0.125271,1158.99,6.51039e-08,3.11582e+07
0.126272,1175.67,6.16682e-08,3.12827e+07
0.127274,1192.97,6.38006e-08,3.14026e+07
0.128276,1210.38,6.22709e-08,3.12291e+07
0.129277,1226.1,6.65411e-08,3.10984e+07
0.130281,1243.37,5.81351e-08,3.14169e+07
0.131282,1262.41,6.26609e-08,3.11672e+07
0.132283,1277.69,6.55428e-08,3.16021e+07
0.133287,1294.5,6.01528e-08,3.20414e+07
0.134289,1312.21,6.34666e-08,3.15893e+07
0.13529,1328.76,6.8255e-08,3.18751e+07
0.136293,1345.28,6.53529e-08,3.18054e+07
0.137294,1362.17,6.51086e-08,3.22333e+07
0.138296,1379.31,6.19122e-08,3.21396e+07
0.139298,1397.02,6.11519e-08,3.21559e+07
0.140299,1413.64,6.65332e-08,3.22238e+07
0.141303,1430.74,6.63429e-08,3.19228e+07
0.142303,1448.03,6.36925e-08,3.19079e+07
0.143306,1465.23,5.94424e-08,3.17978e+07
0.144308,1482.53,6.22235e-08,3.15882e+07
0.145311,1499.05,6.24835e-08,3.16734e+07
0.146312,1516.19,6.14203e-08,3.16407e+07
0.147314,1534.78,5.86532e-08,3.16756e+07
0.148317,1552.94,6.55408e-08,3.1383e+07
0.149318,1570.66,6.11609e-08,3.16235e+07
0.15032,1587.99,6.16068e-08,3.16927e+07
0.151322,1604.67,6.53437e-08,3.20149e+07
0.152324,1621.67,5.87966e-08,3.20229e+07
0.153326,1639.04,6.19328e-08,3.21832e+07
0.154328,1656.1,6.38379e-08,3.22685e+07
0.155331,1673.42,6.81567e-08,3.23608e+07
0.156332,1691.35,6.71049e-08,3.22501e+07
0.157334,1708.71,6.36389e-08,3.24931e+07
0.158336,1726.3,6.74002e-08,3.26597e+07
0.159338,1744.6,6.48136e-08,3.2376e+07
0.160341,1762.72,5.89951e-08,3.25345e+07
0.161342,1780.38,6.96454e-08,3.25918e+07
0.162344,1797.68,6.10023e-08,3.27362e+07
0.163346,1815.08,6.58545e-08,3.28062e+07
0.164348,1832.74,6.45216e-08,3.29363e+07
0.16535,1851.62,6.25543e-08,3.26374e+07
0.166352,1869.46,6.58585e-08,3.26568e+07
0.167354,1886.77,6.56414e-08,3.27629e+07
0.168357,1905.12,6.3284e-08,3.28552e+07
0.169359,1923.39,6.13079e-08,3.30028e+07
0.170361,1940.97,6.62105e-08,3.32323e+07
0.171362,1959.44,6.80434e-08,3.32383e+07
0.172364,1977.95,6.14496e-08,3.33095e+07
0.173366,1996.73,5.95365e-08,3.32539e+07
0.174368,2014.78,5.94441e-08,3.33759e+07
0.175371,2032.99,6.51348e-08,3.32664e+07
0.176372,2051.46,6.51694e-08,3.34932e+07
0.177374,2070.21,6.27072e-08,3.36412e+07
0.178376,2089.33,6.1084e-08,3.33886e+07
0.179379,2107.5,6.1725e-08,3.36691e+07
0.18038,2125.42,6.18325e-08,3.3698e+07
0.181382,2143.61,6.19156e-08,3.37422e+07
0.182385,2162.51,5.93351e-08,3.38574e+07
0.183386,2180.5,5.87813e-08,3.39378e+07
0.184389,2198.95,6.23288e-08,3.41268e+07
0.18539,2216.93,6.33661e-08,3.43328e+07
0.186393,2235.81,6.17631e-08,3.42889e+07
0.187394,2254.53,5.8687e-08,3.43828e+07
0.188396,2273.83,6.20762e-08,3.43951e+07
0.189398,2293.15,6.12504e-08,3.45221e+07
0.190399,2311.57,6.50304e-08,3.4801e+07
0.191402,2330.79,6.5396e-08,3.4642e+07
0.192405,2349.86,6.34515e-08,3.46529e+07
0.193407,2369.04,6.18659e-08,3.46224e+07
0.194408,2388.47,5.98949e-08,3.46309e+07
0.195411,2407.05,6.6564e-08,3.47747e+07
0.196412,2425.72,6.1891e-08,3.46753e+07
0.197414,2445.26,6.26159e-08,3.46199e+07
0.198416,2464.52,6.17974e-08,3.46019e+07
0.199418,2483.82,6.10466e-08,3.4768e+07
0.200421,2503.06,6.32512e-08,3.49074e+07
0.201423,2521.65,6.1737e-08,3.50408e+07
0.202425,2540.1,6.20226e-08,3.52315e+07
0.203427,2559.45,6.52161e-08,3.5211e+07
0.204428,2578.37,6.67973e-08,3.51804e+07
0.205431,2598.19,6.013e-08,3.51858e+07
0.206432,2617.37,6.40877e-08,3.52455e+07
0.207434,2636.65,6.36913e-08,3.52621e+07
0.208436,2656.55,5.85391e-08,3.51794e+07
0.209438,2676.27,6.05399e-08,3.51814e+07
0.21044,2695.88,6.24847e-08,3.519e+07
0.211443,2715.88,6.22114e-08,3.53262e+07
0.212445,2735.8,6.04461e-08,3.53437e+07
0.213446,2755.55,6.6041e-08,3.52943e+07
0.214449,2774.47,5.92198e-08,3.54309e+07
0.215452,2793.8,6.28614e-08,3.55109e+07
0.216452,2813.77,5.93228e-08,3.54165e+07
0.217455,2833.84,6.14414e-08,3.53327e+07
0.218457,2853.26,6.60876e-08,3.54174e+07
0.219458,2873.43,6.34785e-08,3.54534e+07
0.22046,2893.53,5.69819e-08,3.54424e+07
0.221462,2913.09,6.65888e-08,3.54406e+07
0.222464,2933.02,6.42232e-08,3.53741e+07
0.223466,2953.17,6.49424e-08,3.53436e+07
0.224468,2973.51,6.33419e-08,3.53079e+07
0.22547,2993.7,6.51225e-08,3.52299e+07
0.226472,3013.51,6.50001e-08,3.52587e+07
0.227474,3032.65,6.31937e-08,3.53665e+07
0.228476,3052.71,6.27997e-08,3.53362e+07
0.229479,3072.4,6.09053e-08,3.54461e+07
0.23048,3093.09,6.4557e-08,3.53763e+07
0.231481,3113.04,7.03166e-08,3.55278e+07
0.232484,3133.07,6.40766e-08,3.55223e+07
0.233487,3153.15,6.58168e-08,3.55329e+07
0.234488,3172.85,6.21282e-08,3.57965e+07
0.235489,3192.86,6.59357e-08,3.5837e+07
0.236493,3212.83,6.68216e-08,3.57652e+07
0.237495,3232.88,6.22707e-08,3.57938e+07
0.238496,3253.42,5.89022e-08,3.57049e+07
0.239499,3273.29,6.38239e-08,3.55103e+07
0.2405,3293.04,5.92193e-08,3.55666e+07
0.241502,3313.31,6.35128e-08,3.53968e+07
0.242505,3333.27,6.52015e-08,3.5446e+07
0.243506,3354.06,6.15455e-08,3.55205e+07
0.244509,3373.81,6.50825e-08,3.55598e+07
0.245511,3394.55,6.29705e-08,3.55568e+07
0.246512,3414.46,6.68283e-08,3.55632e+07
0.247515,3434.73,6.46034e-08,3.54041e+07
0.248517,3454.52,6.7124e-08,3.54311e+07
0.249519,3474.7,6.28257e-08,3.52673e+07
0.250521,3495.14,6.45609e-08,3.53224e+07
0.251522,3515.88,6.33921e-08,3.52931e+07
0.252525,3536.27,6.27889e-08,3.53509e+07
0.253526,3556.39,6.60105e-08,3.53997e+07
0.254528,3576.75,6.41846e-08,3.52793e+07
0.255531,3597.42,6.60958e-08,3.52731e+07
0.256532,3617.84,5.97901e-08,3.53412e+07
0.257534,3638.9,6.35885e-08,3.53755e+07
0.258537,3660.28,6.17093e-08,3.54161e+07
0.259539,3680.54,6.30635e-08,3.54001e+07
0.260541,3701.03,6.80366e-08,3.54514e+07
0.261543,3721.07,6.04312e-08,3.54493e+07
0.262544,3741.53,6.39958e-08,3.55416e+07
0.263546,3762.42,6.50299e-08,3.55999e+07
0.264549,3783.16,6.57662e-08,3.57409e+07
0.26555,3803.25,6.47256e-08,3.5974e+07
0.266552,3824.38,6.40122e-08,3.58074e+07
0.267556,3844.85,6.73229e-08,3.59617e+07
0.268557,3866.2,6.35653e-08,3.5889e+07
0.269559,3886.57,6.55614e-08,3.59543e+07
0.27056,3907.31,6.86903e-08,3.57549e+07
0.271563,3927.78,5.88719e-08,3.54764e+07
0.272565,3948.96,6.00661e-08,3.53706e+07
0.273566,3970.06,6.53566e-08,3.55434e+07
0.274569,3991.41,6.48952e-08,3.55104e+07
0.275571,4012.82,6.23076e-08,3.54607e+07
0.276572,4033.15,6.24786e-08,3.5581e+07
0.277575,4054.09,6.25265e-08,3.574e+07
0.278576,4074.97,5.92554e-08,3.60206e+07
0.279579,4095.73,6.58929e-08,3.60441e+07
0.280579,4116.11,6.35828e-08,3.61424e+07
0.281582,4137.19,6.28288e-08,3.61136e+07
0.282585,4158.17,6.37709e-08,3.62122e+07
0.283587,4179.15,6.17294e-08,3.62476e+07
0.284588,4199.96,6.2757e-08,3.64043e+07
0.28559,4220.7,5.93057e-08,3.63888e+07
0.286593,4241.55,6.33246e-08,3.63743e+07
0.287595,4262.72,6.31254e-08,3.64633e+07
0.288596,4283.66,6.70939e-08,3.64341e+07
0.289599,4304.42,6.03798e-08,3.63786e+07
0.290601,4325.45,6.00059e-08,3.62888e+07
0.291603,4346.44,6.17926e-08,3.6226e+07
0.292605,4367.6,6.16593e-08,3.62813e+07
0.293608,4388.97,6.31485e-08,3.64149e+07
0.294609,4409.89,6.59662e-08,3.64438e+07
0.29561,4430.9,6.43638e-08,3.63441e+07
0.296614,4451.99,6.23799e-08,3.62491e+07
0.297614,4472.65,6.32925e-08,3.61633e+07
0.298616,4493.54,6.01438e-08,3.62545e+07
0.299619,4514.8,6.42044e-08,3.62234e+07
0.300621,4535.61,6.3174e-08,3.61387e+07
0.301623,4556.81,6.28213e-08,3.60339e+07
0.302625,4578.16,6.74451e-08,3.5894e+07
0.303627,4599.65,6.13082e-08,3.58728e+07
0.304629,4620.88,6.23193e-08,3.5787e+07
0.30563,4641.75,6.13066e-08,3.56921e+07
0.306632,4662.6,6.3484e-08,3.5549e+07
0.307635,4684.04,6.25123e-08,3.54811e+07
0.308637,4705.08,6.39861e-08,3.53286e+07
0.30964,4726.4,6.38106e-08,3.53196e+07
0.310642,4747.58,6.56349e-08,3.53672e+07
0.311643,4768.37,6.48321e-08,3.53162e+07
0.312644,4789.23,6.46953e-08,3.54153e+07
0.313647,4810.64,6.51363e-08,3.54228e+07
0.314649,4831.76,6.51946e-08,3.53928e+07
0.31565,4852.8,6.17229e-08,3.52294e+07
0.316653,4873.93,6.41514e-08,3.52312e+07
0.317655,4894.88,6.05385e-08,3.51986e+07
0.318657,4916.28,6.16596e-08,3.52524e+07
0.319659,4937.56,6.16965e-08,3.51699e+07
0.320661,4959,5.87608e-08,3.49458e+07
0.321663,4980.55,6.17619e-08,3.48332e+07
0.322664,5002.17,6.52941e-08,3.49004e+07
0.323666,5022.7,6.03029e-08,3.49535e+07
0.324669,5044.25,6.62888e-08,3.49394e+07
0.325671,5065.3,6.37788e-08,3.49357e+07
0.326673,5086.81,6.42288e-08,3.50357e+07
0.327675,5108.42,6.47426e-08,3.49312e+07
0.328676,5129.7,6.73539e-08,3.49345e+07
0.329678,5151.12,6.11992e-08,3.48339e+07
0.33068,5172.71,6.599e-08,3.479e+07
0.331683,5194.48,6.4104e-08,3.47539e+07
0.332685,5215.6,6.11257e-08,3.48145e+07
0.333686,5237.31,6.47442e-08,3.4674e+07
0.334689,5258.95,6.68974e-08,3.46645e+07
0.335691,5280.25,6.06347e-08,3.454e+07
0.336693,5301.5,6.23603e-08,3.44677e+07
0.337695,5322.53,6.53655e-08,3.44042e+07
0.338697,5344.14,5.91713e-08,3.45513e+07
0.339699,5365.7,5.94322e-08,3.45058e+07
0.340701,5387.3,6.40293e-08,3.44528e+07
0.341703,5409.27,6.82207e-08,3.43274e+07
0.342705,5431.1,6.37353e-08,3.42129e+07
0.343707,5453.19,6.70732e-08,3.41505e+07
0.344709,5474.88,6.2264e-08,3.41988e+07
0.34571,5495.84,6.13714e-08,3.42398e+07
0.346713,5516.99,6.41388e-08,3.41846e+07
0.347714,5538.19,6.40465e-08,3.42376e+07
0.348717,5559.96,6.19363e-08,3.42456e+07
0.349719,5581.24,6.26144e-08,3.41337e+07
0.350721,5602.85,6.21891e-08,3.4202e+07
0.351722,5624.85,6.58799e-08,3.40528e+07
0.352725,5645.72,6.48879e-08,3.40557e+07
0.353727,5667.75,5.9438e-08,3.38344e+07
0.354729,5689.15,6.36902e-08,3.38111e+07
0.355731,5710.7,6.77699e-08,3.36556e+07
0.356733,5732,6.19457e-08,3.35383e+07
0.357735,5754.2,6.3047e-08,3.35103e+07
0.358737,5776.02,6.52302e-08,3.34739e+07
0.35974,5797.78,6.16963e-08,3.34559e+07
0.36074,5818.88,6.23009e-08,3.35002e+07
0.361743,5840.95,6.25151e-08,3.34172e+07
0.362745,5862.46,6.19017e-08,3.33165e+07
0.363746,5883.88,6.05019e-08,3.32267e+07
0.364749,5905.2,6.29579e-08,3.3065e+07
0.36575,5926.75,6.58309e-08,3.29824e+07
0.366753,5948.36,6.05691e-08,3.30043e+07
0.367755,5970.78,6.3348e-08,3.29629e+07
0.368757,5992.07,6.3745e-08,3.28261e+07
0.369758,6013.94,6.49618e-08,3.27704e+07
0.370761,6035.56,6.51991e-08,3.2656e+07
0.371764,6057.52,6.24407e-08,3.25918e+07
0.372765,6079.56,6.14468e-08,3.24219e+07
0.373767,6101.36,6.61161e-08,3.24804e+07
0.374769,6123.16,6.23495e-08,3.24328e+07
0.375771,6144.96,6.00495e-08,3.2396e+07
0.376773,6166.69,6.06772e-08,3.23383e+07
0.377774,6188.69,6.34223e-08,3.2117e+07
0.378777,6210.39,6.58761e-08,3.20459e+07
0.379779,6231.9,6.5296e-08,3.19534e+07
0.38078,6253.76,5.99914e-08,3.18979e+07
0.381783,6275.06,6.80268e-08,3.18133e+07
0.382784,6296.69,6.17088e-08,3.17444e+07
0.383786,6318.4,6.00491e-08,3.15486e+07
0.384789,6339.82,6.7065e-08,3.15637e+07
0.385792,6361.07,6.07933e-08,3.14848e+07
0.386794,6382.74,5.79607e-08,3.14246e+07
0.387795,6404.71,6.35148e-08,3.14156e+07
0.388798,6426.85,6.35925e-08,3.13921e+07
0.389799,6449.25,6.42238e-08,3.14081e+07
0.390802,6471.34,6.14552e-08,3.12809e+07
0.391804,6492.8,6.30757e-08,3.12841e+07
0.392805,6514.94,6.20621e-08,3.12779e+07
0.393807,6537.35,6.17368e-08,3.11659e+07
0.394809,6558.77,6.54177e-08,3.11042e+07
0.395811,6580.44,6.10788e-08,3.11971e+07
0.396813,6602.45,6.48107e-08,3.1051e+07
0.397815,6624.57,6.46129e-08,3.1025e+07
0.398817,6646.38,6.57331e-08,3.09075e+07
0.399819,6668.18,6.36416e-08,3.07766e+07
0.400822,6689.02,5.93623e-08,3.06416e+07
0.401823,6710.64,6.52895e-08,3.06635e+07
0.402826,6732.45,6.66249e-08,3.06727e+07
0.403827,6753.77,6.32581e-08,3.06598e+07
0.40483,6775.44,6.36779e-08,3.05061e+07
0.405832,6796.72,6.36415e-08,3.0372e+07
0.406833,6818.49,6.34113e-08,3.02371e+07
0.407836,6840.27,6.09045e-08,3.00597e+07
0.408837,6861.96,6.49908e-08,2.99801e+07
0.409839,6883.61,6.50804e-08,2.98742e+07
0.410841,6905,6.41823e-08,2.97048e+07
0.411843,6926.86,6.49238e-08,2.96436e+07
0.412845,6948.57,5.93138e-08,2.96062e+07
0.413846,6970.68,6.43605e-08,2.93812e+07
0.414849,6992.57,6.20787e-08,2.93261e+07
0.415851,7014.18,5.84065e-08,2.9191e+07
0.416854,7036.12,6.02008e-08,2.90787e+07
0.417855,7058.25,6.16693e-08,2.90327e+07
0.418857,7079.7,6.16648e-08,2.90797e+07
0.419859,7101.33,6.38173e-08,2.90764e+07
0.42086,7122.85,6.57301e-08,2.89126e+07
0.421863,7144.27,6.37102e-08,2.90259e+07
0.422866,7165.7,6.7548e-08,2.88948e+07
0.423868,7187.67,6.71281e-08,2.89451e+07
0.424869,7209.08,6.33572e-08,2.88245e+07
0.42587,7230.85,6.39384e-08,2.8765e+07
0.426873,7252.29,6.67001e-08,2.86633e+07
0.427876,7274.05,6.26975e-08,2.85718e+07
0.428877,7295.4,6.43844e-08,2.85311e+07
0.42988,7317.05,6.1252e-08,2.83727e+07
0.430882,7339.31,6.65204e-08,2.82757e+07
0.431882,7361.09,6.0273e-08,2.83499e+07
0.432885,7382.88,5.67035e-08,2.81963e+07
0.433888,7405.02,6.24181e-08,2.8072e+07
0.434889,7426.89,6.27892e-08,2.80791e+07
0.435891,7448.37,6.28057e-08,2.79337e+07
0.436894,7470.41,6.58385e-08,2.77681e+07
0.437895,7491.9,6.52881e-08,2.7772e+07
0.438898,7513.57,6.38286e-08,2.77322e+07
0.4399,7534.84,6.32197e-08,2.77337e+07
0.440901,7556.79,6.32902e-08,2.75135e+07
0.441903,7578.45,5.89236e-08,2.75205e+07
0.442905,7600.62,6.19828e-08,2.73923e+07
0.443907,7621.93,6.72016e-08,2.7235e+07
0.444909,7643.67,6.48564e-08,2.70372e+07
0.445912,7665.38,6.36514e-08,2.69461e+07
0.446913,7687.14,6.29329e-08,2.69816e+07
0.447915,7709.03,6.06875e-08,2.68913e+07
0.448918,7731.06,6.42836e-08,2.68983e+07
0.449919,7752.63,6.46005e-08,2.68293e+07
0.45092,7774.37,6.85589e-08,2.68772e+07
0.451923,7795.79,6.47359e-08,2.68008e+07
0.452925,7817.47,6.51949e-08,2.66477e+07
0.453927,7839.44,6.97848e-08,2.6673e+07
0.454929,7861.25,6.15291e-08,2.66865e+07
0.455931,7882.44,6.36183e-08,2.64383e+07
0.456933,7904.12,5.85897e-08,2.63624e+07
0.457935,7926.22,6.28954e-08,2.63378e+07
0.458939,7947.38,6.46923e-08,2.62303e+07
0.45994,7969.44,6.31817e-08,2.6125e+07
0.46094,7991.34,6.23683e-08,2.59617e+07
0.461944,8013.05,6.7293e-08,2.59584e+07
0.462945,8034.33,6.39014e-08,2.59643e+07
0.463948,8056.32,6.16092e-08,2.60364e+07
0.464949,8077.99,6.30207e-08,2.58608e+07
0.465951,8100,6.36807e-08,2.57817e+07
0.466954,8120.83,6.30156e-08,2.57443e+07
0.467956,8142.45,6.2781e-08,2.56874e+07
0.468958,8164.3,6.33572e-08,2.55349e+07
0.469959,8185.94,6.36486e-08,2.5388e+07
0.470961,8207.35,6.49058e-08,2.53724e+07
0.471964,8229.2,6.22077e-08,2.51842e+07
0.472966,8250.65,6.64466e-08,2.51945e+07
0.473966,8271.43,6.56703e-08,2.52064e+07
0.47497,8292.89,5.92116e-08,2.51533e+07
0.475971,8314.18,6.06055e-08,2.50875e+07
0.476973,8335.68,6.17308e-08,2.51786e+07
0.477975,8357.03,6.22196e-08,2.50826e+07
0.478978,8378.68,6.32575e-08,2.50469e+07
0.47998,8400.3,6.53224e-08,2.49458e+07
0.480981,8421.98,5.67567e-08,2.48159e+07
0.481983,8443.46,5.98492e-08,2.47321e+07
0.482985,8464.75,6.377e-08,2.46203e+07
0.483988,8486.16,6.78929e-08,2.45609e+07
0.484989,8507.69,6.05392e-08,2.44465e+07
0.485992,8529.12,6.46823e-08,2.43254e+07
0.486993,8550.86,6.06753e-08,2.41412e+07
0.487995,8572.06,5.9602e-08,2.40685e+07
0.488997,8593.76,6.34031e-08,2.40867e+07
0.49,8615.31,6.83063e-08,2.40726e+07
0.491001,8637.4,6.09917e-08,2.3928e+07
0.492004,8658.5,6.0971e-08,2.38204e+07
0.493005,8680.31,6.81053e-08,2.37328e+07
0.494007,8701.51,6.60236e-08,2.37322e+07
0.49501,8722.83,6.32417e-08,2.38736e+07
0.49601,8744.48,6.20119e-08,2.36555e+07
0.497013,8766.22,6.39231e-08,2.35545e+07
0.498015,8788.05,6.47172e-08,2.34987e+07
0.499017,8809.88,6.32949e-08,2.35066e+07
0.500019,8830.99,9.89857e-08,2.33592e+07
0.501022,8852.74,6.44542e-08,2.33467e+07
0.502024,8873.88,6.45662e-08,2.32524e+07
0.503026,8894.93,6.42677e-08,2.30782e+07
0.504029,8916.27,6.15417e-08,2.2842e+07
0.505029,8937.75,6.36707e-08,2.27585e+07
0.506032,8959.31,6.66599e-08,2.27071e+07
0.507034,8980.57,6.77535e-08,2.26777e+07
0.508035,9001.97,6.07339e-08,2.26089e+07
0.509038,9023.27,6.16899e-08,2.24762e+07
0.510039,9044.54,6.78841e-08,2.25064e+07
0.511042,9065.79,6.45169e-08,2.23719e+07
0.512044,9086.82,5.96081e-08,2.23909e+07
0.513046,9107.97,6.03192e-08,2.2319e+07
0.514047,9128.92,6.44992e-08,2.23145e+07
0.51505,9149.53,6.10894e-08,2.22239e+07
0.516051,9170.33,6.81099e-08,2.20989e+07
0.517054,9191.44,6.39657e-08,2.19542e+07
0.518056,9212.49,6.00288e-08,2.18213e+07
0.519058,9233.87,5.69849e-08,2.17555e+07
0.520059,9255.39,6.47831e-08,2.16652e+07
0.521061,9276.93,6.32532e-08,2.14672e+07
0.522064,9298.47,6.28263e-08,2.13927e+07
0.523066,9319.96,6.16619e-08,2.11837e+07
0.524068,9340.82,6.04869e-08,2.11532e+07
0.525069,9361.68,5.95454e-08,2.10274e+07
0.526073,9383.35,6.55208e-08,2.08817e+07
0.527073,9404.38,6.67743e-08,2.06812e+07
0.528075,9425.28,6.17599e-08,2.0542e+07
0.529078,9446.54,6.49512e-08,2.05452e+07
0.53008,9467.32,6.28304e-08,2.05627e+07
0.531081,9488.46,6.35613e-08,2.03326e+07
0.532083,9509.47,6.33101e-08,2.02805e+07
0.533085,9530.43,6.32445e-08,2.02565e+07
0.534088,9550.86,6.33179e-08,2.01514e+07
0.53509,9571.88,6.25869e-08,2.00472e+07
0.536091,9593.04,6.17657e-08,1.9921e+07
0.537094,9614.61,6.35802e-08,1.9929e+07
0.538095,9635.3,6.74576e-08,1.98574e+07
0.539099,9655.86,6.21855e-08,1.97978e+07
0.540099,9676.98,6.34288e-08,1.9662e+07
0.5411,9698.11,6.57646e-08,1.95941e+07
0.542104,9719.34,6.2933e-08,1.95573e+07
0.543106,9740.57,5.8218e-08,1.94462e+07
0.544108,9761.61,6.39789e-08,1.92899e+07
0.54511,9782.42,6.17449e-08,1.92202e+07
0.546112,9803.44,6.96892e-08,1.9236e+07
0.547114,9824.17,6.47537e-08,1.92317e+07
0.548116,9844.72,6.49853e-08,1.91528e+07
0.549119,9865.43,6.80433e-08,1.90973e+07
0.55012,9886.74,6.472e-08,1.89306e+07
0.551121,9907.24,6.44445e-08,1.8788e+07
0.552124,9928.35,6.04693e-08,1.86929e+07
0.553126,9949.38,6.25572e-08,1.85211e+07
0.554127,9970.25,6.3687e-08,1.8429e+07
0.55513,9991.23,6.56701e-08,1.83456e+07
0.556132,10012.1,6.69829e-08,1.82848e+07
0.557134,10032.9,6.18844e-08,1.82216e+07
0.558136,10054.2,5.94002e-08,1.81469e+07
0.559138,10074.4,6.40837e-08,1.80545e+07
0.560139,10095.4,6.30223e-08,1.79973e+07
0.561141,10115.9,6.41175e-08,1.7968e+07
0.562144,10136.7,6.49266e-08,1.79561e+07
0.563145,10157.3,6.47869e-08,1.79152e+07
0.564148,10177.6,6.35465e-08,1.77771e+07
0.56515,10198.7,6.30195e-08,1.76795e+07
0.566151,10218.9,6.22942e-08,1.76529e+07
0.567154,10239.5,5.65913e-08,1.75119e+07
0.568157,10260,5.99036e-08,1.74332e+07
0.569157,10280.4,6.67444e-08,1.7402e+07
0.570159,10300.4,6.091e-08,1.7345e+07
0.571162,10321,6.45426e-08,1.72203e+07
0.572163,10341.9,6.19623e-08,1.7177e+07
0.573166,10362.7,6.67645e-08,1.70915e+07
0.574169,10383.4,6.35072e-08,1.70032e+07
0.57517,10404.5,6.40856e-08,1.69805e+07
0.576171,10424.9,6.68044e-08,1.69147e+07
0.577174,10445.4,6.72426e-08,1.67908e+07
0.578176,10465.7,6.38748e-08,1.66421e+07
0.579179,10486.2,6.60003e-08,1.6514e+07
0.58018,10507.1,6.36704e-08,1.63454e+07
0.581182,10527.5,6.27927e-08,1.63167e+07
0.582184,10548.6,6.21706e-08,1.62561e+07
0.583185,10569.1,5.96311e-08,1.61846e+07
0.584188,10589.4,5.84398e-08,1.6167e+07
0.58519,10609.8,6.3038e-08,1.61154e+07
0.586193,10630.7,6.3844e-08,1.61179e+07
0.587194,10650.9,5.98091e-08,1.60324e+07
0.588196,10671.6,6.47861e-08,1.58328e+07
0.589198,10692.1,6.38246e-08,1.5828e+07
0.5902,10712.3,6.46176e-08,1.57518e+07
0.591202,10732.2,6.47768e-08,1.56281e+07
0.592203,10752.5,6.02153e-08,1.55608e+07
0.593206,10772.5,6.3691e-08,1.54999e+07
0.594207,10792.8,6.3651e-08,1.54098e+07
0.595209,10812.8,6.36564e-08,1.53176e+07
0.596212,10832.6,6.33255e-08,1.5203e+07
0.597213,10852.6,6.67229e-08,1.52105e+07
0.598216,10873.2,6.51738e-08,1.51054e+07
0.599217,10893.3,5.97076e-08,1.50528e+07
0.60022,10912.9,6.36159e-08,1.50545e+07
0.601222,10933.2,6.59894e-08,1.50123e+07
0.602224,10953.1,6.42227e-08,1.49547e+07
0.603226,10973.6,6.45191e-08,1.49314e+07
0.604228,10993.3,6.13129e-08,1.48612e+07
0.60523,11012.9,6.46973e-08,1.48392e+07
0.606232,11032.9,6.14125e-08,1.46829e+07
0.607234,11053,6.19341e-08,1.46284e+07
0.608235,11073,6.3149e-08,1.45343e+07
0.609237,11093,6.17037e-08,1.43822e+07
0.61024,11113,6.43349e-08,1.43204e+07
0.611241,11133.4,6.28074e-08,1.42377e+07
0.612244,11153.3,6.33483e-08,1.40941e+07
0.613245,11173.5,5.83611e-08,1.39873e+07
0.614247,11193.3,6.07038e-08,1.3899e+07
0.615251,11212.9,6.67176e-08,1.38093e+07
0.616253,11232.9,6.0183e-08,1.37762e+07
0.617255,11253.1,6.16037e-08,1.37474e+07
0.618256,11273,6.75983e-08,1.35922e+07
0.619259,11292.6,5.99673e-08,1.35972e+07
0.62026,11312.4,6.51544e-08,1.35369e+07
0.621262,11332.2,6.59764e-08,1.35165e+07
0.622265,11351.4,6.29575e-08,1.34176e+07
0.623266,11371,6.13776e-08,1.33408e+07
0.624268,11391,6.011e-08,1.33293e+07
0.62527,11410.6,6.22697e-08,1.33387e+07
0.626272,11429.9,6.65032e-08,1.32807e+07
0.627274,11449.9,6.20228e-08,1.31836e+07
0.628275,11469.7,6.29931e-08,1.30864e+07
0.629278,11489.4,6.55153e-08,1.29918e+07
0.630281,11509,6.55766e-08,1.29291e+07
0.631282,11528.6,6.36228e-08,1.28192e+07
0.632284,11548.2,6.39743e-08,1.27508e+07
0.633286,11567.7,6.12655e-08,1.26613e+07
0.634289,11587.4,6.53534e-08,1.25808e+07
0.63529,11606.6,6.37656e-08,1.24477e+07
0.636293,11626.2,6.1137e-08,1.24116e+07
0.637294,11645.6,6.1174e-08,1.2369e+07
0.638296,11665.2,6.21817e-08,1.23218e+07
0.639299,11684.3,6.23713e-08,1.22489e+07
0.640299,11703.7,6.22531e-08,1.22019e+07
0.641302,11722.9,6.52309e-08,1.21544e+07
0.642304,11743,6.32111e-08,1.21209e+07
0.643306,11762.1,6.20603e-08,1.20654e+07
0.644308,11781.4,6.7497e-08,1.20435e+07
0.64531,11800.5,6.36245e-08,1.20186e+07
0.646312,11819.6,5.93781e-08,1.20151e+07
0.647314,11838.7,6.43282e-08,1.19736e+07
0.648317,11857.7,6.62115e-08,1.19272e+07
0.649318,11877.2,6.20776e-08,1.17878e+07
0.65032,11896.1,6.22004e-08,1.16852e+07
0.651322,11914.8,6.224e-08,1.16475e+07
0.652325,11933.9,6.44837e-08,1.16754e+07
0.653326,11953,6.43916e-08,1.16065e+07
0.654329,11972.1,6.1383e-08,1.15686e+07
0.65533,11990.8,6.20898e-08,1.13887e+07
0.656332,12009.4,6.69714e-08,1.13597e+07
0.657334,12028.5,6.34567e-08,1.12877e+07
0.658336,12047.6,6.81775e-08,1.11963e+07
0.659338,12066.5,6.34202e-08,1.11026e+07
0.66034,12085.4,5.96789e-08,1.10221e+07
0.661342,12104.1,5.89293e-08,1.09783e+07
0.662344,12122.7,6.57284e-08,1.09099e+07
0.663346,12141.4,6.22169e-08,1.08435e+07
0.664348,12160.6,6.10852e-08,1.07352e+07
0.66535,12179.4,6.72925e-08,1.06823e+07
0.666353,12198.4,6.46312e-08,1.05801e+07
0.667354,12216.8,6.07378e-08,1.05376e+07
0.668357,12235.6,6.45749e-08,1.0458e+07
0.669359,12254.4,6.60353e-08,1.03649e+07
0.670361,12273,6.10379e-08,1.02599e+07
0.671363,12290.9,6.70283e-08,1.02193e+07
0.672364,12309.7,6.47096e-08,1.01004e+07
0.673366,12328.4,6.35342e-08,9.939e+06
0.674368,12347.3,6.37665e-08,9.85446e+06
0.67537,12365.8,6.61647e-08,9.80618e+06
0.676373,12384.5,6.08287e-08,9.71758e+06
0.677375,12403.1,6.55139e-08,9.67686e+06
0.678376,12421,6.18147e-08,9.64805e+06
0.679378,12439.2,5.89801e-08,9.59437e+06
0.68038,12457.4,6.18338e-08,9.50748e+06
0.681382,12476.1,6.24175e-08,9.42158e+06
0.682384,12494.4,6.01056e-08,9.38364e+06
0.683386,12512.4,6.37159e-08,9.28175e+06
0.684389,12530.4,6.20078e-08,9.17283e+06
0.68539,12548.8,6.55287e-08,9.09173e+06
0.686392,12567.3,6.53679e-08,9.02393e+06
0.687395,12585.5,6.53053e-08,8.99929e+06
0.688397,12604,6.40638e-08,8.94208e+06
0.689398,12622,6.49805e-08,8.85419e+06
0.690399,12640.2,6.3329e-08,8.70944e+06
0.691402,12659,6.46429e-08,8.65807e+06
0.692404,12676.8,6.27605e-08,8.56972e+06
0.693407,12694.9,6.31774e-08,8.53206e+06
0.694409,12712.5,6.16652e-08,8.46519e+06
0.69541,12730.4,6.18409e-08,8.4123e+06
0.696412,12748,6.17569e-08,8.32318e+06
0.697414,12765.9,6.8228e-08,8.28238e+06
0.698417,12783.5,6.28167e-08,8.1932e+06
0.699418,12801.6,6.30872e-08,8.10459e+06
0.70042,12819.5,6.36848e-08,8.09222e+06
0.701423,12837.4,6.01906e-08,8.0199e+06
0.702425,12855.5,6.34488e-08,7.94055e+06
0.703425,12872.9,6.17579e-08,7.88475e+06
0.704429,12890.8,6.38612e-08,7.86863e+06
0.70543,12908.6,6.61672e-08,7.78971e+06
0.706431,12926,6.32368e-08,7.74373e+06
0.707434,12943.5,6.1273e-08,7.71258e+06
0.708436,12960.9,6.19715e-08,7.57684e+06
0.709438,12978.8,5.98309e-08,7.52582e+06
0.710441,12996.2,5.96975e-08,7.4324e+06
0.711443,13013.9,6.73431e-08,7.37945e+06
0.712444,13030.6,6.32312e-08,7.30967e+06
0.713446,13048,6.30913e-08,7.25273e+06
0.714449,13065.6,5.8729e-08,7.17028e+06
0.715451,13082.9,6.24946e-08,7.10021e+06
0.716452,13100.1,6.23293e-08,7.06137e+06
0.717454,13117.1,6.42357e-08,7.00289e+06
0.718457,13134.4,6.32616e-08,6.94828e+06
0.71946,13151.9,6.35546e-08,6.98198e+06
0.72046,13169.4,6.55097e-08,6.91395e+06
0.721463,13186.6,5.85515e-08,6.81747e+06
0.722464,13203.7,6.26285e-08,6.7576e+06
0.723467,13220.7,6.28406e-08,6.70714e+06
0.724468,13237.4,6.10059e-08,6.62862e+06
0.72547,13254.1,6.50865e-08,6.54003e+06
0.726473,13271.3,6.61174e-08,6.51112e+06
0.727474,13288.2,5.91161e-08,6.4405e+06
0.728477,13305.5,5.89209e-08,6.41368e+06
0.729479,13322,6.8027e-08,6.39652e+06
0.73048,13338.2,6.59597e-08,6.34398e+06
0.731482,13355.2,6.34507e-08,6.24724e+06
0.732483,13371.4,6.82361e-08,6.24164e+06
0.733487,13388.2,6.35406e-08,6.21698e+06
0.734489,13405.1,6.45332e-08,6.14331e+06
0.73549,13421.5,6.50351e-08,6.07668e+06
0.736493,13438.1,6.47344e-08,6.02448e+06
0.737495,13454.9,6.33879e-08,5.99918e+06
0.738496,13471.5,5.97705e-08,5.93354e+06
0.739498,13487.8,6.80235e-08,5.89589e+06
0.7405,13504.4,6.29359e-08,5.83427e+06
0.741502,13520.2,6.15361e-08,5.7793e+06
0.742505,13536.7,6.29767e-08,5.70633e+06
0.743507,13553,5.99154e-08,5.64471e+06
0.744508,13569.8,6.55507e-08,5.59294e+06
0.745511,13585.9,6.34737e-08,5.56321e+06
0.746513,13602,6.62124e-08,5.54333e+06
0.747515,13618.4,6.22925e-08,5.52317e+06
0.748517,13634.7,6.31735e-08,5.46961e+06
0.749518,13651.1,6.38045e-08,5.41504e+06
0.75052,13667.2,6.34016e-08,5.33769e+06
0.751522,13683.2,6.73667e-08,5.28458e+06
0.752524,13699.7,6.4295e-08,5.23412e+06
0.753527,13716,6.615e-08,5.19153e+06
0.754528,13732.2,6.32785e-08,5.19129e+06
0.755531,13748.3,6.58257e-08,5.14423e+06
0.756533,13764.6,6.09762e-08,5.10326e+06
0.757534,13780.7,6.55884e-08,5.07768e+06
0.758537,13796.3,6.39235e-08,5.0547e+06
0.759539,13811.9,5.97481e-08,5.01573e+06
0.76054,13827.9,6.36435e-08,4.96494e+06
0.761543,13843.5,5.90819e-08,4.91893e+06
0.762544,13859.3,6.20777e-08,4.88787e+06
0.763546,13874.9,6.70645e-08,4.81578e+06
0.76455,13890.2,6.59479e-08,4.72764e+06
0.765551,13905.3,6.23234e-08,4.69059e+06
0.766552,13921.2,6.55854e-08,4.63315e+06
0.767555,13936.6,6.38257e-08,4.59817e+06
0.768558,13951.9,6.98418e-08,4.57069e+06
0.769559,13967.4,6.42948e-08,4.50142e+06
0.77056,13983.1,6.08642e-08,4.49725e+06
0.771563,13998.4,6.29493e-08,4.43235e+06
0.772565,14013.5,6.36085e-08,4.40802e+06
0.773567,14028.6,6.44127e-08,4.3796e+06
0.774569,14044.1,6.47286e-08,4.31105e+06
0.775571,14059.3,6.41161e-08,4.25081e+06
0.776573,14074.6,6.45703e-08,4.16358e+06
0.777575,14089.6,6.52882e-08,4.13887e+06
0.778577,14104.6,6.64849e-08,4.12508e+06
0.779579,14119.9,5.72006e-08,4.09001e+06
0.780581,14134.5,6.3646e-08,4.03913e+06
0.781582,14149.4,6.58408e-08,4.00598e+06
0.782584,14163.8,6.0848e-08,3.93711e+06
0.783587,14178.9,5.96308e-08,3.89302e+06
0.784587,14193.7,6.33224e-08,3.8275e+06
0.78559,14207.9,5.9494e-08,3.77599e+06
0.786593,14222.6,6.57139e-08,3.74746e+06
0.787594,14237.3,6.05744e-08,3.70588e+06
0.788596,14252.2,6.29634e-08,3.68081e+06
0.789599,14266.7,6.3665e-08,3.61224e+06
0.790601,14281,6.08224e-08,3.56024e+06
0.791603,14296,5.88047e-08,3.55938e+06
0.792605,14310.8,6.44536e-08,3.51493e+06
0.793607,14325.2,6.44516e-08,3.46037e+06
0.794608,14339.6,6.01368e-08,3.44804e+06
0.795611,14354,6.68882e-08,3.44956e+06
0.796612,14368.1,6.52373e-08,3.44225e+06
0.797614,14382.4,6.17889e-08,3.4144e+06
0.798616,14396.8,6.19075e-08,3.38542e+06
0.799618,14410.9,6.31004e-08,3.37716e+06
0.800621,14424.8,6.12676e-08,3.36483e+06
0.801623,14438.9,6.18949e-08,3.30655e+06
0.802625,14452.7,6.20843e-08,3.25532e+06
0.803627,14467.1,6.25179e-08,3.18295e+06
0.804628,14480.8,6.69196e-08,3.15006e+06
0.805631,14494.2,5.97956e-08,3.12207e+06
0.806632,14507.7,6.21101e-08,3.09488e+06
0.807634,14521.6,6.31357e-08,3.03613e+06
0.808637,14535.4,6.5625e-08,2.98793e+06
0.80964,14549.3,6.50284e-08,2.9487e+06
0.810641,14563,6.19185e-08,2.88103e+06
0.811643,14576.2,6.20881e-08,2.86126e+06
0.812645,14589.9,5.88223e-08,2.77967e+06
0.813646,14603.3,6.17644e-08,2.7289e+06
0.814649,14616.7,6.30444e-08,2.72775e+06
0.81565,14630.4,6.19621e-08,2.69051e+06
0.816653,14643.9,5.93411e-08,2.6342e+06
0.817654,14657.2,5.98945e-08,2.58122e+06
0.818657,14670.3,6.12251e-08,2.54205e+06
0.819659,14683.9,6.13843e-08,2.47648e+06
0.82066,14697.1,6.18919e-08,2.45839e+06
0.821663,14710.2,6.14217e-08,2.43014e+06
0.822665,14723.2,6.24807e-08,2.42447e+06
0.823667,14736.1,6.46555e-08,2.40245e+06
0.824668,14749.2,6.51446e-08,2.34572e+06
0.825671,14761.7,5.94596e-08,2.31589e+06
0.826673,14774.4,6.05075e-08,2.28217e+06
0.827675,14787.2,6.15419e-08,2.25454e+06
0.828677,14799.7,6.7732e-08,2.2205e+06
0.829678,14812.4,6.52332e-08,2.20331e+06
0.830681,14824.7,6.10941e-08,2.19549e+06
0.831682,14836.9,6.26171e-08,2.16317e+06
0.832685,14849.1,6.51726e-08,2.11967e+06
0.833688,14861.5,6.60632e-08,2.07085e+06
0.834689,14873.7,6.22273e-08,2.06183e+06
0.835691,14886.4,6.45362e-08,2.00359e+06
0.836693,14898.2,6.49575e-08,1.98067e+06
0.837695,14910.5,6.06398e-08,1.92475e+06
0.838698,14922.5,6.96126e-08,1.91884e+06
0.839698,14934.6,5.87163e-08,1.91826e+06
0.840701,14946.7,6.49618e-08,1.88787e+06
0.841703,14958.7,6.70969e-08,1.8362e+06
0.842705,14970.9,6.37754e-08,1.79805e+06
0.843707,14982.8,6.70137e-08,1.77756e+06
0.844708,14994.2,6.78021e-08,1.75385e+06
0.845711,15005.8,6.34222e-08,1.75324e+06
0.846713,15017.4,6.20205e-08,1.7501e+06
0.847715,15029.1,5.82234e-08,1.7348e+06
0.848717,15040.8,6.60852e-08,1.70305e+06
0.849719,15052.5,6.10373e-08,1.68597e+06
0.850721,15063.9,6.14772e-08,1.65901e+06
0.851722,15075.2,6.61011e-08,1.62535e+06
0.852725,15086.3,5.96579e-08,1.59882e+06
0.853727,15098.1,6.17586e-08,1.59242e+06
0.854728,15109.8,6.25592e-08,1.54344e+06
0.855731,15121.2,6.28107e-08,1.55436e+06
0.856733,15132.2,5.89876e-08,1.55458e+06
0.857736,15143.6,6.34208e-08,1.52247e+06
0.858736,15154.4,6.64614e-08,1.51302e+06
0.85974,15165.4,6.60317e-08,1.49208e+06
0.860741,15176.5,6.0694e-08,1.46319e+06
0.861743,15186.9,6.19227e-08,1.45051e+06
0.862745,15197.6,6.50168e-08,1.4125e+06
0.863746,15208.3,6.47814e-08,1.38171e+06
0.864749,15218.9,6.79653e-08,1.38469e+06
0.86575,15229.8,6.3485e-08,1.36318e+06
0.866752,15240.4,5.97829e-08,1.35896e+06
0.867756,15250.8,6.50299e-08,1.33582e+06
0.868757,15261,6.25245e-08,1.31195e+06
0.869758,15271.1,5.75416e-08,1.2769e+06
0.870762,15281.9,6.67224e-08,1.23775e+06
0.871763,15291.9,6.22043e-08,1.21394e+06
0.872765,15302.3,6.33249e-08,1.17628e+06
0.873767,15312.7,6.14336e-08,1.15179e+06
0.874768,15322.8,6.50102e-08,1.11428e+06
0.875771,15332.6,6.9087e-08,1.08546e+06
0.876773,15342.6,6.29174e-08,1.05697e+06
0.877775,15352.9,6.06973e-08,1.03676e+06
0.878777,15362.9,6.16102e-08,1.03473e+06
0.87978,15372.5,5.76565e-08,1.01615e+06
0.880782,15382,6.24077e-08,1.00516e+06
0.881783,15391.6,6.71624e-08,978279
0.882786,15401,6.18247e-08,966540
0.883786,15410.1,5.9243e-08,949544
0.884789,15419.9,6.38048e-08,936347
0.885791,15429.1,6.22219e-08,926574
0.886793,15438,5.66554e-08,920650
0.887796,15447.2,6.61058e-08,900270
0.888797,15456.7,6.51514e-08,897505
0.889799,15465.8,6.2472e-08,885746
0.890802,15474.6,6.72493e-08,866934
0.891803,15483.7,6.02699e-08,842243
0.892804,15493.1,6.66735e-08,829816
0.893806,15502,5.97152e-08,808526
0.894809,15510.8,5.84476e-08,794992
0.895811,15519.4,6.3626e-08,778866
0.896813,15528.2,6.81556e-08,768951
0.897815,15536.6,6.49124e-08,762768
0.898817,15545.4,6.22784e-08,744811
0.899819,15553.9,6.2674e-08,746190
0.900821,15562.2,6.44448e-08,728229
0.901823,15570.6,6.64596e-08,717240
0.902825,15579,6.3087e-08,687424
0.903827,15587.4,6.6708e-08,649307
0.904829,15595.5,6.59511e-08,631530
0.905831,15603.3,6.09516e-08,611390
0.906832,15611,6.18759e-08,598979
0.907835,15618.7,6.78062e-08,579226
0.908837,15626.4,6.35089e-08,557413
0.909839,15634,6.60602e-08,538214
0.91084,15641.8,6.22954e-08,533326
0.911843,15649.4,6.25305e-08,522234
0.912845,15656.9,6.49047e-08,501706
0.913846,15664.4,6.16946e-08,496456
0.914849,15671.8,6.08201e-08,485307
0.915851,15679.2,6.20176e-08,474572
0.916852,15686.2,6.37424e-08,466491
0.917856,15693.4,6.33383e-08,458228
0.918857,15700.4,6.3479e-08,449326
0.919859,15707.3,6.2857e-08,440469
0.92086,15714.2,6.65611e-08,435326
0.921863,15721.2,6.45801e-08,424487
0.922865,15727.8,6.36617e-08,410575
0.923868,15734.6,6.34395e-08,407321
0.924869,15741.3,6.30952e-08,398041
0.925871,15747.6,6.01202e-08,392029
0.926874,15754.1,6.02446e-08,377745
0.927876,15760.3,6.18715e-08,367658
0.928878,15766.5,6.47189e-08,356721
0.92988,15773.1,6.30555e-08,355633
0.930882,15779.2,6.25442e-08,348861
0.931883,15785.4,6.40132e-08,338121
0.932886,15791.5,6.46159e-08,333034
0.933888,15797.5,6.60903e-08,324559
0.934889,15803.1,6.52314e-08,316463
0.935891,15808.8,6.32551e-08,302129
0.936894,15814.4,6.07445e-08,291274
0.937895,15820.1,6.53813e-08,287044
0.938897,15825.7,5.89766e-08,281001
0.9399,15831.1,6.18411e-08,269431
0.940901,15836.4,6.37062e-08,260682
0.941903,15841.6,6.22825e-08,253967
0.942905,15846.9,6.43763e-08,242741
0.943908,15852.1,5.79183e-08,238100
0.94491,15857.3,6.24646e-08,231118
0.945912,15862.3,6.13292e-08,224937
0.946913,15867.2,6.23493e-08,213090
0.947915,15871.9,6.28162e-08,206550
0.948917,15876.4,6.15599e-08,194815
0.94992,15881.3,6.01981e-08,187312
0.950921,15885.6,6.52676e-08,183372
0.951923,15890,6.29044e-08,172198
0.952925,15894.3,6.2333e-08,165210
0.953927,15898.4,6.5822e-08,157701
0.954929,15902.5,6.92858e-08,148011
0.955931,15906.7,6.39578e-08,142591
0.956933,15910.7,6.39965e-08,135499
0.957935,15914.6,6.56936e-08,130323
0.958938,15918.5,6.40954e-08,124856
0.95994,15922,6.26931e-08,122103
0.960941,15925.7,6.38872e-08,118478
0.961943,15929,5.59752e-08,112587
0.962945,15932.5,6.34418e-08,105917
0.963947,15936,6.15013e-08,99863.5
0.964949,15939.4,6.20884e-08,96318.1
0.965951,15942.7,6.52496e-08,87695.4
0.966953,15946,6.71179e-08,79421
0.967955,15948.9,6.91539e-08,72080.2
0.968957,15952,6.67196e-08,68012.3
0.96996,15955.1,6.33132e-08,63822
0.970961,15958,6.07952e-08,60348
0.971964,15961.1,5.92386e-08,56712
0.972966,15963.9,6.63142e-08,52230.9
0.973967,15966.5,6.61059e-08,49178.6
0.974969,15968.9,6.2037e-08,44382.2
0.975971,15971.3,6.22622e-08,39110.5
0.976973,15973.2,6.36193e-08,37815.1
0.977975,15975.4,6.30737e-08,34376.6
0.978977,15977.4,6.26539e-08,32099.8
0.97998,15979.5,6.79113e-08,30203
0.980981,15981.5,5.67952e-08,27261
0.981983,15983.3,6.25423e-08,25459.2
0.982985,15985.2,6.88237e-08,22438.4
0.983987,15986.9,6.56389e-08,20215.1
0.984989,15988.5,6.18621e-08,17709
0.985991,15990,6.70653e-08,15579
0.986993,15991.5,6.25068e-08,13172.3
0.987995,15992.7,6.13741e-08,10973.6
0.988998,15993.8,6.3169e-08,9294.45
0.99,15994.9,6.75784e-08,7867.39
0.991002,15995.9,6.51398e-08,6248.92
0.992003,15996.7,6.35517e-08,5035.79
0.993005,15997.5,6.11372e-08,4199.94
0.994007,15998.1,6.48211e-08,3259.39
0.99501,15998.6,6.24594e-08,2426.63
0.996011,15999,6.59165e-08,1842.55
0.997014,15999.3,6.81825e-08,1521.7
0.998015,15999.6,6.17835e-08,1172.95
0.999018,15999.8,6.53761e-08,472.792
1,15999.9,0,336.038
0.0259657,35.122,0.205799,350372
5.38073,-1,-1,-1
