35,480
62,491
776,815
672,771
181,355
58,392
491,489
176,553
591,862
754,162
640,198
807,195
486,833
102,854
233,357
125,15
323,852
715,916
428,829
660,768
101,422
885,620
255,426
729,20
645,516
440,118
594,651
134,394
755,326
540,38
458,728
829,211
199,37
0,451
590,878
672,63
45,339
334,77
192,400
42,224
383,903
292,529
822,986
776,658
606,978
183,848
386,718
58,533
74,802
757,70
2,578
112,891
846,262
924,176
740,317
771,993
9,946
171,857
764,332
847,330
618,751
287,764
499,127
518,273
491,904
287,0
607,506
180,569
491,949
183,491
182,99
491,118
491,51
232,484
23,473
508,828
92,276
843,786
504,851
797,261
274,455
114,876
587,850
828,113
388,694
491,360
87,107
400,333
620,947
289,903
952,741
501,340
242,773
491,771
935,172
571,437
139,422
450,57
551,292
391,691
107,510
621,728
214,447
399,80
231,287
491,937
896,150
684,886
628,820
558,123
129,864
809,168
864,465
284,992
618,111
693,43
529,297
241,573
408,765
907,407
886,98
153,25
603,296
671,6
954,144
335,602
49,697
696,482
533,95
608,28
374,596
343,596
395,272
172,86
903,842
771,422
374,491
507,491
700,626
777,521
286,500
506,42
93,438
370,104
266,553
504,444
959,22
392,269
955,485
851,282
753,771
293,491
285,883
319,758
256,793
303,903
946,393
864,753
446,742
962,716
990,14
851,287
771,156
943,851
999,506
538,351
594,429
8,692
27,847
202,733
396,252
778,33
701,341
66,31
771,721
410,775
901,706
876,344
395,104
49,364
245,735
551,666
946,856
889,134
254,340
493,348
661,46
824,491
143,388
147,287
805,502
521,567
488,464
824,519
479,152
592,711
530,619
382,157
826,369
941,462
414,43
860,955
808,60
826,154
769,262
52,928
815,38
491,19
543,418
652,491
550,200
584,675
361,601
72,377
400,798
966,948
133,127
498,239
425,6
128,895
359,433
741,654
25,199
276,627
491,731
304,690
795,916
736,533
412,62
275,812
997,379
254,664
617,811
535,59
533,881
491,509
27,31
924,792
215,936
557,50
473,390
682,598
239,509
598,808
491,61
113,919
189,359
533,502
245,796
59,130
899,916
908,281
539,667
794,436
110,248
851,566
411,152
965,14
272,302
932,653
249,703
189,237
490,744
304,552
241,330
736,926
504,792
991,264
874,747
923,355
944,771
620,243
894,50
350,0
52,621
54,807
800,287
639,458
415,815
797,524
428,570
244,316
620,161
84,491
903,743
626,30
594,487
700,683
52,491
771,322
905,387
753,623
250,907
210,616
216,923
47,678
303,418
533,51
334,710
771,503
388,161
848,85
303,924
129,219
559,164
706,207
856,563
228,993
7,578
509,85
491,117
491,178
336,745
384,24
886,158
525,58
491,922
915,982
120,595
274,360
643,123
111,2
783,55
20,109
569,555
771,213
834,458
591,275
900,509
903,960
856,749
491,840
771,910
916,659
862,755
431,142
117,668
423,247
847,53
391,898
903,861
600,574
908,803
506,260
621,402
669,32
291,529
195,924
574,546
300,209
470,148
201,467
610,335
380,631
976,255
127,190
194,857
937,478
63,75
272,482
644,366
877,494
159,6
52,627
450,249
3,442
544,303
10,897
166,122
627,11
718,445
938,360
976,541
801,303
618,97
770,70
533,131
282,23
676,491
928,175
608,916
627,69
480,576
291,210
229,633
204,924
945,677
306,567
85,406
778,455
302,569
533,96
210,897
508,29
173,763
491,322
307,767
280,212
573,852
619,455
637,491
187,932
577,218
550,332
820,824
446,935
851,841
404,698
281,147
390,694
974,491
462,145
491,668
314,771
65,615
663,200
706,525
271,836
256,187
196,349
485,919
673,258
681,407
374,872
477,278
496,543
118,887
491,430
501,833
259,538
309,756
640,681
658,638
655,862
49,106
977,585
514,578
90,4
226,400
490,883
491,223
614,925
923,166
601,637
783,577
447,243
971,144
15,830
505,494
874,797
310,491
242,589
556,968
864,66
913,575
405,100
737,83
607,349
461,893
417,394
458,988
413,482
249,647
568,22
860,400
954,442
440,905
917,363
822,227
373,953
827,460
533,44
460,491
985,602
942,864
296,899
865,390
491,783
768,512
755,707
894,805
713,144
548,851
442,287
819,674
86,329
309,189
767,738
568,499
444,942
37,771
310,469
638,865
347,741
889,864
324,537
264,445
908,804
949,552
832,712
491,203
65,958
48,365
848,347
794,542
182,768
534,108
711,452
942,804
973,188
589,651
763,750
196,929
435,973
748,255
789,189
587,686
48,556
213,984
363,404
561,220
122,214
949,82
364,78
491,226
641,178
381,287
399,64
896,597
230,315
368,429
491,492
169,289
643,853
491,717
743,533
37,562
395,215
911,184
807,999
282,888
467,638
553,178
927,624
305,248
61,918
324,400
812,36
155,985
881,491
233,996
763,356
491,508
303,820
766,782
104,840
818,848
309,557
635,954
882,53
858,665
840,231
287,108
615,287
594,141
704,575
119,703
146,627
463,474
337,584
287,867
143,707
760,39
216,867
247,298
578,817
348,519
998,814
619,870
601,300
807,287
586,491
734,582
897,854
491,656
347,200
791,46
371,874
991,647
311,315
234,101
874,367
108,88
539,697
665,730
192,290
214,118
583,771
634,987
564,379
786,710
932,204
980,706
156,87
824,692
526,974
560,855
377,936
995,110
457,506
773,672
325,983
375,44
492,732
983,861
443,491
569,698
567,491
491,892
775,578
777,931
439,527
979,461
873,677
524,830
214,90
491,898
900,653
215,507
329,334
217,0
687,0
728,256
245,806
112,618
0,793
667,831
644,531
691,870
338,491
559,491
45,491
36,888
454,751
370,771
369,408
76,639
489,264
842,463
704,303
988,491
727,783
349,160
594,847
928,569
331,550
283,642
227,811
721,150
742,818
847,875
473,613
786,197
814,287
400,876
403,491
258,497
479,361
197,688
210,920
303,708
180,219
708,647
499,458
985,321
373,739
393,613
584,518
785,325
48,434
654,807
306,187
661,771
189,306
465,713
406,333
288,544
553,52
851,491
97,731
592,605
75,930
986,243
660,527
628,164
543,629
570,933
349,965
527,665
388,864
167,335
681,783
552,299
331,702
400,7
491,350
99,393
142,934
55,845
627,425
185,795
342,153
773,318
125,476
491,15
102,827
409,610
973,113
321,628
84,320
241,407
344,306
214,378
491,573
994,771
857,17
771,501
204,817
848,90
833,944
800,98
491,275
827,497
161,939
208,153
674,902
413,870
521,95
53,705
860,822
852,92
657,512
676,287
158,169
734,464
130,993
287,885
491,94
858,611
627,71
209,140
250,682
806,354
928,977
669,978
669,389
182,952
870,942
987,292
816,937
708,926
397,541
63,341
431,491
618,278
287,524
318,926
945,437
138,487
844,514
374,968
491,429
307,432
36,442
627,150
200,287
931,220
683,158
326,135
520,954
383,951
253,327
616,308
813,609
929,295
438,287
32,490
537,400
470,204
125,72
69,929
639,351
183,1
825,838
491,540
459,650
486,147
624,889
663,510
378,924
680,742
186,685
876,18
948,873
390,975
839,121
589,678
82,298
951,828
955,16
133,684
406,936
675,281
963,696
561,145
317,752
443,398
599,211
408,377
206,443
261,217
305,704
578,379
844,62
714,694
950,903
115,670
4,883
824,283
77,130
690,509
238,399
93,491
823,736
720,89
517,881
690,464
234,705
963,152
922,110
808,546
943,997
854,474
821,388
970,166
204,963
13,289
491,575
362,399
939,379
340,78
60,771
132,287
722,306
585,141
449,948
380,144
836,358
163,466
155,400
96,227
759,623
68,813
345,10
499,705
896,312
402,851
529,853
411,799
436,83
159,270
131,656
276,795
902,340
541,202
312,804
196,882
999,444
962,595
877,586
719,370
702,290
515,537
913,294
491,232
546,771
832,963
506,985
833,88
963,840
336,908
432,114
39,287
252,112
816,628
669,961
928,507
42,196
911,403
220,766
342,874
506,646
447,313
607,690
407,519
323,472
964,287
956,40
268,0
184,661
630,221
377,748
25,417
252,322
316,61
582,0
995,818
299,534
523,561
969,46
459,270
903,147
560,432
757,667
536,512
95,865
491,287
574,169
475,882
372,618
163,315
864,113
540,972
588,237
813,287
578,934
829,726
15,967
298,622
946,859
797,673
250,86
767,472
790,511
764,134
27,317
96,303
476,612
797,251
641,972
299,572
618,58
662,533
746,491
878,190
224,253
770,491
851,231
146,292
823,807
301,457
387,491
941,268
895,826
212,572
359,374
377,489
326,129
742,102
784,383
820,772
987,269
755,777
527,552
805,850
783,179
156,59
707,117
10,520
106,149
120,607
745,196
696,19
466,783
162,888
806,196
908,22
238,728
690,202
266,865
952,591
732,817
504,287
155,936
97,924
866,572
121,779
690,751
277,914
334,565
495,342
258,944
940,618
294,483
926,801
675,582
318,542
719,464
4,491
155,227
306,906
177,965
332,34
236,771
939,287
686,491
137,552
660,197
971,771
654,692
984,522
683,55
477,287
790,186
505,156
569,160
214,990
650,109
631,491
506,740
528,985
41,568
491,685
614,845
552,847
319,791
893,853
462,347
612,388
761,589
797,917
847,45
388,837
625,14
119,159
109,503
475,926
527,849
459,838
547,690
381,50
287,425
526,703
760,274
345,713
179,256
359,368
753,96
563,79
154,376
396,458
578,452
327,586
965,800
350,648
558,545
4,839
880,0
816,785
126,844
605,262
620,533
297,441
7,705
627,236
782,762
565,593
851,313
784,22
344,419
407,492
491,126
358,775
572,281
185,790
287,455
69,491
682,434
967,419
506,677
808,385
450,873
930,539
80,663
948,328
833,397
757,626
249,780
225,850
899,836
466,588
230,967
109,371
445,513
906,491
491,432
35,799
181,547
45,228
246,15
91,453
749,874
555,643
303,809
94,771
491,751
648,390
633,678
424,874
877,392
203,857
522,783
783,17
244,139
63,111
950,951
138,909
433,8
779,835
682,314
959,624
583,846
797,696
850,987
474,414
191,443
491,912
233,674
189,491
610,565
771,106
204,193
281,214
993,578
165,226
421,198
879,551
222,287
549,545
132,372
280,876
13,534
82,799
238,449
40,966
807,507
610,37
404,957
738,251
614,303
673,422
286,287
722,960
124,611
127,230
481,759
415,604
366,585
297,559
931,940
558,885
555,90
502,491
413,911
649,630
4,823
423,506
554,841
168,901
801,709
729,87
143,110
446,134
759,192
313,871
400,958
111,624
857,862
679,932
562,888
70,412
724,544
393,491
636,133
28,246
444,506
389,976
590,688
541,869
375,622
363,281
903,749
861,52
771,267
981,785
171,279
657,991
554,219
308,355
405,943
163,933
807,969
868,802
191,864
687,34
605,270
847,34
31,74
847,965
991,578
565,343
445,606
91,419
609,920
862,214
827,122
28,248
491,537
232,878
807,103
258,982
773,491
471,433
741,958
506,545
509,355
82,589
578,542
6,291
445,782
382,597
807,898
235,151
287,312
56,632
369,424
774,689
782,771
87,21
374,74
848,903
287,858
84,824
617,328
871,448
848,99
560,787
40,650
824,154
479,759
62,684
295,936
863,301
491,423
128,426
783,498
872,424
3,579
91,807
633,436
522,491
948,41
81,837
905,226
772,536
947,5
771,837
783,514
52,983
597,798
103,491
495,222
765,385
578,159
287,266
811,563
565,540
576,531
267,392
620,214
287,406
968,491
374,441
486,287
451,703
174,409
778,78
66,470
578,250
290,859
938,992
680,618
491,452
783,71
811,716
867,259
201,120
607,664
959,83
645,30
218,732
57,531
447,898
285,709
783,997
891,708
520,81
20,771
440,923
356,60
497,491
400,964
55,880
184,745
210,491
688,895
769,339
666,491
765,825
725,992
771,358
869,491
735,0
695,677
36,161
190,744
236,487
399,919
309,945
893,385
814,625
700,29
61,610
42,989
21,207
100,869
293,842
587,657
510,132
806,554
843,746
209,822
414,100
338,906
137,533
71,465
903,442
642,14
974,464
491,797
26,631
88,416
834,391
404,154
354,566
199,390
73,464
9,578
803,491
599,998
287,588
782,644
608,202
35,400
614,471
750,51
989,286
140,473
468,426
725,871
769,729
496,386
225,18
836,802
927,357
908,491
734,866
847,855
233,966
284,659
23,707
234,382
12,228
580,495
775,505
81,525
101,252
771,32
281,398
627,670
102,491
761,379
533,235
398,352
953,699
723,124
68,697
491,372
514,548
430,196
740,928
851,934
491,64
393,528
491,384
804,985
246,148
611,530
458,171
401,727
864,578
37,491
233,491
550,588
802,610
689,287
617,831
556,917
170,678
714,29
715,67
578,71
93,531
766,165
784,577
155,279
988,534
975,352
874,771
287,187
127,301
856,76
772,332
580,719
331,533
851,849
830,381
577,780
460,771
839,295
752,863
56,550
317,912
243,513
254,598
903,771
45,649
399,493
320,127
716,391
764,827
315,739
986,874
12,214
464,949
807,13
205,175
233,521
354,779
208,578
411,608
430,359
506,990
964,555
600,483
881,554
298,329
562,694
569,171
909,613
850,771
487,663
384,579
733,67
651,917
11,981
921,846
570,527
662,973
201,219
162,454
872,847
146,203
297,254
147,300
35,701
399,226
758,593
184,63
491,130
137,950
491,850
329,165
618,993
100,586
941,975
914,771
885,583
654,544
629,196
491,394
746,535
985,491
630,299
76,287
614,952
624,282
354,472
266,646
818,875
577,182
211,387
336,63
105,593
771,167
866,914
73,328
251,805
979,21
826,689
693,668
776,24
33,685
553,578
816,583
569,401
264,921
796,105
553,630
307,361
57,966
0,928
640,875
930,310
998,282
321,196
340,319
604,265
244,461
596,491
333,386
947,210
676,223
491,467
373,48
908,302
702,418
304,700
787,511
214,37
217,810
685,895
727,412
325,515
682,679
159,690
889,642
980,23
9,215
425,500
356,578
11,538
401,532
768,651
386,764
862,491
813,54
924,824
263,89
851,197
884,341
478,52
652,783
488,627
64,147
538,286
711,177
726,789
690,908
265,862
322,525
928,280
0,864
449,279
435,174
790,172
484,460
373,516
471,388
146,77
996,345
976,207
56,337
224,287
623,953
284,287
720,994
68,85
671,428
5,972
308,47
194,128
95,838
905,603
663,219
690,439
268,222
849,882
246,166
381,780
801,507
491,257
717,188
900,767
650,177
783,892
97,593
461,167
151,910
279,747
556,993
488,270
843,606
221,738
397,47
452,273
0,858
396,491
231,221
365,679
44,738
736,933
581,247
287,526
886,739
427,902
175,211
679,110
999,469
108,982
970,365
632,53
314,416
774,46
457,587
288,582
123,566
427,761
687,748
162,436
307,860
421,25
306,52
8,399
818,465
552,273
787,12
179,858
868,278
148,681
259,75
287,720
618,348
203,99
327,796
491,463
517,562
764,7
277,208
568,5
680,599
535,818
502,733
572,490
290,208
269,78
27,384
574,145
810,622
732,819
989,887
491,712
191,103
281,185
293,218
441,552
507,469
491,399
410,491
424,362
532,229
563,149
824,488
754,69
330,415
241,557
281,295
498,820
655,9
273,855
573,557
16,771
378,98
12,804
771,610
963,545
378,491
448,259
668,427
115,343
800,16
11,639
935,389
903,807
987,873
809,138
491,55
238,79
464,413
131,213
453,771
388,880
805,756
690,84
491,845
996,450
998,26
640,160
14,352
658,846
933,940
225,851
475,110
818,486
338,604
891,491
296,771
216,157
132,623
38,315
807,602
230,782
137,232
782,81
124,310
671,771
851,480
909,513
374,402
260,6
5,794
984,464
99,924
734,710
761,285
491,737
131,466
136,581
896,771
390,491
123,464
621,110
877,412
549,695
234,939
957,913
149,671
409,510
664,766
743,209
121,964
773,548
214,427
360,291
464,240
771,654
253,739
491,346
136,771
821,491
797,181
959,128
921,916
807,771
441,428
827,530
263,754
344,648
879,805
491,39
903,491
819,268
903,291
720,702
995,37
303,810
14,491
771,204
133,79
301,320
553,983
686,712
340,362
462,237
656,287
423,886
961,89
771,911
762,892
382,943
237,207
435,604
851,54
456,823
50,481
653,519
34,953
535,476
746,328
15,786
551,781
716,468
491,371
107,335
988,890
561,838
186,471
918,151
39,14
431,718
670,165
454,245
3,93
185,937
598,38
283,8
890,729
855,877
600,491
884,656
745,160
543,16
168,968
992,507
824,414
595,220
94,547
575,287
778,963
788,333
915,938
403,488
271,863
557,357
265,925
504,140
353,468
184,194
941,818
30,186
17,821
635,589
523,925
19,701
783,670
874,434
890,622
907,616
570,183
654,578
127,66
117,65
730,564
672,91
722,649
491,458
764,324
24,733
43,420
814,143
174,918
153,498
37,408
981,368
995,791
420,596
793,774
212,0
916,83
915,576
787,723
961,410
399,957
401,289
242,327
304,752
140,80
49,985
494,33
771,812
495,564
262,742
655,205
527,376
54,491
556,571
597,192
491,815
14,996
271,478
509,476
689,508
994,14
491,173
948,477
252,612
260,511
824,712
160,73
37,985
763,223
835,513
807,188
263,124
162,122
750,546
167,844
376,789
583,496
756,691
686,985
110,742
666,257
339,434
970,393
458,594
367,53
542,851
485,257
722,578
170,194
362,773
771,119
523,591
179,578
935,645
620,880
246,1
172,491
501,866
666,771
873,73
491,395
7,417
133,851
56,388
205,643
980,723
448,625
579,735
827,468
592,922
945,0
905,900
324,491
777,695
30,491
927,43
439,803
323,252
627,820
549,446
771,969
714,137
303,491
155,491
688,322
83,251
389,676
906,684
748,444
783,174
675,302
571,235
547,300
528,491
727,393
959,566
798,380
589,340
385,754
482,899
634,762
699,606
426,278
204,396
888,783
629,760
105,76
807,796
253,371
291,901
956,553
313,353
690,779
592,637
491,142
372,931
301,491
782,530
41,879
348,418
468,80
772,646
962,907
491,57
366,394
47,143
967,491
938,717
346,337
810,503
589,311
311,781
98,776
193,26
65,652
463,120
176,868
393,975
520,699
659,774
530,781
536,724
771,737
812,615
532,850
140,491
173,930
518,691
36,659
291,869
512,506
59,904
613,469
641,435
843,2
515,409
687,916
67,164
815,400
285,1
438,449
900,491
648,141
287,837
832,339
978,233
868,173
421,448
915,626
671,553
283,506
730,346
362,625
783,470
833,480
493,288
419,725
571,955
831,957
375,686
500,977
294,771
899,116
4,956
353,984
363,927
229,387
654,780
157,834
585,505
852,709
884,281
721,451
112,316
960,633
673,603
912,485
511,620
928,176
491,841
239,698
6,782
366,157
375,832
503,144
26,888
390,442
37,752
4,416
912,693
267,104
439,784
10,311
451,511
318,261
717,378
572,2
820,106
196,522
151,94
379,388
599,847
72,848
281,999
879,220
150,484
664,83
255,491
116,783
52,686
682,346
875,114
662,162
807,430
225,331
969,196
33,163
345,867
629,861
904,305
602,828
375,567
288,19
771,963
686,997
143,376
142,277
859,899
456,799
740,459
287,149
361,835
221,918
533,41
374,803
715,611
665,493
472,580
934,636
925,188
785,343
887,419
393,532
122,758
994,296
474,342
158,31
878,261
267,244
491,401
866,320
218,458
191,888
51,620
272,798
353,280
815,539
491,818
997,894
692,190
383,489
121,764
491,940
750,859
609,212
467,646
853,115
715,723
871,578
135,645
491,336
557,920
271,491
206,662
275,129
985,287
711,351
77,842
825,872
771,526
241,765
509,817
321,509
400,725
15,674
815,960
903,170
90,380
224,240
239,655
198,972
894,458
319,619
32,133
453,637
762,590
845,425
287,595
839,316
228,377
905,429
400,491
236,601
903,919
431,781
491,864
248,627
886,29
352,287
17,491
631,182
491,533
635,217
833,326
491,835
578,28
770,887
177,7
18,578
195,970
854,330
874,951
993,491
229,126
492,718
75,494
990,578
491,926
517,356
714,903
44,758
585,958
730,721
902,438
195,661
671,60
67,789
819,206
576,457
119,240
710,737
454,351
216,169
367,417
548,699
726,260
248,491
652,554
314,491
148,64
479,820
464,241
85,516
771,14
560,136
980,240
829,564
165,136
180,636
644,341
771,405
103,379
399,400
180,40
168,849
929,500
400,864
193,306
634,773
788,294
841,420
719,847
695,989
247,350
771,724
164,863
605,667
410,569
24,437
507,72
743,791
79,491
941,312
437,892
477,950
135,893
213,491
402,638
516,543
126,632
515,518
370,139
303,698
782,735
888,771
634,558
481,744
486,616
379,196
139,13
792,590
491,160
536,491
198,6
947,971
649,731
241,491
481,338
971,981
909,559
810,357
756,369
403,731
769,904
368,491
89,20
749,913
920,660
817,794
263,615
549,398
921,724
609,770
456,578
18,579
491,265
415,101
412,464
14,883
697,517
891,922
747,986
913,21
74,381
281,701
914,686
884,491
397,287
420,178
709,483
572,788
612,170
378,824
825,862
206,847
3,393
804,411
636,876
86,318
831,821
257,116
910,293
704,683
162,390
824,978
107,962
603,92
565,135
364,864
584,364
524,713
910,210
977,138
390,979
491,890
504,141
995,771
497,594
581,653
632,405
308,115
578,680
201,657
491,488
635,795
193,491
152,552
358,578
956,656
693,159
277,491
491,92
181,379
580,68
726,654
744,979
491,36
116,901
337,641
214,235
642,491
375,440
222,456
1,734
205,820
269,305
37,982
223,742
760,617
792,752
365,757
306,63
400,523
658,572
834,145
581,287
49,453
242,306
199,961
793,367
386,478
284,276
649,70
897,287
484,807
287,496
851,37
39,125
830,620
974,660
491,323
241,600
475,491
491,747
809,652
144,175
88,491
416,322
224,491
105,827
433,491
647,655
944,483
274,210
507,114
325,421
528,303
