412,479
491,835
833,434
193,76
730,262
550,174
457,773
976,79
707,480
403,433
388,765
927,189
687,662
658,924
871,294
364,723
284,379
406,942
667,43
28,141
306,663
36,143
605,460
531,59
793,776
285,338
833,522
636,901
431,893
53,157
401,329
127,23
522,448
614,647
287,704
354,286
567,432
791,758
326,428
343,531
775,491
198,473
306,36
98,596
620,721
61,910
315,194
543,134
571,288
426,672
705,0
86,366
519,769
226,680
112,142
123,329
74,479
531,176
504,205
136,674
602,11
829,105
458,581
808,843
410,623
790,486
849,536
660,295
234,103
709,144
386,114
940,24
148,349
140,117
336,135
350,306
306,136
791,150
311,42
592,716
688,789
306,193
791,830
561,255
894,399
676,451
123,374
38,44
87,887
826,266
916,807
731,951
410,97
872,265
668,513
521,747
78,173
360,345
673,642
709,348
259,794
929,811
514,294
475,562
977,875
118,246
656,719
993,439
374,306
889,904
602,390
643,306
115,543
744,696
456,729
878,587
896,765
62,209
520,191
453,812
903,306
602,764
810,371
104,720
723,722
787,69
899,306
142,381
563,353
169,310
257,469
187,459
490,306
632,306
306,277
134,711
419,878
833,916
746,328
522,568
590,306
298,407
495,961
215,712
446,945
75,7
455,579
326,482
604,743
735,294
901,843
384,44
225,738
528,195
291,668
230,306
402,430
786,947
454,893
306,815
57,828
754,836
605,156
698,216
483,614
127,464
407,610
242,671
900,832
195,835
789,651
448,903
319,159
178,919
448,622
233,415
658,623
553,583
756,531
167,915
441,897
585,553
950,475
955,516
499,895
969,448
306,276
827,892
672,668
314,694
655,409
594,250
172,48
32,197
668,545
235,700
220,620
578,902
17,214
30,503
434,480
203,863
38,630
330,668
763,925
832,89
720,280
930,656
168,58
509,650
967,646
932,753
448,150
664,652
98,544
121,540
771,759
460,174
752,715
104,373
926,881
328,147
574,362
518,306
945,759
668,868
855,524
722,248
532,668
797,425
773,593
417,317
233,160
306,531
359,105
73,631
228,219
418,208
740,82
736,177
414,790
216,669
853,267
618,7
728,237
988,471
500,916
126,449
868,653
279,336
768,522
717,489
981,477
842,215
11,739
205,132
840,518
908,188
745,841
967,77
39,592
6,458
547,733
340,43
198,710
18,100
887,751
273,475
121,571
590,53
917,635
209,407
579,870
265,229
684,62
470,267
530,396
112,444
597,543
401,990
843,499
628,620
706,89
920,131
653,814
808,803
41,135
951,953
611,509
542,957
665,770
383,658
640,600
286,501
67,402
728,70
779,581
785,815
647,241
408,247
621,749
717,883
251,813
161,289
531,421
448,588
683,790
244,655
306,516
955,387
943,523
205,658
630,668
609,58
974,448
805,438
653,772
264,251
765,124
294,368
687,149
567,741
448,286
328,35
632,352
387,569
868,119
732,721
188,522
238,306
135,306
391,924
550,730
911,187
53,833
425,623
522,944
551,193
776,893
309,270
464,61
233,888
249,60
410,913
160,169
691,939
626,448
522,917
408,8
599,974
858,796
60,698
860,952
967,19
397,578
752,629
7,594
668,942
576,914
956,782
325,351
543,823
491,511
984,461
633,796
523,568
180,361
454,788
825,400
519,935
837,633
844,522
303,264
60,900
694,114
781,306
972,113
608,680
483,894
962,57
384,433
24,157
638,912
243,283
689,190
448,136
357,813
769,762
729,95
793,767
44,729
254,924
522,531
414,92
440,345
861,68
304,435
610,379
643,444
608,809
774,461
338,486
78,552
794,594
878,928
891,126
14,625
486,329
839,297
536,640
109,731
767,868
494,898
531,889
139,794
21,792
916,342
119,584
524,477
845,106
882,27
259,955
268,243
657,542
937,741
53,582
221,429
709,580
592,653
759,849
923,306
766,675
31,486
507,777
536,868
961,579
409,294
226,245
431,960
210,880
517,472
549,256
122,369
442,922
459,816
306,302
67,904
729,424
702,998
868,906
437,39
196,798
870,904
797,394
686,955
694,204
273,123
500,848
158,360
785,309
388,483
864,1
812,236
252,167
887,446
235,468
791,832
306,981
420,873
334,126
999,272
817,538
72,192
366,828
306,270
618,239
40,890
693,858
184,896
332,894
439,71
152,350
306,345
682,242
196,331
806,204
563,932
284,378
823,729
269,873
114,291
135,897
220,416
170,241
84,994
293,532
404,654
35,689
261,405
114,9
146,162
941,506
100,47
300,373
799,92
916,430
641,672
772,434
385,776
0,868
269,575
626,107
782,621
922,236
306,529
660,858
863,221
169,475
508,494
653,678
690,51
598,534
610,541
115,495
494,570
515,221
911,305
302,974
572,592
611,104
367,913
943,921
343,471
667,306
395,28
116,737
672,977
143,529
868,498
604,294
219,593
168,534
66,877
396,536
534,53
850,208
200,258
860,895
288,358
943,36
306,343
654,59
589,601
438,179
774,965
531,182
158,849
99,11
859,94
699,692
578,491
358,308
451,503
710,937
974,510
802,836
718,318
997,659
677,62
979,251
921,736
26,570
535,306
659,728
475,553
104,110
435,568
156,653
761,15
673,417
613,771
766,882
56,193
576,83
321,583
594,329
696,769
675,688
486,419
918,101
507,327
847,737
270,254
541,297
380,448
666,296
782,680
631,188
186,5
369,775
135,864
586,493
68,691
301,308
448,520
607,525
411,869
657,797
868,27
211,448
663,891
440,252
186,337
559,522
396,838
698,201
754,719
121,531
159,476
289,429
299,569
16,153
448,476
217,731
719,468
859,625
799,347
929,324
991,209
690,184
436,306
344,319
102,591
471,363
517,426
733,949
233,547
856,41
55,990
82,187
593,628
997,924
49,983
540,585
315,125
129,558
665,131
574,868
511,971
900,264
367,875
937,165
493,761
755,993
777,233
531,933
270,845
844,997
716,492
170,42
271,61
138,639
46,381
346,74
76,284
8,724
791,949
248,177
748,947
213,572
354,887
472,131
267,86
742,974
152,162
665,394
139,290
62,649
419,390
448,706
178,111
599,110
142,738
682,225
488,715
538,432
333,306
552,674
804,183
218,482
522,757
656,963
306,644
207,448
583,686
362,528
645,22
356,302
493,834
600,661
592,627
748,25
658,653
868,249
381,65
786,653
30,430
348,564
46,73
531,907
181,991
801,386
406,645
274,682
206,14
596,316
856,559
68,938
270,317
98,888
874,448
269,249
114,50
351,22
29,73
739,306
416,934
824,113
85,469
874,908
877,37
623,79
964,79
335,150
594,880
382,622
97,348
278,790
925,548
174,176
475,128
996,587
97,531
595,185
616,282
579,806
283,2
815,5
319,892
391,327
295,848
993,224
306,77
695,135
953,545
4,868
704,521
903,15
301,128
531,593
904,687
188,380
316,608
522,899
868,670
267,193
244,557
802,285
487,160
437,936
459,398
582,734
448,484
869,662
294,868
109,63
505,823
218,602
978,711
792,943
84,819
300,411
939,442
363,829
904,628
144,372
954,360
101,623
975,877
278,428
884,655
790,170
40,43
282,546
475,467
920,439
479,987
637,543
302,280
372,505
550,607
203,615
982,871
20,847
265,306
440,804
743,475
919,686
648,487
129,376
358,557
475,29
712,0
52,355
151,108
610,776
559,753
787,327
782,980
648,77
522,495
613,179
448,474
215,527
45,306
918,279
993,592
538,246
989,579
126,243
231,480
301,171
521,279
652,601
162,421
925,228
451,915
389,413
173,306
790,20
382,406
457,331
448,633
306,764
720,945
531,130
735,257
664,565
287,658
653,681
117,969
99,376
329,465
10,695
69,668
698,922
508,748
19,692
257,20
778,756
107,852
58,377
138,198
976,378
662,994
343,271
130,992
151,818
688,827
75,648
912,334
338,337
907,747
829,635
959,699
277,333
453,807
995,403
101,96
270,48
306,712
791,525
425,274
354,591
81,330
85,43
355,196
726,682
826,38
272,433
210,572
135,502
427,681
61,616
240,916
665,455
928,814
232,307
671,465
607,506
470,212
501,348
91,793
361,102
240,591
354,729
685,986
595,444
683,838
78,258
885,637
186,906
125,277
806,550
574,735
426,448
484,203
837,306
941,445
668,322
323,380
924,112
986,779
857,418
80,774
623,944
669,525
296,821
708,968
284,214
106,56
334,357
164,990
663,808
342,40
446,145
486,12
833,985
713,320
879,256
862,292
865,809
90,949
364,307
330,937
124,71
642,594
464,13
535,411
228,99
898,88
197,461
692,590
160,37
306,108
850,323
174,230
261,936
163,392
567,498
70,522
22,741
263,9
677,714
428,51
102,193
846,95
599,367
438,612
466,507
811,211
832,96
755,80
668,278
899,772
644,666
950,916
875,924
918,320
941,716
818,666
539,75
681,718
47,321
23,326
426,87
848,363
205,489
707,165
337,460
47,104
638,406
306,882
856,142
114,191
724,275
724,175
981,653
306,109
537,649
362,31
565,771
831,750
929,421
664,951
973,445
974,819
555,311
222,179
213,391
389,309
393,180
448,747
14,498
441,943
306,566
688,548
629,970
283,978
614,700
75,397
827,463
560,800
49,110
592,1
547,306
817,276
272,89
400,119
93,545
911,91
56,813
224,577
335,237
956,593
917,528
506,963
137,579
887,543
164,386
525,818
448,305
525,449
151,867
616,64
128,6
306,325
245,512
312,880
349,32
56,21
531,612
366,678
314,125
886,175
144,934
915,477
382,450
807,118
496,445
531,690
182,993
821,426
932,832
979,569
159,562
542,138
126,554
531,448
866,351
661,865
987,423
365,168
285,394
307,910
443,588
256,486
107,217
763,761
55,733
870,658
253,898
522,66
665,46
203,730
65,404
737,593
190,802
724,822
692,803
862,606
185,909
195,976
492,557
400,613
318,992
855,341
108,784
522,954
590,154
919,816
665,998
237,961
695,223
72,885
889,375
59,30
100,522
342,606
594,957
181,480
491,114
632,3
306,462
317,833
952,232
770,281
780,223
174,879
883,531
509,365
661,798
546,315
780,637
647,512
306,223
852,281
466,876
365,576
876,275
300,478
92,823
668,10
640,306
726,679
415,751
850,161
99,533
313,515
74,372
968,448
87,5
988,118
742,165
650,31
522,742
851,597
247,833
418,163
313,458
924,857
448,126
227,753
614,927
254,350
820,267
485,436
137,55
346,615
549,916
448,377
504,820
817,24
760,933
854,116
931,27
196,703
481,299
859,293
760,800
289,504
291,111
385,508
483,501
920,266
305,4
350,313
892,246
213,738
519,448
679,208
82,697
743,890
928,222
693,52
516,531
684,548
668,202
238,370
337,533
290,484
526,283
838,424
50,336
153,658
267,65
294,330
180,831
167,555
284,325
473,993
120,676
711,397
292,314
985,8
714,851
463,668
255,513
586,294
152,283
276,675
556,185
901,85
452,786
975,787
194,448
113,452
475,993
236,530
852,370
248,642
303,970
54,359
862,235
750,531
229,722
865,202
812,154
535,872
665,323
814,384
788,448
996,562
54,468
199,653
825,846
876,916
922,582
387,732
306,883
41,994
225,104
306,527
727,45
536,609
457,282
558,828
155,628
427,668
840,104
544,429
646,975
219,667
164,795
622,105
841,676
698,298
654,693
531,944
973,873
183,778
487,956
845,466
12,971
609,929
841,706
952,166
993,310
685,860
122,758
740,474
660,658
561,600
947,448
546,127
649,34
835,777
942,931
250,90
844,651
306,117
702,966
635,16
2,346
684,573
234,455
306,206
721,910
905,389
821,456
399,805
833,571
909,575
615,563
407,778
476,683
522,657
424,481
378,864
904,946
857,316
983,503
705,224
750,514
475,447
54,784
855,377
887,500
626,356
539,704
274,579
544,491
415,374
643,239
653,232
497,181
369,176
206,907
531,475
352,703
306,70
973,74
749,610
866,470
734,959
262,488
732,764
628,634
198,625
566,708
207,801
512,486
416,271
312,822
950,823
554,155
103,984
703,670
832,523
212,517
756,926
526,816
966,757
805,383
227,671
405,697
496,420
383,636
492,827
306,245
825,804
81,658
966,435
851,431
868,727
594,861
210,3
989,306
869,124
991,281
556,834
807,81
480,371
652,510
665,734
921,9
344,561
783,423
833,658
215,884
619,420
615,177
515,456
594,759
396,980
254,708
520,909
62,886
639,619
707,736
485,518
422,308
124,161
239,874
130,653
602,166
868,948
312,275
375,343
659,801
724,306
653,310
306,90
628,995
201,933
306,836
785,33
939,166
16,509
980,739
603,553
182,26
39,337
463,395
793,33
72,833
122,379
467,306
93,322
550,393
480,229
617,265
306,201
718,532
505,199
531,355
593,481
306,84
284,701
725,67
493,355
960,653
324,333
974,94
50,242
812,109
930,575
624,239
579,668
624,912
306,826
768,863
453,167
962,306
619,83
522,296
297,114
34,780
485,819
524,768
490,948
972,594
486,339
861,914
488,356
403,189
745,392
573,427
133,25
552,474
450,923
560,21
389,469
340,330
294,426
638,302
140,270
399,541
96,34
294,134
757,267
853,21
798,33
868,886
467,340
413,146
868,178
294,573
701,203
809,93
390,715
132,572
744,790
357,923
603,527
958,341
580,652
254,263
293,701
885,689
617,80
64,368
935,948
940,799
460,965
749,482
448,577
29,740
570,927
10,513
502,385
220,16
253,585
953,423
332,658
141,630
183,448
217,412
353,497
306,284
746,322
157,126
132,930
26,914
565,184
496,881
762,153
895,95
234,983
784,192
580,982
167,302
537,847
558,888
175,155
868,781
938,13
167,18
807,188
57,420
726,4
28,946
758,881
916,43
839,258
928,760
226,133
644,462
53,678
611,414
605,190
341,868
120,49
906,978
303,37
120,429
820,981
695,916
551,627
724,604
641,645
986,890
751,634
677,884
486,86
776,147
589,810
171,448
489,759
353,347
146,560
857,984
839,449
331,775
905,673
744,91
409,646
702,74
653,113
577,324
668,263
685,746
931,688
148,306
52,188
958,532
549,238
695,776
260,357
896,603
789,441
51,987
402,958
262,145
495,834
135,962
977,837
239,259
304,3
306,352
256,104
227,172
537,306
256,13
791,149
529,39
370,596
800,566
972,462
598,559
660,158
199,306
375,436
71,294
66,75
635,587
298,48
306,63
32,344
692,868
866,212
833,922
285,383
465,6
76,239
447,531
268,450
788,172
717,992
658,473
244,713
902,56
532,776
627,395
364,755
393,417
525,478
216,254
1,533
871,35
831,191
284,830
349,651
665,842
448,306
163,339
539,653
584,486
766,902
542,762
368,437
653,218
964,658
17,571
114,306
192,954
106,116
290,19
139,412
724,705
295,339
204,926
531,796
564,104
202,526
222,682
254,695
429,490
294,347
698,595
335,650
936,588
230,984
868,140
280,695
824,89
754,480
795,551
111,597
306,668
932,670
376,905
847,405
306,971
17,639
688,594
957,962
810,946
247,840
253,408
759,606
725,999
373,304
963,531
868,586
571,231
428,2
260,970
94,966
559,530
940,317
999,908
723,18
867,556
147,811
964,306
497,306
486,475
442,853
714,784
522,306
781,865
985,448
108,656
560,700
590,472
665,197
727,665
207,868
879,543
332,266
540,745
74,171
624,891
388,791
934,846
590,260
834,968
510,241
445,867
292,67
261,103
913,816
25,842
321,69
496,554
282,960
15,189
273,854
499,617
193,631
988,432
868,635
283,959
511,674
614,823
564,995
294,12
691,502
145,39
349,311
981,824
830,612
143,454
160,88
696,240
629,598
124,149
713,872
955,154
783,287
982,697
74,803
779,653
396,543
133,822
584,275
470,505
979,422
752,422
443,868
699,294
214,361
868,636
928,710
318,137
231,795
448,233
478,359
173,410
23,306
90,255
200,156
618,357
200,891
996,725
114,401
969,773
404,288
555,267
42,652
601,268
998,965
252,956
763,577
64,935
634,931
320,299
447,398
141,767
316,448
422,679
841,245
792,194
989,783
770,448
514,306
211,250
349,406
621,854
88,148
63,413
392,669
398,938
589,581
371,832
641,316
45,83
350,85
115,897
443,452
