1189,1523
753,1814
1989,1215
1152,437
195,1043
1370,1723
1433,271
450,527
621,1383
64,1995
951,1550
499,1626
1513,1672
1336,1277
1774,624
807,189
1983,82
331,66
1380,282
3,766
1223,1531
340,785
1789,1884
1828,1582
124,85
514,946
480,587
1233,876
192,1314
1501,961
1191,1450
1900,1305
440,371
411,381
1997,516
583,205
1738,329
1606,1649
614,546
1357,1696
855,316
1774,1163
1407,173
1077,64
1848,707
861,1567
1407,720
1871,226
495,227
1502,1231
1103,475
1163,1360
967,14
1030,1113
729,529
46,1449
1281,647
468,133
472,1076
1413,1849
639,1678
1797,933
8,131
148,128
693,740
1024,1783
1575,868
145,1512
1636,838
180,718
583,1176
1675,622
1796,1736
352,1390
426,299
1735,689
527,1557
838,1350
1557,1594
906,1948
1844,714
1626,1557
160,1753
598,1893
801,220
1946,873
50,1510
1272,1832
811,1366
541,447
938,418
324,1896
1449,1737
1047,1630
186,1239
286,26
1773,1805
1245,654
1323,1818
1181,1233
1046,1093
1170,1178
302,468
428,247
536,367
1131,110
68,1485
821,480
356,919
1269,397
800,248
19,470
1050,757
884,132
1966,107
933,834
561,1034
893,205
661,276
1744,1978
517,1376
1668,211
232,1375
1365,1502
1515,302
1610,885
443,1713
924,1259
1363,1397
764,181
1900,1693
630,401
1164,1482
1077,1163
1904,1959
1651,1942
1099,1336
618,920
804,1983
1706,1486
1233,1072
1684,632
1664,1867
1877,17
726,1302
724,1388
862,28
1410,1866
251,687
1194,3
277,1529
626,1314
420,1982
879,1076
3,631
1771,1163
559,1946
686,1726
229,376
727,67
1026,652
600,1021
767,3
1248,378
1609,565
1774,1103
1106,77
126,451
409,1875
1431,1038
888,1163
1400,826
461,1140
609,768
207,1990
622,1159
924,1528
1625,1197
1648,1956
996,1495
529,1014
1324,1987
118,0
795,1601
672,991
1328,222
728,824
1103,811
1571,1088
526,259
1635,1780
1252,3
1942,1450
595,127
422,1675
726,1891
1709,526
1674,1828
102,1919
870,913
63,1450
493,1876
1018,1136
526,249
719,328
649,77
338,281
726,1540
1094,1759
996,811
1596,483
1068,496
95,705
294,639
1300,664
1016,831
64,1526
569,1358
606,173
1054,468
928,441
780,656
17,1336
726,1404
459,312
1351,595
40,1003
1785,1645
60,730
448,309
1527,971
1232,1904
595,771
385,751
29,1007
24,1983
1937,1624
1396,938
1645,786
939,205
360,1921
1719,893
567,1818
215,224
697,340
1141,1825
595,1074
1835,723
582,1836
1391,1424
1982,702
1647,1068
1965,447
1397,152
1294,1799
1727,1767
471,135
526,925
563,85
1398,983
1776,865
1212,1025
3,1979
1494,1336
1661,450
610,116
1171,387
1427,1420
1289,186
1571,488
643,1900
573,1322
831,1814
1962,726
1983,357
20,259
1654,981
3,205
901,773
203,190
502,1048
418,1803
401,337
220,273
1557,3
994,858
424,1517
984,1068
1433,159
238,521
507,1767
1953,623
587,1946
1336,869
1557,1885
1336,1446
1889,1983
1385,1844
73,897
1336,791
912,359
1118,1705
530,912
896,1587
313,1790
1562,1946
595,1125
189,1754
1918,1784
580,1458
1012,879
1586,1049
1407,1912
1788,1150
1722,1336
1185,1052
109,1900
1295,197
1951,532
1184,297
3,1575
302,313
79,614
462,1336
1129,1568
995,1059
1542,1257
91,1319
1297,1831
3,1163
1933,1670
2,1518
474,1738
916,32
1336,1106
811,195
750,1430
1897,1445
947,526
1882,1971
1912,838
1077,450
1277,916
1103,491
1146,1873
1488,921
470,120
818,709
23,1852
130,96
1531,152
468,261
749,1147
345,1501
1415,1189
1082,1774
1048,1216
663,1928
468,861
1180,1946
473,468
375,1222
1017,837
1813,1695
838,680
1564,124
26,185
15,1308
966,746
1747,264
633,701
1885,661
319,1121
556,1500
1197,1343
133,490
9,302
1704,1553
1862,1629
1458,1819
1526,1447
1661,1830
1907,1900
159,1907
468,339
960,1280
1975,1615
1001,1618
704,88
463,1621
1620,1568
1103,1475
1961,1509
1402,462
347,1665
1879,614
698,468
240,847
1421,1553
781,1903
1946,1533
811,315
614,887
1180,1924
688,1246
1796,357
743,508
1036,1818
399,1774
520,1655
5,1455
403,285
595,614
823,400
1682,542
904,702
1408,317
1110,977
1512,232
1251,1184
1907,962
893,1102
1935,1403
934,1958
1103,1809
1189,539
1450,1075
1900,693
1353,595
539,1785
434,446
588,1588
1774,856
1518,101
789,1691
351,763
1735,961
1774,3
1392,765
991,421
1521,1515
1513,1493
1744,818
1906,1078
1320,222
1947,1098
1169,209
1758,1385
855,1219
101,593
914,1177
468,857
1156,1450
1315,51
738,1542
731,1336
614,270
1941,923
565,1659
1946,1336
653,1774
1001,29
67,154
645,1464
919,12
595,1011
1557,595
1021,333
1629,1767
1336,1318
675,293
1958,691
521,1558
808,849
1734,396
1534,1884
1829,598
811,1130
546,284
98,1336
790,526
1050,1665
1094,892
1844,1270
629,990
54,1941
1438,564
546,1408
167,907
607,1745
37,1538
389,319
1689,998
1413,1391
1495,290
1992,1604
836,1908
409,1515
1457,259
1153,1336
1286,1678
1580,777
552,732
1866,1507
448,75
339,93
1336,225
92,759
1520,1979
1946,1422
366,783
1028,418
886,1039
386,1758
1103,1540
598,1724
290,115
406,594
332,1014
750,93
759,440
474,871
995,149
679,1168
1613,851
1878,527
1163,1707
1077,1478
3,1571
1456,1029
1577,1162
138,727
1615,1345
1656,1585
1365,2
1878,1103
1670,1176
740,930
38,1657
354,566
208,528
1826,787
1338,468
95,722
1440,1575
1124,1648
1774,1742
1282,205
558,1418
433,1336
125,1449
1499,1336
3,1526
335,1257
1480,711
1093,886
533,1396
1037,1082
1107,924
990,1004
1554,169
1740,658
1590,386
1720,1333
302,1958
640,1163
334,1473
539,220
682,1851
1294,1092
705,1658
119,969
415,1103
614,1140
1836,1103
1318,933
1445,903
1196,595
526,760
786,1557
1916,413
544,118
911,173
1056,416
510,1472
770,384
1567,1255
251,1575
372,318
1242,1419
1276,1163
808,1941
1924,117
1289,1351
1779,968
1002,1824
851,342
1095,1577
307,1846
1038,1509
777,667
533,512
1726,1657
55,1668
595,793
1859,779
1754,526
1622,1567
1966,432
794,435
524,716
1705,1863
1612,86
1142,1810
609,90
910,1929
1333,838
977,398
1682,861
1225,1599
25,1994
1390,91
1056,600
984,1066
1217,302
1103,345
1643,194
1459,1900
543,1984
152,1736
1690,5
205,1484
1943,1732
1217,568
1666,931
1734,838
205,1009
1639,3
614,75
695,582
210,698
853,819
1441,468
1866,348
733,1799
612,1729
90,144
503,1729
468,1535
1167,596
1980,3
528,1433
268,1185
172,1697
1340,1293
1334,1094
86,36
1844,1449
1717,1217
502,363
1336,1015
888,402
932,313
1545,129
1764,456
1248,1091
13,1103
1475,516
401,1727
102,1745
800,1743
1150,1495
1785,595
1900,1996
377,1486
238,963
1170,575
1951,1913
1446,230
1137,526
1157,1200
64,1186
1728,1556
1993,1648
864,1428
419,1395
412,21
1845,547
1336,1547
972,1159
1223,1089
1968,1608
1090,1454
1811,1891
1814,899
152,1676
1189,1096
309,1958
1946,3
496,1077
676,225
3,1899
708,839
1359,331
478,1178
1593,364
682,1679
164,1043
451,3
1819,836
1943,1680
988,1309
526,1868
1450,1120
619,1960
1372,310
757,1529
291,1856
1057,1161
495,614
201,1812
1959,815
142,389
1484,1220
499,64
461,1573
788,313
1265,1088
1336,1536
296,1002
1260,175
1562,1417
1956,375
199,1397
1578,1004
1869,684
606,453
843,1575
1366,838
107,250
494,775
1983,3
145,757
1336,825
680,978
484,1346
1476,526
1590,452
313,1397
1061,874
1213,1052
1443,480
501,817
178,1911
6,614
546,126
596,725
1004,807
701,663
261,46
1610,1774
259,817
1204,1686
1163,793
973,1596
1134,1189
614,585
896,1678
1237,1761
1567,277
1339,502
1163,1521
223,1888
1949,1163
1450,1782
774,170
1341,518
599,1548
1469,855
1080,1163
1765,296
178,874
1048,1450
1496,1103
586,1272
1052,1848
1411,1386
790,1292
527,1191
999,1270
946,915
1037,1997
335,1719
550,146
1024,590
838,834
539,544
16,314
1900,468
164,835
670,1709
24,729
819,994
1267,83
660,1356
1866,893
838,1419
1978,155
479,70
601,1351
1348,359
1175,1702
1477,1052
1678,1567
1038,212
1493,1900
1431,1557
1217,1065
345,1590
776,1911
255,723
1632,643
584,534
109,554
3,313
918,1581
275,1552
804,228
465,1571
1946,653
177,1338
157,1955
3,1827
1699,1419
385,1439
839,1163
487,1499
1503,614
526,614
953,1614
1818,946
546,686
867,1346
1398,313
386,1304
527,1823
855,734
1643,953
1525,1448
1965,1515
1385,1710
1631,1052
1877,717
409,1214
1336,1006
1916,576
1354,1163
705,1924
105,1473
804,533
1336,1000
1785,708
1408,452
255,807
614,752
1343,1081
1193,1311
946,1416
3,1841
795,1838
1945,932
1652,957
1546,1877
1686,1084
1556,1712
1475,844
703,776
1264,1609
637,893
269,707
1499,1419
1103,881
1157,62
1144,254
946,488
907,534
1444,608
1063,1238
488,1247
69,1899
1263,686
121,332
652,1294
714,1615
1816,1648
985,1630
716,1256
1837,196
578,354
168,1298
1853,1517
1817,837
838,1362
404,1200
980,497
26,231
1617,1305
807,515
250,956
1569,333
153,726
599,1095
1647,597
716,1638
1774,656
1449,1171
1577,1484
946,1798
443,1266
630,780
1125,728
1370,1668
1963,1004
1239,252
1744,384
1900,838
1356,340
628,949
1308,6
1356,1018
692,802
1060,492
1336,1965
946,1395
980,1919
1303,939
358,1336
941,1125
1640,1544
1766,1319
1414,302
1071,24
1406,343
762,852
1691,838
1169,790
1389,1898
1263,1212
80,703
930,523
262,1336
1790,620
1611,1902
1103,59
1141,1012
1517,489
259,1964
996,595
539,570
184,224
1052,3
1818,25
122,76
1793,468
1664,1270
390,978
1620,560
606,1138
736,1189
1062,275
1002,844
886,1323
1654,903
526,1025
812,1522
973,751
897,1444
677,611
1070,1627
619,891
1608,663
1315,1288
838,130
373,1270
1877,976
1797,1893
1774,1626
303,1714
210,1795
182,1510
313,807
929,1263
96,373
1577,1172
1167,226
254,1153
1217,78
1790,939
548,1465
1668,1402
104,3
1666,618
795,1649
11,1067
1096,1017
113,933
1198,374
341,193
1027,989
1808,762
614,868
1999,1900
1736,1307
1774,1567
57,1542
205,1103
483,1889
837,259
1083,1962
1953,1209
41,1500
1557,1490
1143,1616
1514,840
1134,902
259,1336
1291,1627
284,1636
982,614
56,1656
483,526
1005,1427
1927,526
127,525
860,924
1800,526
1074,572
1119,133
678,1107
1800,125
1876,304
1807,55
1877,509
756,1581
1920,1638
345,191
1806,747
1230,1610
1634,1101
1879,496
1315,946
1336,862
1865,1079
371,181
512,695
468,1375
996,1378
1654,1293
1336,1650
1887,1130
1634,1336
1983,1818
85,1887
1597,721
1899,764
256,690
1427,2
162,273
781,655
958,488
1841,311
1462,643
1524,298
946,1389
1774,1986
1657,958
1074,116
526,3
380,1958
752,1453
1593,1336
248,700
1774,713
1370,1944
1984,1479
772,216
365,270
1012,74
279,1802
399,1258
456,11
46,50
1379,740
526,838
205,796
281,1321
1688,838
1955,1567
846,567
136,543
993,741
1881,1678
614,1284
454,703
1278,1103
330,1139
345,1942
1102,221
1061,1042
457,3
1103,3
1837,405
1401,1696
350,1082
1669,1900
1163,784
476,40
1900,1073
1186,1505
1289,1659
1747,1135
1284,666
650,850
1511,577
1912,1108
1890,627
1602,911
1641,1958
853,1339
316,1675
1418,1106
1644,828
313,1350
1729,1369
884,1557
1727,457
1218,1195
592,983
1525,225
1842,1000
195,1678
240,1310
1584,443
1981,200
95,893
302,144
944,1103
1623,1602
1518,745
838,174
1143,392
569,1460
838,1329
1881,488
595,1886
1336,1395
1853,763
1538,606
957,800
699,1450
158,819
1461,223
798,1723
526,1900
1964,1554
1555,1201
1453,1421
1536,1864
283,810
1774,1841
1567,319
1299,978
1581,152
770,531
342,1304
1784,1326
1752,1498
1859,744
472,303
1089,776
748,601
614,134
258,375
930,1052
449,103
434,831
897,911
188,959
790,1874
1613,1053
1263,1676
634,420
1115,1501
1853,1809
385,936
1711,1312
1432,1453
1542,1295
1287,726
1390,114
1657,1296
1967,1472
227,1366
1266,1226
949,856
315,302
1850,1181
547,1243
1576,1424
1136,1007
1864,820
1074,1623
729,365
1965,899
1382,1740
1180,1303
1612,468
499,663
303,1675
1935,1055
1844,1310
1750,689
1310,1407
1271,399
205,1044
1422,1910
1612,996
36,1675
1052,1086
1115,138
477,144
393,768
869,501
889,161
796,1051
977,1897
1189,1621
542,1492
1336,1074
1642,535
881,977
411,423
905,1316
1818,1840
506,1720
1690,539
473,274
439,1888
833,564
1163,108
726,808
340,1336
1714,386
71,1818
849,3
1627,539
602,417
1429,1781
860,1581
682,1697
1582,1396
1240,823
468,1798
813,1826
965,6
468,1250
12,1835
202,599
1007,214
1320,382
468,117
766,1834
539,137
1119,45
1372,917
1434,1613
467,391
1717,1991
1559,1069
1444,1470
613,209
1570,1737
292,258
1778,1557
1014,56
1102,935
1804,544
905,696
1177,1607
345,163
864,1298
581,134
14,1672
35,468
14,279
838,481
1846,1721
113,2
1208,782
1841,569
1975,1872
726,1725
435,1818
468,1423
728,192
100,835
685,1895
33,1384
919,587
404,1165
977,1168
308,382
694,3
1501,1103
1770,1122
1429,953
1367,1981
302,479
509,1031
1739,1103
1588,1348
964,362
647,1678
795,1148
1620,1908
407,1336
663,406
649,1156
1818,936
992,1406
1896,850
466,1900
39,1189
371,317
320,158
832,1189
1233,370
78,1482
1958,754
1548,2
579,1931
1818,233
898,293
379,923
1071,1163
581,346
494,547
307,1268
302,1387
1966,652
1806,1818
1954,762
663,1791
1084,1684
933,1331
514,60
732,909
1503,1774
1200,539
881,1341
671,1538
1211,546
431,382
873,567
1969,526
1864,1161
1711,1228
675,1520
1983,1313
3,287
1699,361
838,1253
1713,900
1900,165
1206,462
342,1388
722,663
1154,1969
1774,1872
8,208
643,1111
1846,1857
1432,3
1081,468
972,158
1229,1090
814,1208
926,1035
1660,1381
132,362
402,285
3,1090
1851,897
72,1772
887,1992
14,1534
1759,1347
1449,606
369,1657
1109,1005
1569,68
395,588
1354,1345
1877,1361
367,648
954,1893
1892,32
1816,438
1900,614
1818,1474
1530,1532
1918,329
526,1103
1968,332
380,1222
1449,1882
264,0
167,1290
209,913
546,973
875,154
166,1515
1117,1864
1335,257
1947,1331
614,365
983,1372
1172,211
1336,810
1783,227
259,1934
1304,1270
106,626
1648,917
1234,1779
1391,3
1231,805
1868,614
1252,1352
1077,97
568,1597
814,46
1917,1542
1983,1900
593,789
1774,620
1477,963
1329,1271
334,677
1018,992
1133,302
1416,196
1374,1539
1017,1224
268,1646
1103,1490
533,1076
1558,1336
325,749
39,1080
119,492
130,1567
1003,447
263,1450
1444,1017
171,1336
455,725
1061,1509
411,765
487,1163
1646,1782
999,1492
148,714
595,795
204,1189
1746,1194
1729,614
1407,1295
1223,11
383,1468
1287,941
1346,595
897,338
146,967
840,897
665,346
1934,1052
1758,1978
1118,365
832,848
1433,614
1818,643
766,466
1635,1601
1399,828
1932,112
344,639
568,1900
1708,943
210,473
584,1535
1694,209
551,628
1185,869
1497,533
1200,1494
1189,1274
1008,1772
1386,657
1330,1094
1624,126
1939,632
775,468
738,1962
377,557
1567,1799
110,1702
1379,1777
1417,472
1732,1658
455,1144
846,1103
818,1438
155,614
1908,1979
1848,1618
823,194
838,25
1863,1396
1103,227
507,1208
1903,835
451,1465
1700,460
1660,1365
205,854
877,1419
598,730
1917,190
65,156
1045,526
23,1327
129,859
98,332
1950,1379
1146,540
1620,44
1163,1766
319,468
481,646
1132,354
168,1935
1431,205
313,320
592,1076
46,337
1067,1971
295,1075
658,782
790,1336
463,531
1270,1707
1321,782
171,1521
1768,961
1993,399
1625,50
1705,183
801,1114
1596,532
1953,735
1405,255
604,1820
621,945
1483,1852
1676,614
1534,1449
345,921
1778,1008
76,282
19,858
605,1947
1336,1104
595,1289
1163,75
488,411
1450,26
1922,1460
1926,1128
745,950
32,436
351,1173
80,1947
1404,468
1931,1088
140,43
1945,111
1716,1422
450,1103
866,636
1344,1101
140,271
595,289
802,794
1263,726
295,793
1306,881
1900,1786
1122,1129
87,1364
1760,374
331,180
1657,1658
486,880
468,1336
1484,771
1990,1471
18,778
468,607
1982,1064
1086,907
353,539
47,1900
1041,1282
1462,617
633,1436
595,37
1542,1798
1052,1420
1567,1997
462,1247
202,1744
31,1103
1189,259
583,209
1945,1642
497,345
14,1818
808,1204
1883,1393
1946,424
99,1501
217,206
1557,1900
1792,695
1900,1336
260,934
774,1417
1111,468
1782,575
1567,389
385,1561
433,1857
1922,522
1271,1377
227,1325
863,1336
1776,1336
240,1103
1785,1402
1303,1924
296,1547
1171,1582
517,444
1311,1041
1103,1370
1183,830
1641,533
303,119
1634,1877
378,1380
614,920
1964,1668
1832,1746
955,533
980,527
101,1022
634,1317
1560,1923
1270,1224
526,597
189,526
1783,1884
728,1219
974,522
1610,526
3,1851
1539,393
115,1720
243,1207
1088,508
1078,68
1655,468
1427,1393
191,1818
638,350
579,1939
780,607
709,529
681,395
139,132
207,836
1814,235
393,1856
1101,1310
468,1818
1434,1860
1693,1883
1829,10
56,870
1450,1069
663,385
331,33
1591,1433
1818,1433
253,1818
1736,208
1689,1570
468,275
1217,1163
1401,1378
1466,1438
600,226
228,680
269,1883
1301,614
1957,1909
720,717
1112,1599
1506,60
1261,1484
1133,1103
1958,595
1052,1419
294,915
205,629
1728,444
498,1487
347,1943
1952,1230
1088,809
803,1085
1946,842
1220,1501
1275,1865
1189,1623
1239,929
279,1286
112,1725
974,1846
537,401
829,397
73,1900
1946,600
1163,1043
1516,757
767,1389
801,1057
1901,627
1774,1155
1408,1921
388,1336
750,882
1811,927
614,819
1731,255
1216,1425
1076,1280
613,485
1938,526
560,705
1644,1069
1271,840
1189,1447
968,705
1914,934
1866,1854
432,480
251,1400
1500,1323
245,1017
1745,1034
1489,398
1190,1709
1914,205
1393,529
108,1117
3,46
1431,151
559,450
1947,1475
697,1557
89,1998
1571,287
779,1185
1272,808
1873,1549
338,428
1804,1009
1160,658
1938,1774
818,754
1336,1145
1017,959
645,205
326,1135
1786,742
135,219
1325,952
1471,271
43,52
272,1523
805,1595
1336,1362
14,1879
1323,541
1077,1730
1058,1271
1359,1620
1633,313
1537,1413
663,945
1895,47
1019,1751
812,557
648,1769
44,303
313,1925
735,663
546,237
1519,74
894,1346
1466,1213
570,1774
1336,625
1801,1404
124,1450
1158,345
595,1192
1681,478
806,1425
265,1900
134,1332
892,1892
751,1153
660,1988
1729,300
302,205
118,1872
1621,534
1382,1598
1662,535
481,1715
1864,1990
1667,946
1647,413
234,480
150,332
1616,875
815,84
1620,1433
673,928
120,1822
216,1074
1450,294
1947,233
1786,828
673,1028
1336,1002
504,468
712,642
755,746
663,1193
1818,655
851,1262
1730,1383
98,890
1100,737
57,838
551,747
69,1979
668,929
486,1563
139,1497
1126,539
1179,1173
48,897
223,1027
1468,945
1566,255
245,156
532,1897
1573,413
1991,1103
950,1336
1189,1697
571,1668
1648,526
388,1501
1346,1925
1818,119
1908,1920
314,468
234,1752
273,1565
1999,306
1116,1692
640,1110
396,211
1808,501
526,306
583,946
1743,1721
310,1283
916,1395
1695,1683
133,331
359,656
1766,1900
379,942
328,1562
1209,271
625,179
83,508
1437,1568
1075,1849
546,1610
1210,965
1895,1249
614,638
1963,736
742,1103
441,1791
1748,1192
595,971
162,1773
600,942
1905,1706
663,109
669,1571
1064,1478
1774,1657
975,700
1932,427
159,871
1673,219
1735,132
1648,1175
878,642
965,1072
59,1595
573,1074
1079,143
1322,410
474,5
1774,368
1946,1111
1846,1729
560,1116
1357,1567
1864,370
769,1163
278,691
447,246
313,1567
605,1143
18,606
1900,1315
1060,1831
804,1050
1633,159
872,202
1154,1696
430,445
1310,84
526,1914
1206,1992
1074,1041
831,1179
1716,1000
1801,1225
126,553
1801,1829
1077,961
1775,666
1207,881
1763,468
120,992
1336,1862
1103,1271
13,1097
1094,341
759,1189
132,1770
1563,1835
1311,1336
1678,719
1461,175
1103,1748
1741,394
322,259
1456,1760
944,1742
897,372
1376,541
1410,1833
134,1900
1997,1894
141,440
1764,897
302,844
704,1305
609,1524
585,1342
713,1580
662,1340
643,1515
1958,151
1685,917
1704,425
669,1717
1149,996
614,962
1808,955
105,1296
1433,1559
546,1983
102,864
1373,1210
507,1744
520,1904
1447,1317
1980,1528
802,3
714,439
758,749
72,1774
1867,1546
64,1858
1813,1557
303,349
1858,842
589,1227
468,271
1924,302
38,341
137,597
701,341
1567,595
838,1388
1022,1100
1469,588
1944,1841
1243,539
1052,1285
1771,1930
535,91
882,1737
1001,565
921,1597
1810,1731
161,1983
1188,1279
1557,1633
1605,1619
1139,1815
1440,459
1905,1246
449,985
468,731
1336,1077
1275,1900
470,1189
404,1667
757,1407
1311,341
811,792
1606,897
324,1292
1907,992
63,1761
561,1511
403,313
131,1775
436,1818
355,193
18,1439
957,1205
1014,493
1408,1086
1310,1066
739,512
606,617
188,1818
526,766
530,1642
706,249
1164,522
595,194
1567,747
1083,1504
227,430
1199,825
1928,951
1567,710
213,827
405,299
981,1577
1987,1392
1725,1849
305,1656
926,243
170,526
1540,832
1233,1023
1436,591
1407,376
589,468
1653,901
1148,1240
1138,748
1298,1419
821,1565
428,301
236,1866
136,1701
336,937
933,811
1586,462
1371,822
559,1373
217,459
1370,1688
897,277
1174,881
429,1160
1190,1635
106,1756
960,235
1710,657
126,291
1036,58
1952,212
737,1256
611,379
271,182
551,1198
1915,1336
704,1769
946,1074
1722,623
566,913
526,1688
1776,64
1971,1772
1359,1733
466,718
1055,1414
446,141
302,566
801,1982
626,205
1152,286
1289,55
407,1620
804,951
242,1927
1270,1600
1449,1370
350,15
694,526
1488,944
1278,757
525,539
757,500
229,116
1265,874
1085,1770
1189,1433
209,1861
1618,442
527,1358
946,365
1049,1751
764,468
3,1987
1116,684
1753,1212
231,1162
617,1052
488,736
1787,1083
1270,795
94,1678
1426,454
1985,1900
1877,1346
1683,1449
1431,1280
250,1599
811,1571
623,1876
1864,1014
205,1087
464,200
1348,1948
526,1811
644,1079
1270,61
1187,607
364,901
81,1505
187,1684
504,811
1218,1756
1246,1774
827,19
1571,1876
1412,1433
1199,561
998,696
1023,1332
1114,1818
24,812
1939,1097
883,1862
1189,1103
1541,1450
149,1103
1972,510
138,401
602,626
1017,1368
1059,217
1433,868
1127,721
1136,536
606,1957
705,647
1336,380
956,838
1780,738
281,606
1098,1336
205,604
1484,665
291,904
297,816
1980,1364
357,123
1900,1877
1774,31
722,332
313,956
693,1958
583,772
1261,927
779,1094
147,1261
798,1604
976,897
675,511
1838,1445
1020,399
1255,1557
304,1774
1693,1770
1226,3
21,808
236,1900
1543,1821
1451,1583
1238,469
55,3
1855,1579
1209,416
1557,650
449,480
1376,497
1376,1443
632,468
856,539
539,1359
1502,231
1522,1336
214,327
1287,1932
1302,1036
770,671
1070,635
1469,1227
4,1614
350,1764
88,513
519,1480
1240,1163
1177,1309
834,1580
399,881
13,471
221,88
1818,761
614,345
127,1099
128,1793
698,1947
1580,1119
1869,1527
1843,1978
1840,1411
257,1870
1447,1199
1374,992
1155,1900
1958,1336
1383,1185
457,1581
918,1408
1077,1029
1900,1419
900,1634
299,22
1447,302
1678,1366
331,1275
706,87
510,1683
1960,640
835,694
1479,981
931,1906
441,1030
753,1747
1560,1817
1354,23
1286,1116
671,1324
590,1746
82,1092
1350,122
1419,1336
133,736
409,1957
1020,1343
1447,556
358,1525
1816,670
1823,40
1834,1283
1186,1843
1741,1680
57,1900
668,357
176,1123
1063,1970
387,1203
1217,1681
948,487
3,1603
682,848
47,1109
949,663
505,1431
26,24
229,1116
190,614
737,540
236,726
206,256
562,1215
991,838
341,209
1884,1376
1362,1818
1856,20
1958,448
1507,187
1260,236
1074,1797
960,1449
1567,4
552,748
1006,574
1601,1917
1600,285
1487,819
548,1052
1163,298
1363,480
736,1619
1567,1334
1818,1336
1967,1045
1103,743
1946,333
1080,1841
1924,933
336,1687
1958,1923
1598,885
1336,355
20,1195
1551,3
1177,757
282,526
62,1423
1161,259
1014,1995
982,897
76,1198
1611,1336
1001,1903
1611,946
769,612
488,1269
442,1890
1215,54
1327,822
381,1697
1069,1571
1426,1177
4,1976
288,1236
1377,641
1827,239
3,1448
757,663
1803,634
695,3
1163,53
352,325
831,714
757,690
1924,568
1681,744
363,490
332,1131
720,1321
358,1977
1551,833
1844,321
1085,144
1076,123
1844,62
1678,359
1560,856
739,1026
48,1571
1103,1650
836,1336
1589,1313
543,150
1387,927
878,155
1900,595
535,313
534,1829
303,1799
235,831
1185,416
695,778
966,545
203,1147
1105,1512
804,1678
1946,415
185,1059
280,1112
1485,1177
518,672
595,1974
1853,160
42,468
846,600
1676,1739
546,899
302,1336
302,1020
1312,1798
885,529
1710,1557
1450,268
1031,526
1274,61
1608,1444
624,1165
468,204
1374,1039
880,1617
1440,1769
743,1640
728,119
1982,397
572,1973
711,1988
1491,689
1545,1103
1685,1750
394,1711
464,1244
662,1084
1450,1498
1419,909
344,513
1129,620
1864,614
1701,1506
1558,1281
208,494
1065,1234
468,1089
1900,1103
1452,1836
615,838
1103,758
1151,39
60,112
1978,438
1565,833
569,585
761,1342
361,1506
1644,399
1139,24
813,1460
1489,634
1368,238
665,1754
1900,9
556,488
987,283
153,1137
1673,1045
1951,215
1088,1380
83,1201
726,1096
1068,995
897,425
1066,426
442,227
1961,1598
1527,1271
603,1015
1724,1994
71,207
1136,805
469,1046
428,866
1302,1850
1140,688
200,222
1563,726
1449,1183
300,1020
1039,1700
1728,1431
1880,1545
1405,320
1185,190
1981,784
3,429
641,450
527,1795
1359,1552
1576,1516
140,1937
1483,910
947,600
414,43
1336,1010
987,1651
969,1069
1131,303
648,961
527,986
504,326
1177,992
247,614
75,1605
1395,1097
986,1337
778,644
739,1210
614,687
1912,1571
533,1062
663,996
1674,1037
1707,803
1983,1678
22,1946
1584,667
1900,539
1761,1177
649,378
97,1241
1210,1900
614,1761
1855,925
1106,1694
505,1927
736,511
1524,1031
1189,65
1675,1818
1768,1877
1305,1077
100,1293
1177,546
1875,1288
488,1796
86,444
1643,732
1353,538
439,928
1588,847
1254,1594
1571,1637
808,858
55,946
1775,407
847,1885
610,943
546,1900
1171,1825
811,1271
1277,1557
1076,1965
1108,353
838,1894
1447,838
1435,408
1103,321
1103,1052
1539,1430
571,1531
1794,1342
1933,343
853,169
938,661
1191,241
1156,1554
1963,974
806,1287
1946,468
1630,1407
1567,882
1698,41
663,1094
59,526
1767,546
480,1312
822,1251
1721,34
53,456
109,970
1091,623
468,1810
988,1169
1052,1853
1218,1675
1629,332
881,1384
1165,1641
308,1282
654,696
906,1946
940,1928
1809,690
1678,1689
164,489
189,1250
894,630
492,1094
1052,869
1795,964
1679,1336
887,1621
1839,89
1415,313
1149,679
289,365
1052,188
209,1867
622,1557
1916,1166
401,762
1336,795
1370,1203
859,1575
308,1543
377,1103
1168,1047
715,1898
1496,766
278,1774
1145,537
736,3
1570,1947
1177,312
574,863
1257,1206
1329,142
1241,1794
401,1370
38,1569
417,1163
678,632
1401,1345
663,1994
9,568
218,3
1236,1512
1832,1189
1016,733
1113,167
302,303
1299,1917
1033,268
1937,432
1869,524
278,106
946,1574
1592,95
1578,1301
1307,1442
1504,1046
1473,939
230,1508
1890,1070
170,1178
1548,1751
852,1505
1296,1462
114,1481
1622,1668
1339,621
709,1770
614,676
872,485
1336,3
10,1234
105,531
1376,1336
423,385
1409,910
138,595
1621,1875
1214,1441
809,1110
983,830
1900,1449
1900,1297
179,998
1214,1561
1673,1734
202,1093
403,1276
1678,1126
249,815
715,952
663,1867
1002,31
1103,1947
724,902
1517,261
237,1982
574,1755
476,795
435,1940
979,1224
947,1668
155,721
400,1877
1099,1530
1844,1756
1,1068
1381,1163
608,1311
1355,1144
572,1000
1765,633
1508,1525
1960,946
331,270
1547,1019
219,1921
614,8
1447,437
615,1429
684,718
1810,323
889,1021
1136,30
321,893
362,1566
1949,1042
1946,1412
1924,1517
1852,1375
533,325
344,1135
1248,1336
390,568
1467,317
427,654
209,1648
1484,1713
830,859
1557,1695
1785,1271
664,568
3,1450
1326,1235
1699,890
1986,944
181,1118
977,1840
1874,1738
355,1668
314,1032
1163,1092
1572,526
119,1033
264,1785
1535,1900
1913,289
53,1175
115,1785
1757,1052
1132,301
955,808
1077,233
82,1335
269,795
1151,1628
345,863
1900,1182
1774,1814
1749,259
199,926
629,1053
1185,1258
726,1249
968,1578
1972,970
463,1216
963,22
104,476
614,100
431,568
553,401
969,1652
55,1509
1718,461
595,488
734,1285
1259,1446
1956,318
593,190
69,357
348,895
546,526
1694,990
1128,1584
495,1492
603,806
3,595
897,144
162,95
1051,1648
1823,984
1104,1576
595,688
790,1193
876,1718
311,1052
1900,1056
290,1774
1685,193
1177,1377
569,1008
992,1073
613,1253
67,1187
1519,1163
792,1189
126,2
897,558
1432,900
1410,961
1851,1370
1003,699
1900,372
1678,1947
1103,1909
462,606
745,336
1094,1541
288,1780
592,865
1131,30
1470,1594
1775,1343
1131,479
1,347
1788,1127
1854,1032
827,843
946,1072
1813,1456
353,1336
1231,784
3,228
1398,1189
595,203
1888,468
1958,207
286,1493
959,933
1912,354
1478,664
1152,726
643,1451
600,1157
202,1544
1733,611
1226,1422
1946,829
1117,1606
573,1567
819,174
873,1173
1394,1468
1116,1526
1802,546
1197,614
1708,1585
1013,84
835,1405
826,432
1116,1567
1477,1731
1467,602
1657,811
458,1557
316,691
1528,661
606,1244
35,1159
467,1155
1896,985
1940,865
533,1902
468,1665
129,159
1861,889
468,417
546,663
941,1475
1179,1103
539,1336
646,107
1841,1288
1336,1220
1238,1557
883,1496
667,940
1803,103
309,1052
1857,1649
710,1001
161,606
871,1031
1418,1346
1655,16
1824,663
1567,663
408,202
341,1076
1790,1336
1821,1465
1242,1328
1419,388
1166,1475
308,1520
1946,683
1988,1868
1789,245
674,1041
1838,96
788,1273
240,1557
347,1267
681,719
1109,407
1414,1232
366,797
877,1103
52,515
1196,1113
349,1262
1813,1853
1237,368
1472,1662
817,102
1912,1678
1290,1372
1877,332
1014,1105
507,1986
1103,1449
1336,1103
1663,1163
1659,1052
1242,1853
1955,1551
997,1364
1517,1847
705,463
1177,758
595,1202
1353,971
883,1690
1483,753
1763,637
757,927
424,1320
897,568
1908,1306
144,1682
1774,757
625,843
1174,1680
253,1332
1481,1701
1592,1081
332,235
468,788
799,266
790,1001
1486,1586
1619,1433
486,65
1448,1557
1158,923
1182,1669
1691,152
1900,1762
1484,1896
713,1912
1403,1805
1189,1396
480,797
550,1653
1841,310
1011,1174
527,392
1818,1648
1930,679
663,760
683,199
527,643
81,7
606,126
1259,5
1907,1510
260,302
533,1254
1622,1106
197,1204
1970,166
298,1737
1164,1668
981,1818
313,1881
818,1671
1547,1678
1675,136
1063,1831
1955,115
274,817
1790,1900
1290,205
432,1346
1950,1805
757,1561
1108,2
171,1189
937,1863
1319,767
416,854
1407,1336
1812,315
0,702
1482,979
940,126
1148,918
28,1336
1759,674
1886,1392
542,612
1466,450
1233,108
4,1634
1407,1241
1861,1441
726,126
799,700
1715,1326
341,147
121,711
1835,179
546,1787
1284,1040
1296,546
134,262
1023,908
1163,1900
831,950
849,1087
488,735
1339,41
351,795
1532,672
27,555
1340,897
1647,1555
1844,634
1133,1648
1616,990
538,1369
392,1077
927,1976
365,283
596,1958
1557,1550
182,1291
300,788
783,1768
811,429
141,493
274,741
1943,946
706,528
1355,3
1454,1166
1976,841
1663,453
1877,1336
619,771
1936,841
3,246
412,1419
350,1052
209,1279
526,1822
178,1312
820,1870
1134,1067
1818,1567
1774,244
1481,273
523,1549
1780,202
1328,1423
1891,608
1151,1730
1433,3
79,81
1845,700
99,197
730,468
183,480
1114,712
423,1653
1774,1537
396,1927
1120,1673
1567,1949
659,1172
1818,1785
667,1430
73,712
1751,1913
1787,1995
302,568
324,209
627,1103
811,1454
811,1128
1150,460
155,993
2,727
594,533
327,811
524,1319
1435,869
659,1574
526,468
1628,1452
1311,1406
1090,484
3,427
329,1573
305,591
1141,1512
16,1047
1958,1309
3,257
1395,216
105,305
1763,1347
1583,1789
99,1889
1774,468
202,1973
1579,897
1818,898
1774,821
1485,1774
634,205
1163,1256
1671,1673
1058,595
115,1296
1428,1926
1692,1716
218,914
1602,66
526,1163
1219,1334
1053,757
925,1313
34,395
1855,1595
366,1678
1087,157
888,1529
1818,671
1603,1908
1931,893
230,1403
1579,1052
1488,879
757,475
1719,988
1336,206
330,213
1268,1934
624,930
150,1575
1820,1929
1283,43
252,1435
1030,364
1922,770
1353,746
1847,788
841,1853
1806,357
3,1278
1258,1871
653,386
651,143
663,1450
49,1300
1474,468
1287,1871
356,1639
576,1378
1372,1874
109,1271
715,1967
1491,870
880,1352
307,1724
1675,1678
1648,1306
653,1299
471,357
1327,27
1065,500
1799,3
1648,1617
202,1609
1425,205
562,909
1604,1346
1553,1571
237,533
1555,1386
1632,1910
3,518
1009,388
26,1270
1887,1946
1285,1228
148,385
39,383
831,205
386,302
3,64
1316,184
1137,795
511,1057
319,1740
1361,1807
663,1591
757,146
908,831
3,292
1475,303
1233,267
454,1103
468,824
97,1978
385,205
349,857
1620,437
677,29
1088,1678
1761,1576
667,1146
1221,1013
1698,1679
1908,1536
1031,36
78,1572
1105,209
77,468
1715,1095
3,783
72,1167
614,1341
141,1163
1205,1332
553,52
436,1233
45,517
1877,458
1860,1483
964,842
358,1818
723,674
1640,3
892,488
944,1703
1900,1268
425,185
1761,689
121,369
1678,335
741,1964
1818,1051
1810,548
368,349
785,1204
1270,933
128,650
1847,1511
798,789
1516,799
468,391
392,904
593,770
1119,1034
1887,70
519,918
248,391
1676,1738
1349,1127
1552,920
756,1589
692,1989
1763,1807
1336,1412
412,434
1121,468
636,1523
1983,1456
1243,1308
643,35
1270,1589
673,634
1841,266
1709,1692
525,1779
545,1655
239,1384
1507,1933
3,944
1010,1557
1900,1940
416,1571
893,1791
1027,7
1103,480
1103,414
450,1841
419,1970
736,878
818,352
736,1347
546,304
1035,1583
1822,421
1998,831
1433,1738
1236,640
438,515
589,549
1977,1841
1605,1349
3,1319
1667,302
1287,487
595,1381
89,1790
1240,221
79,1142
744,726
1646,176
1244,163
1954,445
1336,765
1192,1207
3,1549
1741,1631
63,1319
1514,1670
731,933
1567,51
875,1775
147,1281
734,808
1533,1292
792,793
125,1774
1567,93
1501,1844
240,406
1631,1882
1464,994
1712,547
1457,94
1332,92
1984,1264
1233,327
1270,284
1336,1014
527,1100
33,1748
1458,1273
975,390
1397,111
1672,376
1503,1142
1273,1818
554,948
1625,1947
726,177
1732,234
1974,877
1476,468
569,1229
131,1648
308,1924
1652,1189
922,363
341,1580
1829,908
1698,838
1310,1774
160,1537
1820,503
578,558
1032,922
1447,1501
365,1476
993,3
1810,793
578,360
1316,213
628,1123
1136,692
1100,1400
1804,1961
1837,1559
3,253
937,467
1567,646
276,165
1344,1103
122,1996
337,1026
644,1437
984,1543
1201,1455
1439,8
1790,569
1360,1755
1567,1431
1103,1788
3,153
1035,797
616,1270
176,1349
1792,1461
1576,683
1319,455
172,1255
757,313
838,367
430,897
1310,1790
1936,1357
891,201
1237,962
643,370
198,922
1975,1016
1300,1368
915,198
374,787
1433,1607
845,626
838,1777
1194,142
717,1433
603,394
468,897
549,92
854,1802
1702,1336
970,626
670,1358
1703,1571
468,1964
856,1833
1900,1947
105,1136
1607,595
157,452
1784,643
1600,422
1041,1678
1804,2
1221,15
1336,614
1049,773
1948,1449
1833,1284
1004,1307
1885,946
302,1229
180,960
209,27
272,1022
361,884
247,872
595,663
905,594
1471,348
635,111
966,1983
952,736
132,1675
1912,1457
1930,1800
475,1842
218,1812
1983,1757
852,838
1250,582
1428,1202
1098,13
1232,1399
1546,942
976,1025
1983,643
614,410
752,263
1479,1647
135,117
1028,1103
401,297
58,1346
509,323
1370,387
1993,80
1325,1491
1959,992
640,492
752,1639
1211,503
401,1996
1860,168
726,1419
1442,636
848,813
1723,445
890,478
1163,405
1636,1203
773,437
808,526
1892,1678
775,742
1657,1517
1228,1370
836,4
1878,241
1044,1743
984,431
1763,1587
1585,37
1983,110
1714,795
1581,1775
1829,903
1266,1818
845,860
1774,306
605,1969
1451,1767
1336,489
322,755
1407,1567
769,1755
1472,263
1817,1785
1315,45
973,66
2,794
1371,1433
1530,302
1184,1678
1651,1842
787,205
757,1509
1737,791
1638,1985
1158,1739
604,1472
1136,1163
1929,1230
1774,1189
1592,280
51,174
1876,1737
326,1591
1920,1880
1443,1289
1765,468
992,95
1774,1718
34,1120
555,355
132,1564
369,383
795,477
987,632
1262,382
334,1434
563,580
1574,1906
958,1336
1737,1433
1687,816
177,55
777,416
385,559
24,1121
1060,733
1946,1315
1074,535
1489,388
3,514
705,1361
385,1409
126,999
678,1147
87,137
920,571
867,1946
1431,784
763,328
537,495
1419,1661
1675,244
546,1564
1758,857
1310,1624
3,935
104,891
761,944
1190,275
1330,1267
845,526
1742,533
386,510
577,1040
1104,1557
1898,1900
343,1213
498,491
1737,1270
669,267
1648,786
1452,643
570,754
715,1700
615,1697
1024,1177
1005,568
774,1459
227,935
292,465
1464,3
14,17
1498,1337
141,1897
1567,356
159,460
1757,1396
485,1138
1265,244
139,546
1810,1687
399,1936
1131,265
1314,972
302,1411
1579,1926
95,1603
1131,3
1687,1901
728,1774
668,1336
58,1666
95,554
42,353
1336,857
1818,266
419,1900
1437,640
997,332
1,1712
772,1187
1382,276
1834,1247
1442,1355
1162,1815
1189,897
256,1632
1394,384
1522,1254
606,456
1331,1369
1771,1761
1103,595
1284,1336
614,490
1245,113
1660,1828
1071,960
568,188
41,1122
1924,134
700,626
491,1785
187,681
984,1774
54,523
893,1733
1345,373
420,258
1973,676
1336,1319
1176,262
414,1409
1610,1946
555,330
540,172
1865,1900
1450,685
488,1641
1188,563
482,641
1310,468
917,939
1952,1778
303,1269
1260,1055
198,1958
936,521
1877,1068
133,1463
703,184
1395,838
1431,385
3,1825
1752,1189
534,943
1484,1103
914,1463
931,426
623,332
897,1289
1015,1188
1324,513
580,1773
660,1777
468,1073
346,123
46,1301
1774,1947
232,1115
1333,1387
1336,169
1421,1245
708,144
699,1103
1463,1641
1477,820
1686,1905
989,785
808,1338
1253,1054
967,1291
1527,468
488,757
1876,662
1846,862
954,477
498,453
1839,669
534,126
997,657
1317,360
710,577
1305,568
408,1149
781,768
1943,757
948,1567
302,1550
755,1567
1058,313
824,1830
1189,1124
241,1781
154,1977
265,1647
586,1964
196,606
1614,1628
1109,920
49,280
42,1774
1989,1013
645,1947
1818,308
1781,1329
1807,1572
1264,1749
590,1859
1103,1163
1684,1319
210,1911
1359,1738
1019,303
809,1329
311,302
1225,1010
189,1336
1484,1329
303,1900
1276,1450
674,1270
151,1708
1726,165
331,3
1360,793
568,428
685,631
756,1103
422,1909
1182,1647
581,786
1336,1526
1449,1610
1544,246
209,469
1954,1620
1410,549
538,1669
528,1963
1678,1002
1344,209
1793,1126
1163,465
527,867
1336,796
1205,1367
1541,331
1919,1181
1998,726
252,614
1815,145
526,575
1408,28
1163,48
1876,1508
1924,313
30,721
1824,415
1313,1103
614,1200
1513,1774
912,1322
1542,1954
1684,1154
295,1487
267,1252
1494,1750
1674,1900
982,568
1968,757
1677,1029
1785,141
356,317
3,1947
302,1946
1431,1422
979,1839
175,1850
1249,70
1762,1938
1490,1663
1270,183
288,839
1991,204
339,1696
215,484
1363,1774
791,866
655,1271
631,557
804,1900
1474,1449
303,850
1195,1459
21,1011
468,1671
191,1124
482,1116
894,1662
1419,1330
205,242
410,323
3,1704
534,807
697,318
1706,637
546,349
536,272
1394,302
709,1497
495,876
814,838
1542,7
1870,981
1017,1467
1819,421
1760,236
301,1516
1042,667
1927,401
446,1703
1894,1753
932,1170
1074,933
468,1830
468,1677
1610,1091
1827,1818
1567,224
133,482
242,906
1103,1310
606,1130
192,1843
1416,1910
1251,1367
243,1221
804,1455
254,468
829,1480
790,1189
1915,399
707,1958
1721,1420
1972,1923
212,1371
1040,1587
433,1571
898,616
726,1566
1450,1761
1335,1074
381,1336
353,1501
811,539
468,1279
1183,1336
1918,1270
1999,1974
1222,666
1532,687
302,1318
293,977
1426,516
826,1880
1722,485
287,1551
1062,1897
1925,3
1196,896
1567,1950
519,1177
1556,1845
201,1901
804,1526
1792,742
1447,399
94,663
312,775
1447,71
736,186
579,1052
1854,766
109,1297
801,838
103,163
1664,1858
1818,526
1044,598
90,1610
1336,760
432,1943
1985,1844
726,1436
12,1489
986,526
1475,1873
1814,642
1656,638
156,552
341,825
1337,385
1352,583
564,114
610,895
1450,458
933,775
1645,1648
477,1189
260,1033
1331,1202
1978,1884
133,1160
1851,1235
1785,468
1504,1785
616,618
659,1052
1677,1944
975,614
984,562
614,214
1211,1235
1637,1274
1433,506
530,95
584,635
1163,1107
1470,725
1287,345
1192,302
643,545
1336,1853
1902,1946
1178,1076
1006,1112
586,1017
1767,166
1373,1958
1951,895
1821,838
154,1132
1424,302
3,921
1786,322
259,468
1054,571
1189,1336
44,464
803,506
10,667
550,1576
205,400
724,576
141,1103
1794,488
61,273
152,1329
954,468
468,505
617,1336
402,1593
897,663
1915,468
49,583
989,1145
1399,816
1533,539
1064,1123
1900,601
1515,614
500,74
651,762
1318,239
902,1076
1557,1749
1415,1103
1433,1826
143,1818
1762,149
1886,90
946,1163
520,398
591,1650
1067,1774
808,1227
810,1078
651,1519
557,1514
1336,1637
