656,916
732,352
1520,719
378,919
1454,675
281,970
890,1184
1073,1541
683,1370
897,1890
673,184
1944,893
1454,797
1383,991
667,984
11,1121
1025,1465
329,520
926,1007
1316,1673
1371,405
1055,1739
541,1751
869,1510
1206,416
1909,607
767,1474
693,1883
1649,1254
1117,620
1650,414
1132,549
1536,1357
141,452
1831,1844
1576,899
823,1905
1101,1020
1316,1052
643,512
1934,391
218,1936
1929,1911
181,1480
454,1345
159,277
1738,1134
1630,745
1363,356
520,789
1629,524
1615,878
243,1701
860,555
1787,342
30,1070
1395,256
1274,1896
62,1186
1607,517
910,950
542,671
1646,5
211,386
1836,1779
204,1230
718,829
1098,636
574,1899
679,603
1440,364
1987,1618
359,1816
1313,944
1121,1403
413,678
1117,1513
1761,654
222,366
1227,727
1027,180
446,1737
822,747
739,1869
930,31
45,1111
256,1188
228,1142
1513,1098
816,1189
1232,89
1658,217
1358,956
984,569
1273,1213
204,1422
1002,184
331,1746
1659,811
1122,1330
1499,1478
1330,1240
451,311
646,516
1108,156
1723,1812
324,112
570,232
1174,369
1764,219
1058,1116
1502,752
1186,1321
1007,52
1552,569
1773,351
1891,1522
504,614
1128,1374
220,255
1731,1289
1040,1598
869,1369
210,495
1687,316
782,1398
1585,1431
279,1304
1506,1388
789,1258
4,1016
1655,1659
1544,189
386,1996
879,1187
1181,1297
949,1845
571,338
783,1341
1613,67
1013,120
225,1677
927,583
1467,729
1797,350
1464,813
355,834
581,44
1718,1031
209,58
1295,1322
21,979
395,1447
593,1100
1414,633
1829,1385
521,1457
703,1296
1453,376
1449,604
527,1656
267,639
132,1074
22,484
576,309
1756,1803
1160,475
1994,1554
1523,834
1703,1157
884,1310
11,108
1487,834
397,1140
403,663
803,446
1672,771
1338,1679
1687,1560
1117,1662
1648,857
97,1145
1383,1592
97,1585
408,1145
7,1086
1281,638
230,1747
805,1287
852,1504
1401,1192
16,530
763,870
1536,241
832,61
243,158
1297,121
1420,1882
1321,1975
642,941
1038,3
73,173
1790,894
873,1901
468,397
747,390
1006,546
1639,1254
1444,1794
1097,1472
1648,1572
1327,1033
659,1740
1889,78
363,18
732,1433
972,1619
1209,1728
1009,1600
1756,286
282,747
1720,702
1069,271
1292,801
391,373
843,1732
1800,822
520,766
1508,1997
1022,1881
514,515
1476,1003
676,1124
1976,361
400,1639
1411,1869
411,327
719,351
1111,1619
1542,909
923,1982
1379,2
1232,1986
807,1111
285,1962
529,1949
1389,1502
1217,118
1866,808
937,220
815,263
917,697
1464,455
1806,1979
1874,1754
1231,1635
48,1366
1121,1487
1987,723
518,1028
1397,614
1564,1481
864,1367
1699,1496
1323,1143
141,483
1297,188
463,712
1833,604
1412,1846
183,1091
1536,777
1368,653
1268,166
1597,1499
876,873
985,687
905,292
24,600
1425,845
928,1520
204,1276
1076,1575
853,602
682,1962
1339,566
687,726
1207,979
1950,389
386,1391
774,1971
328,394
689,1139
1408,1090
959,710
1679,414
254,371
863,1631
1506,784
414,485
1100,438
107,1206
1904,1213
1193,1622
323,218
1736,235
1802,709
763,113
1124,1107
1089,1537
402,1865
960,781
1356,503
348,1063
1490,1810
178,342
1700,1156
1519,1462
1357,1002
1271,1678
1631,49
207,1922
65,745
1593,49
1170,1007
1544,1335
237,1596
321,1448
387,1291
620,133
1814,1
24,1159
1774,659
153,200
1906,306
521,1674
1290,1188
1112,1307
406,228
47,1574
1066,427
1512,501
976,1967
1408,1900
1954,1981
474,395
1808,764
1965,1934
1958,1708
961,305
260,801
12,1204
1636,34
1979,88
1432,317
1172,1787
262,1471
198,1202
431,754
369,619
1048,1421
1154,1365
1892,1348
1083,1722
1015,945
778,470
1197,858
55,1955
157,1062
408,1869
429,44
181,102
1909,960
1377,1239
1095,536
1497,1987
847,996
1610,1828
1432,1137
1661,1329
1850,1078
1150,1764
1237,1477
657,1891
168,1001
456,840
1071,465
663,955
182,843
260,1726
1164,1871
1396,772
337,662
1173,462
956,632
789,1343
1770,720
1449,198
292,286
1092,1124
339,1562
803,455
60,558
1369,86
1844,421
1572,1987
413,1050
1466,484
1763,1739
120,1397
595,673
867,1624
1064,1029
1926,146
889,638
1161,1949
1532,917
1821,970
177,135
320,1476
1220,438
1767,638
333,1572
596,883
1104,773
645,1207
1626,192
1824,843
523,613
1172,1926
1036,1837
1729,493
131,0
1001,1446
772,511
816,895
873,1134
1566,197
1953,465
1478,169
861,1404
1722,136
668,1671
167,55
1153,1609
1684,1698
389,116
549,110
612,1808
768,1280
1832,315
1071,1348
111,860
1484,1694
1044,1353
1355,732
1951,519
1869,564
1122,902
478,1830
1329,556
1919,881
1809,82
1693,1291
80,1493
360,945
1337,895
1558,584
1615,1116
1362,1644
638,1424
384,1361
1181,195
1829,1395
539,1894
1502,654
34,1127
412,938
974,448
182,1954
1536,1681
547,1468
656,132
1554,1132
826,89
125,1578
1256,504
251,628
964,614
1386,1059
17,973
1883,1819
156,389
95,671
1808,1547
1873,1545
370,1664
594,769
903,362
1171,900
1397,1108
368,1130
691,1113
1580,346
490,836
451,1723
1802,792
252,1371
1307,1680
126,852
1921,1010
1452,259
1460,460
1038,1110
1753,73
1151,15
1245,1795
1286,709
1251,755
1864,1196
1000,28
1069,1457
1508,1720
1438,1270
449,697
1732,1606
1052,1264
1567,707
1308,245
302,1008
380,1045
1275,842
621,1686
1510,821
375,804
15,1592
1208,1134
1578,786
1217,1649
1674,1903
518,1291
1536,1831
508,1832
377,1164
1602,1460
1556,1978
987,783
571,775
950,786
998,615
1301,1912
288,856
137,266
1393,215
488,957
1232,1576
1960,533
473,416
495,447
278,253
945,1554
1556,1794
1828,1286
329,1285
140,1453
461,98
213,375
532,1842
563,990
115,382
241,957
744,234
1798,76
592,624
417,1888
1601,483
1518,1550
1910,571
1517,181
1118,303
551,1001
1398,600
513,85
58,356
141,1863
1598,351
230,1709
1292,1375
629,1852
800,1942
1047,553
789,51
1672,1471
524,958
1184,94
788,1786
935,184
341,1168
479,1005
1980,434
1950,230
789,1858
1326,149
237,60
1098,1766
1939,1581
1238,118
122,1248
1366,421
1011,1972
965,793
302,1466
194,742
541,1807
628,362
1059,267
956,688
868,1825
963,1859
1807,1846
48,182
257,320
603,442
316,1604
648,794
79,1529
1943,43
164,1054
648,1334
1281,98
410,1743
422,183
1452,1902
1827,10
623,1872
428,1737
1559,1915
461,558
879,943
872,1031
1409,1484
1677,90
1505,1236
1473,596
1106,610
924,1301
1857,549
73,504
994,4
1250,261
1612,1392
733,1037
1124,945
1685,1856
1343,1458
1310,233
981,283
746,1508
881,1460
214,1419
1778,227
51,527
1067,735
1992,1562
308,191
6,443
1102,222
471,1884
197,1263
1124,965
902,1669
967,1582
1443,1760
1151,1117
446,308
354,215
401,264
1572,1323
786,1632
1420,263
245,1826
1433,405
1920,1897
1752,360
935,858
1601,937
1016,72
1867,1138
620,313
957,1744
1772,718
484,841
1781,1638
234,1603
1089,246
1500,1552
263,1651
1531,508
1451,1409
678,670
1021,1781
1339,1944
1067,1719
1011,208
372,1228
384,670
1333,396
913,1846
698,849
1938,1608
1683,1121
299,1945
1034,1974
583,1772
831,933
910,427
1762,1119
1492,1668
393,1685
1489,1991
1903,708
622,997
1271,1752
105,169
1656,1617
1218,1842
1620,1757
1131,19
1406,891
1950,1819
1040,575
1462,855
1504,271
1023,1784
852,0
1832,1971
1085,1406
1717,1513
3,414
1457,626
810,598
830,1750
1533,830
1683,1882
322,888
1135,824
933,1660
653,558
752,1982
1829,1185
1563,939
650,1442
1869,685
1081,448
1049,1350
643,1376
240,1365
1175,1458
889,1429
1360,355
1653,1222
1327,362
449,1875
106,155
1103,1340
248,423
55,1394
1083,1016
498,1420
1745,1093
733,765
825,1137
1368,1124
237,989
105,1823
457,82
886,865
1939,655
1527,1710
506,136
179,1226
1895,1007
992,1052
1645,478
714,1238
1406,1727
486,364
53,1101
522,1020
1610,978
249,700
374,1204
548,1460
208,226
540,1748
343,892
243,1402
386,1770
1299,1514
1753,1110
1630,252
1996,1728
762,722
1603,1394
532,1437
1536,1645
451,1482
300,963
103,1039
1713,1118
1173,1759
1258,964
1824,840
1536,643
64,397
1992,560
1429,320
1261,144
1061,1819
1967,1658
1600,1245
1195,359
1318,878
345,172
1937,1392
1038,1838
930,1481
723,143
582,910
255,798
1575,815
1993,1067
984,37
42,910
657,1304
1272,806
675,1019
192,102
974,70
187,1695
813,589
127,714
956,1907
79,1830
367,1985
866,351
557,1536
100,1953
903,1108
907,1126
893,1332
869,494
736,172
1087,1019
1203,554
945,1003
914,1992
1065,974
689,1812
1098,757
1846,14
74,874
1149,1625
1243,1700
976,1133
467,300
1143,327
1133,1907
1618,161
1556,1052
229,1822
319,40
910,775
1348,723
578,229
1360,1023
431,1655
154,1958
897,1540
980,487
1935,1060
1856,292
1322,1156
1801,1085
1991,691
1316,586
971,1649
1131,715
885,1667
406,1968
1608,371
447,734
932,1215
1352,793
259,312
339,1257
915,1373
391,1961
633,896
847,548
890,158
1192,980
1661,1438
406,1614
264,458
1697,1421
54,593
995,1302
1055,1754
201,230
1689,595
340,1409
1783,779
1788,1366
145,560
1305,812
1201,1628
1312,1399
1416,839
1480,1908
1401,731
1713,1227
1581,1823
1390,549
1755,1079
825,1326
923,719
1944,489
584,1845
1848,591
1724,616
143,517
1205,1124
1593,1045
177,495
837,107
1927,115
1031,1279
1405,543
701,1364
1608,1396
14,1966
1955,975
25,971
1355,1132
846,1291
1842,1110
1988,714
879,1490
466,1928
1813,1312
752,1724
1536,509
1841,1394
1816,1680
1310,1
835,1969
306,1494
1869,1738
1575,1080
722,501
1870,1686
1878,224
1501,1277
832,720
1217,413
846,1145
557,123
805,591
1334,1599
1852,1055
507,616
1802,715
1851,1151
1734,741
648,1763
1865,934
403,1873
1315,885
1198,1620
1846,740
496,1663
1198,1200
604,766
845,1920
357,625
1534,332
1499,986
72,605
748,1261
912,1953
1672,1285
73,1927
1272,1266
1561,1979
695,764
331,1162
882,1607
814,1418
651,1442
446,1516
1864,1479
697,1537
1933,547
1917,1799
1917,112
242,1319
1801,529
1382,1495
1102,899
1415,724
139,729
432,1236
1440,631
1876,1114
1853,178
239,1185
111,244
1160,456
1611,1370
811,481
426,440
116,1126
291,1999
1242,1638
1365,1940
49,1689
1122,1401
1888,1112
896,1644
1712,396
1363,1768
1155,1659
688,1866
238,801
1796,1353
334,1257
124,1623
346,85
876,1462
1166,59
439,1861
1450,139
340,111
1075,498
871,1068
1314,221
1398,1743
781,468
372,1154
21,171
1148,949
662,1110
1789,1668
57,1121
623,587
1493,485
1610,1106
1717,1826
1521,568
61,1187
699,440
589,577
1974,390
1844,1124
1504,753
77,1280
1373,641
1746,1654
627,1098
808,1860
1035,1796
1795,377
1492,804
357,1841
1223,1887
154,411
745,1835
112,117
199,1148
441,1246
1894,1743
607,35
582,974
848,1748
543,1431
1012,435
1831,291
1256,1331
1733,375
1209,249
1773,1374
321,1017
838,14
6,1327
659,935
580,92
310,1439
575,1033
1318,665
1821,1201
1113,1574
855,318
312,534
713,1665
1988,322
655,1839
1871,861
1195,1775
1194,1448
411,681
1219,874
1941,994
752,576
689,1764
889,431
841,674
932,664
968,651
476,971
1130,1393
1542,1525
1299,847
1200,1675
1333,1337
883,676
315,1665
1439,43
1131,1685
1517,940
1375,1080
856,1376
735,202
1914,1376
1049,1453
417,1267
1304,1281
707,1644
1138,947
1652,1901
302,909
1589,1643
139,233
1494,601
365,590
1699,988
1240,57
1826,876
1739,1959
1584,961
794,11
1689,1870
1536,1351
1811,597
180,312
319,1848
829,564
1146,809
1627,939
1976,504
1500,480
1861,1288
977,1440
128,1917
1088,1597
81,1658
667,1106
1313,1873
1419,1884
1301,1446
1980,953
734,191
287,1594
122,66
1410,1523
513,187
304,1509
1550,652
1328,1317
692,1609
1584,1792
1391,1858
1732,690
881,988
536,1263
506,1274
230,771
750,1162
772,1495
1867,758
1878,1265
62,472
1737,1483
145,630
924,1204
1082,81
1880,986
1176,551
976,1212
1979,1536
281,561
1786,354
134,1982
1251,704
1508,125
1731,1609
298,1150
1590,101
1670,1593
178,1852
632,1269
1865,1713
681,436
1141,149
165,1315
1300,1516
1107,1715
784,1882
250,1230
247,1062
1832,865
1486,1495
1765,850
1558,1629
743,1302
1733,307
108,199
56,1536
1649,961
674,625
1260,1208
415,1798
851,1979
900,1648
432,892
1714,1528
468,1529
679,837
625,717
602,1339
364,1660
1464,1127
1210,549
265,253
938,520
963,765
827,1356
850,1762
1445,997
875,823
1060,1621
974,699
1588,1683
945,394
1259,194
1885,641
1456,1272
1777,1254
12,937
178,477
1100,1849
1305,1577
545,1973
901,1705
1770,1712
1696,103
1262,1843
1926,611
1668,758
667,189
1599,55
1988,189
123,270
1467,1470
1418,1030
956,671
834,1690
453,1868
1472,99
702,20
236,1637
1531,75
1763,243
238,201
321,1631
610,1216
423,329
210,1886
491,1834
1932,402
1758,1126
1836,1954
1073,646
945,135
298,1964
1613,1513
1969,786
1974,208
1085,158
1729,1772
193,830
1606,29
1049,358
1835,1175
1124,953
882,1925
1633,1957
1262,773
1015,1976
25,1688
960,466
310,1634
527,1094
600,382
1307,67
549,1881
817,1475
1419,1093
1743,1191
1508,708
33,1464
918,53
1064,344
926,968
1633,1536
749,1744
976,524
1580,635
1921,233
766,821
726,1519
109,1751
1757,886
544,1308
136,1084
549,1514
679,851
82,1408
1730,1161
1439,1810
1362,1147
486,1354
235,206
1216,1749
1005,548
1849,759
34,1909
1051,1600
85,512
1057,887
78,1436
659,1533
500,297
1354,1320
1768,870
1179,1826
1714,149
833,890
364,1144
525,157
1284,1283
223,15
1028,1225
1856,742
919,867
1886,150
198,1648
91,320
97,1392
1589,1662
952,756
62,1852
624,1216
1555,1592
736,1253
1364,459
455,429
1381,1325
218,1277
1616,189
222,83
962,1149
1862,1133
1114,1657
449,746
1567,2
1557,677
1970,1260
1570,1838
1196,487
1148,313
1287,1667
1972,494
589,1989
1135,226
632,1527
1378,1177
385,1430
1070,1377
1599,1090
1759,468
687,332
578,86
774,1349
704,101
514,1124
1013,1608
110,974
1078,1639
1766,1138
672,1088
933,1903
1814,743
1133,1578
644,1886
1770,1450
724,1762
1840,1489
264,256
1896,31
844,310
1362,660
1858,911
1590,1966
118,1487
1177,1373
1761,471
1203,452
549,1994
703,535
586,1840
488,1563
239,694
1960,1232
588,373
1201,620
1391,1970
185,549
100,1216
1634,1251
1519,731
22,1027
1814,585
1797,636
198,1357
1087,358
1550,1711
1707,676
353,811
1519,1169
1708,1873
1190,1427
751,232
460,77
1926,1831
379,1276
444,974
1854,1525
826,1273
1505,1077
797,1887
1013,875
937,1753
1918,924
1284,276
677,841
1777,1479
1142,1413
986,57
1081,12
1521,678
341,1119
577,640
586,465
1661,1277
457,1000
1472,1760
1536,1359
1897,603
729,1916
1938,1930
1160,1908
895,1595
660,303
1436,631
1302,1128
1860,1125
995,1857
945,1247
509,1833
1051,176
988,1287
1152,843
1433,1672
1451,1596
1793,1913
1276,1811
1432,7
1887,1481
755,82
1434,363
1642,503
1441,1313
1895,1800
303,1416
1282,526
708,491
1767,1641
1975,606
1997,1003
977,75
651,1536
1029,1311
1213,1470
619,1487
1018,1963
1547,1753
1104,1863
812,497
1438,142
194,1582
991,1282
1462,1337
242,608
1415,631
1235,1842
1118,848
1795,1822
757,1072
110,1632
1579,1186
1501,1705
418,994
1367,238
1928,542
1870,584
1848,1886
140,599
117,1704
860,1851
1272,1374
875,1723
483,1893
1072,1694
1784,1248
1105,814
835,519
559,401
827,1215
239,1147
1733,566
175,539
1913,998
1340,1275
351,462
579,848
157,1947
574,599
1233,1236
1570,768
90,959
18,1543
1152,1325
398,1381
344,851
484,1281
628,573
1447,1735
205,1074
683,104
1401,1951
800,378
122,961
191,424
231,1468
557,997
1843,526
1930,1170
106,1983
845,464
463,566
301,523
671,993
1553,522
1860,30
475,974
1163,816
1202,565
263,1645
1179,213
1915,1549
1943,251
131,1790
92,365
258,1053
1892,841
795,710
1026,1791
126,225
1209,551
795,161
290,342
1150,81
1313,527
778,1882
582,1870
977,1312
1029,1214
135,418
926,1077
591,1934
595,1804
1317,1324
612,1474
1626,871
1107,1310
1277,131
693,221
649,1374
1082,1006
1521,1292
978,1891
1479,1025
956,284
946,259
1145,1916
457,1635
39,1632
1221,1955
1190,1953
369,1648
500,426
975,1538
1804,1255
1082,1268
1315,770
314,894
1034,1707
1497,378
1818,83
1417,786
625,176
1814,890
428,792
392,1010
1465,790
1396,180
1963,1827
960,1300
36,40
1573,1670
1781,58
489,1728
1678,864
1913,999
1648,1035
1417,1234
288,115
426,1598
588,166
72,1624
1247,425
1466,751
1284,748
1836,1081
437,126
287,447
665,1889
970,862
1443,145
29,1817
258,1821
1806,974
1073,553
819,1041
1388,79
1589,1229
1386,309
783,1846
1249,1238
1701,1529
1325,644
406,33
999,850
1508,382
1354,1468
909,1385
965,1158
935,1128
1172,1808
119,858
1905,1054
1670,524
686,1660
853,756
769,1042
472,1383
834,9
45,1813
63,822
490,1696
1430,1258
379,1960
716,1484
710,52
1825,93
570,1182
1267,642
1473,641
231,261
179,9
1491,1036
1546,341
1113,576
247,794
1579,925
950,709
1171,1157
1887,1508
643,1392
1494,1102
296,1981
162,27
512,745
1462,900
949,38
1651,321
34,1467
104,1928
1584,828
749,347
829,602
818,1634
788,837
682,1955
699,1747
497,344
1499,361
106,1701
1274,234
863,1803
967,554
1447,1170
637,145
116,13
177,5
305,1686
763,1609
377,169
1377,1980
555,1748
1711,1854
1787,1115
1611,1983
955,847
1483,700
1382,351
541,832
197,364
1989,94
1726,795
1721,151
1150,682
597,266
802,1601
407,1163
1124,307
1054,643
276,129
275,476
145,1994
600,1024
1250,439
65,1312
812,866
104,247
794,1912
580,1510
1664,826
1645,1983
1169,303
69,974
1815,9
1617,867
1058,1673
1532,906
87,1508
454,988
1592,1213
1925,1379
1236,1569
1636,1507
1197,1485
536,1660
1617,1560
1239,1744
798,1167
1850,1535
1459,1722
1342,1330
320,279
954,1420
1965,1526
1356,99
818,1536
68,951
1672,1937
1835,1491
431,380
372,411
1806,677
47,186
609,342
601,305
151,1234
354,224
1607,561
13,831
1670,751
1175,608
1228,1375
1086,501
535,127
1077,498
320,384
467,1173
388,851
1413,1224
1321,1962
1435,473
254,835
1967,1181
562,867
1565,1229
1688,1194
1729,899
1060,1889
538,1587
1652,1124
1630,1591
1748,923
1121,1001
912,771
696,974
1284,1529
1741,1346
590,334
1429,1746
210,789
1240,1555
1777,93
1868,894
1707,469
1449,1797
655,1455
374,1461
373,418
658,336
27,721
1949,643
35,1944
1544,1062
701,417
1358,481
1495,1865
905,1220
4,248
168,1560
266,1698
840,1573
1055,161
308,1650
1794,500
1336,1275
1705,223
119,311
1874,1298
1782,1378
1662,1436
1780,1740
466,1697
1112,18
1717,1187
138,1366
412,1488
579,1929
456,59
818,540
214,1263
128,1341
1952,1155
1551,605
1511,452
1832,1057
1318,763
852,1918
510,1657
761,143
974,142
294,388
1858,1899
657,919
379,295
63,573
414,1308
1339,1871
1698,474
1776,589
365,1098
742,1586
480,268
271,1017
1182,1895
1720,485
1765,747
17,1713
1512,486
1025,1141
1336,1070
1642,700
956,1265
103,1522
300,804
1941,1676
1024,812
409,1870
172,658
204,349
326,1602
1240,518
1463,1927
1336,1233
4,1233
1667,324
1877,1412
1198,1884
66,541
1459,68
152,1561
16,21
1302,805
1654,412
319,352
1951,1749
1246,819
1121,1695
783,1832
1202,352
349,244
138,420
1782,535
1145,1217
288,1731
1758,1562
1357,1817
2,1180
1610,1489
317,1014
1573,746
1548,416
562,945
1121,1570
958,1846
1402,685
194,880
48,1342
1582,1685
886,233
376,82
555,399
626,433
526,325
1532,626
784,1492
1056,482
1241,1022
946,810
1788,621
1626,202
1908,383
1901,195
567,706
1120,727
1848,212
543,276
1137,211
148,1
1940,1324
223,804
146,904
1750,915
1476,618
415,380
23,1372
1083,254
1176,359
216,1073
1773,1551
1165,257
1627,1584
1745,54
1820,1697
474,1342
147,554
1029,760
1985,872
123,1890
1306,1372
1566,339
1111,1405
1926,1703
1144,1881
1782,1261
1105,56
1036,32
108,777
1925,0
1546,713
51,892
1276,1690
969,1119
1368,1691
1347,165
286,1837
1311,1595
1624,904
111,115
776,1211
943,1751
1057,535
152,1602
1716,1273
741,10
922,1740
1974,1271
308,1621
623,1462
604,607
37,1419
1444,934
857,474
1991,1543
1161,47
1129,1785
882,1047
1547,172
364,472
1466,1724
693,710
536,1153
1732,1508
1911,281
450,785
1914,1646
1993,1738
1749,1846
314,87
1086,430
1045,1615
728,1334
776,830
280,1692
1569,1800
230,1837
1289,1866
698,1786
1896,1924
505,1879
1395,767
1130,782
1218,1002
613,1494
1298,998
862,1664
1132,1330
1512,1958
1920,833
785,459
1363,1530
1948,611
171,642
240,1427
1902,1869
1625,1069
1719,318
450,1533
441,475
1410,6
898,1363
104,1691
1479,581
270,1981
1388,1881
661,1847
1980,170
935,1276
1844,307
387,8
1832,1163
1344,547
1387,167
647,368
1952,1536
92,373
451,510
277,637
1568,1382
889,1335
1071,1061
1388,1112
1585,1347
349,309
84,779
1032,1562
1520,1123
1922,593
1434,942
1167,20
768,1867
474,608
456,228
1169,857
1657,197
279,1771
1647,1813
1154,652
1817,1364
598,370
147,374
1387,791
5,739
218,330
1904,1820
1575,1099
1219,1707
492,920
1228,739
15,22
487,323
724,284
159,857
721,1415
153,1641
1375,32
27,780
1183,1092
1063,1754
155,1299
377,61
1394,1232
609,1973
1869,1961
1417,1713
974,1974
471,670
1331,1109
639,887
1027,663
1791,328
1030,1297
1421,445
275,145
842,441
236,855
1830,1826
1952,1503
770,164
637,1995
434,1545
1565,1195
845,1754
1485,1604
511,1758
873,1529
1053,540
1805,1647
380,1550
871,106
595,949
174,1538
564,163
1721,883
717,333
1201,1598
1779,635
1428,1135
555,398
1139,999
704,1720
1506,1898
958,606
1774,1056
711,204
1728,608
1794,1543
1171,1963
54,1917
1828,174
1398,480
691,804
1667,11
462,1789
251,1688
125,1820
1483,10
1044,669
1673,1383
1233,1721
1354,421
1109,683
990,1475
1511,1745
1907,1400
1779,472
1975,979
633,1698
1458,1889
1782,492
1248,50
868,225
1495,347
267,1780
502,1975
1945,410
1371,786
429,1902
1682,1868
1095,976
384,686
465,1046
279,898
1681,94
420,1278
208,423
1787,798
1846,1402
1252,1404
989,1166
721,419
727,467
62,1250
1809,1362
1224,908
1,1348
1900,693
1622,813
640,1496
1626,1964
418,829
680,707
1079,1314
1637,915
50,944
500,306
1146,1867
1213,405
1970,1606
1807,1345
1515,678
1744,266
133,129
1669,1471
529,407
646,1782
1365,564
1469,1713
1499,529
568,1442
95,1159
1375,724
301,133
708,1431
1628,1825
294,36
74,409
523,277
882,871
1089,1327
1384,1986
1849,142
1841,1590
688,478
929,483
137,1855
765,1664
1629,1226
1422,400
323,1731
1407,1021
565,311
64,1515
175,1736
655,572
1298,52
902,392
418,295
1727,572
552,583
142,1776
908,1653
1085,1961
1526,1483
1625,1210
1855,124
71,98
1755,59
1497,583
178,1069
1976,442
127,813
966,491
660,395
946,690
895,748
1416,450
1895,1603
260,944
1716,1483
204,449
922,888
1515,1228
947,1522
69,1329
631,1384
974,1437
667,1908
1581,49
1425,334
1931,1376
678,458
610,570
1343,1726
714,404
1553,515
274,1530
1410,1766
1735,367
221,673
120,930
865,207
215,1623
1063,855
1540,1210
1358,1095
1815,390
1309,1617
418,1995
1349,1235
786,516
1935,1716
209,1144
1915,1669
674,1778
260,1588
1671,438
43,1158
400,175
1705,1014
226,499
1189,1826
1771,770
1920,87
1929,1896
420,1294
1999,1142
1053,441
1124,1847
786,269
1912,1851
1586,905
1061,1718
1314,1425
187,780
1785,1824
1529,1173
1737,650
1486,1103
663,1035
757,990
1451,226
1605,1536
1146,1885
1042,1840
119,67
1679,556
668,1618
1178,793
891,1314
205,494
665,859
162,1066
969,1279
1553,1335
36,1741
516,781
144,1481
676,1810
20,1705
761,864
971,849
567,1604
1270,46
1042,1306
273,773
1121,1124
371,1663
1903,982
901,1696
1747,692
1216,1257
166,345
1294,1480
1331,785
64,1091
1136,1400
834,239
236,299
1745,1400
1168,1390
1505,1369
838,1955
1019,870
1311,789
918,560
908,643
1966,1391
1058,617
648,278
325,848
324,1290
364,1760
1187,1682
767,1778
1279,1933
165,1155
1523,1426
327,552
1722,1282
1261,598
619,1607
1354,877
1321,1071
1916,1957
983,631
1263,1484
168,305
1504,1902
40,777
1512,1634
84,430
448,1619
613,525
1222,1651
1952,257
1199,1947
1818,1328
156,1635
973,1203
1705,359
476,185
715,493
1783,331
92,1094
1037,599
71,1052
229,1137
1601,283
395,1795
275,1458
1483,1455
1135,401
1755,878
57,846
1932,1371
1147,139
914,1715
1448,727
939,592
1854,1624
1179,1206
704,1535
283,196
1618,434
339,1855
1502,839
57,64
1768,1317
685,959
61,1586
1939,1164
440,1648
1556,1559
399,1447
908,212
1141,505
1364,1065
713,1126
1266,1476
786,295
1101,246
1482,577
149,961
1688,39
844,1606
117,588
10,160
559,712
1779,744
1937,430
315,1255
581,1665
137,1056
1991,982
1626,344
1815,1351
1685,42
1015,838
1586,288
1713,700
1227,1268
1869,95
225,1719
332,46
1587,802
1828,604
1501,1462
1303,1107
40,237
1599,1803
1489,1990
1225,209
505,1540
1813,1399
768,1760
434,192
1022,1702
1254,148
1936,1478
425,1221
904,332
931,1665
446,711
1048,534
1704,1524
245,1891
44,738
1046,1545
1765,1826
917,1984
439,28
1890,178
1910,1620
962,705
880,587
894,1054
210,479
1537,656
531,1188
1149,1222
353,1673
1286,901
800,383
1536,809
406,1044
1930,71
819,196
735,1454
1241,836
403,1299
880,1441
1946,462
394,1984
1092,1822
1843,863
1905,444
808,719
253,1484
636,114
1501,185
506,1986
259,219
1278,821
999,1799
1508,1945
692,542
1428,1338
1319,1524
1641,914
666,1062
381,1347
1048,1711
597,356
1933,18
1650,1763
1785,920
189,299
217,1298
765,383
1406,1672
283,493
217,628
1588,1050
213,136
43,122
328,956
1687,653
1771,1270
1189,1313
1138,1977
88,1932
1451,707
1527,207
1712,548
995,1761
96,1077
1229,1185
1293,1333
241,974
22,581
840,1734
1905,1072
938,1295
1475,1536
230,1499
776,1115
1553,516
1276,952
1640,203
951,1613
1421,868
155,1939
346,954
987,289
1211,709
469,916
147,1401
476,1426
949,1655
605,1021
1369,304
1423,1004
1225,1622
774,373
292,630
1332,1807
564,1011
758,1251
1880,262
1793,190
1423,1227
462,736
383,1576
738,83
533,367
775,23
38,640
1936,1344
1461,1964
98,1165
327,695
404,1862
279,1554
163,1123
1120,1818
248,1942
1862,1221
1853,212
730,178
1899,429
1346,1528
1242,1064
1382,157
566,1068
1493,705
1435,107
402,1012
1457,1411
1613,1534
1329,89
991,1179
896,310
1758,1318
1544,1140
1208,236
734,567
1499,905
1561,791
13,1535
1247,672
1871,810
1935,1761
1558,159
316,481
1265,162
669,334
904,464
792,1098
1140,1893
205,298
158,1894
1410,1931
505,1253
1854,1855
1956,1563
562,1320
186,592
1802,732
1809,1753
217,1540
1515,358
1393,929
1317,1729
1158,71
550,78
99,1243
750,1193
533,164
1941,736
968,1945
684,1585
1176,1956
580,381
944,1799
1473,603
1889,1491
1693,227
56,298
990,517
569,1741
1013,1450
613,1668
284,154
503,1956
1286,435
1594,427
1859,341
336,223
731,1146
1528,738
1199,693
1157,1159
1741,1211
1691,1359
1037,696
1718,509
1977,1708
1208,1343
1972,766
76,30
1990,497
1713,1080
1998,1336
1908,1531
1968,134
927,1509
1563,426
1510,17
1022,590
1482,806
1461,1533
1593,50
1679,454
366,1621
1948,1416
741,1623
816,1462
639,1429
1358,130
1325,1380
1557,473
1300,716
1633,742
1604,207
1172,927
1260,298
124,1943
1462,1539
1023,1834
532,528
1753,1165
1676,967
1960,730
1514,265
1679,948
1026,1290
1300,557
1704,1224
1265,1882
45,1206
1640,749
1918,232
470,1437
338,1931
107,1344
1877,1279
1546,1450
179,110
941,1495
690,1548
1653,1476
1262,544
316,91
1564,1736
392,1027
572,7
729,993
1771,354
1214,859
180,1888
517,1642
609,639
964,1872
511,1139
877,1739
1714,790
762,1101
1735,504
1557,1927
155,842
1733,3
45,1239
348,1441
596,1700
1269,1994
1338,1854
108,227
1268,1711
901,703
949,1045
1753,1693
133,745
627,419
790,1481
286,1321
1065,741
1536,680
1627,320
1059,1749
24,1155
844,941
366,19
90,191
573,1139
1795,38
1430,319
74,1800
123,1587
621,652
953,1018
940,185
1004,29
1721,1009
296,584
1230,1342
1569,336
478,1788
547,1875
67,1309
296,789
282,885
1977,949
1023,607
668,552
1398,1046
1234,231
445,400
537,388
544,1378
1268,716
567,913
1536,789
50,1998
1361,1414
627,726
1467,1750
631,1686
1616,1803
1529,245
1301,1396
521,538
956,1180
350,731
1231,137
1990,31
1321,1050
973,125
746,929
1463,1294
1323,1995
1219,1536
1836,817
1465,1864
195,1956
863,1373
281,293
1780,1102
688,645
301,968
1078,1796
1674,7
615,1549
295,814
272,1974
1654,355
1215,796
598,1926
345,269
1580,242
173,41
120,1349
737,1164
270,1016
1338,1616
974,9
644,138
1087,1043
162,355
1523,754
694,17
1845,1033
810,1811
42,487
35,1838
638,170
601,344
463,893
1971,1898
102,343
1806,117
177,1005
849,1496
1486,1934
610,495
647,1757
939,868
400,1973
624,1545
738,1536
1652,499
1685,105
706,346
48,469
1245,1784
1244,1834
690,1295
1816,1893
1821,1041
1880,1294
86,714
906,1415
946,1919
642,150
1470,268
1445,1948
1283,1886
219,1932
1769,1698
1916,371
114,1766
759,39
936,1879
789,1216
1968,552
992,482
1816,1164
870,1789
314,1238
171,786
698,1492
360,1864
1076,450
1977,1783
574,94
797,290
424,1752
660,711
1705,176
991,199
1209,1305
917,1083
1124,1726
128,1205
1064,1124
466,1010
171,1930
512,1349
464,1140
1677,843
1623,880
313,176
170,102
1911,825
170,556
1724,1940
1202,1996
1431,25
338,1061
1978,1526
1922,430
1676,831
1267,1577
981,220
1641,179
1165,404
779,1070
571,1656
1290,606
1859,802
537,1588
31,1154
1009,1315
650,396
1539,1577
116,646
943,200
575,497
1469,1353
33,335
1220,1205
710,1876
1499,432
491,1715
811,1818
992,345
820,1340
1452,824
1175,59
372,1568
114,1727
684,1660
1950,1131
51,605
1819,28
1744,230
1169,1496
1350,1235
1933,950
906,1403
1307,1404
142,969
770,343
790,1123
74,1165
643,479
1288,1542
437,1124
1093,373
1706,737
1039,982
619,1122
442,1190
1193,1144
940,193
1323,691
733,1120
929,224
1546,1050
1350,1485
759,936
1344,757
757,1805
1002,1390
1999,402
1474,1943
126,617
973,1378
1725,925
229,1928
363,1424
531,1773
1458,1360
730,701
1764,285
1320,1244
390,1334
1006,699
105,220
550,145
1214,289
1129,925
907,1590
1182,445
1184,1034
447,1147
575,1468
856,1303
392,843
1511,1486
1179,101
1895,1893
1019,1840
250,272
1109,1584
508,1328
813,1595
507,672
1234,194
202,1683
1375,1684
209,1270
70,728
363,983
435,1174
1997,1189
872,826
1663,1156
1028,661
1978,151
1958,262
538,740
276,1614
142,77
1777,578
1823,791
1647,47
1458,532
622,304
109,1223
174,921
1849,1274
1486,756
788,337
591,1780
661,403
549,515
1826,1194
1340,356
1629,1597
1947,859
1093,202
1675,163
612,1929
1857,1804
400,1392
928,481
1333,856
878,335
982,302
315,1223
439,1372
1285,1280
252,1995
1046,1981
1805,135
271,882
811,27
1637,1666
1605,1775
1536,967
1125,1541
1346,279
1755,815
76,806
1690,66
796,1897
1221,300
150,1525
1072,230
412,705
1951,1628
21,333
253,658
942,666
912,906
945,550
1776,464
320,385
1480,583
1090,1413
670,126
693,864
506,838
373,721
996,1288
1669,1941
1271,827
1020,1082
742,1024
1855,899
562,1030
1183,787
156,1602
1008,1493
1790,1129
1037,1399
68,757
1116,265
617,290
1380,1702
127,1199
492,1052
1008,293
1483,247
1211,911
1578,1421
1056,1278
947,1839
1793,1571
267,203
665,538
941,1455
1359,911
1153,1096
1508,79
101,840
974,1095
502,1549
1032,1492
745,743
1347,1119
1681,1207
823,222
1025,626
1473,1764
1988,1242
150,1367
1948,2
1442,490
892,1351
411,1012
1488,737
1124,1977
385,415
1767,32
1710,1700
443,1427
989,1231
53,638
389,983
1709,329
1309,1751
750,966
1612,912
1248,974
1281,693
1405,1368
725,373
186,1659
1026,571
50,1017
1386,1219
1854,861
1555,796
1037,72
318,1345
422,1114
1267,1239
1560,224
627,24
280,962
178,764
290,1663
1024,711
424,884
1167,502
779,1788
1177,197
896,1611
789,258
1498,1040
19,1767
1686,1262
914,965
1989,141
252,1435
274,555
1894,1469
1567,1576
419,585
376,753
374,662
1324,1264
477,324
1993,366
854,638
1643,373
381,576
1005,16
335,1266
938,1657
301,1568
1503,63
129,1185
966,1084
469,1875
1959,510
50,326
1982,96
594,1096
277,1544
1530,486
1785,972
1379,488
1531,718
1051,175
1772,1237
720,1506
955,914
1304,654
438,1424
1762,1079
8,784
695,1559
808,428
1866,421
592,1193
330,1472
612,1614
1850,472
1591,91
594,1323
712,76
1981,1162
1319,1714
545,240
294,409
1462,913
1879,489
1269,273
1719,858
963,1781
513,1885
326,1103
835,1249
1076,52
423,257
519,1742
121,472
1558,151
160,437
1244,553
1985,1925
270,331
1936,1094
994,1959
385,1038
88,1804
762,1647
475,435
1121,652
1935,401
326,580
1860,582
877,854
754,235
453,1136
1243,1882
531,956
1569,1231
166,357
1166,1250
936,916
948,1094
1481,1293
1421,1258
114,1892
1178,472
1181,416
1255,269
1536,1829
1237,891
1839,1104
1705,342
1352,1407
1697,1084
1136,1898
416,980
1252,200
42,1904
656,289
1490,514
1718,618
1171,1441
1194,799
140,8
1528,1452
914,953
1699,1597
712,1242
436,1666
801,940
853,256
651,1983
795,685
1537,933
849,20
1716,1014
641,1583
761,833
780,113
70,897
188,1904
1841,1167
907,1764
1099,1381
1979,1490
1337,1876
1594,1380
1911,89
121,312
513,1462
606,1784
1812,1104
806,1241
167,388
26,714
1525,1387
200,1275
268,844
954,261
1826,534
353,725
416,956
1986,922
1212,246
290,1413
1087,537
1538,974
609,1212
1009,1946
748,759
1243,1017
100,460
1957,1730
1148,1692
335,1715
413,979
1942,577
1603,1477
1170,1915
314,763
1414,935
334,63
1478,828
1174,974
1124,545
988,244
1662,1650
1507,833
743,824
1742,1518
1646,1152
348,1500
981,328
981,510
1372,46
934,1574
1384,568
1306,334
1478,1940
1124,408
1901,1674
1184,1205
1648,1015
1566,1685
1351,634
479,883
1579,1942
159,1861
537,1567
1359,1453
1097,1091
1835,288
1914,1612
353,5
1162,1673
1900,799
1508,1679
215,666
1571,518
921,1385
590,327
1524,440
78,675
807,1648
96,1989
1752,1475
60,1621
1143,578
424,1401
1824,291
817,1569
453,1123
1026,1121
585,1509
993,1854
1753,445
876,1226
1037,1161
460,1970
692,647
1706,152
1734,18
952,147
776,459
760,1011
44,135
850,1134
1990,1966
1574,436
1759,915
368,620
1872,1961
593,501
1244,1445
369,1387
161,803
249,1703
970,740
793,993
805,238
165,1443
306,1373
1443,715
528,1389
407,774
1296,758
347,1869
173,902
1959,119
1783,461
1245,12
735,1116
1922,1640
30,673
823,1774
1006,767
1505,11
757,888
1253,1039
1927,83
405,964
1143,1539
188,1795
1789,1537
458,1776
1969,1791
130,1485
1125,521
362,1446
645,1691
1197,733
574,458
297,1651
1012,1463
885,398
1919,84
750,1384
420,1859
1324,1256
1879,669
159,1237
785,1579
1439,1924
1734,1747
837,1264
1320,256
559,1795
216,1620
1074,0
842,250
69,1583
1878,580
695,1895
825,1207
1508,614
320,1561
1955,85
623,1066
705,26
602,1219
1469,88
1759,1625
410,1756
1997,87
1210,1888
821,1646
1370,1684
364,1561
1938,138
706,1909
1389,1351
1456,1671
1536,407
360,1124
1907,1411
1583,1032
1446,1106
1717,530
1979,10
630,1644
1548,1306
1581,459
1614,668
302,1262
1812,783
1587,1448
624,707
1321,1474
470,1898
861,1361
1680,443
921,248
95,879
1923,317
1793,789
636,1020
169,696
635,1477
649,1906
583,1899
515,1924
662,50
8,1488
1456,634
645,1863
1790,375
192,1127
1497,693
984,1642
771,1803
1037,585
1702,686
1079,1559
13,530
337,1591
1737,1635
1259,318
611,1190
231,1163
1367,545
1424,1252
634,1235
1105,678
568,1097
560,629
1596,1594
1121,336
121,1765
154,1168
28,197
1981,1725
352,1080
1993,1092
433,818
411,1405
1216,1626
1315,797
1182,713
1198,1687
511,1289
528,820
1498,1591
56,951
1615,969
1534,1555
1517,1293
932,1008
540,216
213,753
563,296
1869,1004
1583,337
1309,528
1923,1434
1847,1438
1188,1197
273,1183
1471,1627
1199,1502
780,1857
97,654
146,1125
393,379
1395,1566
860,819
1440,1553
913,1872
1041,1178
1097,174
1433,831
1910,1370
717,1432
113,874
409,758
168,931
1042,1678
1572,38
1089,783
798,443
1379,1114
911,1287
846,1428
959,526
907,1044
251,284
131,256
351,1837
467,1200
1060,1624
1641,1548
130,1356
1972,534
853,1434
539,684
1896,1033
1882,1695
744,367
1068,1269
1157,1809
686,1166
227,1706
936,1039
1538,588
1652,1335
706,498
1459,1018
1573,1108
350,1564
1797,1636
37,80
579,565
242,1882
9,1971
1066,160
145,1220
693,1600
723,77
46,86
802,134
230,1293
446,1049
561,758
1075,1055
926,1252
492,1532
1247,1412
781,1543
756,1160
909,1536
26,533
599,285
1834,1833
195,1400
839,254
807,1168
453,1703
187,153
1404,1843
874,1249
887,629
1517,1868
1503,996
1043,1818
815,569
1151,53
1542,957
810,454
293,204
322,546
1389,1180
679,60
1551,1397
556,1810
1004,1637
632,1055
1877,1463
1853,1407
622,1142
974,543
1884,240
285,997
1524,746
109,903
364,694
1978,903
193,1900
1090,918
1059,1508
496,1000
1820,1954
1445,919
396,862
250,35
1626,1229
512,730
921,1280
65,90
1827,269
1847,1129
1603,1456
1885,244
788,398
522,791
1003,183
658,91
507,124
1377,1459
262,1152
1316,147
760,925
203,1692
274,112
477,134
235,216
758,264
1266,1905
1195,1216
503,924
653,616
1947,1633
1671,1462
293,682
1390,1360
985,1103
211,361
1568,725
1565,1833
1730,1946
160,365
129,1509
381,1774
1430,854
866,425
255,1655
493,393
922,1253
647,1701
996,755
891,1259
148,153
952,87
282,1223
1897,199
563,201
1830,555
1883,1192
1878,1875
1730,1127
1402,1088
234,1444
1674,927
782,214
1105,1536
1032,1176
884,525
508,773
1977,813
1869,427
923,1516
173,36
382,1224
488,1689
1946,525
99,190
1654,1709
1786,280
371,931
1427,587
1498,1502
436,489
93,555
677,3
604,1423
1303,1832
1311,340
978,621
1630,223
299,272
206,1508
152,359
190,1889
649,1564
432,958
675,113
664,1051
1021,854
1656,1880
809,807
297,1571
1177,417
1218,718
716,680
920,268
1895,1656
779,893
1984,313
749,1341
1246,190
1919,1552
778,954
1136,1047
509,1295
987,778
249,1570
1256,273
694,1191
1257,1322
1191,546
1040,1992
1605,1115
241,1375
1727,1984
261,6
1018,989
474,1031
1355,130
437,1925
629,343
1454,1336
1186,1838
1541,1285
539,309
934,1678
1305,147
674,294
1710,828
1912,787
378,601
734,1923
738,19
1921,703
1465,205
1386,551
370,572
397,1511
1041,1938
35,1530
70,80
1455,1521
1571,1120
1890,782
720,760
1725,68
1057,975
1328,1769
1643,995
630,680
1775,81
167,272
1096,1638
554,1845
480,146
1246,416
288,361
507,1492
1332,951
1283,1996
1028,1437
875,1815
616,1541
1666,943
1699,358
1801,1582
945,1962
1648,1955
1403,1346
618,1449
1332,128
99,377
1522,1638
930,1769
728,391
1076,633
349,1074
1792,206
1392,820
1708,1081
701,1409
325,330
684,1010
246,1632
820,1096
1547,33
1507,32
1964,433
1518,1693
287,546
1782,1353
394,827
278,597
1874,41
75,1832
596,29
408,1792
1605,1925
799,1931
1341,442
66,1883
897,786
228,1753
962,1516
419,1088
18,1826
1709,165
1412,1055
1738,325
1667,900
1047,1998
370,1292
1855,387
565,840
1690,307
1099,470
428,188
1979,1702
1969,877
1680,1068
822,461
115,1319
898,370
1706,1075
898,1892
1500,942
751,54
1660,550
164,777
1827,163
84,1326
100,683
1825,1557
696,1528
1675,193
1937,1128
544,289
789,1149
14,887
615,1305
1799,1775
471,657
1191,93
888,1255
1967,1422
1876,1735
542,1965
1350,1192
866,558
425,1099
1742,1124
977,1218
1695,1273
1482,832
357,644
928,1527
935,1222
196,183
1426,1577
1874,681
593,1612
1569,769
211,1622
722,726
1817,206
280,1141
948,297
637,87
1596,338
961,725
1603,1708
376,1288
1682,1985
775,920
333,1957
563,159
1518,1282
406,1067
142,1153
661,359
452,482
278,1507
279,1435
1296,1407
956,645
201,1643
298,1075
1065,649
340,347
1200,1178
948,630
1712,103
304,1923
1823,803
502,918
698,1326
978,1361
1996,404
1783,800
1963,1742
1115,1692
463,144
22,1043
399,1260
1352,836
1665,1283
1684,1861
1696,127
230,444
387,714
828,1156
1091,69
824,200
1549,457
664,127
448,65
334,311
287,1043
1204,1048
1796,1402
1058,1444
1906,1036
869,1677
672,1853
144,772
1639,769
1436,1380
16,1214
148,618
1428,1404
1393,323
186,181
1289,1910
586,490
1805,1717
1153,1611
961,399
587,132
1981,1863
1331,1414
1399,1536
1159,1196
622,1725
1518,1308
1619,998
836,41
872,1791
1278,422
1514,862
1949,1589
1757,980
531,678
1682,1914
955,1768
522,859
559,422
1484,1913
247,1924
583,1631
1694,792
1862,37
50,1675
1921,1109
393,1557
232,1345
1174,1746
764,932
342,1850
433,573
1714,1225
1124,753
1203,754
740,256
1086,496
1035,1740
1422,1296
1636,928
717,1100
1906,1158
634,330
1030,757
203,1965
80,275
983,499
1476,111
288,348
1259,561
499,184
41,1839
972,1226
1705,1666
1423,1640
1212,987
635,1232
1661,1798
1973,1303
1477,1681
1461,473
1053,722
132,317
1925,1418
1628,786
444,1625
1979,1501
931,221
1491,974
817,159
1580,681
579,219
1616,182
1118,212
1877,966
1674,1322
140,514
485,682
1999,744
947,757
1534,1503
881,1998
916,844
1710,75
255,1968
1264,1526
1418,58
640,975
737,1275
523,728
1084,617
368,1153
1595,96
1121,1113
1196,1352
1180,761
1508,494
1750,1241
666,664
1792,350
992,1249
265,143
830,653
1417,196
985,1986
1381,1426
1535,985
787,1551
986,118
1769,755
799,1653
1918,1811
109,702
1470,697
1798,1908
865,1416
1552,1520
1778,39
23,1183
1756,1055
1537,1403
1230,762
322,553
969,1078
1425,1851
809,972
530,455
1736,1381
1536,1822
282,23
415,320
18,1704
594,1385
1676,702
611,1034
410,1063
739,1130
650,477
482,886
1658,1237
1856,1539
176,1667
1488,787
1498,1037
687,1908
570,1411
214,1000
942,669
25,1565
291,258
1694,814
496,839
796,1408
1355,350
615,26
689,1626
1215,1801
884,274
519,1392
1723,1014
