596,1339
325,489
1022,1831
350,107
698,24
1150,99
1810,1314
1691,535
607,213
117,504
999,1069
29,1274
186,1571
883,1606
1110,1484
663,75
608,1042
89,1003
1876,1384
780,1142
270,1566
1083,108
519,339
829,1957
1673,323
1926,1498
882,1475
690,274
1787,1854
1950,1165
815,767
1269,742
921,1398
904,841
721,1854
1220,1844
1288,1062
491,1567
48,1840
14,1978
538,813
1151,1566
1977,1312
1558,1227
1021,1159
1745,1627
1255,944
1915,1797
879,71
1040,116
1522,305
675,929
520,135
1733,1065
1427,1104
1129,1853
628,1298
341,1131
1301,1001
376,1769
114,1471
482,1186
822,1866
358,1168
1546,234
1966,490
1707,595
627,722
505,638
1363,1672
1989,104
1123,54
684,484
66,480
898,1505
62,1996
58,1012
1742,1045
1983,1662
1387,1120
657,1714
518,793
499,1492
780,1510
49,148
13,1482
1269,1125
1352,982
190,688
1089,267
903,376
1568,411
1350,1984
1149,1377
1470,918
1528,1016
1714,1869
1587,348
945,68
1334,1466
1306,1940
733,1003
1955,22
249,1840
1135,1552
203,427
1696,953
1955,866
1946,127
700,1714
1865,569
49,1148
976,1506
809,173
1986,378
931,791
1246,1529
1275,1599
1545,1523
1531,1452
1537,1952
33,1500
456,408
1103,604
1059,267
1122,1652
153,323
1469,1215
124,1951
322,1637
711,1750
731,918
613,1617
655,1385
1105,616
1368,190
394,163
547,1439
54,1031
1094,292
416,816
1061,142
1395,1638
419,1619
1495,490
387,1225
913,60
231,1803
351,1463
866,1014
1207,712
1464,656
843,1589
1683,1265
490,513
1998,1214
655,1756
1111,215
656,1578
435,1691
1216,1027
1705,1527
385,280
1807,556
1166,1331
1745,1883
21,984
1377,404
12,1397
890,286
720,1554
521,119
1215,331
1238,206
97,105
983,1472
106,850
334,881
93,720
1333,1518
500,1232
1942,246
124,104
1028,416
1261,1009
1649,1393
443,835
1595,1315
555,1136
444,1224
992,1982
276,303
1460,1872
1666,1040
872,994
1928,1063
775,1391
329,626
413,545
1362,1369
1718,219
860,1155
631,1816
392,1361
242,763
1589,1804
406,781
35,1941
53,883
1203,1858
555,1175
1778,1033
126,27
1810,1709
1508,619
142,1668
1055,817
617,1921
1994,1674
920,574
409,533
1426,993
550,1161
980,11
570,1679
992,1127
118,1705
464,683
1624,1237
174,1639
1300,780
1244,645
1917,1599
1483,359
1067,990
1116,1149
595,336
1411,1172
1159,1649
1097,219
703,780
1730,871
1388,947
151,268
545,106
1551,1419
1094,836
375,240
42,1448
1532,370
731,301
561,1328
1122,1462
1122,656
1074,209
1632,852
1649,922
84,1733
901,554
1656,894
964,27
667,1444
494,989
799,1859
1122,786
1802,595
1450,1166
305,897
1489,1669
1818,1640
430,1368
985,532
93,1066
586,579
354,986
1887,1927
1280,1621
1389,59
168,1977
1372,1579
1336,1653
1560,1999
307,1097
1009,1888
200,950
1046,1943
342,676
569,1367
1227,1635
1363,1013
1241,1986
1693,1583
1122,1188
1503,1054
15,1283
1472,1608
504,1824
1226,463
1559,473
59,323
557,1731
1733,688
1744,930
793,1015
325,415
633,1662
1147,1128
694,378
72,373
743,1842
229,121
657,1273
203,1273
498,470
1078,1934
1183,1687
1380,1385
1968,1325
1997,333
1970,1057
1540,1340
1157,375
208,1801
1786,800
173,1614
1479,655
138,1289
47,472
1355,1042
6,766
1353,585
367,1632
510,549
1190,665
1789,228
1623,1122
936,939
490,726
513,1537
824,682
1891,1880
1948,783
1799,712
1111,570
1204,1012
1101,1320
1219,630
1998,319
1981,79
1490,1962
789,765
821,991
61,1173
1934,1005
71,1256
1771,1506
1649,1935
203,751
420,1085
403,1450
1361,108
471,1688
1498,1773
257,401
76,1101
1379,1044
1846,706
1358,1350
734,1092
235,1538
157,1434
1610,1996
443,457
1218,525
982,804
394,339
926,754
1491,1668
293,340
156,606
151,1158
1986,81
518,1762
148,55
1025,72
371,1178
290,1056
1289,309
147,958
51,98
1083,762
1719,1866
828,1475
1703,970
871,804
1144,1872
186,1350
1121,1411
856,1440
1848,1025
1961,1874
505,1673
1554,810
1083,1794
1511,1072
1811,1598
1879,1262
1785,1590
583,376
1947,779
1344,590
1544,460
59,96
27,1001
1594,716
1374,1286
298,1425
973,1110
215,1890
1399,1704
797,203
138,725
217,1262
766,1341
799,1234
818,1712
181,734
456,1235
1317,681
836,590
1750,122
321,1135
327,752
408,528
720,1505
343,65
1390,1307
899,19
1917,466
131,1097
809,928
1959,415
1588,691
1985,182
139,1405
473,1544
1938,1993
735,1406
1269,415
1493,1143
1774,1122
950,233
379,1530
389,1350
950,923
1799,1363
123,1892
1407,478
434,802
1739,1350
1938,1935
111,896
659,1142
54,712
1461,1055
673,1929
358,335
1905,934
1511,1725
212,742
793,1055
1342,1283
1444,1735
563,1896
205,1817
1195,1843
247,750
854,1094
1390,204
1806,1497
1360,682
704,91
1068,333
972,1269
89,1717
1878,1350
806,1263
1949,334
524,849
1197,1381
337,274
708,1294
387,632
1634,891
1072,1825
1000,1866
1287,319
201,421
1964,1471
1822,778
1321,1740
651,857
365,1433
27,1575
67,1485
200,861
1162,181
1738,792
493,79
70,1228
1348,176
1876,1609
172,1800
830,1630
1537,293
861,1646
1335,168
1100,113
945,699
1127,1677
1896,1421
560,989
907,1268
176,317
1452,980
1938,1880
816,1634
1774,605
1076,1803
1301,1786
1831,467
802,1860
1558,379
382,1304
1320,145
1714,574
1774,1907
1850,1087
1004,965
1879,65
1598,88
1745,1643
1866,240
1527,110
1101,1512
977,741
1836,1130
1225,859
631,1127
878,1373
624,859
1271,801
591,1319
804,69
707,1884
366,1678
832,674
194,847
1278,1922
1443,324
1471,383
634,1737
1281,279
478,1168
70,1697
1106,36
1105,495
1685,863
868,253
1121,1383
1094,1383
408,1231
1879,781
60,113
628,1262
1266,71
25,1230
303,707
328,1104
209,10
1824,655
1984,1311
1101,1840
966,1524
1389,494
1649,1827
288,1885
624,554
1276,1206
1978,273
1248,1024
1679,1513
900,346
1880,1774
1515,499
1780,1522
1193,864
220,612
1226,1764
1697,1076
524,900
594,638
488,1109
278,1744
27,1267
1345,1976
533,1619
907,1034
1075,116
755,27
572,1321
914,1876
1450,1686
1557,1126
1925,1551
1616,1305
260,228
0,95
1656,578
921,485
1276,1500
1570,1808
1306,841
1057,1144
1143,1114
985,888
1366,491
476,52
169,489
1049,1856
1530,607
1180,1016
1536,1129
824,440
1697,5
1162,1509
135,946
1628,1184
430,1867
1029,1875
951,924
1669,1850
985,1926
1569,55
353,1339
1479,1663
281,1613
399,407
455,1144
70,471
905,1888
530,425
1029,1482
1418,639
1937,1484
1657,125
899,304
715,148
677,1185
1617,1382
451,29
1530,1805
1719,1107
920,1675
1692,1839
937,273
354,264
775,340
748,222
1394,295
374,1835
1649,1670
699,77
54,1733
1817,1153
1889,851
496,952
1369,500
1766,164
873,63
1862,1678
1699,1924
294,463
1715,506
1650,561
465,1261
232,797
807,1701
1410,1178
815,809
65,1154
1845,376
933,270
1740,31
1584,1428
605,816
927,1313
689,1280
511,159
1377,545
1714,876
1077,1032
81,1417
591,1807
1728,1825
562,995
796,769
206,1966
1705,1350
1357,247
726,760
1928,157
1002,213
887,589
1367,673
733,1638
1830,214
1831,1646
1285,1222
1042,940
1477,838
1682,353
1699,1940
962,1326
713,1657
88,1797
1655,911
128,427
368,540
1291,977
1445,1769
1781,119
876,540
1546,163
17,1067
172,1651
626,1602
1240,1695
1151,739
2,1012
1714,29
266,1279
1853,1065
1406,1442
1013,1728
1218,499
224,1323
1273,1461
1586,584
1260,181
793,1563
1001,1562
855,1087
1493,133
1146,1584
1469,7
192,1959
1871,1618
975,477
1591,261
967,526
1742,403
682,359
1827,225
762,1556
960,36
729,865
1231,1794
1162,1173
799,574
1995,1715
304,632
1187,1262
1372,336
1876,923
405,1714
1568,1280
1489,1777
225,300
1532,1713
373,1165
1177,594
901,1380
805,1714
1488,61
73,1857
779,187
1934,1828
175,667
324,317
805,1135
1556,1684
1297,1645
1062,1947
55,323
1994,1230
1669,1928
760,611
1083,1196
1797,1381
174,342
666,1953
1292,1308
1761,291
271,126
1945,556
470,16
1204,882
1350,1751
944,912
1062,64
95,1781
1302,1369
1251,391
1794,584
952,1290
787,1984
833,247
1669,635
509,1551
1862,835
1482,554
782,581
749,1265
1632,1046
1080,471
1983,1082
963,1623
354,873
275,157
1585,1069
251,487
705,590
617,973
850,768
1533,1687
379,1431
1339,157
1307,1642
1769,76
826,1289
458,1682
1200,1908
861,848
469,1992
1814,1714
1714,1119
1382,1953
1796,1284
1298,453
1533,1802
870,327
1329,1595
1823,522
709,1227
1216,1721
127,1676
501,577
1649,1893
658,654
919,553
573,1039
387,1455
791,1547
692,1157
1454,1402
1709,236
255,282
259,1879
467,1659
1276,907
1638,1422
982,213
1425,1619
1710,141
1395,775
1698,1858
1166,182
1312,1375
197,566
1784,1775
169,1372
1302,1258
1096,396
1331,646
672,1596
1245,361
1284,966
1714,1846
238,463
1062,1134
1256,1686
350,1247
1301,960
1719,1652
177,700
1974,1534
211,1938
1970,1289
1029,1669
1147,1235
1914,280
1061,480
241,1726
1348,68
1767,1350
1296,1656
824,1300
627,1573
623,943
858,1826
1815,648
1569,1738
734,1302
1708,839
1879,1651
593,70
256,1922
487,1629
981,98
1285,666
1857,469
112,396
566,834
442,395
828,1508
1583,1636
831,1620
1488,1963
1351,1084
176,1289
1216,1763
1675,1143
637,1919
831,1377
27,935
1759,1366
1514,863
447,1793
1117,220
542,171
1005,1094
1799,622
1711,119
133,337
118,1791
9,1536
1714,656
1046,1236
1198,330
1085,1759
1003,593
1350,1844
290,828
51,1348
1610,649
262,1931
1772,4
178,538
1830,1438
1514,780
1775,1501
1655,623
1840,1706
1918,974
790,1157
1495,1771
846,1350
1451,908
1940,1146
70,0
1488,27
683,1669
1770,1600
1094,1360
441,1253
982,54
1206,1426
286,1061
1435,893
1226,902
1508,30
594,1608
1624,784
373,1534
208,1566
524,984
546,1029
981,856
915,0
433,991
789,862
1835,1159
1707,393
1437,1925
1443,983
459,1198
1299,1026
1488,1139
1840,1032
141,1105
1726,161
1306,227
1485,1995
925,1239
446,1165
464,826
931,338
844,1082
119,1280
485,398
1040,805
1103,713
1143,514
220,564
1091,881
1848,56
733,688
1348,982
596,431
1138,1469
1780,581
1279,437
577,1525
1322,1846
1590,923
1814,262
403,121
188,302
774,490
154,1118
787,751
1236,38
1199,771
263,1949
735,1050
1880,490
1478,1301
7,630
432,1661
1492,716
1089,87
312,1679
1044,1292
1532,71
55,1498
954,1759
1375,1873
1269,780
921,290
1265,1709
950,1259
1927,490
521,289
1752,1976
299,1153
1227,267
1046,1228
528,1863
1716,1746
702,74
1775,484
45,186
212,245
1525,1282
1288,1391
804,87
1495,1060
1135,1139
1322,784
1496,299
1561,350
1731,1779
1667,644
1651,1349
1751,1397
1413,994
332,1918
638,1266
599,51
1339,1033
536,241
814,846
691,1424
1877,1895
852,498
1971,349
697,743
923,1864
1398,1380
153,830
840,1552
230,1625
762,840
742,275
859,1
946,929
1270,907
1201,309
765,1563
149,208
109,293
1442,1292
1812,543
1258,948
1254,50
1302,232
206,1619
1465,1793
1449,294
1324,637
1073,779
1669,656
1114,1350
934,633
828,1155
1093,575
1404,476
681,1619
1473,186
1202,1946
205,1143
199,35
1650,580
1979,233
1760,429
769,829
1973,1614
1370,850
1685,549
6,1420
833,828
141,1965
1951,745
1194,1543
990,1233
1429,340
1850,1807
374,1557
1593,1603
262,413
412,640
816,252
1753,1146
1811,1788
1765,723
1453,1482
1696,1188
1928,1593
1537,1703
1981,897
1714,614
901,619
56,1519
1000,906
724,12
1965,465
388,995
1597,1810
1458,997
316,822
194,1904
969,1531
597,207
323,816
779,654
749,894
1809,1418
331,279
1862,1007
27,646
204,1414
598,806
1503,727
369,1477
1946,1220
1767,1123
488,1825
1854,415
747,1659
1153,855
1151,1771
692,1122
1644,1875
1302,306
333,224
1037,70
1619,1894
1394,1473
648,751
1085,1133
1084,1697
1910,103
1519,342
1870,648
999,63
961,1987
1901,1350
1138,675
1047,959
179,1899
1660,200
1527,480
1146,1565
1046,1903
1745,1687
1240,911
82,1913
1606,79
1640,1658
1882,1294
808,1831
1860,754
1519,1983
1768,1127
1198,843
309,1774
412,360
1715,724
183,834
259,680
366,1816
1771,1677
277,1951
1700,869
1524,1186
1374,390
623,1694
1230,1772
124,298
813,1653
315,828
512,41
405,1199
1152,1138
1834,451
772,1129
1343,1097
443,236
546,823
1342,582
1040,1247
119,1727
1449,1911
1835,1626
1476,1936
1992,540
196,1435
1410,1292
1488,1988
1714,307
942,1030
1902,486
1584,848
1250,1826
749,225
1368,1557
1939,8
600,1772
837,709
1002,412
1043,962
1740,320
847,1305
1521,1656
1556,1805
534,345
647,614
1669,1737
323,234
338,73
545,1066
247,1847
274,1428
291,1113
1990,27
771,1315
1101,141
76,785
1899,1300
598,500
1644,1201
981,642
465,272
1279,59
1972,737
673,1290
426,634
222,1202
1573,1830
191,1706
1463,1237
620,1789
78,1296
1088,887
1467,969
264,1788
1362,1081
322,100
618,1967
1622,1934
1596,1218
1509,685
1505,1181
388,1383
537,853
1608,1106
1785,1937
228,277
958,1005
639,800
1632,326
960,867
193,376
1353,1190
1037,1214
123,441
761,1145
75,372
973,747
745,345
1386,1619
376,691
1293,1396
961,1974
135,131
1574,960
1159,1131
1741,527
1400,55
1486,308
480,150
161,1444
1995,680
132,1226
824,985
1916,1920
1401,613
471,1754
1403,491
40,8
1910,587
1312,1836
1950,79
914,1398
972,218
1350,180
425,1098
417,1289
870,884
1028,285
1748,1459
871,1592
1635,461
347,912
1224,1434
1476,379
191,1258
1274,1932
811,1713
1886,1725
27,20
1470,1622
792,1250
1074,653
1773,1629
369,519
793,1481
334,1918
334,1521
301,1599
1966,1779
102,1155
1043,564
1483,1856
953,1866
1273,701
1866,353
1710,1909
260,197
979,1607
410,689
188,1972
1681,1497
1010,625
924,1998
1107,367
950,552
771,1887
374,1177
84,551
452,1884
1968,1311
1211,410
321,1986
968,147
906,646
600,534
1645,1046
616,1265
1145,662
123,421
1439,1250
817,751
120,717
509,1990
567,560
993,1926
72,1541
344,457
271,254
1297,1257
219,1077
27,1326
1578,1556
155,1238
1056,983
1895,1686
1909,261
1263,1790
1343,1350
251,163
397,1711
1755,1709
401,332
7,1405
396,536
1051,1476
171,1289
951,678
1250,297
1180,132
1112,303
1304,1755
373,281
1906,1821
1624,1472
1097,245
1053,55
919,1045
286,516
1631,119
1972,1905
805,1190
1305,984
941,372
963,784
1058,1837
171,671
641,438
412,9
1963,1656
1902,1440
193,1723
791,867
738,1322
77,1452
1722,993
725,1279
101,1903
1448,1839
883,1620
1592,1228
639,1866
1864,1487
951,1332
684,1112
10,287
1152,159
27,550
63,26
1399,1906
917,90
1988,1875
1181,818
1726,17
237,1877
1360,542
1593,1249
242,270
1860,1764
244,1413
1173,1808
1568,856
696,367
1907,1798
269,122
1697,1932
1052,1783
1552,448
447,925
1289,610
136,238
1274,137
1417,402
542,1458
960,1283
1482,1092
1350,249
328,616
1635,1198
1794,816
694,1999
1933,1431
1910,1149
832,943
1854,587
834,1051
844,18
1880,1837
882,480
1545,222
72,249
736,1418
1000,422
1931,950
9,1698
464,671
1502,1227
223,20
469,1819
1035,386
328,611
490,460
1189,1438
1904,1125
803,1260
957,1636
538,565
465,1146
718,1890
513,1226
44,1912
789,1495
1000,367
629,1714
105,1289
1529,11
717,798
346,1022
1084,1197
38,678
707,213
1802,1295
185,369
1226,1154
62,280
1577,178
2,497
1101,579
1523,358
134,553
1337,1602
866,263
1340,1291
635,121
602,1967
1666,780
828,232
1557,1197
1959,540
1347,819
66,1004
679,1865
785,1855
947,1255
335,574
1335,1017
1053,1746
1280,1259
1992,1734
115,662
948,247
10,1718
1549,1277
198,358
1953,770
1179,154
297,1227
42,1459
412,1302
1962,27
777,577
1716,776
472,1771
759,1948
1322,869
1356,24
224,337
1748,551
1280,933
112,1415
1522,1562
142,1259
1009,516
163,199
390,659
378,459
1938,1660
482,1718
968,1743
1125,1499
1810,1237
284,160
1325,1640
941,955
1894,1543
1302,1830
1140,1323
690,1604
795,1321
281,423
678,1629
1868,854
1036,845
1444,1540
1041,756
1284,1378
1225,512
654,1252
152,134
926,1350
847,602
1998,668
502,1018
872,1946
786,956
825,1068
1358,1526
1374,414
1627,1231
1012,909
474,1867
1129,1090
227,942
1517,813
1680,568
667,1219
1278,1749
714,480
861,535
1358,78
1831,644
1071,1384
1621,1884
1991,1104
1400,36
479,1615
895,536
84,900
165,982
753,1276
93,705
1878,1793
1759,1925
1898,191
223,1493
1613,1539
1545,804
1567,1853
108,774
1778,1920
553,1377
584,452
730,1243
414,1876
839,1675
1813,1478
189,928
1843,1560
245,480
1094,1322
504,1679
1113,998
1433,243
1405,1378
41,873
1369,906
636,483
691,1323
261,1539
76,27
426,855
757,850
565,1437
1622,1887
381,376
483,610
1714,773
622,1588
1834,1184
656,875
1,1046
1680,1835
1241,595
1714,1673
814,1997
98,947
257,1559
768,344
794,1653
991,1425
86,1227
794,715
759,272
960,1089
650,1144
898,732
10,114
362,1826
935,177
1368,1163
657,1415
1655,11
767,664
411,1482
1820,125
1504,1202
953,1352
1124,982
547,191
1989,1176
549,1122
66,927
844,1385
946,1113
1962,447
1737,720
319,1647
1457,1945
1338,1710
34,109
1446,112
395,1813
1961,1432
987,810
1024,1334
563,156
890,926
1728,807
1320,806
322,234
1000,1193
445,917
966,592
1592,1108
1502,1822
1465,1212
1656,1182
1318,1256
1774,1227
822,21
1893,365
420,851
50,1904
1821,653
938,256
888,205
1556,705
101,1929
545,416
1515,287
1682,1628
155,532
1299,1008
1879,1172
766,1387
699,661
1233,1475
584,964
648,1714
757,1217
1978,611
24,1819
498,381
1119,957
1120,879
1800,1390
1760,342
954,578
1706,1534
1820,1749
1635,1396
1506,585
239,866
1749,1611
1906,1604
1017,1991
1591,1285
1713,1693
1806,496
934,1021
1204,1354
643,1186
180,1343
1284,126
1156,1208
546,214
227,228
340,301
1712,210
97,1837
406,802
1930,885
1516,1550
266,1881
45,1371
13,1019
1739,1664
1073,1456
1019,780
1209,226
1872,319
877,1455
1770,702
769,977
1975,1610
246,728
1451,1602
1700,256
268,840
865,1757
23,508
58,1447
786,2
1456,1009
461,745
1745,1411
656,646
522,960
501,1587
412,1898
888,1564
1847,1885
1638,1744
28,1196
40,1004
871,661
1933,1146
969,1589
1063,1311
1829,1057
511,1439
480,57
1804,683
965,914
892,1944
115,174
655,1327
141,665
1630,1964
1800,316
991,819
1757,1021
1741,1714
1423,1647
849,362
1287,1594
1695,1680
842,135
1811,1222
241,1449
1722,1350
323,80
1027,834
1745,239
74,1418
244,789
531,875
988,1602
1002,1130
601,1206
23,141
1212,1281
1013,1490
702,1903
1095,23
1563,683
932,1911
1000,557
1691,261
553,1289
820,70
1877,875
1416,1979
979,130
1094,1350
115,1861
1213,541
356,1869
1673,710
393,1665
1722,110
366,435
1169,15
1781,222
478,570
720,1820
99,104
1257,1086
1714,1969
866,1763
116,1842
1473,1203
1023,1925
868,68
1245,1364
1594,820
723,1714
1859,1284
912,1488
538,428
1327,81
233,792
1652,492
1440,1124
553,431
1469,1207
1428,1604
1289,801
2,1694
1139,1774
129,1789
795,1147
1339,55
1944,727
1354,394
288,552
1007,626
40,440
1298,1677
1927,1527
587,1671
1692,468
1330,1342
1813,849
1083,1253
918,1678
393,1280
674,1572
1281,1050
1465,1354
673,640
1010,1972
66,1174
1576,1229
411,1091
666,481
1170,1149
1136,790
715,578
1284,1655
1924,1156
716,563
690,568
1865,1181
418,1086
1795,1778
386,539
96,1469
1546,793
1310,189
1126,1000
103,1171
352,1573
1774,245
1745,1994
1117,1014
559,171
975,206
1946,626
229,487
1972,57
391,1150
501,492
1222,1951
591,1427
603,283
1639,1046
1579,1874
855,560
73,520
576,582
11,898
1030,265
1580,499
855,869
1886,1819
69,1485
899,1600
1987,750
255,313
711,1423
1116,76
187,1714
95,450
1345,1486
125,811
1920,1297
1880,1792
493,150
348,1219
672,1414
1513,1822
120,1505
1046,660
698,644
930,490
489,1907
1667,1034
343,1573
1795,699
1204,1830
127,203
1954,212
1284,1825
394,1212
1854,156
803,444
1921,814
181,677
843,1677
220,73
1241,865
1375,243
726,980
1402,1827
1487,1093
1025,1277
177,630
1324,370
1422,1280
610,1828
1574,1271
645,1882
1991,674
1752,7
899,942
1079,370
1972,1772
1570,1939
270,1416
1553,996
140,449
199,960
1251,1701
1470,1713
1327,898
1120,453
722,1289
1937,297
140,787
1582,1615
940,1802
1786,1890
1814,1782
1000,776
1580,1112
1510,584
669,1603
754,1397
129,564
1350,1049
1760,1997
28,170
1904,1494
378,143
864,358
615,1724
1553,1714
1373,1847
1205,55
71,1801
1765,820
188,1314
446,383
1699,601
862,858
1587,1192
755,78
1248,1714
1658,1047
332,1295
385,67
299,1886
1379,1797
636,780
1642,1479
1568,1876
1495,117
1816,555
1107,557
1047,55
839,1042
1768,1401
302,331
1073,1787
196,1267
280,85
863,1843
1184,365
39,1350
331,680
1245,1419
76,1876
217,45
1015,98
205,1192
1386,919
820,446
542,1316
1282,1270
604,257
239,347
1097,46
678,1076
49,1373
1973,860
1701,1140
382,963
221,1272
1743,1560
1650,1712
1601,167
947,1339
821,853
421,414
788,1108
454,321
1421,719
1150,474
1762,814
1099,304
1547,1517
731,1193
12,1933
1060,417
389,338
461,1625
1088,1405
598,1734
1450,622
1457,674
1240,1961
177,1736
819,275
1194,895
1247,1649
552,799
1383,221
649,1897
22,1094
1396,875
1303,1656
997,455
361,430
483,748
27,1109
481,1117
423,497
1541,1637
1022,1359
1912,1749
568,235
1136,166
896,1292
583,1717
1133,1935
502,1346
1612,1694
422,1974
1167,1341
382,1663
1616,176
1956,903
567,910
1382,1404
146,1722
860,432
1102,377
861,1126
459,673
481,1613
1850,48
814,1868
357,721
873,1284
112,868
53,149
558,1889
1543,179
1003,1360
870,215
1761,33
291,780
1448,1329
759,629
222,298
1230,314
1972,1160
1041,1932
1850,835
1152,237
1353,1702
200,1656
1503,1931
1597,521
1669,842
818,749
1773,397
1261,1866
1035,146
744,315
1703,766
1641,1242
1480,1168
1490,648
516,828
64,1882
737,1209
1024,1297
668,138
541,913
308,1656
1783,891
1971,363
318,1608
612,107
456,27
1758,374
405,986
1098,1565
1060,493
107,273
1361,353
304,1107
1242,541
1064,321
1770,425
1090,257
1211,1176
92,1747
1876,1730
364,1046
1553,918
1416,1724
945,1480
1554,1923
1419,469
526,316
1235,404
1953,989
99,1080
1893,826
525,1094
1704,1148
1302,1020
693,994
1456,1791
1576,606
1701,1647
1465,407
738,884
12,1487
972,1230
1831,1482
449,1880
1386,732
475,1353
203,1737
357,1719
1304,1645
1289,1011
1689,1324
625,608
1909,1239
603,1392
75,1877
1555,882
1596,131
183,444
1031,968
1599,1728
709,1631
1905,1339
1051,1783
1579,1832
1346,1388
1171,523
1014,713
323,1729
1511,1148
1862,29
315,1123
30,406
1460,94
1587,531
688,159
80,82
1544,1019
440,928
407,1518
659,1649
489,1142
817,1764
930,1921
428,281
1773,47
1332,545
167,1251
176,1799
1146,1829
449,828
1078,721
1045,1938
1094,876
729,1072
806,1095
255,518
556,1232
287,463
102,27
22,158
1972,45
775,823
1575,175
1943,43
610,1048
195,236
1976,1110
719,1823
1619,608
1458,801
362,755
1275,1567
1334,276
668,1016
1122,313
572,938
397,360
88,714
387,614
1365,889
1191,813
151,719
1664,1409
674,867
1014,1564
1271,1427
686,74
1251,1958
438,532
795,1626
1103,165
907,1453
581,991
129,1486
95,1714
1195,1694
724,1961
581,1906
1141,687
176,1111
559,1496
973,372
269,922
827,1289
1704,16
571,601
1692,1350
1233,1861
1317,940
1704,1966
1585,1430
756,1851
1774,1904
1509,372
1407,462
832,1180
1631,1859
1196,901
478,278
618,1482
1784,883
1849,1540
17,634
1409,12
1023,1936
1269,1667
1447,1556
487,988
113,1790
43,790
1642,1864
544,1385
354,1722
1213,1550
1614,1938
432,1177
66,1006
624,48
1590,287
764,1616
1056,1182
1516,178
400,1535
1194,479
119,525
1307,1603
723,1900
1137,1714
1267,1169
1765,693
941,488
755,1567
1486,1762
1743,643
550,1268
1585,1981
620,1304
1309,1583
1316,1154
1812,1125
1841,76
1796,1379
1466,1768
982,1494
341,740
110,300
759,777
829,1551
1401,159
380,1627
927,275
1310,336
589,817
1331,222
585,1039
1739,362
560,1349
1397,1313
391,1275
1455,364
130,53
697,111
599,617
400,1656
1561,1721
283,568
55,378
1205,796
1,812
1483,1570
429,259
772,1863
1344,1572
1163,32
607,740
1347,428
935,1093
1796,479
1259,1874
1197,237
810,1430
77,1636
982,1461
1753,360
962,1593
1052,1954
1891,1239
698,1848
313,606
165,757
1930,565
782,1975
1248,293
539,1041
1169,132
894,1178
230,904
1020,1971
1915,827
434,1593
1043,650
1598,1122
878,236
1118,1246
1750,517
560,1627
477,902
866,1035
352,1322
1183,758
1868,113
302,1656
41,1865
750,321
1911,1327
1302,258
364,349
267,1282
1708,1864
1269,1067
1433,341
1103,548
616,790
1934,192
1633,1086
596,291
1015,407
1942,1624
366,1854
1361,1212
936,167
295,460
1721,453
53,1586
51,733
1302,1917
1252,1593
1781,424
1184,453
2,506
462,1787
1429,292
1520,683
247,1431
795,576
1684,1432
1719,1308
1056,1221
1319,997
1453,50
718,736
1357,383
696,993
215,1714
965,676
1893,1873
1292,1145
584,1234
1593,1718
1647,1852
593,149
1302,1420
1187,1927
1982,539
637,973
1600,1757
635,1577
1095,1100
710,1985
1418,1008
1060,1524
1822,1192
514,618
1811,1730
1350,793
1611,362
843,1536
1057,490
1365,22
21,1443
1211,776
874,1593
1143,1139
1774,3
859,1756
225,519
1133,543
248,355
1303,1627
1308,1753
757,1016
1438,1038
576,557
1395,1155
1200,609
235,269
1106,1114
492,825
1716,1618
1213,1876
1629,798
13,1505
1054,15
125,1695
442,102
37,509
949,1757
311,38
1824,886
978,299
368,1436
695,866
1201,351
1790,543
1524,1926
1402,1109
739,63
1777,860
1469,1844
788,260
1857,1482
137,1899
1497,627
1647,615
396,1509
838,828
418,1347
1037,14
813,1867
895,308
284,1412
644,1277
424,530
1329,964
1669,553
1866,781
1820,64
16,1650
1687,103
139,44
1999,857
1648,397
203,1548
1293,26
1339,33
1462,25
1960,1542
1516,1052
1330,1090
1515,272
974,1070
1116,1541
490,1968
1693,1771
1038,560
256,1957
1515,910
667,1171
1870,1900
1642,1607
1882,266
1688,1510
1623,1292
1382,1063
1455,1612
511,1898
1174,1205
1985,1630
596,570
1714,921
413,538
979,1549
1320,288
693,1793
38,1970
696,438
1834,137
20,726
1639,642
132,1063
1158,1154
567,349
960,780
1564,482
1187,1082
1652,677
490,1020
1929,1390
63,1727
1289,532
1365,917
1816,866
343,1473
1798,1126
1946,1070
363,1964
878,1660
490,309
1244,1100
203,1477
1087,47
262,831
1046,1050
1007,1883
235,702
1923,91
1950,748
1885,1091
1751,1175
428,1018
1010,300
297,878
1617,1887
818,1980
862,905
1680,1140
655,707
881,387
665,1370
1350,282
245,119
1260,1109
1135,1443
18,1919
1133,198
1819,148
1499,396
916,1955
153,100
83,180
1833,695
1172,1702
949,788
1770,94
1964,1378
846,907
1577,1685
1235,741
509,538
919,1146
247,1678
1689,1350
1891,1809
251,1634
492,1193
310,1333
1916,1275
1768,973
1918,159
1478,529
1972,1441
966,1371
1310,753
167,1921
1732,514
528,1389
820,252
619,233
421,728
1083,286
185,1866
412,475
1940,503
19,858
944,327
664,1641
241,1621
1756,143
1889,1151
513,485
804,1315
1696,1149
1486,772
1191,525
1468,1586
1134,1160
845,1466
68,1002
1038,496
1071,253
1302,1350
1658,957
1562,1068
1796,1055
769,1855
1794,1643
1057,173
1094,922
662,841
1453,1924
110,454
1000,1972
995,261
27,1804
621,670
1463,1536
1046,85
317,1866
1183,959
1496,78
1832,1097
1942,1919
1022,1264
1302,548
1732,1076
724,1499
1588,1788
1243,804
1130,1520
519,531
1486,1083
1856,1858
100,1785
642,641
1128,1141
1457,783
236,746
1293,1700
1555,1889
1649,422
352,1328
1412,971
1417,1252
1041,1250
1099,1546
1039,1674
1656,70
842,354
197,243
1548,705
618,609
587,798
1667,382
1631,917
554,1879
990,1569
1124,686
1831,230
1567,1838
722,744
894,786
20,592
304,383
915,1192
1847,778
1208,395
1048,1257
1580,175
1215,84
823,1597
1581,177
1271,155
1284,1914
645,1730
967,1821
991,1535
326,1289
1514,111
455,1031
242,1482
1388,527
750,1904
207,683
1152,329
517,434
1239,1033
432,1622
791,1993
1681,1618
1541,1727
924,348
457,1565
1290,484
1406,147
903,1226
14,1755
1892,1758
1102,211
1960,956
1798,1895
1916,609
960,687
1604,890
239,874
1410,1215
1902,1051
589,457
396,392
410,1888
1415,1725
1171,1225
1036,582
1675,1681
1947,364
182,1210
675,1128
510,1006
269,1701
1017,1725
1094,460
318,398
315,1143
19,975
317,553
255,402
1501,1936
1827,1233
666,76
1981,828
1779,420
343,414
987,223
743,1371
1128,1714
732,763
450,1643
50,741
381,1349
1011,658
474,1430
1972,1418
1269,1044
933,1648
3,970
222,631
580,778
467,723
192,1034
401,1226
454,584
12,1812
1760,1393
1958,655
580,246
703,517
1092,1356
991,1474
612,422
1548,768
932,1232
1098,1115
852,536
326,1846
1191,602
1972,507
1418,1444
461,339
510,1339
1735,248
1400,1664
21,106
622,714
1113,1350
1286,800
1299,263
305,619
1218,18
631,1341
620,1799
892,1398
327,276
1838,660
490,548
1941,1270
445,1711
774,515
1174,976
1556,114
1581,1607
285,1812
1036,1042
201,866
441,1040
1182,760
1674,538
933,524
1244,1424
1669,1988
150,1283
1444,507
1513,39
1648,1613
435,538
1467,1415
644,118
1070,483
1543,1196
90,183
505,1049
14,1744
1268,31
278,960
1350,996
1121,1179
231,1230
1875,629
1972,623
1187,720
1776,809
1362,1553
1122,363
1980,1689
124,1432
1952,1223
315,707
1156,149
773,1529
1214,1026
1967,902
1229,304
661,980
1736,1280
1253,684
1032,982
1056,490
64,794
1942,1308
1350,843
198,1494
1167,1555
900,815
544,1855
932,523
892,1714
1883,1350
318,377
258,1284
1181,1254
1188,36
65,1987
85,1897
164,1456
1777,189
447,486
1954,490
192,1072
34,1950
1015,915
507,1132
1029,1483
561,1272
1535,1916
144,593
529,827
1783,1525
864,1189
1172,1667
456,396
743,385
1137,1901
348,261
272,308
1317,426
386,1508
1337,1501
1149,1869
987,268
1418,1445
961,1614
1214,970
934,588
1401,969
18,979
521,1520
1485,1300
251,1791
1414,1915
1190,1752
982,1754
773,1289
438,1123
1421,1868
1092,811
1219,89
1506,226
360,1895
1507,301
97,312
1008,1156
1398,190
1866,692
1157,169
153,1029
1132,967
1914,1399
1387,97
1059,1723
1116,551
1467,612
1774,1690
145,55
828,1549
748,1570
1512,1517
466,640
87,942
504,652
288,636
168,1962
780,1839
807,1302
162,1691
1085,944
782,1289
1357,1221
672,1589
730,1489
1229,1843
35,1027
807,1293
1577,448
708,958
254,1880
611,335
219,894
1929,1840
1417,6
1142,1227
925,1968
450,522
4,190
1930,437
224,1714
1480,199
1366,203
689,1059
1457,63
1412,1538
273,98
853,356
214,746
588,56
520,1880
1790,837
221,641
1660,1972
511,1659
375,184
1719,1336
144,1991
1861,677
1256,337
172,937
904,1708
1451,193
1670,652
591,1559
1732,516
49,495
234,1710
244,1720
35,1359
571,1111
139,1398
153,606
420,494
117,1161
250,1053
222,697
1881,80
1210,29
1902,1229
866,1409
1160,1436
1419,1439
1665,1488
180,1594
1444,284
1038,1222
209,1080
1438,196
1026,146
1280,1146
1905,282
1309,657
152,1524
675,588
1478,1692
349,424
983,1764
1442,1318
922,1340
896,1778
1995,1500
974,1101
1879,694
203,1457
897,1355
1649,1388
1131,1517
1978,1091
833,368
573,828
1878,1616
648,1676
145,386
162,1236
1045,1347
502,8
1054,513
399,203
1591,727
706,58
1163,1685
1338,1870
433,216
1296,1592
585,329
1576,1418
462,238
1424,767
1599,1048
1957,1620
1081,271
104,310
1533,172
1135,896
1815,770
1772,109
1452,1292
949,1924
1808,1656
1735,1640
166,1663
146,435
1724,304
954,966
1687,1472
1044,1425
1192,776
1605,1083
77,127
101,1307
862,1048
1799,1136
1176,1035
148,541
392,665
478,960
586,61
1017,83
849,229
1595,418
1735,1814
910,1817
1936,1304
341,1409
1845,1832
348,1275
648,1523
226,384
370,992
273,90
1352,1826
941,887
1504,490
122,990
1162,1595
1688,1474
52,661
1332,1933
535,1028
645,1974
1973,787
457,1242
27,280
1252,1094
331,849
671,1134
434,1835
1944,1876
1176,119
711,1376
725,729
1213,1673
1315,1269
607,1894
807,711
1713,476
152,632
545,1760
410,1972
1438,469
1630,811
1811,1130
1481,1579
92,1088
346,54
384,1649
1346,1654
973,1777
1783,311
1206,680
1462,1296
1791,1743
1164,1494
1183,30
41,325
265,1109
931,1454
193,515
1911,1508
788,1833
488,707
1364,1001
638,1914
1713,1952
1960,1845
828,34
16,738
1482,6
831,1836
1788,397
572,1355
258,1438
100,740
1592,614
1900,1505
122,938
1350,1662
216,355
1818,1291
1752,417
875,27
1283,1484
105,268
1748,823
534,1404
1661,1146
988,912
116,1747
971,180
1876,673
1437,1539
1188,908
436,1623
143,128
658,184
1698,1760
1641,1158
1210,1532
73,1762
26,634
1958,1006
892,292
1975,1763
829,821
744,119
37,1217
140,1874
1973,708
1264,472
1202,599
1766,617
978,879
1736,1912
986,1071
1714,1542
1141,33
1917,1033
1465,549
478,1162
490,670
1282,602
1310,97
1957,448
481,1866
884,1350
1269,1799
1772,1394
1161,829
380,52
1512,971
61,831
1098,238
846,502
427,552
562,1689
706,490
1459,1545
1096,258
952,1598
1177,1249
1117,476
1575,1046
604,1311
1100,1766
342,172
379,1454
1941,306
1699,316
1861,88
1726,1341
1729,1166
151,217
960,1371
720,1663
1352,1569
445,1596
1018,1529
1378,80
1446,1761
417,1723
1492,1878
1708,794
214,1763
443,198
727,806
277,792
1683,5
1487,785
131,1163
956,1004
1741,497
1395,1359
1890,218
359,249
843,530
600,967
1436,572
1046,1065
1738,747
1987,143
1851,1809
1344,508
160,1698
992,128
418,1498
698,556
862,770
56,984
747,1724
758,152
1350,1226
216,877
40,889
1912,290
474,27
1980,1471
1795,1295
1117,430
889,597
170,849
1364,1286
920,216
701,153
165,972
177,1774
1835,553
450,1858
1867,1302
592,1238
1026,1207
498,1550
164,1314
1025,1350
1021,1123
1651,1344
1336,1464
1835,1178
323,1302
844,570
1894,613
1329,1656
977,19
890,692
1427,1801
653,477
1497,1036
1445,1578
1087,1343
804,273
180,1052
1345,12
1530,1513
1789,643
1953,1957
1873,371
507,120
1722,384
1619,1965
1599,1607
351,1000
852,1158
1326,1165
1547,1881
1841,916
1837,703
53,1272
579,1328
1676,136
290,997
1054,316
571,1466
238,1094
295,1410
625,1299
1226,1357
431,1335
439,662
1008,1065
457,12
781,681
1130,1549
1391,1771
1146,1912
1254,1720
1240,676
32,48
1886,46
1994,1350
1912,653
741,1134
402,537
1094,987
305,1261
1313,1122
1963,154
998,310
592,1454
1408,429
1313,503
1694,1670
1176,753
1079,964
1037,375
1765,27
1350,495
5,1046
166,1892
874,356
1187,1913
1441,767
1780,230
139,955
782,934
882,517
1403,419
0,986
1484,356
891,1605
283,669
933,1972
490,861
1871,409
1082,183
1575,1446
575,1350
440,803
1217,652
119,1512
238,658
1954,1831
1572,1654
848,1562
1423,126
1813,1486
820,1482
1460,409
161,1384
1818,316
600,690
1505,1423
1562,406
502,1969
1880,1059
1500,1715
231,712
1674,158
965,1560
849,1637
229,867
1939,1441
1687,906
597,166
1591,253
1661,584
1286,726
1058,93
149,218
1153,15
1269,1922
1958,841
799,760
1755,1351
1804,761
1426,462
1425,213
1350,676
506,1661
86,1550
1746,687
57,1572
327,1266
1328,1831
1949,195
1618,783
1267,1747
828,889
1528,1226
442,1236
971,665
1468,42
828,675
1023,1056
995,1742
1625,669
25,1319
1411,881
1461,1527
1146,1169
475,960
973,470
87,1786
1803,1871
134,578
1637,843
582,853
1457,285
1504,1652
119,493
679,1982
902,282
1496,1389
1362,828
444,714
331,1551
347,455
318,185
1376,1702
1754,1062
433,968
1952,1761
827,1338
1979,1888
279,380
1813,915
1600,654
479,58
675,1633
1491,1999
1667,1167
528,791
458,1429
1418,1415
1272,296
355,649
336,571
1440,732
685,345
583,537
1904,737
1089,257
660,496
1801,1394
1324,907
575,330
1909,1209
1766,1977
1491,399
531,5
875,1672
1544,835
1969,1469
155,575
1232,642
1585,70
457,987
520,1908
1756,339
1117,389
1767,864
1445,1208
1291,424
848,1448
910,1593
1432,558
1433,1899
780,806
1885,1842
1937,399
1182,1345
472,1486
1000,1666
154,247
1068,1424
1912,1852
976,355
93,1626
514,423
1776,1956
633,1801
1948,8
43,1721
263,1380
439,547
872,409
274,933
1277,1609
1811,1612
1783,659
316,632
854,1403
1973,69
1990,533
1859,1673
130,1833
1893,1714
1896,1848
1475,1474
48,862
1150,425
1480,1030
1185,204
869,533
1507,615
628,1503
307,1793
395,448
1717,1690
797,1137
243,978
1460,502
907,1074
600,752
560,1580
180,1609
576,1851
998,381
993,765
1422,1269
1224,1611
1523,1989
945,1023
1077,1278
810,485
529,1078
114,1364
1408,1319
1205,1499
399,271
935,361
845,1462
96,669
1791,1246
1897,1714
1170,1162
831,1571
1743,752
449,88
1119,1552
800,501
893,709
596,1838
696,1468
1117,17
276,176
211,1486
701,296
1649,826
952,700
904,527
403,247
1325,1973
946,636
1221,486
1199,1372
1167,1226
1774,103
1173,1662
862,1714
144,722
446,700
626,1863
1738,1760
344,1831
1435,115
1743,1993
1663,458
128,1287
1096,641
771,1354
1547,957
63,1356
625,960
1554,314
1189,793
202,1317
133,158
1658,744
1464,1331
1713,1355
983,223
28,138
1203,695
953,863
1628,283
745,313
780,1302
427,98
1393,565
683,86
1713,477
1095,1145
1615,490
1851,1746
1916,1731
1722,1628
1970,508
1880,1314
1486,31
1070,621
1483,404
1042,1289
1226,1316
473,1356
1980,1350
1287,1005
905,335
1863,1849
1234,1828
203,179
289,149
1102,1525
1323,1180
718,1948
1702,469
1124,44
1396,1668
756,1432
1648,764
1350,1083
739,411
720,644
950,1527
1331,1245
1264,1215
996,983
1493,1237
1960,232
1254,573
330,764
94,1671
725,1164
598,1747
914,954
1609,1147
975,960
1288,502
780,998
240,943
1250,43
1442,828
279,501
1481,583
495,778
1641,174
419,1330
1285,1194
940,713
802,454
1034,948
1714,1632
1601,955
856,560
1626,656
1428,1558
518,413
1070,590
1908,1923
971,1420
1418,1370
86,1350
148,1435
535,357
1363,983
1311,1349
1907,562
342,1527
689,1464
1373,1720
1031,1717
1779,1711
445,685
1507,211
1376,1560
1833,75
1883,82
777,1501
570,451
673,1521
1714,176
1242,398
1913,1656
400,959
1945,1061
973,1776
1081,1919
1976,1217
1081,1671
314,939
1610,1488
526,1437
911,439
868,176
1593,718
264,1179
549,99
389,253
1841,704
326,1668
643,1280
62,660
404,503
819,354
302,1207
1387,1654
717,832
1366,1446
1761,1886
278,201
1455,1073
91,1892
170,376
1636,880
603,1370
825,1406
322,52
1431,675
1304,479
999,776
1518,170
1806,663
1925,1266
909,651
803,828
978,357
1792,626
1064,828
423,939
1727,810
180,1571
437,674
153,494
1149,1024
1984,1734
763,872
1799,670
202,135
586,296
1526,903
586,1528
1901,39
1676,915
1316,684
687,1694
452,715
886,1771
1758,44
1849,1253
913,1566
1617,1972
390,394
1917,136
754,1844
314,1303
1050,1697
650,885
773,630
484,1582
1099,1815
1828,1536
854,429
983,797
664,1384
511,107
221,1141
821,546
1639,446
285,1542
833,1263
1079,1904
1950,958
512,315
1309,1965
1336,1274
203,693
1502,851
361,796
388,1333
840,545
1659,1393
329,1425
391,1258
419,250
1749,1421
13,135
730,1358
284,33
1010,547
589,1796
1418,32
207,1402
1264,1611
1967,1502
538,1288
1054,182
26,168
1526,1829
351,981
117,1601
1784,1681
1510,1796
837,704
1332,956
1191,323
865,1852
67,608
551,1086
1557,203
1740,1248
1783,1249
129,933
808,1571
1657,62
1669,1120
1255,261
1923,742
1263,1119
1689,795
736,785
828,1703
1006,1298
362,895
1241,1997
694,615
480,246
1656,161
651,369
280,1246
1555,1350
189,605
76,976
594,1601
756,324
550,1138
468,310
34,1118
1757,1404
862,879
1146,324
468,1350
959,217
1977,1935
1436,561
912,1854
897,1646
175,1403
1269,1996
1375,179
289,254
746,523
996,323
1451,1498
277,1192
1415,1381
599,1340
390,311
395,179
1295,1707
1524,1490
527,350
1818,101
231,436
133,663
1761,1350
1823,333
1249,815
261,1742
89,83
176,1047
1586,1972
1114,1834
477,1486
845,1257
1164,966
929,1289
605,1115
1748,558
799,1832
3,503
720,1943
973,1234
1249,962
194,1
359,27
1649,828
160,793
1569,1289
1612,1922
502,1306
960,204
96,1857
925,1013
1280,1093
469,1108
639,209
145,1312
587,273
1644,871
1521,1558
937,27
876,105
1412,843
1559,1673
1079,265
1425,187
569,1275
1168,822
1268,1365
556,901
1080,470
1695,1101
1434,90
913,1359
352,1538
596,321
1419,30
1603,347
730,1415
1121,1112
490,1035
274,877
1605,1449
371,160
512,1374
633,1823
670,793
828,611
1337,1815
137,502
315,970
1281,433
300,880
1665,799
774,685
1170,480
735,1174
1290,206
242,916
1200,1542
1275,1400
1106,222
1132,298
455,1720
1346,1479
679,1985
1458,1798
1996,1069
376,295
202,802
4,39
1731,1794
158,648
880,1533
1734,1399
73,464
1835,951
1664,515
823,1669
793,439
74,1961
961,973
836,491
408,1860
3,1186
1821,1521
380,472
142,92
1856,1975
1414,877
507,379
1971,1627
466,345
458,1826
1338,1829
1605,467
1945,1851
933,1854
711,1949
911,1687
1599,1993
1713,1992
358,1656
416,475
1302,1785
1838,306
1367,505
948,237
989,577
1170,1492
1422,720
1653,294
1712,1903
442,82
226,1891
560,1806
1322,1426
323,244
1769,1654
1477,1199
604,1108
1982,1441
46,937
332,1077
1946,1684
1979,1504
1413,1278
808,1621
1729,1656
1029,1880
1988,636
1633,544
81,1011
1069,1185
261,837
206,886
1782,212
1088,1330
202,1749
1990,1780
210,836
1693,184
376,1969
207,1407
1754,1434
1195,651
812,1531
1565,320
1581,506
1321,534
1247,439
731,1579
1148,1367
1873,1620
893,1685
252,1110
697,1807
1175,828
1723,768
1434,647
1027,1376
544,426
1634,31
543,1042
1714,1495
928,854
1067,1576
1381,150
1633,1896
1049,1959
1901,1841
1078,559
1645,1564
1289,136
1270,1776
1548,1342
478,777
763,1211
1408,1224
648,1869
1161,222
1084,1140
1896,1808
392,926
1849,1835
247,1989
1531,728
1931,1448
1208,194
1064,478
772,363
185,263
1418,679
1123,320
1629,891
682,649
1800,1118
1574,819
1058,671
1420,814
275,708
1200,728
893,624
1590,357
208,468
1457,1886
165,628
1294,798
656,1805
320,627
508,1074
1334,936
884,1716
294,1669
739,1185
1029,849
328,368
1083,436
1028,1516
264,1941
1275,1285
1672,510
912,939
569,1518
1244,92
1350,588
1884,838
1539,1396
1260,1561
457,1507
1143,1696
1522,1644
650,681
1784,1221
539,1574
955,563
1275,1976
1920,559
1280,102
248,672
1350,1275
703,1534
486,466
1511,758
459,1852
109,1682
1672,377
1482,176
885,306
162,482
1220,18
1292,1782
620,1228
1132,1379
1528,47
839,511
1164,1467
201,1099
1792,1432
1683,1066
974,1237
564,1413
1064,780
1238,85
398,1416
1983,397
1842,1102
321,1932
1853,393
1305,472
1751,1233
316,1898
938,746
1333,1973
362,1075
1578,46
1040,801
371,1143
934,753
1836,1445
812,5
178,621
1303,870
949,27
1054,1803
707,716
187,1797
673,1584
203,920
1011,1606
668,60
23,199
502,1176
1915,1751
106,1220
4,829
752,1429
400,515
1318,346
530,1685
173,1325
296,1227
441,1392
522,1447
1686,637
1944,1787
57,601
1739,929
613,1872
356,734
1337,1956
825,686
1792,1561
1900,1289
114,121
1481,783
851,1963
710,164
1243,538
936,1839
695,704
1175,1891
579,248
555,1000
344,1223
573,765
250,412
808,312
758,1706
325,587
907,1403
1540,1255
1071,1520
526,1714
721,857
737,1656
1318,196
1392,227
1326,580
385,1767
1115,1535
1040,909
304,1447
1939,1671
195,1203
1335,735
1782,1946
994,1646
717,874
1913,1465
311,1430
1956,388
1972,609
558,1753
816,566
1350,1824
1226,289
24,1482
1871,887
184,452
111,828
69,793
1582,529
548,635
1973,497
1351,1946
880,402
307,1229
1707,857
1403,1046
1137,1845
597,652
1465,829
1670,1289
1407,932
927,710
888,1736
1059,1930
338,1020
120,1908
254,446
1294,1509
130,647
1482,1563
1689,67
1459,1105
91,963
1830,252
762,1714
764,1866
1269,1104
1243,144
1463,706
1018,1701
776,250
838,431
562,793
218,629
1476,686
909,1030
761,1599
188,1689
740,1231
312,1881
384,796
1046,1683
68,1075
830,405
123,1817
25,736
9,816
1581,1179
931,1758
42,1046
1690,770
626,1223
436,197
566,1606
1597,1489
1482,858
210,663
210,1135
1741,1075
1946,908
738,664
195,1943
1805,1656
140,814
1046,885
1876,701
1216,108
1209,1689
1910,1096
37,1202
1775,1588
259,266
1795,842
1809,1474
1519,1019
1666,1066
1280,451
647,830
1322,260
603,567
1201,1684
1189,1665
32,265
1526,1039
1625,1643
1514,907
303,118
1657,1162
18,437
1557,1897
1470,812
1468,91
83,640
490,523
1582,1386
1583,1351
761,134
1053,1700
1007,28
1690,924
1391,537
94,1032
1043,60
1538,240
156,999
1551,1131
1615,1160
162,37
1094,773
365,473
169,1688
1195,1117
1058,988
621,886
719,1491
1855,1947
729,1729
492,1705
76,1855
930,1408
292,362
1955,149
1870,916
1309,1210
500,1732
905,368
1223,847
1392,401
1093,1876
1090,330
1115,147
1214,1750
908,784
943,1056
