70,1582
1924,795
679,1095
1826,32
1102,93
1889,1357
796,1992
1678,1871
1889,1975
1095,1118
63,1970
1213,1482
1537,1220
441,554
1948,549
326,291
271,1519
1095,85
1636,1520
791,1049
571,1126
538,85
1586,166
654,692
781,1240
1679,1611
75,1317
578,1500
1611,587
85,1034
1590,444
323,1129
1889,191
1227,688
1280,622
309,1095
357,824
1253,1898
1898,80
1080,577
722,1887
1585,1016
354,1105
682,609
35,834
244,1471
230,816
85,762
677,342
1508,293
176,1873
739,444
28,479
1898,1080
300,1607
1875,609
1958,634
1841,846
1942,1807
1019,1081
196,850
47,1944
1126,1842
647,1746
679,879
1969,323
1640,513
567,246
544,1653
195,1443
1094,85
677,85
307,1095
803,1677
283,979
853,238
467,85
1310,249
1005,749
1105,1385
623,291
121,1898
1104,1890
1334,677
70,295
609,1112
1293,1815
994,1474
1713,1095
988,806
50,836
1898,1270
1820,1215
778,360
1080,1102
986,1589
262,992
85,938
1170,777
183,970
1488,1095
622,1053
474,98
1692,372
606,777
1102,172
85,142
26,153
975,1889
595,359
269,445
882,1609
1765,677
1481,501
35,1858
1106,856
1579,1431
1312,732
547,635
1102,854
984,1280
1510,1801
1837,1102
1193,1549
85,69
477,1806
940,1958
126,1141
708,264
250,1662
1335,1898
1229,566
1610,1019
485,85
273,613
681,201
752,1506
323,1683
1778,240
100,1282
1269,1507
1171,907
582,1235
423,1436
21,477
937,1838
1220,1099
42,747
673,1634
1775,1201
1799,1989
862,1211
403,1725
437,1514
246,1445
1094,183
729,189
85,189
537,1898
271,623
220,63
169,49
681,474
537,180
1898,510
1889,1102
1277,1301
567,1807
1416,1326
1867,1559
1095,397
887,70
1095,1079
513,1881
665,1940
1987,1298
83,1722
695,804
1898,165
1503,1119
1088,354
1475,542
485,1151
85,1230
797,1319
217,1527
643,561
1898,938
1758,183
1531,1694
70,592
1095,1269
160,814
1399,662
315,58
1898,1095
380,630
738,832
789,661
1492,609
116,312
1,1460
4,601
840,1228
1395,85
85,666
1042,345
284,609
1428,815
65,677
1528,385
1040,1087
1867,74
0,769
155,120
134,572
525,843
1862,1650
674,1851
145,909
1102,624
889,969
1056,85
832,270
1250,1102
328,711
1670,594
555,834
597,588
1477,730
33,301
70,1095
622,375
609,1612
493,677
622,1981
1165,97
1068,70
1260,1020
1026,28
1869,1756
1557,327
1533,711
1179,369
286,70
443,277
1089,246
1380,1236
941,159
1369,1010
868,1183
1105,605
897,1593
1949,805
1095,688
1390,1774
398,1549
1264,1889
724,1566
655,1892
48,1535
1889,1478
1095,1794
1468,1572
926,85
984,1771
27,533
584,258
70,1866
1774,335
1219,1583
1898,206
625,220
1440,1369
1403,1958
1370,310
1799,1797
906,1763
1003,1799
426,85
816,1105
241,520
129,1958
1969,1232
1095,963
1102,898
657,1439
1069,1709
1080,49
1871,1789
27,1039
1204,485
1095,46
1600,1696
505,1181
1208,32
603,1279
35,1689
1921,1889
1095,875
470,581
890,1217
80,601
1000,951
1075,836
1058,303
54,1005
1946,525
398,1102
573,1622
634,390
410,1034
1783,1002
1665,1114
1223,574
1389,186
1898,1797
511,185
1406,420
1170,1861
1240,394
364,932
1457,1761
476,677
280,51
609,1399
135,1998
1004,1755
1512,692
1799,1765
1915,1764
677,1095
366,520
1171,1942
457,612
1307,183
968,1881
1889,1160
64,1095
1269,1094
1346,1048
1378,1412
1872,757
1611,1748
1773,425
1679,817
471,1704
987,1316
768,1666
1775,1139
459,1905
1801,74
1634,1507
1149,1308
1256,474
480,1
1150,1747
1097,1095
1095,1448
1985,1631
1162,1778
1695,378
1862,1011
843,85
168,68
1219,1368
574,85
85,1958
377,1804
1118,1217
1095,1889
1108,1898
893,1763
1009,1994
1462,1647
1923,85
1145,351
241,1034
678,1922
1105,311
1889,85
39,474
1095,1134
1393,1898
1094,328
575,1827
934,1414
677,1843
1086,1470
693,1095
1372,1146
1592,1900
79,346
1288,982
1168,1904
1439,1041
271,911
609,1867
1232,675
1436,1799
1201,276
1105,1529
727,324
322,1587
1889,834
1742,359
203,1431
1098,1177
740,1892
609,815
85,1194
379,580
231,1867
1325,1260
140,108
1095,364
63,377
1316,577
708,1992
1066,474
400,1434
1095,617
1318,521
1535,85
291,1674
263,1345
85,1623
1728,1608
1853,800
750,1634
754,1491
309,1318
430,1095
1506,812
1095,474
1786,958
70,347
474,1662
934,291
832,1261
843,451
1810,1062
473,145
46,284
159,271
1813,1037
76,1276
1958,1630
474,842
794,920
718,408
1763,840
70,1898
474,439
870,998
617,1217
291,475
906,72
1167,373
534,1889
1711,772
1269,1212
1898,1669
1898,1657
70,476
1919,1898
1979,1261
271,1486
966,1460
1540,429
1765,183
722,1584
1844,932
1411,812
809,93
348,465
377,774
834,1718
1560,558
1643,240
710,834
1995,1634
754,21
1897,1743
1253,1191
1886,1102
329,162
1898,1067
1095,1409
1296,320
70,1170
1644,1369
1703,489
924,1808
339,1095
1169,1610
135,328
147,663
1168,1713
5,1007
861,1624
1219,338
1751,910
1078,1958
1088,888
425,748
609,1153
601,904
487,85
1207,1253
70,271
1974,85
1272,4
1220,1291
166,399
1982,1600
1759,1377
734,1615
20,66
240,266
229,954
1790,1889
102,1325
1095,332
27,1095
1081,1774
1095,1168
244,471
528,803
843,514
1419,1226
85,1845
70,181
732,1123
1041,1805
85,362
1056,1762
704,773
85,274
1209,1968
1249,1253
1420,85
56,70
1436,974
601,224
1592,1603
70,1488
603,1171
671,601
1889,63
1515,1547
884,426
1095,979
1095,1450
1831,1607
515,1552
182,936
1265,694
1073,391
838,1219
1958,659
746,1023
1,367
1294,1791
1454,1478
496,70
1749,63
85,291
1611,1571
622,1765
1775,1095
85,609
1677,1651
600,1078
83,1095
656,504
291,1495
967,85
1095,789
1399,957
85,594
864,1579
1898,1738
66,1444
1863,329
1171,244
85,1216
1275,670
1232,1754
961,33
632,609
1275,1050
872,70
1898,1439
1483,1094
1210,1582
1898,664
37,751
502,1226
1669,703
1047,660
569,328
601,1889
1617,1345
823,1872
1889,1611
1898,271
1298,1744
85,411
1184,1654
85,1511
70,705
867,223
928,35
1095,1973
1085,1898
1418,1765
1597,1095
1286,70
252,609
304,1846
1495,1504
752,85
622,1119
1139,632
819,204
1290,661
609,296
70,611
1379,85
843,505
323,1500
1862,960
1129,1095
1253,240
189,699
63,1228
609,956
85,341
1563,1433
1265,240
1394,328
1317,609
1546,881
110,333
1415,1644
1930,609
1966,609
1096,1232
1095,1215
1763,1883
1415,925
1580,512
677,1889
1898,1450
1799,345
1171,65
1182,1951
32,1916
1479,669
1901,1230
1318,1230
1095,1102
1463,512
120,944
140,474
720,1924
1745,843
1460,370
1342,677
387,1102
627,729
10,1170
1490,344
1929,235
1009,1021
85,683
1344,1680
1590,757
930,1059
823,1347
1485,713
543,1710
360,1898
1226,531
271,1105
1713,1499
681,945
70,434
1415,600
1192,888
1445,839
1927,1765
1294,744
1889,207
138,1252
70,681
1898,1102
85,1522
97,1174
843,435
1127,886
85,781
1170,1604
1801,1281
1813,1797
981,1606
1253,583
834,609
328,1140
806,1858
1690,1487
1559,550
704,785
41,1945
1970,618
742,909
308,1945
609,1728
1775,1911
1095,618
1593,248
340,292
85,1449
351,486
1898,968
233,1053
718,1045
1603,1327
66,1646
719,1095
315,1571
1872,1095
678,1111
227,240
1199,677
1867,1085
1095,35
70,1370
537,601
1426,575
85,1129
1328,1687
265,1346
1715,638
1553,1413
1827,595
691,1878
1520,85
1797,1433
1163,316
845,367
85,407
1645,526
1107,626
1258,1122
1220,912
534,1027
609,155
59,1857
500,601
677,286
179,1105
1253,1318
1676,85
668,200
132,853
1665,259
1524,1889
1867,1729
1183,1011
1434,1898
1659,1058
915,1351
1659,790
1872,1662
1802,1011
371,508
296,240
1874,1436
85,126
1044,893
1297,1399
1801,1063
1095,599
1939,728
1247,1510
1220,1420
891,180
832,758
160,454
85,1202
1030,1634
272,213
1303,1654
1968,1319
1269,1076
1355,1662
85,1564
1611,1224
553,498
1338,786
1011,927
798,202
85,1696
1620,3
1543,1462
343,1560
1095,1360
550,1604
85,1807
847,1576
429,1775
1105,85
471,1095
1797,646
831,1649
700,503
741,389
1492,677
1774,209
1627,1095
283,1399
1948,154
26,1810
1919,66
40,137
1102,1788
1510,1377
1838,1176
1303,1806
157,929
1778,648
1269,1763
843,1566
454,1171
1113,1640
113,1365
1093,1224
61,528
1105,772
658,986
724,1222
1799,1531
85,1912
1820,267
1095,1938
1709,1819
1765,291
942,871
1526,1169
775,734
1898,757
1947,689
832,383
629,825
1520,395
85,1595
1126,1535
1471,1898
140,268
1888,861
1693,843
794,1898
1015,440
1898,1799
1349,507
449,1889
1763,463
1296,1657
1052,203
1095,976
1095,518
780,600
434,1015
1894,83
1386,1095
968,1193
1199,255
1592,1160
1276,1719
161,708
1288,596
330,114
405,1710
677,897
1043,880
1621,1865
1799,1112
979,85
106,805
1996,303
1327,1799
1619,822
1213,1920
1124,1790
1763,1899
970,883
991,798
85,1821
101,1372
1095,334
1095,493
770,212
1431,102
1095,673
300,589
1105,1765
1359,551
1492,238
1200,668
1310,291
1219,1889
1095,1677
622,504
1475,1253
697,1299
1231,171
1095,1394
1095,715
1135,899
823,1958
1473,1681
1898,1291
1601,421
866,669
85,481
737,124
1898,1702
579,1677
1939,85
494,91
1799,1674
274,1240
166,406
1052,1576
1399,143
1892,168
822,834
1472,115
1606,1095
1076,985
1095,871
1862,1500
228,673
1842,1197
120,1767
1014,595
982,1976
1341,1617
1958,1431
70,525
1868,434
843,1709
1243,1786
1414,599
764,85
99,856
131,1807
1029,1889
1748,773
323,49
1599,1996
609,336
792,335
620,1889
85,1898
554,35
419,1040
1835,1898
1399,1619
85,1753
208,1739
1421,1861
832,843
414,1131
314,493
940,1577
1870,1012
852,339
609,499
70,104
1898,644
41,954
745,360
56,258
601,677
859,1892
1188,442
1958,1985
289,32
472,1898
119,1812
1590,1898
1014,1978
654,1898
1285,1834
145,823
1095,1866
67,600
1889,211
323,1095
1531,340
148,730
987,681
802,1830
1218,1317
797,1291
1815,107
1677,854
1780,677
163,400
1236,545
281,1803
463,916
34,1972
1862,1939
1072,1331
1418,280
323,609
206,931
1501,1629
1513,676
97,1692
1613,993
650,1207
70,1912
167,1763
674,1763
1387,1499
981,240
967,1445
1171,1964
1792,669
1003,1592
1145,1886
1157,501
1399,1728
508,1685
621,1154
1404,656
1585,239
700,953
609,935
1637,1506
85,1383
601,1171
16,1212
228,319
606,1797
928,844
1435,1898
926,402
154,1551
195,707
1726,1330
1057,1067
609,788
1037,976
1341,627
478,1898
150,1473
466,123
285,85
1927,324
85,673
1689,243
1875,1339
1834,456
135,1115
1898,1065
1988,1898
640,1892
125,1171
1,1808
737,738
1928,266
837,214
70,344
1898,1892
570,187
323,1849
1295,824
919,386
244,355
1550,1152
95,1170
561,85
1173,642
989,1898
1799,711
354,1956
791,325
1908,1108
876,32
1477,1629
1315,1582
834,553
1095,1011
83,818
822,1369
868,1958
460,633
427,70
1835,1810
1095,1349
35,1454
1431,1940
1541,85
1898,339
381,1312
609,1014
175,770
175,1887
1172,236
237,441
1300,818
1558,1101
650,1652
485,524
764,1703
1966,1960
1784,1096
291,1057
205,823
486,205
1585,1797
85,1068
784,377
18,1240
1424,1593
999,1095
285,609
74,1661
1566,70
496,57
710,899
83,12
328,20
1775,1399
677,540
677,680
609,1532
434,154
1446,1191
1399,759
406,559
1105,380
533,1474
70,1838
873,1095
718,1804
819,323
1544,861
1187,1862
323,1336
357,1757
85,1251
1347,1282
934,645
1554,86
474,1211
1669,1612
829,647
1491,141
13,89
1951,1031
1000,833
218,1371
1714,1677
681,1996
489,1771
70,677
608,1086
601,392
1370,1094
363,1999
1297,1713
1447,832
1796,1573
1105,525
1898,1531
1047,1009
1922,923
1462,198
85,377
847,1382
98,1077
194,1493
584,1209
394,241
1748,1124
1235,1737
1898,177
61,122
723,514
1898,843
926,1095
549,355
85,42
105,677
256,1492
1062,677
914,85
929,536
677,352
1095,1685
1660,822
458,1898
1257,22
1797,1625
557,1799
1629,506
1410,787
35,964
1559,1598
693,1397
894,498
1102,609
1125,70
1907,1889
1386,1905
830,823
2,1095
311,1698
1144,352
471,943
202,1095
240,793
1999,1898
1025,676
622,1515
1315,510
878,291
937,1763
1856,1103
70,1105
447,1061
839,1431
1291,1012
85,1453
1905,1640
1039,77
1682,1460
70,1713
1379,1667
1253,697
594,322
1013,239
1009,387
1684,973
1355,107
1105,238
822,1095
934,42
337,1095
35,369
1790,85
1368,1638
889,1266
1399,1898
70,1036
711,373
1002,1461
1655,45
376,843
946,108
910,316
85,357
619,1595
442,1865
323,669
1596,1583
544,1017
35,66
1219,374
1569,32
1324,1906
1139,7
602,1164
962,1102
1417,972
657,1033
713,42
1785,995
1348,1616
85,9
1524,70
1839,504
1048,1153
1095,1073
1862,1023
1769,595
861,1882
1136,1713
890,1484
1932,135
1944,189
1615,1150
601,1759
370,919
1095,622
425,733
1273,1941
1957,157
1175,1905
783,1763
70,1669
312,1328
949,1810
189,1527
1318,1561
1773,1930
52,271
85,299
677,436
346,1523
1170,1889
1976,1904
1667,870
450,384
100,1564
1608,539
875,1219
1469,614
1142,1445
285,992
1,1754
917,30
1602,1507
1730,1864
843,619
303,759
1625,211
855,214
306,1862
1502,291
1489,1712
1426,1417
827,53
1451,977
1340,1025
1898,1598
1723,959
766,1189
19,1712
270,71
1668,702
238,761
1097,1253
1531,1852
552,435
1898,1008
885,1568
1889,609
601,1960
85,323
1799,85
1095,1195
789,715
1399,1889
843,1041
677,1898
964,595
424,905
1095,89
1292,601
182,1102
832,1095
1902,50
445,275
1306,1637
1628,609
1181,1731
1267,1985
579,291
1065,1095
404,1480
1050,1095
1129,622
1993,1846
1166,1258
640,1221
610,1790
323,588
1776,677
1458,1152
130,1226
1819,1222
1559,1260
148,1891
1448,637
422,1658
669,319
1064,783
1354,957
1203,85
356,1898
1856,1939
1009,1035
685,1095
1515,1255
1196,636
1370,474
285,1465
452,595
257,843
548,1182
702,1611
1935,1365
975,1094
1745,1198
1898,834
1467,911
1083,109
1532,703
1648,673
96,867
1192,1534
997,1350
625,681
595,794
883,1852
35,1619
251,1054
609,780
1059,755
1449,1614
1562,1893
456,669
1127,85
1755,830
677,271
1151,1850
585,1082
1663,359
576,677
1219,85
968,257
1102,353
1220,1374
532,482
381,1799
677,1072
1780,1624
1563,1322
1898,1752
1709,1462
1399,85
1253,822
1593,1977
598,1766
1931,145
431,1041
1725,186
1677,248
1391,677
1500,978
1553,153
1230,1713
1509,1427
1358,1573
1994,1095
1750,601
219,84
720,1760
511,34
85,1965
1898,1173
85,1271
1376,1087
485,1750
1753,918
1594,1523
1322,822
677,843
85,1521
782,1949
1905,1798
1452,66
1102,145
239,763
246,564
1790,294
1992,1279
516,1680
1255,1735
449,70
189,196
1622,1095
285,1697
1359,1655
587,1117
1752,565
607,189
1905,439
85,1895
866,1269
396,1402
295,1104
1060,1589
85,35
234,764
1121,1168
965,1405
1166,1399
85,1403
547,63
618,304
1910,1139
609,1071
85,832
745,661
779,1219
881,1525
1898,1967
1677,184
1652,498
85,17
173,1095
354,1238
1591,677
63,500
948,1889
1889,1286
323,1810
1889,622
1556,1445
57,952
421,877
622,85
1095,1725
1795,460
843,53
407,581
351,1230
1268,1939
444,350
1782,872
240,677
1568,684
395,1618
1998,109
601,323
1192,876
601,952
760,1510
6,129
1810,1850
1509,85
962,1707
85,1930
1621,1708
1613,1076
1898,1290
1102,1109
70,1677
1585,875
613,480
968,681
85,263
503,112
1704,952
863,1889
267,393
1778,1335
1866,85
85,775
320,1898
1828,864
1021,600
1167,43
1889,1691
1713,1492
855,1219
1575,199
1963,474
1095,472
1292,1232
1410,1872
1564,677
240,1898
952,1779
677,799
1898,447
1402,1089
1259,1318
1102,1862
1388,1520
152,622
85,1669
1872,1014
1530,35
877,1973
230,1826
19,85
1878,1095
1862,420
1399,51
1192,172
328,749
1357,1675
127,475
1591,1898
1917,1127
1889,1789
1423,154
1536,820
990,1763
174,113
1571,1720
1468,79
145,1095
609,1036
1889,569
973,1102
1095,288
5,1190
888,871
332,81
396,936
45,923
1651,557
1440,1885
1797,64
1775,1178
1681,1978
433,323
1532,1306
1979,1386
151,1102
1323,951
1363,541
1095,1958
661,1095
908,38
1633,746
1823,413
656,1741
69,1452
1654,32
953,1631
1,1128
216,29
462,1711
612,1889
609,349
609,1898
1634,609
1598,1332
1763,1124
1581,111
1429,1095
455,1494
85,685
1932,714
1387,1217
1361,85
1194,438
663,1950
1146,446
264,240
691,1415
1217,1763
450,1095
166,1038
932,466
1958,832
677,762
19,474
359,555
32,1535
198,1937
1890,95
1616,347
878,1532
516,1510
1798,1449
545,1883
1746,1898
473,871
1197,1955
915,85
85,301
649,854
684,1144
690,1180
926,232
1171,801
1102,1386
916,1889
1256,365
214,1898
154,8
1105,1693
1516,437
917,85
1472,843
539,1517
629,1826
1301,1084
14,794
1102,1654
562,664
1815,70
178,1895
70,1396
616,990
85,1843
85,1196
1749,294
927,743
360,1859
463,97
154,1204
683,677
952,382
931,1007
150,70
85,1479
1412,1358
1278,1031
1791,677
330,1102
40,997
898,1765
269,1061
119,1105
1554,281
813,1713
1689,70
371,70
1330,1489
1822,643
1218,1902
622,1383
434,1898
84,2
784,1918
1146,279
485,523
1094,609
1501,1860
461,82
1915,1291
1164,1249
1120,1889
1753,1965
1796,809
754,1549
677,1247
183,1108
1724,545
434,1095
1239,1898
1793,1324
1013,35
1597,1898
485,70
601,1575
1734,85
189,1762
1108,1253
921,456
1503,35
1716,677
70,1578
487,1751
183,1202
252,1848
1935,85
796,1677
365,216
966,999
183,1095
912,1903
166,70
1,323
1195,1070
85,1650
1763,1021
388,1439
1131,596
1958,1318
70,699
1424,1566
1244,318
1485,70
1937,85
216,1249
1654,1033
1593,881
1763,1095
1574,721
1299,1058
1947,241
667,1090
1632,938
339,1235
322,85
1747,600
1784,1940
771,127
799,541
1542,1095
871,831
1487,85
1132,1841
1283,1227
1494,85
609,298
681,595
1104,271
1478,1788
1515,962
1269,1809
1420,1095
1722,402
1352,669
1436,1898
219,85
522,85
1656,895
1756,1136
1824,896
166,1747
160,1541
70,1269
1139,1884
1816,70
70,253
85,1544
1055,634
1724,670
1588,1095
85,1921
601,1625
1727,1068
70,234
384,1723
1105,1008
847,1889
412,1958
677,477
293,1935
70,1840
437,418
1202,388
865,1240
648,609
758,1458
1095,382
601,672
1869,85
1991,1898
1361,1321
1492,186
1367,85
190,1418
1518,1095
975,1171
35,331
709,85
1219,1399
450,1105
1009,1425
70,608
1534,1186
1404,1095
180,832
186,1170
757,1168
56,1951
1545,1455
1745,677
1517,1565
1889,1721
247,162
963,327
1940,1399
1423,428
609,1354
1172,385
1851,1
839,557
19,322
1765,140
237,1225
490,832
210,362
525,1889
1492,744
601,85
756,1174
452,1828
1042,1391
1147,1515
1220,609
1161,1381
1787,70
204,1436
1737,1220
1753,1959
1982,1063
1425,794
1606,1171
103,1102
366,176
183,739
1162,1029
465,1110
757,881
23,140
328,66
1363,601
1102,830
687,1095
200,1812
70,609
687,170
962,111
832,1248
1971,786
1772,832
858,1326
461,1324
1633,767
291,1413
1926,609
545,669
246,299
24,1092
85,186
152,1533
1958,1430
1432,1102
1492,154
1344,1010
1100,927
1095,1
530,291
85,494
448,1451
1095,794
1849,77
1228,546
1962,222
472,285
1898,622
85,1626
1139,1889
1095,1700
977,1889
1028,570
469,1595
277,1904
1956,1263
1070,70
261,1095
1889,1071
189,932
1694,469
1909,25
789,1021
474,1217
185,1594
1889,1253
1374,677
164,1763
1705,1766
828,134
1628,1955
903,1619
924,631
609,188
1095,800
1985,1111
1946,880
377,137
35,518
888,518
1038,607
1782,1736
70,871
677,1397
1105,1880
1223,839
1095,938
481,1664
1728,1116
1036,1219
35,322
1399,486
506,1293
1009,1102
1555,1898
988,1430
495,1399
1124,1168
1399,76
322,1840
1146,1898
965,1958
1237,379
85,166
1975,1441
610,975
1525,1162
1399,1044
1208,1003
1688,1058
1091,1991
85,417
858,85
1105,1225
1478,1828
959,609
1419,1241
1439,1558
485,1840
670,903
31,394
1598,1375
375,1333
609,1654
682,166
1863,1595
209,1540
658,1660
1162,593
94,1075
260,1009
1898,961
1548,1934
1287,91
1898,1744
386,1689
1873,464
1176,397
90,958
1898,1692
85,68
268,681
123,681
215,389
1630,182
1291,544
1068,832
586,595
1448,1304
186,1095
574,1095
677,1253
85,1810
1898,1830
1840,694
70,85
179,1459
1095,504
1833,75
328,1060
1897,1700
187,1980
1139,1898
1572,1095
656,1476
778,894
633,1046
1862,1185
468,302
1158,885
85,309
1362,677
677,1769
368,221
222,1833
1802,39
821,1017
504,1991
1253,223
242,317
631,1993
310,70
1480,1254
85,820
904,689
236,85
1763,1662
1531,695
1854,1758
1828,564
1464,275
1058,1640
1518,734
48,493
1140,415
85,1302
827,1889
1904,1898
1105,250
1416,1398
1602,1303
656,1682
1438,1508
1427,207
1763,1656
667,677
1077,1170
361,1596
611,1593
1726,1913
1497,3
183,85
85,825
1270,1108
453,526
1893,1733
1807,592
1456,1263
1481,22
1520,1767
1889,433
305,969
609,1636
512,70
564,101
1725,1838
295,1524
681,1879
1195,425
1187,44
1874,1064
1018,1095
631,979
1100,1777
1896,1941
1585,383
934,1958
1889,1043
757,1170
291,1409
190,1691
1898,1763
458,1095
1763,323
194,677
1411,677
1321,463
1181,363
1898,1647
1502,1917
1346,272
535,1055
1407,641
1671,85
834,1446
882,558
1958,616
1436,1448
1366,1549
474,1122
1209,1898
1506,1925
781,1836
1443,1609
865,145
1174,1399
221,1898
1253,823
32,1
1787,0
1217,1281
1369,142
70,1102
174,622
281,677
1642,1171
804,321
1958,614
417,1898
1896,349
1549,85
1121,817
1448,1654
271,1757
1889,1494
1777,60
1677,278
1531,857
154,1793
65,1139
841,1253
377,698
881,1874
251,1271
1839,757
895,85
370,1376
1227,869
1715,1862
690,993
1898,11
609,1095
410,63
1889,1105
1958,1436
1219,1285
589,556
1732,1581
85,462
96,1311
149,1521
677,1797
1781,1915
681,756
1611,45
1170,1274
1314,450
727,1157
271,1797
727,1130
440,83
282,403
85,240
1039,15
259,677
188,933
1716,1974
486,696
1108,651
1095,1176
1364,1515
1889,701
1958,1979
1765,642
711,527
842,471
609,289
843,624
1658,525
414,1507
11,768
1095,201
601,1230
1879,1741
328,1234
1983,1898
848,1455
1206,832
66,1456
792,900
1980,10
564,1373
844,1436
1200,323
847,677
1516,70
801,1519
1305,1962
197,92
1790,70
1626,1253
14,788
955,731
698,1598
1957,1399
721,233
1586,262
753,1952
1933,1877
719,1623
1152,1958
1254,706
490,186
85,474
1889,1661
1024,1026
161,85
189,249
1529,1958
285,1309
492,477
1831,1705
731,251
994,1102
62,59
297,1696
1362,1034
1103,529
882,1371
771,35
1314,1459
378,1253
1105,104
939,1936
1982,1220
527,291
1701,1559
227,874
1795,1736
1133,322
154,349
85,638
568,1741
1307,1585
493,1068
85,1818
279,1162
85,1925
1266,44
1216,1291
1854,945
1453,1105
659,1068
622,78
1889,1775
1810,1595
1946,873
242,1763
1599,677
903,1889
1557,622
1381,166
1682,413
1824,1399
1372,356
1464,314
1763,1889
1853,949
1567,1632
1138,843
1618,446
70,1889
1856,247
1872,184
1565,85
1481,148
1829,1934
1431,860
181,197
372,1547
163,1095
1740,1135
1889,594
677,875
440,971
604,90
1654,742
1668,522
85,1102
158,486
1331,291
744,1095
456,1545
1772,1836
430,975
790,662
609,597
165,1889
504,914
1095,628
1126,1958
85,802
1792,1143
1285,67
1308,1114
418,144
1997,1915
85,1760
1289,1758
1905,1445
1124,495
60,70
1677,1958
85,1253
1889,110
759,1095
1984,1898
243,1907
361,1840
1538,1451
85,850
1862,574
1095,1822
1653,1095
245,1585
1356,235
1265,291
722,85
1587,1821
1894,1775
1259,1938
971,834
1943,1898
181,519
523,834
1950,313
1366,85
1369,1305
1898,1507
136,826
616,85
529,1645
1900,676
1762,1095
628,484
1654,1614
1627,70
740,936
323,484
1155,641
881,1
1862,303
813,1095
486,296
1964,1444
1569,1763
1462,1184
1133,1337
823,677
497,178
1034,125
936,1032
1600,557
1249,535
598,1348
843,1990
1889,146
1857,1106
1635,1171
1466,308
950,849
1790,1264
1898,543
331,360
1408,925
437,85
669,1797
1526,1369
459,117
1192,560
1598,1095
432,240
677,1361
500,1686
833,1257
1692,1428
1654,1898
85,193
706,393
225,736
518,834
879,1732
761,1301
1662,677
1451,35
517,1832
1102,343
323,1688
892,637
1739,1885
677,1768
1427,1009
741,1997
1889,1899
1251,1300
582,840
1130,1392
1718,166
726,424
1195,290
1546,1412
322,1857
1139,1392
621,77
1953,975
1074,1396
590,947
519,832
933,482
70,323
1267,72
1198,609
1318,85
1855,808
656,713
822,1671
991,1889
71,1692
1095,1463
1448,1105
1350,169
1233,239
1041,321
1390,158
470,1898
1168,1268
358,1778
1305,832
1687,832
1979,1601
926,669
1943,653
1095,1814
85,845
735,601
474,753
1747,1639
225,1792
427,1983
1375,1234
1054,1343
1582,85
1673,980
1113,491
580,1095
1242,29
1867,83
540,1862
1497,1276
141,1104
1373,409
898,1889
1141,329
1408,1562
161,1152
867,504
85,1022
1165,1095
1889,1538
1095,1731
677,1763
1095,1124
1028,1091
712,276
154,562
1898,1407
559,1713
189,1686
1730,85
1137,1149
117,900
871,128
1684,86
1719,183
177,85
1520,170
677,1676
1749,901
525,338
1898,1847
354,482
1095,1494
85,1283
85,1237
1898,1663
1958,1718
1505,1095
1898,222
1889,1352
1985,760
458,1688
1243,1761
36,843
1707,1898
609,1217
1232,1797
652,1889
1389,748
1380,1898
1592,713
1662,1095
85,1778
735,1238
36,85
586,1520
488,1801
1582,323
1799,564
518,609
838,140
56,1342
85,1826
766,85
1102,1496
85,1252
455,1727
1462,565
713,1510
1898,1662
1253,835
122,1098
151,1174
854,149
807,1231
1928,285
759,1080
693,199
1797,1549
1923,463
15,1930
1898,736
887,1550
1353,560
776,822
1295,1095
278,1095
87,1329
1697,1829
303,930
1513,1496
405,881
1230,1253
1095,1082
243,1699
1221,1605
609,989
35,1030
509,1898
1778,1987
1137,1763
670,1898
811,70
307,1384
60,583
479,615
202,1898
677,1484
368,1095
154,532
1992,70
551,968
1619,1781
261,1810
835,733
32,1466
622,1882
85,1698
1244,1570
85,1171
1003,1641
1629,85
1672,1745
1313,1898
1334,66
1625,1825
1826,1217
1898,1800
557,63
759,1946
1690,202
1606,440
1336,1511
1701,591
1470,1360
846,92
1227,486
1640,763
1788,789
829,1709
712,891
56,1399
701,1095
1427,396
626,983
1461,620
282,1071
1892,1003
1032,995
1253,1765
1311,1995
80,85
571,1125
975,1898
854,677
1,1332
823,1762
1763,622
1303,677
593,1235
1343,436
1134,1284
114,1102
1708,232
358,1669
1676,1417
360,1027
38,12
1095,1242
323,1743
85,851
118,499
1093,1967
647,1966
1095,857
680,367
291,1555
609,1486
146,85
131,977
456,901
337,774
171,85
1678,1649
1510,975
1095,1323
1683,1102
563,85
1595,1889
448,636
85,8
609,1045
1462,1429
939,492
1649,1845
808,1595
1549,1537
902,1230
70,1572
604,1745
85,359
1898,851
1095,1959
1805,555
707,121
1742,886
1809,1447
392,474
1898,318
297,1889
1123,1762
1035,669
935,416
1132,474
1318,498
1422,1109
313,292
1762,85
1494,1417
708,1817
1775,376
677,531
106,1706
1095,1107
115,1356
1272,1095
1018,1406
85,1481
1765,1590
1763,1762
488,1826
634,1717
1201,504
1889,824
1095,467
354,247
1436,1872
394,1273
1185,1168
295,1090
709,1230
1677,677
1590,723
984,247
85,97
1146,677
955,1069
543,393
191,1718
58,652
1074,1105
282,1864
54,1047
1170,1095
215,1195
998,85
725,1399
764,408
326,112
85,941
1629,1929
823,913
1251,390
1152,722
1991,85
1898,1221
502,18
1862,1422
1763,1188
1574,849
401,328
1695,1838
1717,1498
1898,1513
677,852
1909,1178
1364,1677
35,1226
1898,1670
70,1006
1155,1889
651,192
1,130
1898,302
323,1246
1320,1291
182,1889
1641,85
566,471
1001,305
164,1646
810,1898
1203,1971
471,60
1876,1642
353,1880
698,996
1386,468
70,1535
759,934
1066,1770
1611,1369
1745,751
1635,120
1110,85
85,483
1034,1778
1733,85
2,814
1235,992
1800,374
253,1287
1309,922
1179,888
948,368
1870,793
648,941
1014,1638
1906,1162
1848,85
1285,1126
1578,524
474,70
1095,1837
35,1954
938,70
450,716
119,892
823,1990
1274,0
1162,1399
49,1571
1797,247
16,1672
1152,85
1532,927
450,1303
1095,1370
1170,859
63,85
552,1006
1588,1903
1779,70
1071,43
247,37
365,486
1399,254
841,1741
1898,1676
1930,1872
713,1549
490,1304
239,81
682,1867
1361,31
1913,1051
1498,13
962,938
834,542
1593,1862
1675,1905
1017,1386
1399,1855
1860,1162
1077,1818
677,1910
609,1482
646,1329
875,913
1539,1451
1077,207
755,1933
1556,1862
1148,677
1351,978
1105,497
726,579
1997,902
1776,785
118,1985
533,105
647,717
1867,1253
62,85
865,1898
1405,85
136,85
754,1105
1457,1561
35,210
573,167
1367,630
932,471
1095,1651
65,1889
1490,677
161,594
36,1666
1898,1190
1840,1095
1741,1385
1799,988
950,505
1395,70
85,645
434,498
1803,968
843,1369
85,1886
141,1400
1095,1901
992,1378
1075,1898
1154,1745
1810,1977
677,1605
85,1768
1437,398
1467,240
1859,325
1797,840
504,1898
1611,1448
1124,334
376,1946
85,874
189,1720
1147,1401
1814,116
1377,1051
1535,25
1641,1702
201,339
609,1593
601,639
1269,1946
1253,404
1478,545
677,357
87,1763
1288,1888
85,950
46,1034
563,677
336,1889
601,579
1095,600
922,1177
1734,665
1664,1958
1958,1738
1441,147
907,1476
1530,765
1528,1386
1536,1102
17,1958
747,70
85,585
1205,677
1863,366
507,1095
1435,1714
1163,1810
422,823
1138,1481
602,1095
83,1
609,576
1262,1780
530,441
212,1104
213,1095
538,78
1095,1245
979,351
1823,1794
728,956
743,1688
55,35
672,139
1095,1159
483,546
423,1783
1862,1803
1095,1361
85,1551
1963,1775
1898,9
518,1936
782,1143
133,961
609,504
1158,1095
823,1889
609,942
341,1483
1095,208
85,333
416,1916
1494,1898
832,767
1767,273
1932,975
711,1340
350,1042
521,1867
132,1393
1728,1302
348,1023
85,1096
35,52
1889,795
85,1531
1889,254
568,85
1095,322
430,677
456,1721
85,173
245,287
35,1799
1206,1432
1920,622
451,787
35,1317
622,1438
412,192
1611,401
983,63
837,1643
183,1889
1049,545
85,985
779,952
47,776
1512,1593
183,783
7,609
1186,875
1593,1988
1799,609
1778,591
180,1649
1058,1935
434,256
1889,116
601,1009
714,438
419,1552
1862,1377
73,156
1233,1785
23,1102
217,85
1810,99
669,443
1247,1046
1862,1514
1095,1230
920,990
1908,1083
1817,765
1898,1398
474,1399
1914,537
677,1816
342,246
980,181
1,1595
548,677
1542,1313
578,1713
676,1095
244,677
1600,1240
1972,85
56,1961
1611,290
653,1891
70,843
1876,1175
323,1369
1016,1811
77,1220
789,1889
1189,1889
1952,1886
1958,601
70,675
677,974
884,85
85,1989
1036,88
1965,1277
717,1961
677,1549
1699,1953
1520,1639
1448,1892
1958,35
1217,605
556,1937
996,722
590,1436
609,796
1278,24
85,823
124,918
677,1090
536,55
85,671
1982,320
133,1729
821,1337
696,399
1749,1500
85,943
947,1797
1269,1116
1442,1862
1265,1095
1662,1768
409,1095
1877,686
1099,1946
1577,869
677,1954
1914,1095
1269,1039
85,1291
1181,1339
1986,85
30,1773
1022,1898
1620,1810
1926,1867
70,822
70,1401
1889,74
1504,1399
941,1285
1478,288
154,70
834,1095
1009,1898
1758,1505
1246,1889
1718,769
85,229
85,564
35,1990
1889,1248
255,843
73,411
532,644
1095,1400
85,854
391,1898
1399,574
946,868
85,138
1676,595
622,639
1677,35
1094,1
1289,1161
1210,1981
1226,828
1034,323
491,1105
1170,1540
1868,1195
85,464
1889,1245
1095,830
1898,1036
1284,33
85,103
1469,128
1465,1991
921,1384
85,1570
1790,1102
789,33
85,1077
456,193
908,1001
1080,1253
896,1884
85,1115
920,517
807,609
615,1420
85,810
1442,1159
287,85
94,1205
1559,1931
474,677
1939,677
1388,154
1192,144
60,1898
1241,70
85,860
85,1811
85,960
622,1735
816,1068
1582,1101
622,750
265,1171
70,716
317,1250
1077,655
1522,1084
1979,1872
1825,601
1024,434
1898,686
1269,85
725,1911
843,1500
816,1399
1095,432
1253,375
705,323
848,677
1095,1247
1004,1904
323,431
474,920
1095,1127
1320,1958
35,1651
811,240
944,1253
1239,1559
1677,322
1170,156
1253,1982
430,1958
85,509
1095,515
434,1918
85,972
306,572
1148,82
1580,862
70,707
354,1095
1770,1353
525,1171
601,70
462,1228
635,1543
1985,1095
1620,143
1898,1421
246,1009
85,1493
1984,905
1219,1898
544,1584
1095,1120
1898,1104
1725,85
224,291
1262,1214
279,1079
609,1174
1706,1095
1128,1095
1129,1092
1558,70
1105,1915
415,1763
1095,1539
1598,474
1382,816
450,649
57,260
677,609
1593,1844
1102,35
35,666
1095,139
298,1567
1338,1020
183,70
1095,428
226,92
226,1399
322,677
1986,70
302,1764
1180,1095
1156,474
1740,1462
218,1904
1799,1673
1095,660
1095,1192
1448,609
1073,601
1192,457
85,1156
1095,161
1095,1399
863,6
42,1832
875,1142
1117,826
1095,601
1548,1399
1095,478
789,85
88,1399
609,832
231,1437
1420,777
1648,1214
1898,140
154,1939
1386,601
323,1825
85,796
1904,85
85,1229
601,622
1333,453
677,995
832,1898
1847,609
