1217,1734
1789,448
3,469
1228,101
1519,886
55,1982
942,299
215,1040
595,806
1204,409
378,1468
1807,528
321,1227
1350,725
977,242
1150,1162
219,118
388,1364
87,1653
1842,208
42,457
965,1843
1012,148
840,1113
1692,148
458,283
783,1888
1128,1990
1059,947
690,704
216,599
152,37
1527,1304
411,1517
1728,1384
1727,840
1803,1491
940,1110
818,565
318,507
395,1591
440,1563
50,187
1332,641
1382,1303
1519,440
1165,660
973,318
1074,885
1593,1418
1864,895
699,1124
1179,462
1659,1311
161,1406
210,1807
910,1774
1482,613
638,1503
1763,1476
208,913
1614,1811
657,891
973,512
903,134
1793,547
1239,1015
240,1086
685,1688
433,1461
879,114
1822,1469
397,1312
504,1532
1839,32
914,1350
1900,760
794,1285
1690,1332
1465,73
70,474
184,1221
122,431
736,761
987,1133
478,556
1015,104
781,1015
1760,785
413,1977
172,52
65,1561
59,1298
855,1217
1940,1461
1528,1364
1051,726
1693,1160
1303,781
1054,1920
1940,278
455,1706
608,109
620,697
275,1662
54,1582
532,1515
33,1811
1352,1787
486,1426
532,701
1141,197
564,1905
904,254
1911,1237
751,1257
1940,725
1862,697
1681,946
1797,1524
942,71
1188,248
1330,800
924,1089
1301,949
616,1776
1396,75
219,1329
1166,552
195,139
635,682
1060,1630
604,1689
1223,981
1139,66
35,829
1321,766
582,1171
477,533
1851,1326
468,638
1181,580
1992,118
51,537
1286,397
91,218
449,327
1677,1621
1981,1543
800,1528
213,204
327,1591
1969,1163
1808,1788
1431,1826
990,1597
1434,1676
594,1741
1908,1062
948,675
411,555
996,266
949,288
1306,728
822,29
355,393
444,1598
746,1362
1670,981
1178,1562
15,1217
1065,1555
1226,555
61,824
1460,1259
954,12
753,527
131,388
1634,1
120,1274
528,1828
1651,717
1545,283
628,1847
1217,1968
287,946
936,1997
1136,624
1590,768
1321,1217
1164,433
1815,1401
1521,30
1577,1933
668,1168
1287,71
337,1224
1687,281
1188,1887
1217,524
1869,28
905,181
256,1676
818,1413
1441,1236
233,1086
762,1694
1428,1922
1414,1546
1561,143
964,1736
4,413
1779,1786
1347,311
1478,1764
1249,1474
1341,1231
736,1815
1079,702
143,1079
193,79
1561,1366
1424,1663
729,1755
1835,841
773,1204
1464,558
136,1151
1165,1534
1656,1721
1274,1114
1074,15
1508,368
1641,1497
1391,620
1037,903
551,559
1954,129
654,1502
648,983
99,1544
1507,164
554,1052
1010,1041
1328,133
887,1010
1970,1530
930,727
1850,633
241,709
12,817
735,21
675,121
103,918
2,1434
340,1139
1805,902
1181,1350
1029,802
647,1443
1961,252
222,933
1885,539
958,1827
971,1947
406,1999
455,1705
48,1677
1287,1043
1431,1853
817,57
833,1151
292,1363
298,1890
286,1057
41,961
1739,198
1034,1031
1241,719
1311,1717
632,1620
1578,428
1159,1677
617,358
503,1527
754,83
1501,511
669,837
1981,979
596,1939
915,1484
298,1138
17,719
1323,1774
550,528
1346,68
1638,756
1519,77
181,978
207,946
1273,784
1243,922
580,544
1286,1217
187,385
290,831
1816,1865
1927,794
1519,1004
1498,1165
642,351
831,445
1336,540
1374,1408
1407,1791
54,835
998,1753
969,606
944,243
1125,1058
1489,806
1545,196
126,1217
397,1750
1080,1468
1793,259
1313,1055
160,880
134,1631
198,591
1093,1776
1763,1409
1827,467
1140,824
1922,1874
934,555
1688,1388
248,1204
1901,1845
522,1243
413,1332
1722,252
1024,1296
1564,574
1437,1251
1876,1762
339,569
1703,361
253,1474
1221,815
1217,1759
1547,1063
1217,1612
1452,483
1957,1217
517,425
515,663
1146,1339
861,1224
798,597
1080,1692
1155,1362
600,1637
1095,1318
432,197
712,1853
1018,1624
469,1113
563,366
1739,1326
1959,1648
426,310
752,1727
1767,1312
1804,45
365,1077
1235,423
460,1064
1821,485
1153,1618
1972,315
766,417
1488,1982
929,1412
810,1880
824,1364
1506,16
1836,1744
151,1259
1970,1799
1198,1804
1716,501
736,1500
163,989
1397,1256
1758,1894
1246,1849
943,1290
1754,653
729,1013
835,1691
1113,849
1749,738
778,1996
1516,1652
125,950
1510,1960
1073,852
834,1609
1784,1120
136,1510
925,1711
1688,1514
1658,401
1626,505
967,553
91,1575
741,558
392,1308
1351,389
1368,1478
1659,683
1051,9
1504,602
169,1739
412,1650
71,373
322,1079
1280,1851
577,28
900,841
621,859
981,961
1153,1749
567,615
698,1897
1404,552
890,339
1131,1663
424,1179
1558,1444
923,1576
78,1367
688,667
1535,258
976,569
534,23
1612,1464
967,1060
379,1623
1049,687
1569,1460
1047,239
638,1217
662,419
953,101
1161,1674
1735,1218
672,603
20,1206
1875,1580
894,1155
1449,333
1270,389
1171,1343
836,1470
1879,794
1166,226
1458,1101
577,168
863,386
1089,1903
1707,1638
1941,469
1438,121
1320,1504
662,1955
1740,358
1322,496
664,737
1365,1558
1901,1294
280,1890
1564,523
1498,1044
1183,1540
1644,68
690,341
1116,1347
1810,364
988,1509
968,925
1268,1625
793,59
1534,1904
1479,1502
754,1689
1331,495
82,1959
1123,1589
1360,1436
1640,246
245,742
1617,1942
1481,716
1028,14
1219,1624
1908,1823
810,415
584,853
187,1994
237,1829
1317,488
1592,1038
1699,1890
680,1553
260,388
744,1361
1372,1032
1534,126
935,1339
390,421
508,713
1797,19
676,870
790,1823
1766,1935
1333,1447
1896,1718
1622,1217
198,1519
441,851
1428,1596
590,1531
1591,1845
1062,170
12,980
908,1025
1504,3
727,1879
1953,730
1212,457
832,360
270,1387
659,1925
1736,408
1265,1680
354,451
423,1197
99,1217
1914,1198
417,1978
660,710
1237,1205
802,1402
842,810
878,1522
1354,1095
1034,880
893,371
721,439
168,523
1702,382
1920,27
1732,1725
81,1472
1252,1091
1997,1642
1277,1587
307,1356
1506,1047
1291,575
1700,1048
643,1236
442,1342
28,1858
644,1091
1548,170
1770,452
214,672
907,397
561,1502
426,1570
889,1097
1146,917
1668,1265
1644,1830
1533,1221
1670,667
687,292
1066,593
633,683
1244,1432
1182,1173
1492,97
91,858
1205,1276
565,281
993,241
1709,1061
1405,1566
1837,211
1299,860
401,485
1217,1305
1908,1729
354,1408
162,272
984,1944
1785,499
205,39
840,1351
500,22
857,1643
1277,412
260,904
1800,1512
922,205
1014,860
1217,62
376,677
120,1396
1038,1384
326,586
626,396
123,80
548,174
1592,479
1003,1795
450,1754
618,456
1234,801
732,854
488,1331
1026,1148
196,19
834,1221
430,201
1305,1982
1211,28
492,547
1123,594
33,184
622,1426
1134,347
845,1390
0,812
1989,609
472,655
820,760
1677,24
526,1961
731,744
862,1939
979,323
247,1071
1217,1182
1542,118
385,1417
1217,6
1577,948
1233,1597
1613,431
1180,1230
1984,637
437,1448
1538,1749
1217,1990
1757,1216
611,627
1827,1870
813,416
1116,1035
1925,1217
1112,763
137,1217
421,1367
1409,886
1680,912
1686,308
1197,585
572,1005
51,30
1833,1861
874,1726
1422,1722
1168,498
287,1214
817,750
579,449
1228,75
1286,1873
794,1023
162,229
1319,1565
197,1319
1721,1747
301,1227
1280,102
390,1541
1629,458
1454,463
762,1262
1400,1219
1542,1051
365,490
1480,771
1596,1850
108,191
1944,438
1655,1916
22,1866
1094,1691
446,1027
1625,1736
1122,1717
1676,726
1504,779
298,1843
294,941
85,1973
607,92
863,567
1400,649
108,1629
72,1297
1744,892
296,554
1211,1221
1668,1995
915,1244
1442,894
1217,1466
1386,1200
563,1475
1004,1828
1369,1865
1936,282
1984,1012
515,1048
1810,1835
1291,177
1325,952
1463,1122
1106,462
199,719
482,1974
453,352
905,1065
1815,1221
1694,1044
409,556
689,1906
596,1410
708,109
1389,343
1712,925
966,1296
924,1483
544,1024
80,1809
183,1288
1546,313
1353,892
1001,1280
1660,468
1439,1031
1536,52
1174,1192
210,981
545,1167
1375,804
497,1499
708,1744
1417,618
386,1995
1066,1217
1640,110
902,1985
834,521
88,656
794,1742
462,1386
541,377
1948,1099
1039,1562
1044,1301
735,1479
1458,955
1462,120
34,391
1384,1239
365,379
1765,1502
1842,245
444,252
724,1749
1525,1214
1170,1575
636,432
1205,272
879,1756
853,1429
18,628
1716,419
1758,1285
1257,1068
1864,608
1416,897
146,22
1267,665
496,220
1097,1373
1382,267
165,1006
197,1664
931,794
308,1106
370,1739
1303,497
1025,1606
1418,336
1518,85
1306,532
1586,28
1490,279
1023,429
1195,739
1746,792
1616,1551
819,798
343,661
1308,58
128,739
1664,1610
1610,134
968,1425
247,192
502,12
1962,1902
393,1781
961,1780
313,370
1406,181
919,803
469,836
1723,1190
477,850
446,1872
173,1607
22,580
175,660
1697,1580
861,1046
934,1858
1144,1517
1844,1524
900,1407
1144,1961
285,114
1362,933
28,1718
897,1971
178,1016
545,1786
1075,1487
549,808
1426,1495
1199,1400
858,188
262,1886
21,186
147,95
838,536
204,46
1745,974
1740,1670
786,1465
1174,1757
1217,1006
1402,1217
1471,1498
937,1078
158,1110
482,1086
1719,1477
1093,1252
1390,36
170,1696
435,1256
1126,1169
578,12
1934,1240
1517,995
1217,717
248,27
212,422
1213,1715
1779,1772
164,39
1676,1042
1599,42
218,1897
1576,1832
1803,382
1912,1849
1985,1629
1766,291
1189,1561
1041,597
83,989
1283,1412
1938,1079
1295,65
360,1083
1669,1044
786,1663
631,217
1934,1797
176,5
899,1178
1299,1285
464,434
1569,1202
1330,512
897,734
1613,916
180,1515
1921,1761
414,397
1306,1980
1810,718
1749,1694
815,106
6,103
678,1832
1809,1000
672,1976
919,1077
1217,937
1232,1420
1020,1538
787,613
308,1450
597,765
66,726
1934,1254
1975,1123
1417,518
880,1109
1313,1734
1406,998
928,737
458,116
981,621
853,77
935,1728
930,369
454,1358
1247,1030
1919,501
316,1021
759,1784
1429,1747
1226,1234
1704,1403
20,1583
514,1154
664,331
1121,620
1362,218
788,1267
1619,60
182,1274
1066,1682
704,1953
1317,1495
1824,1783
1844,1313
634,1475
4,1493
1063,1773
1450,1959
1090,614
512,309
28,509
1745,372
1696,1424
236,1267
1968,609
1521,1090
669,1991
1879,1945
1588,1611
517,1825
615,1278
1023,560
1007,22
1467,1642
1611,82
1008,332
769,1584
1505,771
1245,1070
215,309
263,1781
124,829
1217,305
1708,1243
696,1193
1217,60
1526,721
417,309
1870,26
1738,1217
1915,1282
186,1971
531,731
948,649
583,614
858,1310
725,1319
0,1942
343,520
823,1876
152,1427
1715,1903
367,787
40,1682
1026,111
1644,1626
315,1901
1102,1935
1922,1082
545,149
1396,1333
1703,816
353,1645
214,1236
1695,1343
145,1354
308,998
1221,1803
1088,1205
1288,610
1251,25
1998,1968
1950,1520
240,1661
190,471
947,177
631,781
1011,1349
1398,356
1269,6
331,1175
706,242
1288,1767
146,1570
614,787
1017,1655
10,1683
1327,902
25,1422
397,211
165,728
818,363
1409,733
1240,1732
1262,851
639,173
540,1220
342,1999
629,753
1094,1477
1078,794
985,1889
876,367
877,1057
372,590
877,1360
775,1413
1303,598
621,1563
179,338
1642,230
1969,1686
635,561
943,1636
1677,231
746,1885
1375,946
1948,772
1105,1556
1396,1214
1109,1956
1211,389
1765,1485
1095,1042
721,734
656,1584
1836,439
1766,749
1628,1857
1439,1745
1706,652
887,129
893,710
1002,1918
1783,1633
716,1720
850,1950
1058,421
906,1217
924,935
1214,41
1873,1987
1007,602
219,1121
151,1759
138,399
1218,1489
846,1105
666,444
1221,856
602,50
1917,1413
1795,291
1217,1071
67,827
857,800
1332,642
234,1416
1594,816
400,876
1623,958
613,1369
500,589
1641,1421
1100,1288
1753,539
1217,36
118,856
1853,1168
1071,1966
58,575
1827,47
1582,1332
884,866
537,397
1260,476
1407,1771
1841,1890
458,1251
624,1301
73,406
1631,205
312,1288
1042,570
1,1993
1874,1143
603,751
1340,1728
1690,249
1438,895
1410,1520
1602,102
1227,1538
1842,1587
200,280
31,1184
1829,1382
1229,338
1824,916
1839,1242
172,651
911,186
24,1552
386,1469
1811,1225
766,1067
275,1456
1838,21
1377,778
1415,1398
592,1683
1100,415
1878,477
1221,1413
1992,1812
1407,247
1758,94
1665,1774
345,1960
1889,1506
1730,1053
463,1193
349,1170
936,1070
239,470
559,1512
1303,465
1397,1504
689,876
1365,1919
673,1402
1217,51
1186,809
1332,1829
456,1340
1470,1707
1685,1426
100,1522
1826,1328
593,647
1589,1904
1461,657
1569,1498
1099,212
28,756
1831,499
1866,188
685,1661
1424,975
1100,651
862,495
258,783
1217,382
1341,1698
516,1418
445,1639
579,1573
1670,524
620,119
393,1837
47,901
422,1368
595,131
578,1493
1457,1699
1283,822
1363,1134
1208,173
22,834
1529,289
1707,755
144,589
407,1643
1969,338
629,1104
1216,1246
1128,944
198,124
1104,1646
1297,1768
729,265
1769,121
1254,1149
534,28
780,1545
661,165
188,1629
44,1979
201,1169
387,1455
595,647
111,1014
1608,1230
1668,1862
328,1214
1885,981
1228,954
1009,625
1849,1877
1528,1693
425,1958
386,1983
1587,536
1744,1967
6,934
1566,1217
797,1963
167,481
1764,112
166,1489
825,763
1379,1473
1500,1971
1200,1404
502,1193
1552,222
1506,274
1559,248
194,1217
1471,35
1217,941
251,350
1370,1664
1715,1344
1504,1122
1376,1404
228,1697
1684,1994
644,1260
1973,1083
696,1858
84,1469
1281,1740
1057,89
584,881
601,911
1403,774
1069,733
1255,1303
397,828
1157,1977
841,526
1241,1460
1217,16
1259,1221
483,1814
794,722
1436,607
898,261
1756,414
905,956
305,861
270,768
1287,348
313,1920
1707,1946
1279,300
632,538
695,942
1757,844
1110,1221
147,380
1965,1607
1071,877
165,1936
1217,480
208,484
581,34
457,1712
364,342
794,1772
1719,1893
1986,1603
40,778
474,588
170,345
993,1272
1268,344
276,722
608,1554
636,562
921,93
1492,495
1065,1736
913,1892
1688,163
671,703
895,750
1325,1653
786,684
1027,1868
969,490
914,1528
1502,28
987,1744
1085,183
1170,839
1217,729
1792,880
28,1531
599,36
299,1975
1307,213
1558,1395
1215,791
1651,100
1217,294
155,1572
1557,98
28,826
234,785
1972,1787
1166,583
1476,342
1475,1265
933,1666
864,1744
421,893
1405,1581
1504,929
829,1835
999,843
640,1055
448,1533
1360,1359
825,1949
1266,1353
472,1221
590,1833
1210,360
1145,981
91,1501
1839,1399
1343,1269
1909,939
1281,302
619,1315
1927,1591
125,1255
184,404
1895,1163
1892,377
1590,1093
1481,487
1566,807
1162,1421
832,1669
618,328
1026,1240
28,1825
159,1924
1616,1181
1500,1413
678,1149
971,1163
538,1858
133,1217
1108,106
823,268
634,1860
843,434
875,1178
514,596
535,72
1527,455
368,1032
1488,1187
369,519
1815,1733
289,814
1974,409
570,1217
819,1287
694,340
1382,810
1196,544
1859,217
1656,1699
234,1140
1310,1616
758,197
224,1820
1239,671
418,312
379,880
1857,384
107,1370
494,1996
307,1459
1430,1315
1572,525
530,464
1485,1068
1819,560
1401,777
378,794
1771,410
119,1224
1592,485
848,1471
899,1106
65,1311
475,1028
1228,1132
1898,1103
328,983
1648,63
352,762
1495,1510
210,1079
1523,1998
1385,1223
1217,1379
1194,677
535,1833
568,1576
1494,1693
1312,105
572,1957
1342,1418
1151,1875
281,826
107,321
1124,160
777,1806
214,155
1929,53
611,833
1889,1574
1137,505
183,1556
523,1427
1313,1474
414,178
1684,1008
1056,397
1232,373
1714,361
1447,1056
1017,932
1357,1320
679,548
654,929
154,1198
1744,107
1856,1305
1237,1404
1899,1800
1363,896
573,467
12,1992
442,1216
157,561
1805,994
316,1291
8,1363
306,1272
1210,720
1702,1072
1150,1044
1069,76
359,1833
1989,1369
1009,1020
782,66
1045,153
1329,1928
1549,1311
543,1563
997,1279
870,976
52,823
579,1125
1368,795
396,1616
1132,1857
1832,562
645,713
859,1180
1834,12
1355,1085
1683,964
250,1391
1454,1013
442,641
1749,63
462,1522
1646,1150
1076,1371
1256,454
758,1930
1990,1481
1284,69
1807,1844
1173,1186
322,761
1891,1769
437,329
1217,1877
623,507
294,1391
1917,1979
1969,808
357,1740
133,452
303,271
334,518
1055,541
1281,1818
1714,1217
372,1652
1542,1433
610,583
1398,1944
1826,1749
1897,1139
1782,993
424,730
348,692
1713,1753
811,1272
264,1103
494,1180
1555,678
317,171
459,1831
1419,1141
1204,1344
1389,42
1156,1604
674,1129
1303,425
1133,681
721,880
283,303
809,1486
45,1647
1993,435
1541,922
1451,1936
1016,745
232,410
1669,1612
1499,165
1217,282
1751,1175
1702,333
171,516
295,1393
31,1627
1870,1260
706,818
1672,1217
515,882
1759,557
778,1383
1385,611
1505,1070
104,718
1033,563
1092,826
247,297
994,997
192,167
968,19
1189,638
1814,754
970,1758
936,674
862,299
1550,1221
484,909
941,343
1943,346
973,293
441,253
1217,621
1076,376
617,749
359,403
1974,1037
762,391
407,522
1887,607
161,1466
1993,1893
302,437
628,1150
1212,203
1736,1366
233,958
1060,835
837,1662
33,295
1217,8
1601,1314
1161,111
271,825
929,697
1700,1217
1217,964
1338,1167
119,1864
1437,1830
909,1126
571,1555
732,1960
1209,1217
1217,607
1039,1409
597,249
469,1091
300,1381
371,1036
225,646
284,383
820,552
1775,1996
1453,1167
151,663
1245,968
69,1221
242,1098
441,1516
483,598
1406,291
1733,1197
1279,1285
1106,1637
756,321
686,1024
1192,1924
968,1015
939,260
769,297
1653,1177
1247,753
1105,1221
169,782
294,765
1525,795
385,1098
480,112
194,1576
28,1687
1081,671
1213,1659
1485,826
309,703
864,110
384,891
1943,282
105,898
1671,1223
1382,1596
1173,1221
1649,92
653,1964
64,410
1261,1884
190,648
1126,1263
527,320
399,794
1667,148
993,1050
1917,1953
1056,623
1302,1907
367,1551
1484,1932
1942,366
708,554
1943,1863
1179,508
1935,1135
1665,683
1801,1782
438,956
192,1695
1580,1339
1610,1164
106,432
461,491
1351,237
1878,1585
1149,529
301,10
1672,1509
694,1043
1874,1400
589,995
1631,137
1264,1496
0,562
350,1930
500,1241
1650,824
1970,679
1280,913
1210,546
903,821
6,1379
1857,1217
1217,423
1267,1149
827,1169
1523,1521
454,1399
1535,712
1790,1044
1947,337
1526,330
1716,813
274,1275
1685,695
90,1825
1251,474
502,1165
1462,747
1848,84
1687,426
499,1456
1093,1608
453,1101
1205,888
1238,1704
1822,88
687,1194
141,1304
1328,1473
1937,1949
943,793
1898,1799
1203,359
596,190
1076,1549
1383,837
1284,1899
1079,823
77,1502
251,1295
1517,1448
1749,93
1155,318
1807,1061
1011,1751
1813,1309
479,912
1359,896
1182,1393
838,1148
1919,297
533,1303
1754,757
5,1656
1714,1349
1403,487
1519,741
1608,392
1120,1158
83,310
1439,327
782,1215
1650,302
397,949
408,1209
951,866
1267,493
294,393
1233,356
311,990
1217,405
1452,1626
1283,1598
294,1600
1593,74
1252,23
862,599
1336,1055
811,1895
941,1830
1929,1389
1126,1464
820,183
1753,1546
1144,1221
1432,1643
126,1986
794,18
1959,1108
653,118
1798,1451
1730,324
430,1626
324,643
133,524
534,944
1008,1763
381,590
717,927
706,372
145,785
1094,521
1496,986
1467,1636
1493,459
549,1574
1291,1562
1327,1061
1834,221
998,1391
1553,1760
165,109
1502,1831
1600,602
1536,1964
1408,1718
1087,1318
96,1278
1509,156
323,1862
12,1264
620,1513
1438,1620
23,138
847,1689
1923,1231
1983,1289
916,329
1986,1201
1730,707
1722,115
219,1914
345,684
664,1745
392,273
221,28
653,756
1290,1931
451,677
1809,1918
1341,1708
444,1336
78,668
275,1747
1980,1982
1037,1708
1297,1157
881,974
438,301
325,1123
1050,1838
443,1012
1287,1221
1789,335
501,1540
1033,1831
1335,917
970,1263
926,605
1821,690
1618,1679
1902,709
358,1944
739,1497
1191,1085
633,220
50,289
1179,1157
157,704
286,1627
589,1649
1696,1558
612,1260
511,249
1713,1072
722,155
1677,1055
1575,49
753,1198
903,456
480,1145
557,399
695,259
223,1783
1010,1459
1358,1518
1801,609
351,1592
174,144
576,1433
1337,4
693,813
1464,1008
431,757
207,277
1975,1171
1309,1559
1463,1130
1022,1139
1630,1785
700,1878
621,266
745,1619
1109,576
1221,1744
825,1881
1254,754
997,855
1856,1022
361,1217
666,981
384,1884
1033,1786
805,1848
1938,525
800,1284
530,1409
1177,181
1767,1896
971,697
1487,1285
230,652
812,788
319,591
1145,1248
1818,999
1271,1106
1250,620
285,1945
92,550
138,1075
1639,940
1943,408
510,1288
672,1722
1790,984
387,911
1298,666
1934,1378
1878,29
804,1813
1735,500
696,908
1433,992
791,1371
1063,390
1408,813
751,478
1334,1957
620,269
1419,38
1132,1316
1354,59
68,486
567,1191
587,1449
1680,1756
478,1663
374,848
637,31
241,424
744,167
1865,806
787,161
673,471
1028,304
1309,482
1934,1216
341,571
1385,1839
1248,648
1038,1508
387,1058
298,1
1817,41
945,815
239,954
797,525
1667,1977
506,562
490,1552
82,581
22,1516
1638,1457
566,271
445,185
1778,1861
1916,310
1887,1106
910,1217
795,113
1323,897
705,1802
1345,1217
1119,1954
1361,1600
1467,864
480,1072
1303,1801
1267,1188
1755,233
1932,715
1114,1782
58,1078
255,171
488,920
1217,1682
1867,1803
1244,1644
1735,1162
780,1915
415,671
570,1214
1968,875
1804,584
1903,1367
317,540
1769,262
1956,1441
1770,88
1081,144
1316,880
1227,1719
977,1199
1069,1181
122,821
227,1041
1352,805
238,1997
107,196
81,1790
280,1617
37,195
1003,681
237,1165
164,38
1227,1086
1266,1985
47,63
1016,1698
294,1775
1836,1427
1185,1247
1047,1022
1300,81
1293,147
1214,927
53,1217
496,1131
1270,1641
504,1140
1743,456
766,1217
1540,588
1311,67
1955,955
276,338
44,957
702,1435
246,1906
376,89
1096,1050
904,326
431,1829
28,1370
232,792
317,1380
28,614
1419,384
1927,1975
1183,163
1381,77
228,1004
669,573
84,80
1276,1483
727,1442
460,1998
1820,1869
1289,1368
587,1154
349,128
70,28
1738,821
852,1032
625,1409
1188,355
1417,376
1106,1816
1643,569
1011,76
1983,812
1036,1532
1258,1053
1657,29
1507,580
240,1830
1000,1471
1390,20
269,1414
1468,1391
87,542
209,1447
1551,1659
1749,1330
1316,1576
873,478
957,337
743,1424
308,898
375,232
650,539
1470,1746
418,908
245,1185
729,1660
763,1394
976,971
684,98
222,1153
1982,740
1334,17
524,1327
1910,463
1217,125
601,1011
1221,488
88,1295
1588,89
1991,1504
977,1781
1594,1986
925,1513
1890,1261
609,469
1477,509
1987,1165
1397,188
1511,1866
857,1756
803,1386
100,855
277,142
1262,1724
999,978
1092,1221
984,510
606,885
1389,1891
193,54
1330,30
1837,923
1628,949
640,1559
1547,1142
1854,749
4,308
563,1049
332,938
1353,1882
894,135
1217,1134
1437,1704
225,1217
905,144
272,215
83,87
698,1402
1670,1115
816,508
1614,226
427,1274
821,819
1803,1673
931,74
1887,1020
972,86
771,1344
1755,1451
203,907
257,344
752,1050
1806,1992
457,1274
347,1083
1127,332
1434,1247
1298,892
278,1227
1408,1095
1507,1926
1019,1500
827,383
641,1159
1088,417
429,1897
1851,280
1200,510
330,1773
1967,979
833,522
1411,47
873,926
680,978
1404,237
705,1339
1346,1369
960,1511
9,1926
840,1655
427,1075
130,906
1643,805
1392,324
604,1846
1075,662
1238,1411
1227,1242
811,598
1749,1186
1733,1037
889,619
663,523
1748,1152
1112,1539
967,1020
1388,115
637,1278
1636,605
1778,616
1394,1377
1621,865
816,1067
204,1910
674,1053
1799,1287
402,201
1590,12
1027,1417
1285,61
1335,1793
1896,1550
793,320
517,169
324,956
1616,119
1217,1526
107,860
1543,1423
651,1307
439,1430
304,896
1121,1911
1451,1279
257,997
1064,1087
329,975
251,772
475,339
981,1117
1504,558
756,676
303,1674
398,1111
1907,1899
859,1933
249,130
1039,549
799,865
348,1880
1233,1891
1140,723
32,222
774,836
995,186
676,1294
788,1597
1942,856
35,1132
1478,701
1419,546
154,909
1420,1133
250,866
1777,13
428,162
1207,1537
1786,401
856,1520
7,1742
1481,884
898,1659
1456,1898
752,1299
684,704
1125,714
1430,420
1387,1226
1828,640
709,1217
1001,1493
1956,1018
1899,1318
945,891
1841,742
1953,248
95,1254
494,1285
1635,996
86,116
1026,894
287,715
1052,1010
673,1560
1273,107
1152,839
67,1744
918,757
1090,1540
1217,1264
645,1080
1352,1701
1249,1146
1553,150
384,505
1586,745
1220,516
1677,1081
499,1242
329,1307
1905,526
939,770
1606,164
460,1315
112,952
1392,316
581,165
1046,466
1084,1492
105,293
741,265
270,1645
1632,1714
1677,1967
1953,1241
1213,294
1345,780
149,484
203,1983
1734,229
1611,129
1375,1144
1369,436
1861,789
82,1021
969,1208
1636,1516
357,1731
966,779
686,1539
892,1756
243,1644
1249,551
1999,157
1744,728
276,11
51,1373
1444,760
472,1955
1853,1739
1744,1799
1618,168
1450,182
55,1837
563,1217
919,1082
284,1143
375,319
1941,714
1174,912
945,1757
1147,1463
1480,498
770,397
288,1146
57,667
854,1388
360,99
125,1398
1518,1287
1472,537
1044,967
404,1378
1654,751
832,1800
861,1130
1263,1802
13,118
1421,503
1278,1914
690,1796
1949,1709
269,1762
1373,923
969,263
1750,2
1399,1504
1906,502
54,1886
715,924
200,206
192,501
1107,149
358,1217
1963,1513
981,397
55,485
1834,560
1141,1685
1233,1274
530,1176
1724,1980
1289,1484
964,1068
1275,1195
1474,657
642,1794
429,604
1602,1193
1608,1998
1130,871
1396,843
1029,1912
245,1632
1687,1717
789,691
1627,1868
644,72
866,1849
231,584
1246,1780
427,1429
1705,231
381,94
1116,152
1677,321
1644,1221
179,1225
993,1785
729,1290
1763,1257
1338,832
1207,1681
315,1579
622,1816
986,615
1747,1217
1589,784
714,1425
213,543
1214,757
884,507
982,1720
608,722
625,1347
1221,347
1737,440
1052,605
21,742
1602,1480
1452,1963
1372,1604
1029,1378
1253,943
186,735
1459,96
1284,1722
1107,41
1731,1881
255,1192
1671,22
1691,1947
497,1355
1073,1229
1527,383
153,582
749,1031
1395,306
764,1806
1359,981
178,790
1411,1443
1231,13
773,12
362,1137
1502,1637
1599,1543
80,1984
55,1320
1716,1229
1873,1433
1723,1124
814,545
1749,879
637,1727
177,141
1739,758
901,1273
1415,1217
1551,883
496,1549
279,1396
829,430
1859,1633
755,1445
269,389
357,180
1672,1000
1536,1902
1324,395
1348,1560
1217,420
934,852
1896,1414
1100,1941
1633,967
1896,1568
1108,1329
737,1820
1621,1465
474,1989
872,411
1118,1622
748,1185
951,41
216,239
1863,1445
1634,132
817,1632
1607,833
1658,1321
1300,776
481,1007
1194,1031
755,1835
1435,1554
1684,1060
1560,1475
1421,365
1327,814
692,789
693,1913
47,1383
1438,982
1706,71
199,1281
261,932
630,714
589,1894
835,466
192,64
1694,1770
1523,927
1217,1117
1215,1946
702,1350
227,1546
991,42
1624,1776
256,769
103,1603
1995,1919
37,1656
1221,1543
561,845
9,1243
1490,1409
881,325
882,1180
1232,746
1752,1641
201,568
692,349
480,1097
1347,1043
283,587
334,992
1982,1681
84,1401
384,1348
796,122
658,1444
1883,1300
279,1881
974,139
1408,703
28,340
27,1490
807,1160
968,981
524,1303
388,1542
1329,546
1494,1459
185,792
612,1948
1156,1089
1293,1750
641,327
956,1671
1854,1577
16,1161
312,745
154,760
1850,296
982,23
1191,696
1705,1616
1640,1142
1156,1820
1494,338
1937,768
796,1571
729,1893
1217,442
1407,1014
1822,1625
330,69
965,579
1978,288
1752,959
1222,992
1978,1795
6,1525
326,1313
267,308
1243,644
1217,370
1729,1505
1762,1221
1106,1923
336,1994
655,397
804,1724
143,1273
1669,1446
111,775
1079,1255
742,320
95,879
1818,972
678,1579
28,309
610,1532
996,294
399,513
93,1101
1718,627
572,1568
1752,1321
1911,1422
670,1563
1217,28
1001,691
1414,1453
1008,1822
1842,991
1177,938
734,1678
489,1384
1745,586
308,1882
1823,1982
1846,333
67,1787
174,1875
1788,471
1915,413
224,529
314,764
244,1120
605,1678
655,1536
859,689
1712,424
570,368
79,406
1087,124
56,1217
1886,872
1659,1437
1592,1073
1691,932
1390,1024
1675,1805
665,914
1675,1545
1852,1217
786,1297
1048,568
1739,133
1096,1764
11,1054
183,1901
156,486
367,197
1634,885
1391,1888
1270,46
1476,857
1488,1217
1106,550
665,176
1312,1337
1157,1348
785,153
1104,436
1533,132
958,963
323,229
1708,542
1258,1548
784,578
693,50
1177,1585
1449,435
1909,30
468,980
1335,569
728,28
318,1432
5,1577
1883,1836
1598,1813
267,1985
1934,56
190,253
1035,311
723,666
1742,1695
341,264
883,244
1979,566
1217,1954
1748,1064
140,1096
1067,657
848,355
1757,1617
878,920
543,652
1926,28
1666,1423
637,1531
268,687
304,932
1184,1708
312,1700
402,1666
467,1575
1834,619
240,300
28,1748
1792,649
1238,754
1379,1722
1268,1746
440,1946
235,85
1850,46
836,1794
1125,1486
1958,1812
707,1409
1703,1370
1726,495
1965,1411
47,215
95,1361
16,113
577,1665
1432,313
287,1269
1989,1515
166,466
1209,402
1525,633
232,1005
1266,1596
1863,1621
1023,1455
1893,884
1213,15
1282,1660
1446,1673
1741,811
600,94
513,48
774,1544
1601,627
1082,889
975,543
62,1574
1505,1449
1539,1597
1482,294
520,1713
1130,1217
844,369
1287,549
1069,179
352,928
626,1318
1376,1758
10,738
1385,1939
679,430
127,450
339,729
498,779
1461,34
541,713
1248,191
1405,1761
1208,451
355,1724
954,101
403,951
1027,439
1606,1034
57,1785
1401,1793
1946,1468
1303,1856
1335,334
674,1277
350,1460
1854,886
420,1880
1722,740
422,226
217,1308
494,17
1585,1742
244,1478
839,374
28,695
387,1217
606,564
623,870
656,926
1967,1387
274,2
1508,806
523,692
259,162
1410,1913
1436,920
159,1727
776,1037
47,965
1450,1201
258,1470
1382,927
1722,1541
681,1644
720,1749
1332,953
319,1637
27,139
8,612
5,1431
659,1266
1185,741
1871,129
1116,871
75,863
1879,1216
585,551
1890,123
236,1852
1529,166
20,878
1891,202
1550,1628
527,649
1292,1728
650,1214
1217,322
273,1061
1923,1422
1775,56
1783,1056
1217,1040
1217,12
422,736
736,544
497,391
70,264
874,1573
1813,345
1999,193
1356,522
182,1099
830,1772
1699,1301
1212,1217
394,724
1488,1698
1976,169
1761,1487
1440,1931
531,1593
1619,1669
127,1638
735,28
289,1133
1568,146
1037,1196
1118,907
17,1791
1646,331
1644,1977
1892,1958
679,740
1217,1796
588,600
868,1417
1303,978
204,1062
1796,1902
1102,1190
405,193
743,1217
1504,1057
47,1455
1128,1949
1704,1938
531,1259
465,307
448,1076
809,1514
867,1931
657,997
792,6
1567,659
1529,120
45,1300
292,1317
1847,62
1035,1936
748,490
1745,1701
1711,1296
1859,273
472,1715
1845,443
1909,1253
1883,1736
698,505
716,1966
217,1604
1951,441
868,1338
73,1739
1727,1311
117,1104
999,595
1357,1169
819,1098
1881,1894
712,128
776,1651
1439,1864
1046,504
1514,1467
405,203
1494,1187
887,1088
606,797
35,1294
720,1227
705,1741
182,1017
1752,1021
1652,683
99,767
661,1634
142,1485
849,930
1496,487
394,951
1668,1734
1054,1556
1190,699
1876,883
229,1006
1567,1442
475,1467
716,1107
74,1603
990,465
799,493
292,643
1993,670
436,1042
725,1549
1380,585
1586,1132
1217,730
78,530
6,999
600,160
1675,397
1948,1722
546,1234
744,1164
985,28
1206,1239
1235,869
1203,452
1067,26
1838,1733
75,1908
333,473
1158,547
179,283
1477,1454
1221,592
197,1217
694,734
1218,447
1803,1501
662,66
1322,1228
131,1059
1592,1659
266,1722
1842,172
123,511
347,115
1905,1710
1435,1077
1195,1770
72,528
1230,688
1030,1973
1320,1386
1584,848
342,1587
93,1522
1970,1467
413,668
1221,1192
1238,200
114,28
296,794
566,43
452,1487
121,378
409,1577
898,1834
1680,1550
411,362
1571,1890
1444,1698
791,1686
1674,1162
1228,428
1118,137
263,322
795,428
1416,1269
770,1175
1898,1
752,1953
890,1766
114,61
709,1351
1713,1595
514,1988
420,1712
1643,1221
251,1779
869,1994
1510,1925
1148,74
28,1388
200,525
676,616
1457,1378
28,112
2,238
1952,284
960,574
519,587
1452,771
25,1542
741,635
1359,1489
1345,975
545,702
1601,1237
53,174
108,1453
28,1725
385,1576
850,1534
1472,1492
1332,1851
1603,1966
1916,1264
700,1259
139,1172
176,802
1972,475
862,583
328,1036
785,171
1435,1486
1509,1285
1005,1746
904,426
1847,157
777,890
286,1354
1002,62
1314,489
1963,1434
419,1045
600,154
6,1397
1129,49
132,1112
576,670
34,750
352,508
1764,1111
1217,1911
69,28
838,592
1954,881
390,589
1869,374
48,346
17,1828
855,545
1981,619
1502,617
1228,1726
851,264
1417,481
1730,137
1176,396
1496,963
1794,1340
1747,1295
664,198
1138,629
1270,996
147,216
493,1207
1004,1053
1343,1644
938,155
1063,1605
1242,1277
1512,738
1749,1178
1250,1782
331,397
1059,976
538,659
910,656
1458,1147
36,1743
400,1217
788,1122
434,311
989,32
1442,950
384,571
102,1123
107,759
402,991
1643,493
1761,665
302,1579
150,158
1102,1921
548,1831
977,1217
100,741
1583,1732
1585,262
1346,1479
1288,1823
45,1469
743,838
947,843
1719,521
353,592
1325,1272
673,448
1671,470
426,403
1826,828
1085,301
434,1252
1760,1772
1366,827
871,846
1310,1622
460,430
588,17
1138,1436
1395,1221
1726,1692
1003,1921
1622,807
896,473
1771,1000
1217,755
1333,575
646,1743
287,527
416,560
1313,877
639,689
772,476
17,1267
626,398
416,1681
478,997
1009,849
1507,1661
957,213
1019,509
1511,1512
1009,766
324,400
443,1774
1611,450
210,1776
197,1184
464,1906
1319,1429
1344,28
1618,426
209,1918
986,1055
916,769
1595,1315
127,361
707,699
107,1683
1935,1888
620,255
1288,1601
63,492
586,1937
373,299
828,1263
940,1924
654,1552
1928,1537
966,1195
1423,1292
658,939
1458,746
1355,1380
748,952
1409,1548
1941,776
279,257
992,65
536,1502
444,1616
1342,423
1904,1217
668,886
1679,1840
425,451
1115,1578
33,1255
1964,1539
1900,1798
761,869
871,464
1490,1460
241,140
1466,1083
197,847
1520,1755
51,1348
1697,962
582,1332
733,243
8,1504
521,1098
39,1303
947,85
1533,1645
1773,1833
1796,133
1768,623
794,432
1287,1069
1564,854
1293,1890
1217,1016
1360,1284
1855,1710
790,1844
1358,1375
157,1428
356,772
1044,868
397,1217
1353,1549
400,620
350,1199
1521,1221
412,1013
1222,1889
1877,107
1910,1431
491,294
764,865
426,253
1722,377
724,1856
1484,615
1137,707
767,363
828,906
1572,1103
1387,1777
130,1789
1613,1882
97,1323
199,1506
1035,1870
1055,1758
1448,11
1161,426
1713,1055
1131,983
739,830
1615,518
1230,1914
1013,1583
1453,293
694,14
56,875
598,688
1996,256
937,1142
419,391
944,1377
142,382
10,801
1862,928
418,765
1223,1405
974,49
781,940
631,949
705,1817
250,449
1706,202
1115,568
875,1703
1732,1317
1667,25
346,1913
287,1202
437,1402
44,766
1729,92
711,79
1391,557
1573,1167
256,548
1465,1018
560,1377
1780,1581
1972,1182
1725,1189
586,1044
1978,930
1048,1973
1282,1358
915,1548
103,1832
12,117
156,777
1547,1739
1503,1002
1005,109
165,214
1170,1673
15,779
981,1795
1046,150
268,835
1292,13
351,830
644,260
1501,773
1784,317
306,1168
455,601
137,802
1479,1609
1745,1261
1039,102
1624,691
610,1166
1159,796
1678,357
28,952
1058,553
1441,1933
1522,1066
564,1111
398,960
426,1743
628,1819
1974,1114
1022,1913
1084,581
1632,449
1696,526
1938,295
446,921
564,1646
153,1787
1265,98
1403,1462
241,1394
682,362
57,1217
1748,545
1567,202
1896,97
888,314
1793,226
1222,1825
1651,1365
616,1695
740,718
533,113
1214,578
559,1835
972,1197
1349,1895
124,1052
1174,143
1848,780
870,874
1842,1604
919,983
1812,970
374,545
261,1108
1219,1221
1890,354
1091,1834
688,1215
1231,1902
1191,873
1966,1565
1644,1578
1753,1567
394,1710
1325,1984
206,972
335,706
693,341
506,1647
1136,381
413,332
1352,1924
542,1322
816,1141
1572,1350
1903,575
1137,627
38,1221
285,1745
1990,1454
169,1486
1164,468
326,839
1443,1446
418,1922
1610,1845
431,547
928,38
1872,1599
1084,211
197,1226
1824,1110
841,758
1556,639
997,821
1376,107
638,235
228,717
585,882
395,1224
1765,948
1160,1874
1355,1635
223,1969
105,924
375,1217
845,1877
1614,1055
555,1885
1633,398
1342,429
868,663
1654,922
197,1055
445,1201
715,1657
1372,1070
748,1217
1281,717
1685,476
700,685
1336,1225
263,739
1246,1666
1760,809
1369,727
1200,1294
1769,1742
1069,1883
194,822
962,483
681,252
1089,314
1483,1737
235,110
1798,520
921,1202
1738,938
675,1555
617,687
1564,392
1529,135
71,865
1814,284
1538,895
1107,1249
165,519
1105,1043
794,427
908,1904
1350,578
196,1809
1523,1862
362,1709
888,1615
1217,939
301,274
565,132
1309,1440
1476,1895
542,803
680,1916
953,1749
1044,1114
244,373
1248,1962
305,531
612,1988
711,207
1444,1962
135,234
241,246
1739,18
305,1959
1790,76
127,78
1172,1741
347,1448
1024,266
550,1222
1425,211
405,1595
1612,1017
1751,1472
482,325
1987,238
290,1775
236,498
60,858
1491,669
1779,353
799,987
573,1767
1283,320
344,1739
1018,359
1473,141
115,1711
1717,536
1345,158
176,942
626,645
261,1120
1456,1843
845,1628
1190,1171
1217,872
1821,447
1928,620
1950,801
849,407
293,299
1660,826
1582,846
288,381
3,1201
167,216
1569,1303
1324,1537
242,1346
999,1271
808,1173
1382,1789
1306,28
1750,1451
955,872
1159,713
620,1557
763,1282
1212,1735
489,1634
19,950
1097,630
471,1134
959,571
920,1045
654,1135
835,1074
1731,194
258,482
1258,846
1008,1217
1217,1756
268,175
1287,1784
69,1206
1846,1514
310,461
985,1460
1957,195
1535,1428
968,682
1834,1653
1068,907
987,1522
168,1745
1679,218
1544,1276
473,258
487,1790
24,1544
206,1154
1958,1074
41,901
1160,64
1928,1692
1917,532
747,1119
1613,970
655,1049
1873,180
51,272
1344,453
212,943
1571,1155
1556,1021
208,1393
1792,1381
701,524
933,98
1987,61
1932,700
801,1915
1595,193
1855,731
250,480
110,1001
1619,1971
1399,1333
1303,1257
1206,625
1281,1220
83,492
1008,518
1187,1737
660,1003
552,1658
955,567
1296,732
1872,138
1945,1412
315,979
1443,1326
1302,296
1268,1593
747,1044
230,535
1281,107
736,1127
1855,1811
538,1790
1119,433
1912,1644
1852,1383
205,789
1025,1723
1244,1678
1466,1087
1007,1700
955,1271
1810,449
60,1101
1392,1950
325,1220
1482,1504
618,241
349,18
914,353
1875,57
1989,1261
282,286
295,813
678,473
1425,804
1151,46
1578,1019
593,1117
647,1581
793,140
1258,1635
1163,189
1991,808
1445,96
491,1391
1711,1589
1690,869
1034,1415
223,86
14,491
1892,1281
773,450
193,1337
639,891
1560,1499
1910,1939
768,1143
267,842
1814,1203
1797,963
1451,1721
1937,466
1884,444
573,1030
131,1863
1270,486
1334,1654
1956,335
28,1788
883,1217
1976,685
963,126
306,1609
1444,177
1600,959
1977,1834
37,115
259,220
481,1542
796,1598
863,1416
657,747
741,159
645,1907
899,235
1729,802
28,699
301,1147
1580,1907
733,1028
1952,476
1382,798
1648,1951
1530,1008
721,1073
403,304
1256,634
453,913
702,467
1202,784
902,1221
1430,965
1096,265
1170,1871
983,1843
161,1302
1562,1376
1723,276
1131,1367
1923,935
358,7
459,1394
6,1912
477,1753
1314,637
1841,1947
572,643
415,1084
1189,1617
396,1808
1145,1154
1583,1921
830,1526
1531,1176
1848,104
1541,1118
1445,1237
1679,1690
461,1759
1605,1801
1030,1119
1979,1868
1221,383
1664,1648
1649,890
507,44
1194,1647
1092,130
1859,1205
380,686
76,631
1860,178
1237,565
1156,603
1570,1670
945,219
1217,790
1234,1684
1275,1176
59,1952
544,1064
710,310
1780,1357
814,989
516,563
712,719
511,1374
1012,396
146,1380
370,26
1930,198
1980,1088
116,1322
1854,1349
960,104
1065,496
1151,1838
1113,1530
1138,710
86,1092
336,277
1006,254
1402,1024
1331,959
1412,957
1417,1253
1099,262
1508,911
1041,1293
380,1409
854,366
224,443
1574,574
1211,1217
594,1136
568,1217
1059,1032
718,1175
1677,227
290,395
767,1121
1196,1988
28,561
1423,686
563,7
589,1447
1328,1014
743,994
1905,185
290,1860
812,1361
1250,1420
209,1310
1819,281
1402,847
506,578
1896,90
1112,1102
277,1232
721,454
798,206
594,791
26,1852
842,650
1964,1824
783,1324
397,775
380,336
1565,1151
1557,1288
1647,1449
1033,1607
410,1152
1153,479
1868,1988
697,906
1630,574
553,1457
867,994
191,1356
1217,106
1522,867
1631,447
113,915
995,1739
438,889
1304,238
650,1721
283,1722
195,761
517,682
701,1199
133,595
364,1722
558,1296
377,52
1243,1625
407,678
1455,636
1667,484
416,1480
646,1951
711,1727
231,1372
17,1840
831,1599
1866,1606
275,1209
603,163
366,145
1900,369
646,805
1077,953
1808,1513
1701,79
199,1304
1581,571
633,12
433,1639
732,1250
1748,661
591,1281
1557,1483
323,1148
187,459
406,1024
1929,1393
867,614
1196,173
158,1925
845,983
221,1725
94,988
28,1791
1855,1533
1969,966
1217,1697
142,1553
1274,1791
29,536
1229,446
1756,874
1649,1038
962,1221
1072,1642
145,593
1588,1356
278,1497
492,1650
545,1864
667,249
157,1720
159,1008
737,1441
1817,936
1655,1275
513,356
1186,1219
723,12
559,1592
1383,1615
1090,1920
1425,1047
90,539
123,601
622,1323
197,1929
1158,1391
1158,853
255,1867
1530,1503
1337,1744
1081,1055
1524,1094
988,589
1341,1806
314,1208
510,136
225,1821
1221,189
40,1570
635,363
1778,1440
1705,1446
1381,1062
1661,630
1236,636
192,640
1374,1172
1982,566
630,988
970,1029
172,1802
1235,983
1482,1630
576,1537
1955,724
436,556
1665,537
1524,96
1768,1008
291,1586
1860,1498
506,1900
1049,923
344,1210
1960,991
1933,1402
1658,1722
160,730
1307,1172
1846,1511
708,1366
1940,1773
697,43
1573,774
888,133
1623,67
141,1778
1518,1253
1596,117
408,1519
1417,1559
296,1217
28,1637
900,759
1338,726
1931,898
304,926
73,799
1906,1019
70,463
850,535
642,980
503,1298
723,1872
1702,918
720,1184
815,1152
984,1927
759,961
680,1391
878,1847
1918,394
1497,1289
912,337
675,221
48,1286
1362,1890
340,1654
885,503
133,1762
1614,285
1025,1271
53,1415
31,651
1316,1554
1129,183
1565,1890
1409,1302
1952,898
219,1410
1554,677
1324,14
1217,128
982,330
271,412
1111,658
1394,831
1869,873
1871,265
1751,1951
489,652
1840,1218
12,465
324,43
87,1290
767,837
1237,1207
1036,1440
40,1195
1147,378
1259,1292
519,347
334,509
1402,910
319,864
156,917
1816,1404
675,1667
1504,1962
1374,1722
1002,962
731,245
1109,1771
1884,1615
1644,414
108,1693
1662,599
797,613
24,1371
207,1051
9,514
844,1792
1754,1639
152,1392
1305,1142
470,1235
1314,1798
1981,945
39,876
1657,1288
1334,198
852,1326
1340,1571
1652,860
1243,1945
1965,691
249,1588
254,1888
1136,1739
32,212
820,1127
1106,191
254,534
371,1045
1701,1805
1620,1054
1867,209
270,1594
750,1192
803,472
1765,1731
335,1692
770,1128
1865,90
1515,1221
1035,1930
1802,1100
1991,973
1217,1788
1932,1217
703,783
1609,943
1013,136
683,1768
1535,900
985,1483
557,1568
3,909
1225,225
1972,1812
324,1749
504,1427
1143,582
1686,447
1499,901
1742,764
533,224
1644,1326
116,1582
219,632
1645,1818
541,346
1674,1590
140,1965
64,990
842,371
1709,499
986,931
1185,807
1491,11
1871,741
126,1644
1217,765
1934,1710
180,1262
1804,1876
150,1044
1532,1840
175,1547
151,670
1135,622
228,1183
899,1720
175,1055
134,1299
375,1199
648,1495
28,1395
1995,1689
1549,1137
529,300
1040,624
794,632
278,1504
308,1270
1894,166
1682,397
887,1800
1245,43
499,698
189,621
1579,184
117,1044
545,1130
364,118
1381,1103
1976,348
351,921
160,1115
604,1503
81,629
1961,212
1187,1997
58,1659
1371,1673
1808,1777
1737,1861
1357,802
870,1331
559,775
135,782
404,1886
1909,1736
101,513
1245,1129
577,847
1364,258
1623,1365
983,611
540,1627
1926,1373
28,273
1934,122
368,1774
202,1183
1864,303
556,1781
1473,227
711,895
1605,1127
148,496
97,125
1675,1237
1217,257
1594,1867
741,893
1420,1240
918,931
1369,1078
1605,1584
223,736
149,1151
634,297
917,1841
1635,435
1738,1082
512,1989
851,246
950,844
461,233
553,520
551,554
354,183
125,898
7,219
379,396
1463,1794
236,1657
1677,1831
401,1620
529,1077
591,1433
752,1217
1640,1672
658,1880
189,1777
1819,980
1891,937
1428,307
1566,1804
1602,230
1462,1882
624,404
49,637
1491,1117
1592,0
470,1203
89,1900
1308,1662
68,1040
1742,316
1521,1276
1817,479
185,1124
243,363
1135,515
1080,1521
822,738
509,220
