1514,1467
381,1254
785,416
381,1918
842,253
1172,483
381,556
179,123
560,1248
1851,1821
62,1192
1233,942
572,1996
1088,1636
971,620
129,1691
1134,1191
6,1570
1376,332
1574,160
1984,381
1700,46
65,1475
792,1550
1959,381
732,187
1981,328
1786,971
1734,1205
289,334
1027,304
1618,915
3,1037
741,441
64,443
1413,1139
791,1814
1202,1136
1973,1991
571,577
1183,1923
252,1144
1652,1010
1592,1497
1521,700
1554,894
564,438
297,746
1466,1959
175,1639
1884,1922
1648,1159
301,657
582,1416
408,77
583,1464
1842,426
877,613
1520,1168
303,53
253,395
1415,1641
438,307
835,1388
1389,1077
253,1988
558,1297
1281,335
1428,1985
1177,128
139,740
1503,1549
785,1592
1697,1481
281,1858
1014,428
1138,1254
1425,244
572,1750
1768,782
1002,1975
1600,715
855,1976
558,655
1899,943
0,611
1250,916
1286,708
1520,1430
319,447
181,1365
781,256
666,1271
1205,746
320,1822
996,609
1238,477
958,1146
486,961
1172,676
784,1856
1231,701
1061,96
692,122
689,1533
360,426
177,27
909,1199
336,1563
1561,253
160,1510
2,1436
501,1093
106,381
889,1039
253,401
1693,1791
475,1512
1567,701
1557,160
1912,1106
1518,661
976,1188
151,992
1951,389
464,1123
1253,475
309,1341
561,1223
454,450
1395,1102
209,723
1169,1230
437,1916
255,705
1403,330
69,810
1191,1568
991,1050
1921,972
952,601
1214,1148
1482,1617
1018,1774
1272,731
776,1974
1711,1825
866,706
585,563
1423,1277
400,417
1742,1415
599,931
473,1920
959,617
936,838
849,549
127,1203
121,1541
1917,473
1635,1505
19,1746
751,316
850,627
1601,1158
782,339
1885,1887
93,248
1409,1581
486,1031
1919,1171
152,1771
487,1693
1196,1776
1705,140
549,367
1434,764
1420,57
1822,1575
855,1608
690,1546
937,1435
435,1687
217,249
1720,1010
548,961
1992,1472
492,768
655,524
535,1283
346,785
991,166
671,253
502,1782
775,524
1938,531
631,1808
1319,381
1182,1990
1951,540
1664,1152
1455,1050
475,223
1112,1921
839,1887
1071,1409
500,1534
1611,57
1352,1970
875,1001
1642,1322
834,815
1906,102
405,1399
1510,1484
1492,1938
378,438
84,1984
1948,7
1201,0
156,1984
1012,1966
291,544
714,1959
1661,980
1594,903
76,1799
1039,1907
483,173
1570,971
1487,409
919,1140
1363,1250
1265,1868
424,109
442,320
686,1942
785,61
56,991
657,980
1128,278
85,1542
51,1676
1482,1606
1875,365
782,1064
1043,1809
1465,610
1072,1053
57,1510
604,1594
104,1503
1436,1979
50,1427
1992,1685
15,1826
82,428
1130,725
1933,1734
980,1498
1651,312
266,1959
1440,1064
769,968
44,1002
1244,1587
565,548
378,1095
322,1594
38,161
1681,740
1891,686
1315,341
1362,302
658,910
1020,427
1864,501
134,622
41,339
599,1357
1316,1895
381,467
927,1290
1565,1345
363,290
1906,689
1333,1836
1015,481
258,1926
1993,947
750,1363
1968,965
1235,1071
1704,530
33,592
1802,1948
75,1999
1809,1020
367,1625
670,1175
677,1010
693,441
1996,1438
82,1097
345,1534
1567,1266
49,179
906,583
302,10
716,1262
1880,253
1258,149
772,530
451,726
1087,120
830,253
106,1836
1563,0
1369,1058
1597,1464
1043,1473
1485,1666
1572,1540
744,1238
196,1485
1959,1036
454,1063
623,1043
566,199
583,822
253,1968
1191,104
1812,533
833,735
1372,986
621,1660
981,1311
1716,762
1458,779
1344,104
317,1199
459,1665
512,1183
1561,1828
910,1988
1483,47
147,52
1927,1982
1282,151
1772,21
951,1505
1836,1339
553,1457
1515,1115
1684,785
758,1836
245,351
434,1483
129,1913
644,1950
887,199
1071,585
1176,466
291,381
616,1234
253,429
385,215
310,74
1084,1226
303,1648
998,1715
990,1161
849,1038
966,11
1469,278
1963,851
61,1086
927,177
506,1397
1010,337
1758,1360
1686,1702
1078,1456
930,1645
1849,1818
253,1291
301,1693
698,1896
1588,1516
852,1379
70,1308
652,1509
1831,1560
727,695
24,804
367,1368
452,1557
1216,233
1740,651
379,1329
1135,847
1094,1027
955,1093
1968,1456
1924,1313
328,780
1078,456
253,1536
1933,268
204,1648
226,1284
1050,1362
1050,734
29,1607
416,1051
1900,1370
1634,458
1984,1977
1014,774
1375,1034
1441,381
1825,372
21,134
1352,634
791,1667
1235,196
976,1744
1131,1233
587,93
933,478
635,1675
1539,1860
342,847
1093,221
1800,1836
381,48
649,480
659,1257
437,342
1282,1224
1993,1741
686,993
354,1364
39,97
1693,1652
1280,40
1984,41
1374,612
253,457
642,1266
1756,193
1343,840
849,1043
315,1389
393,1487
1566,424
745,1032
826,829
883,773
1871,967
340,1593
1464,1850
757,735
1269,381
1007,458
1430,1706
1104,1229
342,1483
736,1865
577,767
1420,1261
1668,430
105,142
1454,1010
13,1788
253,524
1543,1594
1438,57
1195,1792
1014,262
1393,1186
191,1662
1656,304
1171,1212
283,1387
550,735
437,414
1889,1695
519,552
1555,1848
157,1909
1259,473
1771,1810
1876,839
590,893
38,1423
556,479
725,270
1394,1984
27,1931
70,1271
1030,1542
999,1693
715,985
114,1388
381,1247
1035,824
253,561
532,1912
1841,691
942,555
311,1707
1650,1972
1042,361
819,466
1662,1225
1544,251
1221,1636
1556,1756
367,1111
1266,164
1173,860
1984,821
30,1693
329,1810
1405,280
1900,1570
1469,873
834,208
522,956
470,785
1340,707
266,1000
925,1293
1955,824
1616,55
826,11
659,674
1234,716
1868,253
1178,1768
1741,368
1984,520
1016,566
1043,1956
419,1376
269,1485
1646,1191
427,1574
1503,189
1013,257
1164,381
1865,812
1440,785
1215,275
771,1836
1562,569
1922,980
1833,56
458,1271
1937,1455
507,691
304,826
415,56
1090,1197
516,381
1517,1777
1228,217
1663,1404
1790,185
322,1171
744,893
23,1515
1010,1237
436,1912
3,884
511,463
1047,238
909,1013
613,1878
1695,1826
642,716
1996,710
1100,56
1107,437
1194,367
1787,263
1119,1227
1897,774
1088,1825
308,1575
1851,1530
601,1474
821,994
914,1678
1324,1745
98,1970
66,925
938,399
610,1935
56,68
570,1981
177,253
552,1719
1777,1778
264,937
865,1048
904,934
799,31
424,260
1239,1288
847,1637
1565,296
1271,1447
1413,793
962,950
1021,1464
595,1147
774,253
1290,227
1664,816
1670,438
1583,1267
1010,563
1791,82
1032,684
807,151
1055,1710
1317,1471
1420,545
1283,1254
748,253
1490,1185
1191,59
1836,1711
1129,1361
571,1154
345,557
1223,549
452,577
1923,664
44,513
1050,1955
458,1133
1743,626
1402,111
1918,1372
718,1113
570,1427
288,52
1420,1981
980,998
1057,1543
1221,1132
269,1671
562,585
978,296
1217,1168
166,844
253,785
5,381
1025,1048
81,1310
1155,278
92,704
3,1896
1456,1789
1331,1897
1677,97
458,960
147,320
297,1604
1749,1141
1203,1939
1480,1932
1759,676
1926,641
359,642
1315,1417
653,680
117,1889
1850,1277
206,268
675,1641
703,956
4,1109
1512,234
1798,680
458,64
135,1043
352,1898
1782,1761
1642,527
1447,212
1552,725
1998,551
1065,789
1906,1836
1155,65
1662,305
66,1010
866,1551
568,1604
1559,572
1503,626
757,1604
848,1526
1556,1203
1028,860
539,385
1944,349
138,1043
1847,1900
367,1737
259,227
561,1633
1934,629
940,1110
1625,228
1759,1679
1742,1503
1508,1038
61,1130
381,1126
835,697
997,1350
1835,765
1663,785
1795,1999
1585,170
1487,535
480,1997
398,1643
520,379
1209,919
760,342
1696,1803
41,1922
1407,332
177,565
856,321
743,1220
718,727
273,1657
1832,1282
409,820
1187,845
836,1445
906,1314
1501,665
700,1570
888,817
1090,1431
1489,1450
1811,707
1673,65
1435,238
1758,1728
1320,1234
922,739
1452,93
781,446
121,1745
191,1999
1286,682
1851,1779
1191,1532
1124,712
715,1987
1648,1030
727,505
486,1732
1700,1676
1584,1528
718,1379
1258,484
32,1433
1075,809
1039,978
1653,1206
244,970
780,1464
530,672
1841,581
514,546
1963,1444
369,776
1625,1566
1917,910
255,338
1140,1074
1985,1271
1798,201
119,1873
99,1464
100,1832
1558,1656
518,615
1470,954
966,1191
583,1076
1019,1730
746,357
1065,1006
817,157
1602,529
104,1609
915,1821
1501,104
1599,794
1347,867
1359,1402
589,1446
1132,1236
1677,88
1048,998
556,1369
1823,1119
822,1851
785,166
1420,67
237,1763
51,440
835,898
1405,1945
612,877
1435,495
365,1504
533,1873
1163,12
1981,712
1820,494
1804,7
763,1851
987,53
1237,1060
1705,1872
1331,1752
1415,1969
56,654
1826,786
1938,119
382,456
380,849
257,685
1450,1984
412,1
781,1271
1967,1779
1668,662
1984,1700
266,1829
1634,1464
785,134
1789,823
1478,361
603,1705
131,1901
1737,1770
907,57
313,774
1104,1149
1033,320
1098,1892
574,784
1670,317
175,1127
1793,534
1625,1836
417,563
219,1142
1527,116
253,1959
27,1885
939,478
855,1569
748,1876
633,562
515,1857
197,1855
424,77
606,1213
132,1304
1727,948
381,1363
983,1251
942,1495
938,1879
478,1686
404,1960
848,1431
1284,1114
252,758
1483,253
1356,403
255,913
299,1278
1769,1259
367,497
1483,465
1958,1969
1463,276
1173,1906
166,127
1482,1422
997,628
697,1899
273,1586
410,476
153,386
490,322
1379,1742
916,1875
1762,1299
24,713
118,1880
1942,57
821,548
759,719
875,56
1138,148
733,1174
1044,1556
795,116
72,17
1499,1180
29,592
1935,278
1330,195
949,1620
437,1788
248,473
104,334
1213,1613
1236,575
225,769
57,1891
1910,1158
1495,1321
1507,1814
246,1700
786,1911
1191,987
930,1408
1706,999
461,647
606,1917
1839,1132
468,1443
82,1254
512,464
362,1884
48,307
1168,1886
1191,1065
876,1029
320,325
1869,331
1428,1302
1836,815
759,185
396,439
1314,812
402,785
202,1948
1448,1724
1275,1335
1959,347
1754,499
1734,1349
587,866
1679,1630
260,364
495,748
199,1245
551,262
1738,1293
455,698
1237,637
605,1573
559,890
1436,1016
421,1803
1108,992
380,1216
138,796
1786,857
1503,41
1594,449
759,253
885,351
1270,1075
474,1680
367,741
762,598
357,604
1148,683
1807,1813
548,880
197,1435
1043,832
143,1878
1122,877
81,770
464,648
17,1796
811,998
1734,1834
1576,1201
254,1340
18,1302
168,660
1399,388
1119,1698
567,834
473,1494
1787,55
803,1410
1866,988
1093,1880
1700,341
1937,1946
627,1193
525,1220
1693,1141
1777,1875
1829,253
1394,1794
1379,1989
774,111
1949,1959
1054,111
538,919
170,1166
424,211
1138,56
1466,1140
1081,1374
41,1624
1626,1149
1503,1283
691,1465
1054,1571
253,1329
869,1023
1066,573
284,449
331,57
253,1039
1851,731
405,1643
1577,1409
237,891
1700,50
1734,652
276,358
1550,282
1601,772
80,166
1959,36
720,978
1771,266
1477,1365
461,405
473,813
787,1892
305,844
1954,632
563,374
1419,647
1387,1264
1959,1853
1202,745
1321,630
1047,274
1359,383
965,704
902,1010
912,661
1047,1317
1895,1847
1753,115
9,841
1302,541
384,277
483,1167
473,1043
1976,145
769,1984
880,1191
1815,353
297,1689
519,386
1271,166
1150,760
1974,104
1428,1120
753,1836
767,333
1021,1668
853,1733
1571,399
1420,1113
1309,1772
1981,408
1591,619
746,111
1078,1901
1464,1544
222,1402
299,575
568,1272
711,465
1423,103
344,1624
953,533
1278,638
1892,618
482,1524
1997,57
1043,1160
488,481
1928,1693
2,1284
72,1615
1627,1506
228,1514
242,1654
1947,1516
501,1582
915,111
1143,1364
1348,1984
550,1132
178,780
279,513
1545,26
381,1234
1984,1287
331,377
531,1642
1956,655
1965,1097
1865,1909
1819,1652
1196,1394
1808,1996
1716,1893
1832,969
1293,746
1007,1297
929,1129
1481,1495
1803,1712
660,1345
1069,1984
1271,328
1957,1927
824,193
1131,653
982,1204
1639,1510
605,1956
1109,1245
534,1722
1932,0
737,266
88,1514
1836,1456
1630,596
957,1168
1893,1862
317,1397
609,282
664,1256
1873,1426
1812,1573
176,812
1439,1503
948,229
703,1708
1298,1659
1385,1982
1837,1293
429,69
1809,1861
56,886
1976,684
664,381
302,821
785,1729
155,87
892,1424
785,1152
162,1777
647,1332
664,1632
1836,571
610,1629
967,919
746,967
1890,1099
1965,600
81,881
1270,819
473,1724
919,763
0,348
1852,1529
1693,1562
250,1420
1330,172
318,202
901,1776
591,641
779,243
1603,1168
511,1719
576,1894
1565,977
766,574
964,400
1778,623
1789,1326
1741,905
381,1186
1355,533
177,637
576,1503
1906,473
152,1232
785,1483
1420,972
1705,506
422,1682
42,253
1829,1165
828,1769
673,1657
1645,1802
751,226
348,1590
1167,1703
1223,908
1633,1124
1793,745
1485,1588
926,1961
1840,1459
1225,853
1061,1020
255,312
196,1689
131,1172
1338,673
643,1979
831,1597
1518,126
366,164
336,1665
675,177
528,1055
1675,605
295,367
215,41
1619,591
1125,73
1247,1496
608,860
1750,150
553,1268
56,79
1612,958
169,1283
88,1906
69,318
1340,445
1225,575
119,1087
253,597
1848,1345
1738,1492
1788,1293
1601,120
564,319
220,936
1571,1620
510,528
167,1310
1532,147
785,1956
939,201
282,1660
1206,1715
851,290
1349,1328
1609,1719
882,1932
1472,1424
542,986
211,188
1019,754
186,852
106,490
473,965
1693,1906
994,1149
629,406
424,253
1557,104
1777,1942
1436,1832
1092,426
371,1380
140,1724
1588,1164
801,190
1963,622
798,1995
912,874
26,1340
1107,324
1280,424
487,1872
1534,1804
142,1490
1950,878
1372,267
1327,1579
787,1412
797,651
1137,920
674,751
1837,1379
424,1111
1836,147
694,982
1612,1165
1832,1007
33,1182
431,1585
1971,598
236,1257
705,745
36,1495
1522,370
1859,1577
1825,1301
357,453
1392,323
1399,1984
1574,1937
1233,253
493,1652
1801,5
927,111
1821,1187
189,253
1156,1954
288,928
407,1162
687,1994
1779,1959
1068,1279
320,900
1218,1789
808,1365
371,602
193,101
916,699
1109,785
903,1010
918,946
562,579
1439,1815
11,1702
84,448
1271,1391
510,1639
406,803
1808,18
1044,1855
1193,1851
1141,1927
1343,198
410,1851
347,297
58,1331
667,1836
926,272
1622,439
1743,334
1246,993
862,1407
1227,240
1622,777
1010,1781
424,1861
1503,1393
1434,1652
1792,421
1813,70
1538,936
177,1498
747,1168
159,1370
1349,1682
859,948
1343,773
49,1876
434,174
177,695
1839,1198
1755,472
1468,676
1510,89
485,998
1168,1043
1864,632
1373,649
1959,916
318,1157
492,1709
1624,1408
1788,255
253,795
1891,710
100,1830
1680,550
709,392
743,1159
1207,1424
554,1295
473,1602
1508,1410
381,775
242,861
204,1406
1086,795
42,1010
1873,555
1056,1311
647,546
694,1931
124,1365
220,1043
1410,567
924,1202
1411,1971
1449,855
1441,412
617,679
1598,618
1268,1758
1644,13
689,1620
1683,1422
1699,166
1693,658
245,987
368,709
253,993
1327,1475
340,603
675,332
1169,335
177,1002
1467,1435
1191,321
684,1508
1822,1885
1494,1143
1610,1291
1471,1939
762,15
818,1483
384,1753
811,702
1464,1784
1176,1412
1873,917
367,1334
1222,712
1064,1886
1692,36
349,534
1923,1354
23,167
560,93
1586,52
1039,739
363,672
423,785
1493,253
750,1261
1920,250
554,938
1676,1444
979,1403
998,1630
1605,1747
374,990
608,54
645,1689
1904,158
1933,1547
1730,459
687,1045
1009,1431
474,698
1719,1301
1865,1815
1578,1136
785,1855
1945,1313
279,1810
1791,1464
1341,1334
1746,1457
379,1465
1138,1304
919,1981
145,1236
1931,424
1464,736
1483,1479
487,1442
1360,1523
1101,1096
350,300
899,1851
897,1640
360,381
1010,488
40,1293
1084,1114
116,93
885,1984
447,1106
1175,43
359,329
1420,852
1274,1293
850,36
1209,1012
397,807
467,66
166,1070
883,1809
1862,939
865,1023
1795,253
1018,867
674,849
1011,849
78,1236
1243,56
1552,186
1511,233
901,1888
1744,1123
57,1227
1040,1445
706,253
781,381
1734,837
1525,166
1059,1043
647,853
442,1118
232,1132
1005,1401
818,1830
163,1794
975,96
415,1192
1614,262
415,1209
865,53
121,16
1749,1428
836,1957
41,972
1305,1558
1434,1467
1673,412
929,351
1984,1447
921,1894
10,1350
1079,663
433,829
1394,1672
1778,1735
869,1882
1155,1301
785,1426
1336,836
1913,1781
78,1807
1952,1485
111,1652
989,95
1312,1821
887,1438
934,1049
1001,1164
298,78
76,1461
809,425
931,905
1998,1844
804,1230
665,1941
107,119
597,1891
1946,1984
965,1240
1210,1026
111,578
479,1068
714,483
1364,1970
1307,1069
747,1621
163,659
1783,1999
57,976
152,1912
246,996
93,1288
888,1959
1451,1242
1693,1
1593,1233
1021,948
745,505
808,1291
1212,255
1570,547
1689,1103
253,1087
1878,1271
1459,1430
701,1160
1071,1417
200,870
1275,1093
1295,523
269,1631
1750,1652
670,1010
153,132
517,1857
738,1585
1832,1821
862,489
1205,255
1710,536
205,1907
136,843
1135,1463
680,633
38,1693
1351,127
207,168
176,1660
1023,734
1220,1364
1765,461
1693,1011
1700,1592
583,953
1191,1239
273,915
55,199
482,1383
1473,213
327,1473
413,816
1764,182
790,632
233,1384
37,5
69,253
207,975
745,1734
223,436
1510,1632
1700,27
828,1191
380,1400
57,1875
44,1337
1786,1708
491,711
1137,477
1057,1700
92,253
1995,1926
1249,449
932,249
725,1035
335,744
514,754
108,1489
846,1743
774,1182
446,9
547,560
1899,834
460,1643
919,56
1110,66
640,1416
806,902
362,58
1320,1991
1720,1193
1129,1232
1494,44
824,1596
298,1537
57,1642
1875,154
491,1276
1,1664
576,1510
530,756
177,919
1580,1674
1043,774
377,330
724,468
1281,1110
290,973
1872,107
1683,1654
1578,353
1532,1610
709,362
547,137
1669,757
1697,826
1977,85
943,57
643,1543
626,1889
1338,1841
442,774
89,1755
96,247
783,768
132,1613
1814,1598
1320,646
1445,253
1648,381
21,69
761,1589
221,1836
583,843
1602,1050
1883,1375
1219,1253
902,369
1527,840
28,368
269,641
1561,104
1162,1617
572,57
1250,701
515,689
838,531
473,791
594,1937
103,1626
1464,1658
180,1280
859,580
1453,986
1174,131
1941,215
1693,1152
971,928
783,1011
785,523
714,705
1475,202
1787,1834
620,639
564,30
1721,1803
1419,86
253,346
253,1269
196,720
338,1486
1532,1235
1643,1740
765,1686
1540,1982
806,1197
539,1244
1971,1916
65,1424
1216,946
1054,1565
1734,793
361,1700
1167,871
1058,1231
620,249
1841,863
1495,511
767,1377
1817,1712
1205,1007
1905,1492
661,1991
1836,1868
1132,832
1325,1812
1984,310
914,1594
578,710
1128,871
1261,1686
234,933
778,1433
988,1
892,1157
63,566
1704,1613
862,944
636,1709
1939,1260
142,735
223,1457
648,343
1392,706
1862,1788
6,1766
166,802
324,1411
1754,1400
1533,211
1200,322
387,1859
1489,764
1176,194
878,1983
1080,1784
1936,1953
1139,1717
442,1492
68,210
1722,1419
1718,785
1779,547
266,1302
465,1828
845,381
1675,1153
1902,696
886,381
381,945
1292,1176
1464,604
255,1472
807,381
600,545
50,1086
1482,1652
752,85
923,1456
1575,149
41,1480
728,855
43,1984
12,209
1464,381
717,1890
1836,749
1274,502
355,1725
344,1561
1147,785
81,1043
314,1863
1751,616
631,1240
1686,873
1639,208
945,1911
110,826
587,1371
611,1236
1891,983
36,195
1910,1847
1097,1700
1435,1041
638,12
1093,813
1346,56
125,1935
1984,1756
321,381
717,473
1360,1695
1088,1748
1026,311
303,430
843,1950
1524,919
981,1811
1530,1517
1648,1639
1464,1036
596,790
1164,524
1375,387
20,1199
473,395
271,601
1764,1652
1017,415
1814,1561
586,1382
1658,962
527,473
128,1739
1454,312
1713,1727
1381,1217
103,1885
1679,662
1148,1851
1535,1631
440,1144
1984,1844
87,653
44,1832
598,1200
1700,545
12,1836
62,821
392,1742
1802,696
1519,456
229,1870
1844,1420
1168,1009
652,711
1735,935
1327,988
895,1182
551,950
1133,294
1405,1442
166,1477
5,485
121,794
980,1708
409,1464
1495,796
1598,1390
1513,1228
1264,1439
1634,306
1420,1464
990,1217
1896,509
1195,1537
131,1759
184,1430
1537,130
1999,1542
184,192
625,1353
1566,659
1688,715
1657,1309
981,751
1911,1989
36,1729
630,1223
263,324
1687,260
1001,1444
827,1097
826,176
875,506
1510,1806
998,1144
1100,1974
350,1451
1134,173
1131,899
146,1300
41,1783
473,1734
1927,72
418,1731
90,1840
1422,1959
1560,900
1305,919
404,693
1324,830
1514,1584
1372,401
102,1770
1339,1867
177,1052
1912,1075
1839,1700
353,810
1751,1835
227,239
1248,944
617,785
1122,522
2,497
166,1873
998,1028
1353,791
1900,78
1045,1426
111,1673
339,1742
1712,958
424,107
60,480
1878,1829
1368,1464
1300,1365
1481,418
789,730
714,669
551,683
486,376
929,1906
1441,123
1574,1783
780,1179
1163,1510
1538,1087
746,614
69,1273
383,519
663,1373
614,73
427,785
455,179
1887,422
1242,1207
1273,56
834,367
1998,855
411,1914
1761,1439
1091,1737
1591,1381
785,995
1836,153
624,1736
1464,1919
222,1188
864,1091
1980,678
146,62
827,1182
1014,1044
745,1172
1283,1833
75,998
1930,543
1140,997
697,1399
1416,1211
1874,1789
1785,57
1349,1040
149,1732
1733,1491
1712,1357
473,617
1432,79
460,1071
918,892
1738,682
1652,719
664,243
253,1699
1264,1836
726,381
1581,186
1927,1432
1684,558
683,1401
188,566
419,1959
309,104
1260,1927
309,1161
1159,1071
349,1392
1881,1650
1643,58
628,1168
699,1749
1605,1165
8,805
1807,1622
798,1554
460,802
1546,330
1005,670
611,1652
1421,307
777,164
660,1772
320,242
826,1094
87,1125
826,244
1864,432
66,1836
1817,1327
1653,323
49,940
548,1335
569,1005
382,343
300,572
637,75
1186,1188
472,1381
1703,203
1745,378
382,1972
129,1307
1568,867
59,86
1339,1354
1238,256
53,985
166,555
117,1211
359,531
1865,253
1960,1214
1191,473
1253,407
1038,1444
593,979
1088,1461
244,1347
105,1977
353,1318
253,180
283,819
782,470
1022,592
1412,452
746,638
1919,917
778,1027
979,707
476,393
1516,106
311,924
1622,1806
28,612
391,1319
1371,1181
1852,963
1147,1366
1920,907
1594,931
1449,301
738,292
1208,352
742,1596
473,1553
279,1308
1499,605
333,1510
261,932
956,1893
56,417
1116,87
998,833
1603,503
40,722
1780,1915
1061,1447
1032,870
166,1827
785,989
1770,3
1959,531
1475,657
200,1077
990,1787
1107,1293
915,79
224,1940
1278,1675
1530,1518
1940,714
1792,1681
690,680
601,236
1523,1708
1423,806
1793,870
406,1444
1673,562
1795,1507
1335,95
1211,1529
687,1863
1154,752
1569,497
1652,1982
1528,1953
1379,701
384,1487
1671,401
415,785
991,1528
1986,1162
785,1979
286,34
1984,1440
381,1118
970,1777
928,694
199,701
1429,891
439,1240
1191,1099
155,1267
1263,44
1270,536
356,742
1910,1545
510,721
1651,932
1267,606
1441,1903
597,1649
485,1267
1601,1559
1787,1928
1649,68
1984,729
1721,1081
1771,23
509,41
477,1865
384,1046
1984,1883
557,185
1793,338
77,693
1644,1151
685,785
1224,1255
745,287
1010,473
1333,1222
199,1755
550,1332
1818,897
1747,985
248,940
952,1784
1150,1981
1043,1951
1860,1039
1639,1955
516,1674
846,165
1289,915
320,448
721,1959
1579,785
1811,1816
381,1330
13,93
337,1391
1897,573
656,1547
971,1851
381,563
253,1210
1066,848
856,1177
714,1647
1125,277
1737,1706
1010,489
519,1700
1429,177
75,1050
47,1831
1658,1043
1068,1114
1366,557
1959,1852
1564,680
857,4
1789,990
51,526
1191,868
1574,1517
872,384
57,537
479,111
198,320
801,644
1222,1558
1446,297
1063,1947
1497,1056
1435,133
178,1843
537,1654
1623,1777
1893,1990
161,878
347,1231
1373,1203
1464,1318
352,1285
1961,381
1177,1276
1132,1591
473,884
568,1928
1777,381
1015,1279
1425,166
1873,1603
567,1849
1037,795
615,1690
38,785
890,998
255,613
1178,166
1596,469
1511,1433
1286,482
318,539
466,1067
1460,1849
869,273
1026,894
317,1599
1377,381
1686,1870
1392,1227
142,278
269,906
1509,1895
1043,132
357,275
297,1420
1029,234
1093,1308
1193,1085
1256,611
33,1439
1629,41
1149,1548
1877,677
1981,685
865,1050
1057,484
1594,1515
1861,868
716,1854
1352,1929
1374,374
1721,1263
1529,1122
1354,1855
57,608
596,521
770,1860
183,789
1285,6
74,141
989,1965
570,1055
481,1656
834,48
1540,135
1443,1437
1812,1342
1110,1657
1296,1051
1056,1258
381,1191
462,572
820,593
794,774
341,1943
1667,1621
1365,291
1852,1752
559,1491
1984,943
1677,656
1043,166
399,1062
1504,334
1696,111
968,669
1173,755
207,41
968,186
1059,802
1053,192
51,1358
1441,1235
785,1548
646,41
1763,129
634,1080
668,1639
1502,942
1159,1181
1720,1008
49,882
1082,103
1952,476
1787,1157
1123,1735
759,1574
1851,1596
1371,253
1191,1995
1406,505
1843,1483
150,1296
1640,397
1740,1322
1891,144
308,1004
1043,1820
827,1503
1381,681
229,181
1891,1184
1072,412
1062,1671
1180,964
166,1615
1995,1401
124,1367
730,1751
863,258
744,536
202,67
66,817
1165,1295
1207,334
308,531
381,144
1566,1616
1780,788
265,1312
1523,865
1927,1668
1693,1564
957,113
331,621
685,498
1816,1423
94,1640
320,1344
1476,185
918,83
1004,1042
179,303
253,56
378,1366
1768,785
673,194
355,537
974,1303
895,518
1413,35
1852,549
1536,1848
253,1947
404,1736
1959,878
785,1203
633,1191
1646,1628
595,1404
756,56
1051,587
580,1025
1605,333
471,1003
990,1641
1693,763
1918,193
398,1253
44,1493
355,1265
1734,327
1242,1429
1050,812
504,749
779,1459
532,1893
160,229
904,1361
1170,386
886,657
1247,422
162,1632
394,1519
237,1385
293,1928
1338,1427
1478,312
255,1271
17,1994
1452,1033
1922,1807
1137,1366
981,813
323,1730
451,681
1693,402
1313,855
785,563
158,1958
351,1649
260,1017
630,172
949,457
22,3
102,216
799,494
651,1168
720,239
1349,1239
397,1035
224,565
1897,733
853,1606
1474,1126
1994,372
1988,1734
1584,738
398,1734
792,216
1846,496
615,941
1935,253
1659,1011
420,573
1621,1830
998,435
1418,1833
627,163
261,976
56,1572
287,1393
190,474
378,512
203,1533
1317,526
1137,1506
721,367
499,1363
385,358
124,1126
597,823
1326,636
1555,1165
1250,1344
356,1983
420,1768
913,328
1125,97
1971,157
842,26
1338,1934
695,970
1072,1213
637,1337
1361,1151
1579,1797
1820,1674
1328,1537
1082,246
1365,66
6,726
1605,581
1944,910
462,1836
1351,1448
806,1883
957,109
1688,831
57,600
210,1949
854,166
791,199
400,1879
1145,325
1244,1045
1836,305
1511,41
1657,453
59,763
530,1773
1571,1629
1154,0
1586,1986
245,559
16,1022
686,881
785,1458
372,436
1017,786
1047,1780
1241,1915
1986,315
141,57
1616,1072
1367,393
358,1857
992,638
878,799
1365,1106
416,1590
1746,146
315,1895
1172,1899
572,1532
572,1734
777,69
1818,1010
124,255
103,1181
820,1585
1074,1784
1319,1176
1774,1386
641,1111
614,1852
1552,1112
1554,1781
1683,1543
691,893
911,1285
1957,1582
1666,1777
508,222
1450,870
1057,1418
1488,592
831,1074
363,1608
1495,56
39,861
270,792
563,693
1587,41
56,473
653,667
749,1941
702,1191
1024,1209
660,1769
1277,1453
810,1255
1836,1632
396,1134
1278,785
1133,329
908,723
1473,1378
754,699
724,448
1286,745
894,1141
452,1853
537,1295
166,1033
1888,921
646,154
649,1821
120,916
1805,275
296,429
1206,56
1854,957
455,542
1388,1430
106,548
1482,286
546,1127
307,591
367,23
20,1040
1420,804
486,1079
41,1494
930,493
1771,925
1984,1824
745,1906
514,1197
54,1667
580,1494
1851,1748
1682,456
700,1010
1168,1851
1645,998
253,520
1846,348
1842,1082
1201,1365
261,544
261,1125
137,563
1711,381
1378,1607
680,703
596,1948
1125,1095
1490,729
1669,764
635,217
451,865
1635,1707
755,924
94,1865
701,530
1200,143
1708,1692
1491,334
768,134
1289,1527
648,1512
458,774
171,1396
1897,144
1313,1967
938,1017
1894,1717
1690,899
177,1474
506,890
1270,789
681,1516
922,740
201,1117
436,1760
209,1160
873,579
825,1798
668,1962
1669,1002
738,921
1498,1488
193,1723
1710,1681
1766,911
1734,1210
1279,1299
1500,1711
1280,1651
215,266
1816,445
1593,1609
89,595
955,1882
680,663
754,1667
753,294
900,982
346,1704
288,983
1168,1145
177,1973
1674,201
1632,208
1867,1437
1161,415
1325,1457
255,1342
377,31
966,554
935,1135
1042,814
527,1916
1761,253
354,1426
1727,1510
1292,1929
1322,745
1718,255
791,1734
1315,136
1602,1432
1006,1184
1187,1934
340,673
677,3
1533,1090
425,883
1409,171
650,33
952,1557
1161,1512
650,1198
1576,281
630,889
671,1157
1984,57
896,1994
106,289
1729,294
1336,1296
1316,1325
407,1228
1594,115
9,381
373,1031
530,629
236,574
1728,1298
755,1074
21,1494
1594,854
666,1320
945,101
1953,1158
490,1742
776,1296
1832,65
1648,529
389,370
389,170
1725,1909
785,115
1814,290
700,1287
1008,1372
253,776
30,1912
1995,771
1828,446
752,1362
156,327
1691,1101
104,236
1125,469
145,1142
1011,1116
367,1786
1191,99
1805,433
1236,1642
381,104
471,1632
774,1856
1132,1858
1365,1393
130,1153
1924,1114
1408,1845
25,1966
922,761
909,1471
253,1304
1468,1816
394,224
602,1734
1089,1052
463,66
1367,1012
1503,984
1867,1908
1912,16
1052,86
1111,894
623,1734
604,1568
1046,1967
81,757
1048,1198
1630,390
1548,1984
1598,381
1105,1909
310,1010
1618,111
1203,1396
965,445
227,41
1252,1959
1103,440
41,434
255,437
1271,1503
1518,1559
793,1354
459,1913
1441,1473
439,1132
990,644
983,1664
701,622
1753,196
1685,188
945,450
1368,396
1837,1569
381,395
253,1823
411,531
1037,1455
1229,1798
1659,320
1638,995
253,1380
1764,185
1648,683
1851,1767
1314,1324
758,1875
473,325
253,468
1817,960
757,1618
1707,253
58,458
1617,158
1003,174
581,826
1942,1120
324,785
460,1437
1891,349
46,1687
1185,80
83,1550
965,1395
381,785
522,248
787,1753
891,817
1991,1376
620,774
1332,827
781,412
114,1033
57,245
670,1841
1836,252
1241,337
586,1306
338,1525
878,1510
1697,797
1189,1721
1668,663
381,1891
1030,608
1439,1891
1742,774
680,1356
253,1821
1482,602
974,381
507,1639
605,1535
1758,764
253,865
1744,1528
137,1369
491,737
109,785
160,1374
844,1206
739,1668
173,1158
1659,962
1116,317
187,1266
1142,1593
1774,1959
614,500
1260,1230
1185,1093
1358,879
1476,467
746,1139
775,797
734,150
1191,913
1695,605
1102,1203
1619,950
178,57
1538,1004
57,1101
1624,1108
232,627
1934,1189
266,1893
1774,532
113,1608
827,1294
506,1965
371,1513
909,1576
1894,1902
139,1718
1073,232
736,6
839,688
135,1742
8,253
671,313
874,1773
504,1275
26,1171
544,1533
1297,321
1591,1884
1503,1632
1268,1077
1615,999
1787,284
241,1959
865,1328
1561,1503
1078,525
209,794
1763,961
1950,1936
473,1763
1640,1852
584,1423
145,515
639,1924
1742,1638
1391,830
1375,692
792,1531
368,949
572,798
445,1987
1651,443
454,1959
864,1693
1652,1531
1321,516
189,304
924,392
1391,1163
230,1765
1249,334
1840,1060
554,110
1838,172
923,1734
572,1912
1035,500
1091,91
1598,900
579,1403
1013,282
269,1145
1530,1115
760,266
790,935
607,250
166,498
1997,271
1334,1043
383,1396
1834,1135
1383,1801
1010,444
701,588
1600,240
772,923
1739,365
785,1473
713,977
1639,1775
1224,1478
40,194
1599,855
1427,467
1113,1082
1836,9
43,57
1959,45
294,1828
1096,1275
1790,704
1190,1083
1190,395
381,779
742,1722
1652,1462
663,408
1132,743
253,1440
561,320
1836,691
1219,741
392,1578
492,985
1923,1062
14,1910
981,1739
1050,366
177,942
184,583
377,1677
733,1582
879,934
1700,41
1771,1217
672,766
1516,1526
1273,1015
1652,785
1815,253
1882,266
1875,355
810,486
1496,1940
384,1143
382,1085
113,1696
1365,381
1790,1170
774,766
1969,247
1041,414
166,1940
805,667
57,514
1767,857
768,381
329,462
1905,1361
252,183
573,1614
1190,1010
1652,382
322,959
1124,274
367,431
1464,1489
1103,35
1289,39
191,1529
253,1977
334,166
1974,1132
624,1956
1276,280
394,427
1417,99
1024,502
266,1701
1335,1757
1191,1332
1734,168
1411,367
46,1714
1891,505
1243,1466
980,784
609,1010
1341,253
125,1379
447,259
1026,899
165,621
1904,293
725,1284
1129,902
1444,1397
47,1094
639,1322
1424,1307
771,616
1915,484
721,83
748,872
745,230
257,1194
1059,175
650,941
3,1652
1120,413
1668,1744
219,266
1156,481
156,745
241,1987
3,728
582,1927
1054,800
1339,933
647,1827
3,56
92,265
1501,778
253,116
850,1041
626,391
373,364
1726,169
1802,769
320,667
1265,1046
1144,1137
444,1873
1027,332
1594,1216
1367,1404
984,1447
1694,413
678,1757
1423,1862
255,1312
1663,742
402,1699
1883,381
1632,745
1049,320
1640,424
590,1176
839,964
367,1521
61,481
381,1539
1236,1574
1912,1225
1654,50
1420,691
1964,513
1682,953
1129,916
884,102
571,806
139,1668
110,1089
1925,57
1470,814
707,743
849,232
1592,57
448,254
203,73
1004,821
650,1908
1794,17
791,188
1638,904
1368,811
317,412
1729,1464
822,1495
654,95
722,768
921,977
1984,747
1028,86
1215,285
1390,553
1240,850
449,1464
236,224
1179,989
1464,199
1132,18
1905,1653
1742,1495
1652,717
1076,354
1294,118
1043,4
1201,1474
381,1347
98,1000
785,859
992,76
1552,1324
1698,1307
1106,799
25,1956
804,1710
815,233
833,204
1951,1486
1999,185
1887,1958
1001,966
16,477
1505,1666
1299,1946
1952,141
1893,253
1414,1319
109,952
210,736
746,526
1574,1854
1265,826
1700,1244
170,1023
195,1754
1547,72
1191,375
295,104
1316,1019
695,41
1720,419
1196,189
1024,1634
1349,31
1098,589
235,253
1621,1981
1972,975
1472,948
951,885
1281,1473
74,756
722,1861
1348,272
1675,1582
1191,1281
1580,869
1910,544
1999,238
1109,250
1425,477
98,1552
171,1835
919,1114
1879,859
633,1691
100,15
954,1788
1166,805
1233,1851
1464,1352
1756,214
1346,1836
1356,1891
298,1204
1760,619
1700,1848
662,350
615,1896
694,30
830,1053
1515,112
1084,847
1083,783
588,1361
1912,1293
1237,114
1398,814
253,1060
1551,235
1359,1987
1413,809
166,1461
1249,441
56,1777
52,472
253,810
1853,118
1583,1208
646,1937
1556,496
443,1406
895,1469
181,1770
422,292
1526,1796
1039,593
1478,1454
680,1841
302,1243
1984,1926
104,555
381,783
197,963
1533,1203
208,1701
1293,705
1548,1955
1652,137
981,309
1039,830
1348,64
663,965
1518,679
1723,1778
1713,266
1884,253
253,1075
1540,600
1061,105
148,240
14,1054
1929,114
1701,241
260,1183
1093,491
1189,1030
403,192
1831,1959
1102,1420
1187,1043
212,71
1223,1417
1025,1764
311,840
1440,390
677,1483
352,1516
856,651
90,732
95,1346
1341,1864
863,1278
407,785
152,1083
499,1179
311,259
384,951
253,1966
1387,425
724,1589
1621,617
1187,794
317,892
1984,1715
1751,1669
1997,1871
1688,473
1594,1685
1459,1484
463,214
530,1965
136,508
1814,913
1142,1978
387,1666
1184,1510
1871,108
1463,999
410,1191
1762,925
1305,476
785,1549
1595,785
481,1727
1999,901
1323,105
1491,858
1639,388
7,623
1484,768
760,719
45,308
320,953
652,1089
866,337
1945,1519
1734,458
1614,811
947,785
1483,511
1314,1116
1310,56
35,1839
1753,711
1229,169
1276,923
1214,1174
1693,1155
889,1323
28,1936
1408,4
80,25
477,488
1462,1836
724,1205
1869,1357
669,1070
908,538
1693,356
1990,1233
1172,1921
40,647
696,1403
1652,413
567,237
66,1735
1488,937
1725,1970
74,1365
1112,1259
1901,385
36,890
188,118
529,375
1639,977
798,1448
509,273
785,100
1850,1830
1194,1988
126,553
280,122
1522,1895
1956,1117
265,293
858,1608
1347,1503
1418,753
836,253
28,723
768,57
323,1712
489,464
706,1347
1772,1496
998,470
1553,636
1503,1670
905,851
56,1836
1452,435
281,725
424,1826
140,20
1451,722
1283,920
552,285
1972,987
1308,1633
1913,172
66,1979
343,619
117,582
144,837
518,1429
1276,1849
1934,57
1096,882
473,674
1978,1641
632,1271
1503,1063
1567,788
228,421
1210,202
1559,1858
834,933
1043,1050
865,1333
1623,271
1291,390
457,728
823,1125
1263,343
1615,1835
1493,424
618,1672
587,1290
672,1407
1664,1287
767,1355
1665,1060
1420,141
1989,378
156,973
1487,1504
1288,823
1672,214
1943,1700
679,1679
1612,1795
434,128
485,1976
1368,1377
1483,1257
582,860
1358,1901
269,1733
726,1090
801,728
1242,1128
1860,1469
253,1396
29,1836
423,162
519,956
230,1564
773,65
381,583
1696,1734
1189,1165
261,1065
106,230
432,1351
1990,849
1079,1938
1851,1799
1178,366
851,454
1791,1479
1954,160
253,1560
57,1397
1819,577
590,300
936,1128
258,1121
1438,1539
785,1523
182,809
112,1907
929,1881
272,275
1984,220
880,1648
1103,565
1310,1784
1434,381
34,1311
833,386
1538,24
1777,166
247,917
1464,251
373,1523
1577,1856
595,166
785,1776
1805,583
1752,1797
1680,583
961,1505
253,473
261,1781
961,1125
1693,1136
381,908
1323,256
1355,1646
1440,826
1581,431
1594,745
1613,225
1961,108
1546,724
1933,1181
660,572
1389,1220
1452,535
381,147
1440,619
1166,968
579,1700
1046,1229
1805,143
1869,488
1345,1874
588,1221
1589,1368
177,1336
1927,340
1100,1168
644,69
629,1084
279,24
1382,1334
157,1963
714,1838
1545,1640
785,1390
1992,703
1199,65
927,190
1623,1420
292,1637
702,1222
1927,609
138,941
1590,528
1824,777
1953,1628
658,83
603,1034
684,1130
886,1031
1958,1105
1836,1024
975,253
306,259
1626,472
71,155
97,44
1587,1911
1498,1693
1175,44
858,495
57,785
884,1717
1169,174
107,80
1307,1606
1665,1052
1384,636
898,1627
474,456
1191,278
694,291
125,1714
1876,1959
501,73
1464,1431
1191,1277
1853,821
257,1320
291,1691
198,1278
701,704
347,1827
146,68
205,796
365,1342
1903,1067
688,253
818,446
854,769
1547,750
1465,56
253,313
963,687
1525,1799
1287,243
709,423
76,1678
787,1172
376,1398
450,825
563,979
1082,1486
1804,57
793,543
432,1500
773,1487
1091,965
474,327
358,317
1749,1959
1474,1073
668,111
1580,451
56,1487
1197,694
234,253
1771,1085
1642,408
414,268
507,219
1443,1759
1037,747
322,825
1038,666
180,631
567,253
1890,562
319,857
296,506
995,389
1575,842
1168,1743
330,703
1370,1204
1378,1013
696,103
1127,846
1536,1510
468,529
267,365
1701,1043
405,284
228,546
1959,1503
698,1586
785,206
1975,176
1860,1717
253,337
396,1431
998,1534
847,1309
56,516
1604,1477
218,41
969,1889
1836,1256
1387,465
539,1897
1535,1145
655,1191
588,19
1851,832
140,1930
583,1197
940,299
482,1925
1170,580
1824,1178
1283,381
253,1603
1635,1784
1105,638
1293,1551
1669,238
411,106
1843,1754
613,1813
212,65
541,384
1638,496
1173,1912
202,221
737,1842
491,813
578,1063
725,981
1943,768
1003,1544
1210,665
1961,785
1096,1231
576,251
1010,858
164,1905
273,1658
1909,1981
1109,1018
63,552
1479,917
1430,705
1836,165
1037,67
15,1607
1690,1572
381,415
947,1906
182,589
1019,1113
56,1913
253,75
1650,1531
872,1208
14,974
538,701
167,1422
400,1125
1420,1312
43,725
305,1198
1435,1722
880,1115
406,879
84,1962
1622,1018
1226,499
1039,1177
1769,381
753,417
93,1567
391,1647
365,398
1597,1983
1609,1773
738,1154
1043,854
190,1984
139,148
1255,584
837,133
111,484
287,1272
276,1866
1902,1932
1643,922
1832,1959
10,785
1865,828
863,829
433,622
397,367
1491,332
1416,424
807,1238
708,944
1119,1709
431,876
1202,36
713,610
486,59
1652,1731
714,920
1043,306
19,1346
1043,336
1443,1914
1742,381
662,1095
1306,202
1053,868
225,1877
1353,532
618,453
1083,262
1003,37
197,1420
1121,530
409,1917
841,810
1168,625
1442,515
1865,349
104,1493
253,612
1486,457
1251,915
10,339
1132,182
1734,701
153,1777
1274,402
1431,821
1903,161
277,227
104,1159
1807,1936
1845,373
1409,691
1041,480
104,1535
525,1949
218,1039
381,1978
1694,286
1560,226
506,612
1637,1114
420,490
473,1340
1818,455
1838,574
1029,358
1432,231
57,219
1672,1050
1461,1292
1927,579
36,1766
456,1472
947,34
1025,1866
425,1406
332,1765
1032,1108
316,1371
456,1903
522,1521
656,1877
1365,1513
414,1098
1859,104
895,1594
1258,599
319,997
710,1914
1983,517
160,1050
421,1771
283,1180
1959,1747
542,403
1960,98
1860,1500
948,645
63,835
286,1846
1389,1226
267,496
166,1902
1260,1488
1190,45
187,725
1448,1908
277,788
255,456
1368,1860
1703,388
1945,730
1804,399
443,1713
1439,533
738,1034
462,1410
538,1473
111,1000
1010,1022
1985,1846
1036,1577
424,1289
1031,1767
1676,1693
1819,423
1698,1895
818,871
56,1851
1272,1771
1782,1168
547,1079
1924,1700
1500,790
1984,1736
1370,1337
996,148
1069,1483
643,1163
1643,946
1146,167
666,1407
123,1405
732,1716
1540,114
1479,883
1724,1678
403,1328
246,316
881,1832
1526,1435
185,1540
36,183
381,344
381,508
70,1191
556,1259
1707,1984
65,1583
1647,381
1506,1765
887,1421
1964,1760
1043,1589
1669,214
634,1252
1450,99
253,1836
559,195
663,481
806,765
737,1394
18,159
1886,92
1245,1159
1587,598
1453,1418
1520,896
1700,1962
1590,1546
1771,1959
193,583
664,32
1982,433
886,152
750,254
526,71
498,1016
731,151
1734,91
310,808
1510,395
430,1064
57,401
1723,1522
285,130
169,75
1579,231
334,1574
1069,1357
36,478
907,587
22,543
1734,1173
1497,1733
69,881
1036,381
66,411
1915,1252
901,1409
1466,701
1714,3
1415,1677
1992,1010
1453,800
253,1350
1458,1895
745,378
345,1704
713,1984
369,120
1998,1203
628,90
218,1455
1483,147
1639,1005
412,205
166,257
1524,57
467,1099
253,878
1732,1293
110,1441
1739,1762
1204,1076
1067,935
1875,1680
1089,314
189,1943
1058,298
1288,1844
440,1796
1757,1218
200,507
1230,1045
1623,897
932,1379
540,1594
536,1738
1156,381
101,1384
1168,320
320,893
808,1599
654,365
392,1833
325,372
1365,1760
1215,1693
1806,57
222,1836
1648,1968
381,838
610,1044
266,424
1871,960
1821,1703
1143,1850
1042,444
701,91
36,312
1632,1248
166,886
299,380
376,113
1746,1745
1474,1169
415,1900
503,1243
1391,1073
1959,594
591,292
708,1583
1200,982
1195,523
1941,239
959,1374
599,705
154,32
867,1214
896,1146
1297,939
1726,865
1462,519
656,104
15,1860
635,1300
569,1212
267,1973
283,1811
459,1589
914,1321
1066,1282
251,926
376,477
1950,1261
1875,1595
293,369
761,264
1460,298
1171,1906
1376,912
1648,1451
1914,551
645,99
584,814
519,253
1697,1151
1699,1123
135,973
1822,1126
785,1892
926,822
1175,708
641,1062
1081,1949
255,11
1382,1333
221,1058
1412,661
1661,1645
1009,521
394,631
1693,1558
742,166
375,178
831,213
79,575
1360,633
384,829
319,755
1208,868
1718,1975
1700,774
918,1509
1016,1633
1124,988
915,640
911,1544
1978,1481
1195,1514
1464,519
1960,1421
493,682
798,688
1348,1574
374,1468
130,625
1307,308
1620,1906
1636,941
1644,1233
1725,1152
994,99
370,381
384,1985
320,78
949,970
1068,1755
498,590
564,57
1372,1022
729,152
333,903
855,994
915,57
1507,1021
416,1874
1501,960
1449,1891
896,47
856,928
390,51
541,269
1351,272
1383,1343
1847,166
1464,1372
1868,337
1300,784
234,756
1799,486
1172,173
168,877
879,845
1536,1700
317,1881
624,1503
348,907
367,1264
1283,1006
362,282
161,1545
1747,258
1777,1251
1684,639
825,676
1775,664
471,335
34,1439
313,381
1555,1886
1851,392
897,1984
712,1298
1740,1168
198,1595
1993,995
81,1833
1888,786
220,998
1649,56
794,1562
1750,701
726,1430
77,316
1094,1385
1741,1620
1317,1872
830,861
1870,1778
1836,1757
249,341
719,104
1120,41
271,25
986,1635
543,679
876,1652
769,1506
557,213
388,495
1085,1344
518,1784
1380,81
624,171
950,1221
578,1130
1650,701
332,404
874,1865
832,381
993,1715
1878,1537
1634,680
274,1569
39,834
487,1831
506,1734
163,1460
903,766
1294,1698
1010,1433
1458,473
888,354
648,415
969,1213
1243,1029
78,1573
150,888
649,1326
1342,126
1191,123
1965,231
772,239
1642,1881
64,1619
788,1372
383,815
1965,616
1092,1519
1549,252
1820,213
229,1527
280,569
732,1049
1819,1303
1984,117
692,108
1299,1842
1115,1067
1785,69
206,874
203,1568
1836,470
898,29
625,1247
1153,295
1980,954
1121,494
481,705
42,1524
1003,274
55,177
424,1833
444,236
1473,1444
429,1329
103,990
1150,184
669,42
393,1687
1622,1944
1245,1633
1660,1137
473,682
1773,628
785,1959
1898,1984
474,273
1584,7
1752,528
1879,1273
1034,363
191,133
1043,192
568,1511
1610,194
593,210
1279,1694
284,741
1197,1502
1148,1748
356,1331
955,205
1125,1957
1218,1043
1423,1092
665,1736
559,1269
1165,1836
1400,1117
1384,914
216,765
1694,1918
1993,1515
36,285
254,1380
1386,1218
998,253
1049,889
560,1708
1797,1536
89,1376
67,492
875,1678
1170,1810
1692,75
453,878
217,803
1484,1580
752,653
1383,658
423,778
1959,1595
1246,1833
1553,1841
1336,1006
1008,177
361,1525
1502,785
226,1521
1867,91
93,473
1700,1080
1196,1859
373,1066
3,1904
1551,1252
435,1378
1503,1700
1050,1499
1657,1476
14,1212
270,1984
594,785
1188,1127
521,934
1858,1194
1470,585
1470,45
253,1395
785,1409
1271,1460
206,1562
1800,1775
1271,78
1040,56
690,1390
1358,1508
183,1771
606,1401
1522,1700
828,1925
1073,65
1906,253
1372,954
211,944
678,801
994,48
1619,1263
1821,1944
243,1634
1353,1655
127,1785
841,458
785,1984
359,1221
1611,122
834,1670
1510,731
607,1262
381,1362
1629,1851
69,1294
112,1473
1502,533
1841,8
84,1131
836,800
589,1873
160,155
1800,1386
1775,885
1823,1959
202,1421
1762,774
998,876
815,424
1662,781
521,1184
1099,41
1318,1134
967,1186
1880,1574
1708,581
1685,984
1306,1167
19,906
1734,1788
1930,60
1863,1681
264,418
517,1192
819,1827
1769,1966
878,1668
56,57
341,3
160,1228
1400,131
1162,692
802,1597
1292,1269
149,257
1751,253
1921,223
419,943
1668,175
1734,1574
1783,525
1890,835
1845,962
1671,158
964,826
973,558
1702,128
1532,816
1797,1541
1424,1373
109,381
1290,1642
1304,820
164,1975
450,1151
690,534
1117,381
1611,996
1646,1772
56,723
675,1166
1287,725
471,1101
253,85
1836,920
1106,1723
1690,1573
269,843
1183,1594
1904,253
1136,1628
1122,252
65,1008
1385,1057
542,1866
739,905
473,1709
1320,1731
668,96
1388,930
761,93
891,1194
1607,1962
1854,791
37,1576
730,1491
680,1631
36,1398
635,1150
381,1350
198,1916
1313,882
126,360
1863,1927
1549,1907
1796,159
1414,1684
1246,125
495,1156
911,291
1179,1895
551,1262
1984,1777
634,253
1984,122
430,1692
755,1944
469,35
838,1015
432,531
32,645
912,1581
1753,699
1318,1837
1306,235
1125,326
1503,1898
256,36
852,734
1964,1843
1780,1716
1241,1657
253,1076
1984,336
771,62
1628,289
112,301
1563,1010
1617,1303
1480,154
1782,1895
287,725
1359,937
1865,1471
1301,717
931,494
1414,1020
1104,136
1663,1070
1444,1509
1223,1246
298,946
54,583
165,1239
94,44
475,845
381,428
395,1420
3,816
1468,1539
11,733
1326,371
864,1644
1700,381
535,1011
1486,516
527,8
1776,477
1531,1497
57,1588
963,1808
364,181
1337,263
1055,1877
295,688
1908,861
115,1801
1661,1168
512,381
36,1600
225,1215
1414,1882
840,1801
1139,540
1207,806
1731,1293
990,41
678,279
200,1192
541,1728
758,570
1634,1012
1105,725
1219,796
707,1652
22,1952
1445,621
133,1107
1744,1311
289,660
479,1567
1219,1888
216,1999
1790,1931
1898,1464
1564,715
1813,1224
1761,166
1806,871
253,800
308,1092
1347,1249
1726,1100
1446,1328
201,806
1771,1840
720,447
94,268
1257,1639
1430,93
375,1268
473,1262
1176,1647
143,1606
86,88
1356,207
57,428
872,152
731,1285
998,1476
39,509
1550,768
1726,253
1874,1618
235,1226
500,218
1086,775
502,1967
1377,1925
1251,1688
1658,255
1655,643
1929,1256
1160,1079
493,1473
545,71
131,387
1836,1420
187,1135
463,1132
1612,671
1165,1079
1355,1211
640,426
508,1980
1369,530
337,1486
607,1656
1480,57
837,420
189,1836
551,41
36,1702
456,1838
1817,46
1939,1232
904,1554
54,1185
1800,441
90,681
1540,980
972,1706
1989,253
1980,1984
1869,1919
473,326
1507,846
1446,60
702,1610
497,1146
797,958
56,1323
1329,898
974,2
1870,370
381,1168
1499,510
1947,31
1482,1081
227,1857
1542,212
1832,774
73,1077
281,1930
1330,540
384,410
13,1675
785,1449
1133,1496
1118,253
1365,63
826,1836
1792,240
326,381
1693,1653
1637,978
1986,607
1070,1104
1658,1095
1856,714
1316,199
523,586
379,594
263,1315
1243,1823
1051,1425
1693,1490
60,503
1288,727
424,1454
586,264
1477,1513
1503,1463
697,1102
306,1834
1642,520
1241,1398
844,954
1973,1282
1180,101
247,1037
1467,391
25,1563
1402,346
288,517
602,955
1553,1348
1728,490
1028,1520
562,563
1098,314
1504,1636
466,300
1174,1891
584,204
1464,350
418,1912
265,1626
1642,1274
842,1404
378,334
381,37
834,1748
1927,959
1668,1616
1498,1386
841,1118
159,513
1305,504
1000,969
166,367
315,1503
848,821
366,1437
82,276
1541,1611
1713,834
1464,873
864,640
654,199
862,1845
803,227
174,1614
261,360
782,1655
57,984
1226,456
1655,718
278,1541
1920,503
1829,1964
1589,782
937,1766
22,231
805,921
278,1159
1572,1934
1495,1594
1631,1946
326,36
1555,749
1080,1652
1683,473
1255,1730
1431,1423
1293,314
1578,462
1464,1627
253,1059
270,1325
1187,504
1699,1298
1303,1147
69,489
1191,1600
887,180
770,1395
1309,1462
364,729
242,1009
1226,1168
1382,36
241,344
663,740
36,1112
253,1121
320,1732
253,1108
986,1419
1794,1661
1969,642
1442,1411
469,162
69,1767
253,1248
1627,20
951,0
138,1954
345,762
1153,1232
384,1714
1785,1652
461,603
1824,770
381,412
1517,1056
232,253
