621,3388
191,2564
252,2881
3264,1722
1646,1868
11,2345
755,3887
1085,477
3150,413
4,2224
3767,2665
3116,629
760,1931
2774,85
1859,2578
1583,996
487,2241
2867,834
2809,297
689,3267
1273,782
3260,1161
3135,155
1030,1612
545,2050
1608,309
890,27
572,520
432,2798
346,853
32,2154
58,2281
1417,2746
1530,3841
2637,1892
853,1359
842,3280
3315,984
2006,302
1059,1743
1038,2006
2159,3897
2555,2472
1437,1984
625,3481
3229,1621
3562,1177
1867,2838
2955,1899
3638,487
3775,336
2936,872
12,3052
2066,2251
2109,3967
3990,1554
1844,13
1872,3804
1061,2419
565,896
3235,1698
3827,2074
1877,2562
3911,3830
761,1746
3752,293
3284,1362
2974,429
1682,1792
474,3628
832,3966
1135,3227
3228,2603
1115,2855
3970,1593
2079,993
3391,3423
2109,2785
3421,221
379,274
2664,280
1613,2217
2853,3318
3011,1334
2711,2667
1585,2077
3215,2561
741,3367
3179,3185
2508,1435
1762,3825
611,702
1778,3258
918,3036
285,3179
815,1407
249,979
1715,1888
1508,1384
3774,3948
567,122
2146,886
131,1701
2741,2334
2867,1045
1092,3808
29,644
2255,2196
288,1244
3718,3057
2101,2683
316,1410
3515,1510
489,2213
2545,1279
2641,2269
3479,107
2333,1270
1909,1716
2408,2239
1498,145
77,2731
3650,3412
1007,984
1545,307
2962,570
3606,2016
3713,1152
2706,1204
2107,3179
666,456
2342,3920
2746,769
334,852
168,3167
2491,2355
923,1203
397,215
2096,834
3493,2297
2945,1688
2613,2208
3190,521
3312,1144
237,2401
2819,1968
2347,3088
1895,2752
1773,532
1840,3531
3,2003
3624,3680
2529,1138
621,3169
2591,2650
340,2413
3047,1957
3889,1398
2292,1279
361,2113
346,2668
2580,817
860,1206
2372,3213
1872,2895
1242,475
400,379
1620,2168
2537,3780
2929,2788
3676,1517
142,2414
1008,3967
2236,3494
581,775
2383,3497
521,1569
1298,1115
1363,899
2006,1326
1366,2041
3739,818
76,2728
3079,2442
741,2840
2202,627
3203,1137
3202,2902
1650,1374
3144,1006
3664,270
2176,3727
3980,519
1232,1400
3519,3179
2277,2465
1849,266
297,1191
3867,177
4,3531
83,3762
2822,3983
2125,697
2670,1891
1254,2989
1075,668
657,3579
2767,840
2896,1538
473,1257
3393,2922
50,2904
1550,1858
2127,102
1410,506
3682,1963
1347,3710
2168,1483
1222,714
584,3859
3560,3561
3779,432
445,2117
1586,1613
1350,2320
924,813
3212,2827
1656,1539
2408,3300
72,467
102,3959
3959,2046
3499,2128
3224,3399
2556,3242
3780,1742
3237,1862
1093,1296
3427,2036
714,875
3673,1813
2749,1919
2834,2331
3420,1169
3945,75
432,3510
3972,3188
1630,2770
1379,308
3812,376
3932,1459
2763,42
1370,286
3549,2486
2360,2416
2825,1162
2891,1953
416,2043
3851,2059
3021,1874
174,3951
97,1458
3396,785
20,939
441,3271
1685,2247
1737,1254
2318,2136
2241,161
2570,1130
2206,2046
1311,1091
3938,1653
3012,1591
1774,2326
3965,279
1628,2968
3842,3076
362,376
2422,1852
3701,1522
3685,2524
3492,3359
1169,151
1899,3321
2186,3358
2026,891
938,1115
3424,356
1366,933
1468,315
2367,886
1348,872
2815,1015
3007,811
3858,2162
356,1782
1498,3259
774,959
1953,1373
404,3637
1674,2375
1718,1605
3620,2882
1846,1448
1358,2266
829,2195
285,2481
794,3657
2156,14
2902,2202
3650,3125
1860,1418
2698,318
545,1213
2751,300
3077,942
1781,3936
929,2766
2773,1261
1066,232
3941,2182
2313,1300
2831,1304
206,1131
2237,3524
3693,3806
1218,409
2990,2813
2196,3839
2868,1045
2014,683
3198,806
758,3598
3982,1189
1390,2652
2367,1041
3552,3808
3419,1464
680,638
2312,2914
1523,1922
1108,2392
474,1162
2682,930
1358,3475
2372,1905
1183,3997
1841,2902
626,1402
1875,53
1968,2927
2157,3410
2858,2334
2520,1759
594,3830
1670,1230
1644,1241
3522,1607
1473,2376
3746,3792
1709,3029
2518,3084
3020,997
722,2858
1704,1719
78,2446
2377,3618
98,835
754,213
1468,650
3429,319
3551,2692
2531,757
2492,3794
451,718
956,2800
2716,1694
682,2831
1957,3060
1595,3915
1701,1406
2243,1969
2655,2335
2946,902
1119,1292
899,795
2766,1795
1308,1163
2619,1265
2071,206
97,2183
1555,630
1612,48
734,1737
3291,2984
3778,2068
797,3215
2839,655
3889,120
2790,3016
3039,3229
105,620
3700,3013
130,1741
3418,300
1402,2917
537,3624
1859,3093
1182,2419
897,3456
383,2823
19,1080
3805,2129
1667,3824
1166,699
604,1887
59,3871
2251,3140
3680,1496
2759,1695
1781,1232
1719,375
2789,3626
3291,3846
2054,3654
3386,3665
1328,2860
384,3289
3196,2037
1966,3641
704,1207
1259,67
1235,3294
2744,3802
2787,1196
2643,3338
1952,1463
1437,3982
3347,3531
3653,810
3426,3856
3644,3966
1894,3855
2737,1175
2013,3098
378,3164
1564,1614
1028,3663
1501,485
2247,356
2339,2473
3159,2442
843,1559
1115,2754
242,3790
3517,1411
1978,3697
2025,1664
3687,2413
824,200
3630,2999
3039,3554
3379,2807
2473,3591
3477,2612
795,1985
442,3149
1908,1444
3402,1642
3629,1496
1769,1641
3238,783
2013,1818
2083,411
1178,1576
1291,1386
1885,2136
1954,2615
2811,1501
1045,3258
2114,1789
115,398
1837,3140
748,2357
3833,963
1483,3202
2511,1946
2336,1824
3492,3361
2091,2302
997,3579
1550,295
292,2578
652,2229
3607,1162
3829,2830
1165,1349
3783,1273
905,3304
3527,3182
1790,669
3270,1814
3451,1795
2500,2663
3325,1719
3185,635
3870,47
3179,572
1444,1559
736,25
478,1490
2940,3224
1799,1336
225,3673
819,2952
849,2746
2451,2421
2982,1010
3822,3179
688,421
1927,3654
486,649
3594,479
1725,3411
1568,2030
1953,1463
3455,2051
2267,3000
741,3389
2778,537
2964,3271
3083,700
1891,2665
3689,1988
945,564
1806,1107
3500,394
2298,198
3622,877
1338,1905
3811,3000
2151,3344
69,2552
3369,102
1115,1370
766,2719
2221,2430
719,1904
3687,3459
2211,3432
3531,2470
528,1162
2574,3813
3552,776
3832,1834
1910,159
693,1701
3091,3121
3465,3930
3019,2590
526,74
3300,2588
3094,2858
3170,1771
3226,469
762,302
1814,3179
3585,3848
2703,2112
2428,1691
560,2786
236,1491
1296,876
165,1324
1608,516
3329,3986
3327,2098
2889,3082
158,3758
1211,2521
2614,2860
397,1844
1327,245
3783,1856
2332,2043
1593,2662
94,3036
275,3305
548,721
1718,1466
3504,2909
2254,1214
1097,1573
924,2143
1879,1267
3646,466
1323,2598
572,2287
3282,2761
1282,848
1507,2031
763,546
228,2379
3157,612
1639,90
2145,3734
3662,3364
3032,1811
3142,1542
2044,3057
2042,908
804,2592
610,2375
3291,3179
51,254
499,2588
1445,2665
2547,3979
3584,699
1753,118
1350,3241
720,433
3396,267
3209,2298
3136,2718
466,2981
71,3870
1095,2736
3638,2484
344,3899
1066,1129
311,3968
1442,292
1027,3992
2703,2461
2601,3084
1109,1587
2265,2726
1487,3196
1919,1544
2817,2734
3583,808
1987,1529
507,2481
989,1915
736,239
2150,3564
2196,1614
2006,2901
1427,3681
2061,2371
3179,2204
2123,3879
2723,2943
943,3617
1872,3664
928,745
325,46
403,1208
3925,241
1808,3701
38,2619
1566,3204
3660,1677
3977,1125
461,667
1527,1853
2819,1459
2336,3568
2164,393
2249,1997
3526,323
2999,1931
2374,2045
3402,1866
1238,3299
694,1473
231,3689
1356,2539
2028,3490
2981,3194
3463,2616
2178,3704
925,2476
1593,2606
803,2446
3225,1767
281,3448
2396,2108
3054,3721
2879,3115
2157,3523
3291,2406
517,2643
297,3122
2001,2672
1763,2678
1651,2757
1008,2695
1518,1135
3273,2060
2378,3715
2538,3974
1301,1047
1900,1351
1470,1538
675,3113
2991,3403
535,1994
639,1260
3900,1872
2286,3676
369,324
3661,1297
2074,1314
3334,1822
1917,3405
170,3420
23,139
1268,623
1493,2179
3512,1953
2214,1747
2000,880
479,2351
3486,3545
184,2163
174,2495
1717,2312
2232,2535
1350,2590
1724,3513
779,3818
1978,1299
1189,859
1293,2151
2803,1671
972,1982
3108,3600
988,3783
3728,3765
2820,23
1107,666
1438,3689
2679,3826
2101,1956
1716,6
3242,3835
539,2643
3466,1191
572,846
2006,2588
3659,2023
1745,1289
541,1467
972,1170
1926,381
1306,529
2198,1132
603,1788
455,2595
1248,3332
3328,3516
591,2206
1758,3695
478,2540
13,1653
2995,78
432,1777
1521,3766
2503,23
2929,3656
3472,812
3365,2988
2410,3232
1453,3081
3967,2758
3514,3507
2521,3956
766,2020
2593,213
611,3373
3119,3937
867,749
2527,2898
322,2686
1558,2903
2342,651
2632,179
3123,929
1029,3527
1236,2523
1643,3702
3216,2802
2595,2698
3052,375
3740,982
1307,923
3291,3719
3765,12
2194,987
2324,3990
3022,1315
3942,1953
3252,978
1645,3107
3744,2886
3903,2879
169,1881
3193,3671
1851,2979
658,2226
1022,2479
933,3216
367,3324
3665,3674
1597,754
1031,1674
401,1674
2390,1170
2417,1055
856,1336
3217,508
3435,1858
2044,3999
1437,2334
1425,2298
572,922
2210,3366
1986,308
31,3218
369,530
1357,3170
2221,2073
2063,1942
3692,432
345,267
2343,2867
3893,2912
1947,2446
1783,1996
3682,3335
3224,3659
1280,432
1612,2696
1360,219
2431,372
1921,3911
1596,1826
2998,510
3024,2143
1307,422
2197,3365
131,2209
3100,1818
2240,2281
1787,2737
3764,2973
3514,1872
3036,1447
614,2426
2369,2055
2173,1248
197,1805
853,1693
3019,2696
771,2662
3805,3495
1619,1764
333,749
722,379
3593,3188
732,3842
1903,2127
1744,1721
134,2793
238,2200
2184,2899
249,1872
3488,1632
301,2270
3801,3513
2846,3111
2760,633
1517,1730
240,3258
3451,2925
166,843
3401,1291
18,2558
157,371
3753,1004
196,780
924,3236
1415,2235
198,432
2571,136
2380,2686
2085,1772
3136,127
2471,505
2671,2099
2700,975
2452,3217
345,1031
2999,3184
1001,992
1693,2262
3537,3498
3154,2039
1062,3096
425,2325
2863,1326
1595,412
55,1413
2006,3958
3330,1492
967,723
2604,3840
1502,2175
3304,3823
1084,3493
1111,112
1470,933
1544,865
3784,1871
1962,2704
3433,3539
1938,3746
1285,1620
1867,2792
10,3031
2239,3566
2890,1776
1461,1134
3577,694
2088,2363
3441,1681
407,2079
1260,289
3558,2446
1258,1040
492,1098
1013,312
2094,1076
3788,851
1548,692
1737,432
1992,1495
1808,201
2519,1648
3166,2808
3162,2067
1872,1312
1842,3967
3488,590
1949,1188
94,1587
509,1293
3804,1693
653,2446
2685,3308
2325,3185
1950,1934
2132,1807
1852,276
3072,931
2373,3856
1879,2950
2109,986
1798,3525
3600,2471
2302,1660
1325,2632
3268,2591
2666,19
2432,2977
2026,3905
1839,1266
3757,572
3888,3133
2861,2960
3192,3328
1277,3536
1092,2236
3010,435
2305,3673
3137,239
3592,3024
1875,2006
663,425
3407,2024
1069,892
3324,2472
953,1699
282,853
1388,2744
2584,2732
3633,1225
1350,1650
2902,1813
917,3602
3004,954
2580,1579
3679,2112
32,1388
404,2934
1038,2476
346,832
3126,1601
1305,3092
3632,2665
591,2619
1226,106
1023,1243
1844,249
1653,263
2184,2179
3351,346
933,2299
595,1126
1552,3561
3439,3647
2431,1107
304,1819
2538,3901
2799,1967
3258,1369
3166,2665
2765,3970
1666,3437
1144,2522
2598,1912
2528,2274
2625,439
2686,2471
3322,1699
1574,215
1027,2548
344,1918
822,1087
112,2234
45,991
955,341
3763,2873
1103,3745
2903,1099
3118,1881
3062,1780
3711,3944
97,1561
1332,2584
3124,3639
1020,3118
106,798
3754,766
3431,3017
1250,80
740,2419
3055,3450
3155,561
2669,1115
297,864
3178,3586
2393,352
870,1780
3434,3894
1624,1375
627,2987
1532,2525
3910,2624
988,355
2443,1304
3723,174
548,1701
1434,1142
1700,227
1151,670
619,2557
269,3420
3355,337
2344,3681
815,1107
951,2187
2846,1029
373,3497
2422,1455
2649,1801
3367,1747
346,314
182,3175
3810,2477
2191,3069
3484,962
2449,2811
3503,2409
622,1551
2439,1901
119,835
3817,2611
1693,1138
540,214
74,793
1141,2864
1721,3818
1616,1967
2274,726
2114,166
3515,2203
3965,3796
2427,3729
3097,2400
1690,1164
3448,1877
1913,2268
2360,887
1131,2448
736,2865
1370,3126
1914,531
1839,3034
2355,1351
3472,1761
1580,977
2013,439
3502,289
3910,43
540,3691
2099,1102
1243,1301
2730,2518
2484,2892
1599,3177
2597,3131
3270,1779
1124,3156
701,2370
2034,264
1036,1037
927,1697
56,3991
2049,770
1003,3691
2953,198
3956,457
1567,465
1935,1720
3644,1000
3236,138
2986,2019
1953,3824
2985,825
3280,1850
1429,1030
555,669
2445,2463
984,3326
671,1466
1980,1229
2666,2940
1204,1664
2512,1920
1537,2710
2885,3199
2214,264
3010,2889
373,3408
684,2438
3590,367
2733,942
3258,449
323,390
3882,1877
3143,432
2189,3357
1050,3140
1068,2648
1312,89
1119,320
1454,38
1357,687
3833,3327
2045,2318
645,2387
3139,1123
770,2131
1674,2692
1614,1845
2699,1592
3915,75
1341,965
1882,3291
2316,845
902,3868
970,1706
2941,2930
3596,873
943,2469
1620,3678
700,3910
2842,319
370,2830
1192,3265
2648,1804
2831,572
2379,2246
145,1064
906,3596
582,1818
1583,2997
3277,1109
1334,3044
1629,3755
1726,818
413,737
3163,3867
3194,3690
1411,2367
525,485
963,1920
814,1449
1646,1010
221,1394
1910,3288
1494,3643
3165,2234
3240,961
1076,2795
257,3444
2657,1854
838,1225
1699,2544
3251,402
1083,1878
2058,903
1262,2045
3003,3380
3748,2102
3945,530
2445,870
175,2550
915,3285
3818,1994
2814,637
3319,3058
3622,3730
740,2912
2946,655
1493,1509
191,2684
3788,273
2257,2369
3475,513
363,1637
3913,3639
1743,2257
353,1611
468,3281
651,144
2359,2416
2681,1876
2092,2703
2789,606
3795,2421
607,1774
1571,1746
1230,1227
834,2648
595,1848
3312,1901
2019,1748
1518,1294
1817,1575
3471,1900
638,277
1050,273
2682,3599
396,2644
1226,1730
3308,3430
1442,2688
2013,3669
569,3125
26,1867
758,3372
2454,3241
2516,3078
1413,1831
825,2553
1684,3180
1378,2419
2418,1000
2648,3375
1872,259
1135,2942
3694,2653
346,3538
900,960
2502,112
2250,1222
2566,3164
1661,1030
1897,1624
3672,451
968,3115
3211,1047
345,3654
2131,2871
3260,640
3133,1272
520,2070
477,3365
1538,410
3219,736
2024,2409
278,3328
1787,2523
1595,2293
3836,458
3463,488
1309,3161
3279,1797
2594,1986
1536,2440
612,1925
154,624
2534,1571
2275,3755
3296,3061
3262,3662
1673,1802
1380,3537
1946,897
579,3169
1831,95
2082,2660
673,141
2714,686
2142,2497
751,3258
3716,2479
3961,1297
2156,1813
2814,2057
2728,2923
2504,1468
3722,2589
1212,3964
1039,952
2199,1283
1634,961
681,3614
729,795
2951,1263
1468,3107
2611,1677
2188,3149
3772,2510
3923,1819
531,3352
2665,358
3458,1237
2946,3220
2807,3881
2178,3082
2419,2285
1499,1262
2603,3250
562,1259
3425,1419
798,2874
1615,3597
1972,1591
641,3036
1258,489
276,2533
998,2258
2220,3232
2228,1816
120,26
39,3252
729,328
3009,435
1497,3086
2641,3027
3634,2997
395,2129
3319,138
1920,554
3437,1184
1452,2197
1968,3112
2599,2381
3161,3680
3214,1052
2851,364
1362,616
2947,2490
2405,3863
1545,705
3648,582
1036,3840
3720,3552
495,1693
1353,787
2241,3965
3749,226
795,533
2673,870
1974,3964
1684,122
2602,528
3924,988
3240,130
1543,845
3541,1282
2218,2308
3449,3633
2337,3516
3940,2655
2599,2878
1727,1693
3234,2659
2985,2755
1921,936
2777,3381
2702,3852
426,1680
2719,3778
2594,2453
186,398
3955,1954
467,949
1479,632
2913,2151
3889,2762
2544,703
3942,329
2574,3594
3713,3222
3071,2435
2604,521
2473,2815
3242,3029
1536,2818
1194,932
2592,583
988,1457
1754,1934
743,1957
3738,1714
3552,747
2872,2922
1399,3906
3486,2060
474,2230
769,432
1512,3383
2761,338
2942,3727
2582,802
598,3991
2907,3040
2048,2665
3208,2631
3926,620
83,3722
1299,346
2149,775
1896,1783
3725,3359
3943,3036
768,1071
342,2687
2080,991
3469,1075
721,3381
1627,3552
1160,120
3084,1869
3178,1818
933,3552
2424,696
2641,3272
2391,3261
562,3183
1936,3731
1872,3695
3611,25
2450,1238
181,432
3771,976
1798,875
3170,2646
3311,1070
1331,3764
593,3070
2720,51
636,2578
3589,1295
839,2062
1119,2309
636,2275
1673,2859
1959,883
2198,297
1343,2496
3065,654
1576,3529
2633,3737
855,1990
432,965
2656,2569
2572,3862
1415,1554
1033,126
2177,3243
1657,2996
632,1187
3965,2366
1071,3769
2717,1173
416,2717
2551,1797
2006,424
657,3659
774,2581
3305,2206
586,1468
313,1121
2600,1281
30,442
2509,3705
518,2961
54,558
3934,3190
2840,257
2898,536
1166,980
1665,3647
3581,3191
756,1315
1302,2275
2016,1041
1132,3204
1558,1231
1385,2311
3372,3854
3035,3751
1063,73
365,66
2843,2316
1036,1818
1891,1705
3301,1261
886,2205
1626,1096
3925,2453
1796,1214
677,707
2088,2531
704,1537
2727,3739
143,1149
3838,2089
1857,2655
2917,3397
732,1166
116,888
521,3498
2007,1
3520,3924
1426,3580
2498,3285
1888,1951
3391,35
2980,454
1086,1419
1932,242
560,484
1048,3994
2365,3900
592,1984
3504,2497
3368,10
784,38
84,366
111,934
817,2665
1937,3342
186,1203
294,3311
1231,1995
893,999
3243,2333
317,235
564,2682
3304,617
1126,3048
1817,2863
348,3276
66,3031
804,2596
2858,658
218,3471
2274,1723
3031,610
946,3803
522,1167
1209,1955
268,2665
3784,2880
3841,1275
2406,498
3862,337
480,827
2611,1476
3641,971
1220,351
766,1002
3200,1830
1856,3478
3353,2899
2065,1145
805,1591
3253,2084
915,579
3363,1620
3648,584
2435,3676
2988,2642
816,2055
823,2846
1955,1621
3257,462
1683,2627
3747,1287
981,3454
59,2752
3292,2795
1476,1755
2777,2406
528,1451
1618,1640
1256,1537
3182,3408
1616,615
99,1511
1953,2954
1751,542
3382,2788
2397,2115
2653,966
1378,3751
1954,2447
1660,3356
3604,3754
298,2463
2940,207
255,2179
3454,83
3489,3951
2977,1769
3771,3064
716,2172
1871,750
2688,707
2029,1350
1830,1481
1717,3830
3083,2424
1529,1606
3958,2538
1288,2933
3032,1599
1526,3280
1668,3671
3797,1863
1710,464
2523,2419
1814,1252
1207,2117
1428,35
2429,2273
2973,1305
695,161
1590,1598
996,3404
476,801
836,3985
20,3943
3680,3655
430,2933
2178,399
1820,1150
2630,3680
2218,2501
55,2594
909,3638
2685,2147
3822,269
3333,271
3221,2434
1877,1144
1147,2294
908,2707
839,2181
2045,389
3423,502
626,3023
597,2162
152,209
1906,3490
606,3840
2153,3686
1013,3682
2996,2070
3536,260
1599,2396
2824,506
2067,1432
1649,1986
1719,1438
1863,3223
2546,2561
603,1146
1282,775
3156,2660
3776,1752
350,3975
2025,2446
3263,107
1234,651
1043,2766
3543,1567
2516,717
702,2658
3543,2383
365,523
2290,2474
2507,991
3293,3531
2359,680
1838,1658
3434,1158
2607,2927
686,3160
1870,2278
1765,3922
245,1354
256,1277
769,3234
2630,433
1761,3258
2967,2601
1690,2431
3171,312
1734,1861
3469,406
2993,1080
432,1953
2879,608
985,741
2676,3501
482,1971
3231,3432
916,1516
1701,2077
2589,2150
3477,2729
3239,245
3325,3081
2989,3659
2188,1070
3400,1604
2125,1570
2765,3366
743,1433
3122,589
2264,2806
2376,1974
3274,3551
2482,1423
1048,2088
694,2793
2932,137
3568,1635
3133,297
1252,2400
3179,3548
37,2279
442,3991
1273,3230
2358,630
18,2536
1095,3705
3699,2071
3258,2115
3544,2292
799,2683
766,504
2404,431
2664,891
891,713
3961,2884
3854,476
2530,1953
1674,2276
1381,660
440,576
3084,1042
3582,3153
452,1730
1866,2507
3058,1798
1953,251
268,1744
539,3773
95,3387
1701,13
1339,1216
890,1157
3368,1708
2285,1985
2555,949
427,1493
3788,2
986,3165
2074,1157
2421,2013
1667,2248
3861,805
571,459
3821,3696
2860,1704
305,5
1578,3210
1948,1224
508,70
2295,346
1058,3547
2803,1192
1307,689
608,1642
138,462
1013,3250
2089,53
2193,726
995,777
3794,868
3702,2686
3945,3793
3179,766
2139,3652
1274,1209
1379,1531
2618,467
1209,2594
306,3813
2087,3557
291,772
1265,1454
1905,1770
731,1177
3050,129
1818,64
1444,3709
479,3629
1780,2692
2615,1102
3742,128
2697,346
3286,1477
2697,2250
999,2040
3658,3403
805,1933
1978,2200
3335,3466
3931,1222
1592,585
2527,3392
3345,1233
2005,2496
2705,3851
1276,3254
3770,3790
97,3875
1148,415
3936,486
1710,3678
391,296
3789,1269
1750,1401
3235,3391
3801,1700
892,1200
1341,831
412,3954
1860,52
501,647
84,3276
2311,1136
3537,860
2116,2916
64,322
2552,952
3300,428
2478,2121
1836,3041
169,2364
1087,2241
741,952
903,1195
786,1471
3885,88
2059,294
3863,613
1593,873
3084,871
1014,2962
1423,2640
24,765
1316,3397
3996,1544
1007,3337
3446,194
1847,1178
3813,620
3682,2909
1160,2338
77,747
1872,1640
2957,391
2033,3837
322,1475
1659,1572
1335,1181
1482,1981
2208,1094
165,1796
920,2873
3953,1961
708,667
3907,1865
2724,2146
88,3283
3016,1022
3893,1156
1190,1958
1268,314
614,3041
475,885
1880,1263
3435,953
283,755
2417,3559
1052,3706
2560,1171
1339,1486
3578,374
2214,3530
314,1080
3131,2345
1338,710
2354,2863
583,2392
3207,1749
1238,492
987,1498
100,3817
1857,2333
1625,1573
948,2243
1357,3901
3685,718
156,1853
2410,1405
441,3030
3581,2315
558,3355
2396,1470
3823,1081
2203,1389
2019,3552
2676,3664
217,1173
3377,1314
2850,73
3756,3152
3904,199
2246,2148
3943,2073
1147,1687
3166,2330
1964,3146
2415,3480
1614,3456
869,642
3389,2494
2474,1455
1030,1298
3933,1103
2521,1435
2888,1089
930,482
1686,1993
3712,3134
3835,2979
1392,212
3220,1908
925,3782
3455,2701
1873,912
1182,13
2169,2152
1252,3538
2731,2299
478,667
1115,2303
2439,3762
2582,964
1,1719
3277,3087
1809,2908
403,97
2234,2790
2887,2176
1528,3880
1937,1198
2387,2880
2534,2152
945,1502
1440,2764
2926,3841
992,702
286,3354
615,460
444,2160
596,2284
139,722
3,3953
1097,3844
240,2675
1717,701
1619,1531
14,1872
210,1525
2185,2674
857,3311
635,554
2830,1038
3131,3738
2792,2304
3707,1825
2385,192
2935,904
231,3544
791,3132
3560,2421
2194,349
3984,1066
2785,746
3126,2748
3050,1540
3692,1165
3860,2056
408,1185
3620,329
3917,1441
11,1873
2513,3625
1266,1244
3238,235
3161,3224
344,1581
688,1652
3277,1823
1356,1168
441,2746
2985,761
1706,17
2180,419
1433,3068
1853,1807
2440,3759
2181,3012
2608,1644
3202,2256
2083,311
3292,1202
990,3359
3130,958
2735,3474
3314,3062
7,362
1694,3591
2736,2619
1180,110
1155,2251
468,1979
1245,2175
2460,1708
521,1315
2577,1641
54,684
3869,1474
736,479
1994,2931
2983,552
3988,3673
3090,2508
3018,3919
3331,2480
3411,2446
2934,1403
1875,293
3364,2921
2407,109
3699,2160
957,568
3462,3980
1249,2241
1606,1469
2175,134
645,1669
2694,2535
2546,1170
3649,1754
2603,3188
2296,2360
1474,3162
3649,1217
2667,1127
2690,2204
3085,404
3074,808
1094,3635
2579,3786
1349,2336
3971,378
1884,1541
3158,3034
454,2285
2996,1821
3829,3848
2548,899
245,2782
2921,1405
3561,209
3562,1155
1418,2845
2809,2621
1958,2371
2471,2593
2592,3263
3152,1571
2852,2010
3403,2395
2999,31
259,1942
858,2456
746,169
447,2301
651,1147
2358,1569
1581,3501
3556,2442
3187,3007
2207,714
915,3936
2585,1040
2857,3639
396,2158
1030,2308
3718,2080
1256,2949
614,3449
3117,3795
1475,432
857,2848
1177,2279
3975,3459
3616,1970
2274,2566
1958,2958
327,1784
2645,3621
1672,33
2979,3853
1701,1563
3033,1482
276,3172
2753,3258
208,2728
349,3819
585,69
2802,2690
3028,3514
3031,1244
1422,248
457,3628
534,128
3563,2982
504,1633
3998,3516
739,1492
159,1332
2515,218
820,3786
1893,1198
3531,457
1898,2676
2576,3955
1803,3570
2419,1589
1707,2260
2856,2639
3406,669
1468,1419
1908,275
988,1588
2799,97
1500,2023
2967,659
1797,3291
1924,2555
1123,2811
3258,789
3228,636
802,2971
639,262
285,3656
2349,3368
842,1054
2661,156
3293,1617
1729,2820
878,2200
3598,3713
446,1624
833,3854
361,2237
1505,2263
1590,3899
41,3518
1810,653
123,3116
3358,3047
1295,3246
3468,3602
272,2269
602,1027
1607,2071
1647,2617
2816,1107
737,1693
825,180
559,1607
683,3049
1986,1628
2617,278
439,503
1431,196
3510,1801
3879,246
3317,400
3413,3175
84,3384
3713,1957
435,92
1091,65
1082,2033
2384,1324
2341,933
3476,1516
2034,779
650,3889
1249,2399
3726,1327
869,2869
2408,2133
3440,2959
2978,232
1014,3693
336,2476
1984,2086
396,1164
1603,1272
778,3033
490,915
1783,2059
1701,514
3528,794
155,1446
2593,2209
449,3564
3611,3633
1485,1607
1416,1678
357,253
3934,2691
1240,877
3995,493
3130,1123
3586,3332
3787,182
2666,2202
2019,2941
2180,2645
2106,2124
640,2287
885,619
3814,806
1106,388
3665,109
1525,168
1657,3640
3318,2227
1188,2095
3540,2291
270,2226
539,2771
3763,1034
3809,64
1573,3138
2412,1256
3474,2268
1391,3019
3996,1352
2023,543
1669,3979
2624,1814
234,2262
2915,3119
1393,3977
3960,1263
1470,1252
1049,3212
1631,1792
3387,224
2106,901
977,3291
2731,869
3978,1075
2591,3401
1695,791
708,3851
3012,3298
1331,3267
3793,691
3073,1050
382,1977
2647,3593
2056,986
1420,604
3225,147
757,535
207,850
2330,889
3890,594
2347,851
3071,3072
228,2260
3644,2165
1632,1818
3114,2027
1987,37
2012,2679
2135,392
3533,2951
389,1701
3820,2033
2690,619
3147,3561
3928,3248
520,835
2412,1437
2522,1323
3439,3031
3065,2868
2389,3928
2486,2776
3823,857
3031,639
1617,1609
1771,3442
2268,458
260,446
601,1241
2749,1421
3991,1740
1610,136
3989,3258
1036,201
86,2970
2913,138
2357,388
2883,2129
646,3312
940,1090
3217,1895
331,3609
3440,34
1963,1058
154,2860
2381,337
1227,313
331,2368
480,2844
1257,1432
591,240
3956,1071
1015,6
2615,1916
1468,2620
578,1302
629,1794
830,3546
733,820
3409,47
1499,690
3122,3879
690,1789
2000,3117
2653,2999
654,698
1941,3407
2030,66
2397,3841
3871,3320
373,1841
3858,1246
123,3650
3845,1247
3552,2569
3373,2145
3845,336
2124,902
3736,698
25,3163
2456,1146
3877,1638
798,13
1331,808
2167,3864
3809,2963
3130,2024
1386,3756
2939,939
454,3542
3948,2789
3027,111
1154,1515
2216,1534
2297,360
2234,602
338,3228
3617,2046
1812,3614
3806,3924
1923,2346
3505,1051
959,1033
2558,2530
2354,2075
3617,3941
3831,3923
2931,1689
647,2350
2234,2758
1520,3597
2018,1676
2513,3954
3394,2174
3688,1655
3164,788
906,3046
3684,653
110,80
89,599
1253,3667
3623,1185
2520,2739
1636,3779
3347,2094
1831,3887
274,1999
2845,1953
1930,1242
3016,3031
470,2627
1110,3742
237,3249
1838,759
1829,638
1795,3596
633,3919
2480,382
395,2158
3965,3540
1701,3843
1822,830
2712,1301
3289,1404
572,1589
1784,2775
2664,3290
3079,1057
2261,3344
1674,3134
863,3766
3341,1560
2587,3532
945,1935
1073,400
2415,1558
2011,892
752,176
541,2566
2062,3680
1035,2461
2976,2706
3037,3521
2754,652
3834,3734
3539,3493
1258,2852
906,266
2832,1980
36,3014
3865,651
3926,812
3104,1735
2465,912
2649,2168
1057,3707
913,938
2919,2066
335,637
3264,3179
2419,1160
11,1211
3735,2824
2021,1870
1472,3599
1922,1422
1232,634
363,3394
458,1221
947,3574
2480,380
2826,1393
3258,156
3181,536
3857,742
170,2970
3657,788
635,3274
2764,939
3366,911
2872,2113
3485,1221
3286,3424
2980,1442
2051,1899
2100,1608
1749,3561
1371,6
3501,318
2665,1562
127,3200
1112,907
3913,1202
1769,804
1729,2169
2114,1364
298,3415
1730,247
3129,1741
125,3509
3342,2190
2502,997
3768,3709
2757,2502
3933,214
819,2361
2436,364
333,1617
735,297
2738,3102
3530,1346
2842,348
1438,3512
574,2750
3525,1060
3406,139
1638,521
1179,97
2126,944
775,1368
40,799
2269,2742
3992,3360
2266,3665
82,3629
3992,1236
2125,2854
2129,1121
2009,3732
2047,3206
1451,2241
542,478
969,1705
689,1258
3141,1364
2429,2010
2413,3009
1849,2225
309,2542
759,2050
838,1345
1776,1639
988,151
1054,2629
3053,2848
79,3616
3572,922
2398,3031
56,2991
3179,922
3113,1925
1966,2044
3754,1887
904,1580
2813,573
2273,2506
1559,2347
1982,42
3919,1291
3297,3261
767,2995
900,2914
988,332
3595,1008
2222,3799
1350,812
2693,1060
323,3026
3325,2249
2965,1582
524,114
3329,2362
3186,728
2690,3482
3916,2562
931,2426
3766,2040
1482,1759
2052,1746
3258,3619
1423,2185
578,946
1113,3925
2344,1382
2062,645
2206,2599
2759,2419
927,2310
3319,2545
1009,2607
515,623
19,2348
416,105
440,2533
59,2226
3528,2380
7,851
1670,3413
3221,3101
2835,1253
764,3788
420,3917
3898,245
3735,3700
3383,3454
1930,1658
853,3846
491,2107
2652,2520
1174,1105
177,582
1456,2304
3470,2877
1864,2122
3556,1848
1733,3792
3153,2494
2769,803
1446,3464
3028,3467
1952,1828
506,699
1701,2132
2651,34
3807,97
250,1737
398,572
1316,2626
3971,962
1136,3792
491,2202
944,2621
211,434
915,2008
2944,2145
1823,2325
1381,2750
1835,861
878,184
2575,616
3912,1470
1983,2053
1182,3949
3483,1072
2466,701
3103,2654
3484,3613
3077,738
3927,1249
1084,41
1453,1427
1276,498
1427,1929
2378,2592
1957,2069
1754,828
2805,1327
798,1025
1779,2760
552,299
543,287
1936,1115
3105,234
2616,3179
2959,2428
2000,2923
3587,819
1390,3008
2697,588
2912,2587
33,3715
47,367
3820,2231
3365,858
1460,3497
2550,858
469,565
1896,807
2477,1246
1252,3976
3810,1223
3775,1208
3174,2134
3814,2610
74,3776
3544,414
625,2244
2896,1280
2943,1973
382,3201
1138,2888
1838,40
3921,3434
2036,2954
2192,2381
1802,913
3888,3549
1713,2949
2583,3385
1403,3785
637,3247
3755,121
3872,2720
1579,2828
3809,2256
3969,2636
1212,1259
2065,1111
364,3640
2670,709
3247,2039
1093,2114
933,1730
3103,79
2504,3238
192,196
2261,12
1849,2926
104,884
61,3445
1098,1859
1557,3053
2702,703
2729,2300
1057,3698
3798,2796
1169,1980
2539,901
3930,3513
1945,2771
1049,1743
1719,2148
2280,1671
3100,1474
2128,1337
1715,2386
3178,2140
358,1020
766,249
1117,1918
2666,2559
2423,627
2081,178
3520,3690
3839,2569
2273,355
2958,354
2135,418
605,65
2448,2902
1430,3838
2605,2419
2565,1295
642,3063
2090,3987
2832,1770
2892,482
1349,432
1217,2342
1549,1319
1365,1305
2420,2882
216,464
553,3522
3583,2835
2640,2245
1087,2764
2390,2510
270,2359
1950,3285
1742,936
2790,2013
3539,271
3519,1414
1703,1605
3595,468
2471,790
2557,1294
1430,2344
432,2332
1012,2891
2817,68
2883,662
351,172
978,464
1860,964
2885,1105
2491,3316
1835,89
956,3749
3878,3885
781,1711
3353,2690
51,1465
2644,1341
2427,3529
3745,2274
2512,1506
3174,1700
3473,2618
2289,135
3788,183
3985,282
2017,3890
2216,2521
3591,3145
868,2680
3986,2969
1447,1749
2772,2436
884,3014
143,2499
2291,3531
1578,3995
1333,3224
291,3357
3909,90
891,2848
2452,3241
905,171
1735,3249
1529,3233
1460,448
2978,2858
1717,135
438,683
3006,600
2090,2997
1719,1807
932,1913
3581,3522
1500,289
3628,2996
1694,3087
3157,982
1841,887
199,3064
611,2437
3136,554
2222,2845
50,3963
2715,826
1748,3564
2886,844
2184,3484
3594,548
1527,113
2446,1461
2733,742
2288,2276
2199,3632
1389,3545
2774,192
2532,1889
443,346
2768,3939
1719,1609
1151,14
1647,1552
21,3089
2704,971
98,79
2187,3418
3610,1001
1416,1156
3219,2784
572,181
3976,1753
1096,2651
3495,754
1584,3857
1456,2313
326,1319
422,862
796,1521
866,3850
875,2538
1953,736
1233,2847
3122,2031
3947,3772
2803,2697
2756,3978
2644,1167
2542,2794
3444,3972
3276,3027
1104,2975
2774,848
107,2854
712,818
2376,514
3179,2812
2116,2460
244,1199
2448,563
1953,1021
1691,2665
644,1876
1247,2433
1923,66
2363,1397
3817,2262
175,1812
3268,256
2919,3940
1631,1790
2103,3565
1700,853
3244,297
1201,3834
3240,1855
827,1883
532,2605
3427,70
2663,3999
1657,297
715,229
2038,2469
2779,3446
335,2614
1356,3461
1246,1035
2799,1400
3975,2455
3678,3251
3156,3315
2189,1997
3656,1468
894,861
2665,3060
618,3347
510,855
2978,3749
3595,3193
3494,483
2432,1665
1775,1431
432,1888
3788,370
1600,361
3946,2538
437,3477
2576,1117
1806,1280
848,1786
1371,1091
813,3168
1943,1197
2925,3570
3525,3138
2401,453
971,950
2449,543
1117,1890
1275,1546
1674,1103
1756,893
956,1194
3884,450
1325,3505
700,1205
176,2966
1373,259
1211,650
1192,332
2862,3280
2695,3114
2206,3473
2464,2215
3376,2939
416,809
2681,88
1324,2123
1539,549
780,1998
3370,2323
1042,1792
3672,3569
2435,1735
110,381
1574,298
2312,1520
530,3147
1962,739
3524,3005
2309,3201
3155,2992
2307,2752
146,119
927,1886
3567,2616
113,3578
135,2233
106,2941
3398,1510
853,3146
2640,669
504,918
1014,442
715,216
2004,2622
3388,2934
122,710
1207,2021
2205,2583
3988,2434
3208,1902
3541,881
1633,3058
1563,593
3545,3487
265,2473
938,1857
768,3967
3438,1950
3959,864
1384,3791
2928,2220
665,2446
2435,1832
1279,3965
246,3447
2385,1696
3424,3869
2078,3433
1359,2190
3123,1901
3690,2650
3759,2454
1727,1418
2690,2315
3592,3221
1561,2118
190,2905
2138,432
1901,2436
3904,2923
750,685
1157,3087
424,2478
700,3886
3751,1742
3918,121
588,2278
2234,2317
2742,1161
633,3575
887,124
1924,3122
3109,673
3621,2323
1281,433
3357,1312
431,2733
1816,2902
512,2384
723,1321
1941,352
243,1497
2543,2734
2509,1221
3490,1896
3847,357
1181,3069
2880,1142
3308,369
181,908
2631,3454
2919,2027
3271,2149
1022,97
2138,1687
2955,1648
3186,432
2126,231
340,1973
1353,907
1203,290
1728,1462
577,2541
2019,1916
481,841
222,3682
973,1490
1067,3218
2388,2935
2584,3472
1461,679
1898,817
2468,9
3240,3005
1931,3291
2236,1719
406,2081
3144,2800
3878,1160
1255,2072
2,1477
1736,852
1443,2881
817,2150
575,1367
31,929
3608,1152
2362,1615
2374,3517
1450,3049
2545,3076
920,30
960,1707
3369,2938
1594,226
1836,3373
1550,1493
2487,2147
1732,1
2212,3291
1195,2767
1933,2003
175,3524
58,3295
132,3063
502,636
1478,1569
1127,1953
187,251
1408,1690
208,1355
3585,2163
2999,3504
1953,445
3665,969
573,3897
3245,3924
179,3908
792,2945
1320,354
1839,587
1405,2390
3781,3306
2097,1258
3851,928
1575,1935
2713,1764
2341,2797
1662,3209
1419,2590
3216,727
3714,992
2557,430
2266,2505
2547,2964
2500,2853
2313,3895
2976,2405
283,1913
1807,3891
618,3840
1692,3869
1806,1357
3554,295
1601,891
3991,293
1116,3541
2564,3673
716,2252
2340,1310
2713,2021
1298,386
19,1756
2918,437
3160,1634
1833,2343
3218,3713
346,3817
19,338
3992,2972
3611,796
3315,3171
3816,1197
3042,1739
677,2779
486,1395
2834,2674
1930,2936
573,3880
2144,2489
3593,3240
1730,3168
1225,1457
3445,2403
2823,3439
2838,821
3658,802
682,3651
2163,2235
581,959
2529,896
1310,2827
994,276
2471,880
613,3652
2727,1344
305,1039
1468,888
2148,3322
2700,478
1607,3862
1140,854
3834,1778
436,2070
3845,3686
1662,2861
1070,2714
2291,3093
450,3731
2823,1524
3654,2767
3336,2772
2446,849
1345,930
720,3340
419,162
2383,3379
3055,990
2098,199
3151,2019
3031,3723
3484,3552
781,1893
3151,1528
327,3675
2118,1607
3031,3150
755,3043
3336,2367
2691,1171
2330,1086
2666,1701
3658,837
2234,1712
2994,3536
555,2929
2542,544
2171,2142
600,1821
1451,1421
2587,3767
3335,841
1663,445
1374,3642
310,524
432,418
1032,648
2373,2001
49,3128
2938,3791
2223,1861
1660,2538
3345,1271
140,3693
2708,3812
2066,601
1728,3869
3894,3705
3279,3949
1340,2611
2809,901
2550,181
2553,484
1205,1252
3673,609
3908,2696
588,1994
2854,2252
3702,3637
2885,2056
1857,1513
1068,2256
3552,2600
2837,2245
3694,1326
478,1701
3553,3582
709,2912
3350,2955
1115,315
526,3395
681,2162
926,2322
346,3724
2306,2725
2817,1068
1650,1044
444,2928
1255,2495
3293,2753
847,2893
1518,263
1210,738
3634,1424
227,3077
2414,3314
649,3756
1183,774
2540,1823
2008,1493
572,906
346,347
1344,937
173,3929
3297,3780
3787,664
162,28
2560,1486
2999,874
2036,9
3703,780
3741,2029
2702,97
941,3287
3860,3405
1577,13
1618,3181
3800,3066
1372,1115
2726,826
3273,1803
267,2295
735,3570
690,3023
1527,2092
766,1425
3737,3333
1586,1903
1872,3067
2319,2015
3179,1969
1972,2568
3680,1115
275,3035
2646,3448
1964,1141
1294,1176
1957,3612
3995,2735
2543,2524
3247,876
3535,1115
1082,93
1564,2239
2969,1539
1633,3289
295,744
1925,1940
22,2419
790,3004
1398,3455
3132,2299
1927,3719
1508,2144
1878,2895
2860,871
2723,3732
55,876
514,426
2884,1343
1269,2484
2423,1251
3550,1799
1380,1962
3573,1452
2106,2172
230,2301
3873,788
432,729
1664,3139
2372,71
2663,3579
157,1110
2391,1744
15,3428
2337,2388
3179,3106
1289,3673
280,1588
1763,2350
2779,2932
1729,837
1023,1020
1616,1582
2283,2319
3007,678
1065,2022
2090,1431
1479,2738
2769,1387
500,537
3409,1005
1443,2600
3860,1724
1880,3259
44,570
431,2675
434,821
3166,953
870,3197
1615,1883
1640,2176
660,2827
2577,2038
1565,2361
1445,144
3425,3894
91,2322
2321,1873
460,1430
888,3561
250,1756
1304,3861
1218,1643
3389,3533
3718,1575
2433,1071
3509,3392
3988,3037
1101,711
3555,2967
2086,103
3175,177
1189,1017
346,2759
3692,2111
2585,67
3346,868
2042,3172
3187,2508
736,441
803,362
501,2446
203,1547
3702,3800
1973,1112
3553,988
264,2709
442,1734
2640,3162
3659,3816
3663,2261
1472,2210
462,2078
1674,3688
1507,3352
3743,3690
129,1688
1611,3025
3563,1665
2244,1441
694,518
643,2198
62,2722
2778,2495
2567,3708
2687,2832
668,3256
3755,656
3331,836
3047,2740
782,2887
1206,43
655,3326
2628,534
642,252
3526,1955
104,61
1145,890
2999,2787
3297,3962
2433,3144
3303,1034
477,3095
1277,3728
3390,3442
2063,1731
2947,2444
2719,1426
1227,1083
1998,92
632,2856
1503,1434
849,2668
1086,3106
1369,2889
2180,3748
1468,804
3371,1330
1661,3292
1667,3280
3124,288
1603,1290
672,1168
1287,3395
906,2600
2908,3844
617,2568
1799,1342
2952,3868
1377,3258
3741,2161
502,181
2025,2456
2937,669
1622,3206
1902,157
1594,1318
2328,26
891,1191
1940,3630
1556,932
3934,1413
2966,3107
185,442
1911,2141
3108,1815
3948,2624
3573,3761
1028,3442
423,1824
1052,919
1034,1800
3525,1694
1815,2471
2048,186
1541,2762
1715,102
2141,1864
3376,3859
770,2237
3438,612
2220,1056
1818,2314
1949,1897
3246,1361
3666,2608
3798,1424
207,3578
2400,1443
3876,2770
615,13
2604,1018
1939,565
111,2253
917,3618
752,2808
2976,1264
1945,1069
771,3125
1718,1414
2331,1530
3589,3680
3908,1033
1656,1509
2831,19
1355,1046
955,2654
1048,863
2633,1879
1129,1450
3290,1196
3309,1400
1085,2130
2865,137
568,650
1252,1526
1943,891
966,2802
3771,1928
124,3853
1693,296
3367,3601
3452,2657
3797,2831
3199,421
3617,2255
101,1429
550,1572
1128,2355
3870,3158
1334,801
109,3532
327,2538
2975,512
2825,659
3272,2612
3506,2019
1318,2306
3908,1497
476,457
2170,2734
1159,1215
872,2537
3377,1523
695,1030
1115,1793
1512,1460
2042,2055
3360,3525
2054,2563
324,3409
1467,1128
3585,2686
583,3852
432,2450
210,1229
3159,2633
1861,2911
2843,1237
3115,1733
933,2606
2994,2829
3253,2244
2734,782
2155,2110
2086,3145
1306,2625
2232,2446
2894,2457
631,1675
3127,249
82,28
3070,687
2057,3974
2340,693
572,3728
1625,3909
1683,1139
427,197
2011,407
3622,238
245,1667
3345,3554
1114,2061
1786,2020
329,3369
2841,1006
2453,3380
995,3675
742,1810
1190,3547
2521,2747
2781,3485
783,3264
1433,1105
2530,269
3258,1219
736,230
3374,1416
20,2918
1774,97
3235,2680
2951,301
402,2838
3458,3054
3627,1303
2788,1889
1077,3332
1399,36
3160,3346
2153,3690
958,3584
3237,765
1161,471
3846,1374
556,741
3659,178
3767,2084
1981,3905
2515,2443
2051,3393
1198,706
3295,1067
3613,3407
2335,2277
1847,1766
2518,2969
3943,2048
2849,197
2707,2594
553,3580
1946,1673
1757,2083
137,2678
3045,210
1600,3258
1122,2171
1168,2754
1172,1394
1869,1212
1762,2462
164,1543
1081,955
3602,3074
2575,2524
3958,3901
3893,2866
1618,245
2504,3151
308,2166
3702,3350
661,3869
2211,2892
494,1802
2116,926
368,3615
1255,712
2428,233
3349,2753
2410,2294
1044,3314
1699,1534
3078,3976
409,2107
3826,2072
3093,1320
3018,155
3110,989
3651,2897
1912,917
1300,3464
3608,1149
2173,2948
3464,1986
2812,1987
1678,2511
3349,1307
3957,977
1320,2015
2029,171
3922,97
628,63
1428,2699
3987,1480
1233,2746
911,2329
3362,1642
1100,1096
3983,837
2711,3569
2174,1855
534,2525
852,1682
847,1424
808,2778
2683,145
2619,1385
731,935
957,3535
3258,3996
968,1393
2845,1603
3916,3394
1719,3822
2458,1620
2735,3258
303,3962
1409,330
1582,1732
793,1607
2828,1352
374,3386
545,2562
2161,2126
2874,1154
2798,1023
97,3586
3147,2906
3134,800
2907,2390
3231,1441
3414,703
607,575
3961,321
2909,668
2906,3546
2338,1863
3752,81
1837,203
3554,3169
471,3126
2844,3828
874,3699
3072,2880
3036,1340
2662,1309
1454,3491
2514,1578
815,760
3685,89
1383,3523
1509,1222
3043,2394
117,3326
2141,442
330,1583
403,659
726,2640
3516,2356
1302,3865
1641,3508
926,179
392,383
2258,1217
1318,3963
3470,3307
3790,1350
1438,346
2461,3706
432,931
277,216
1627,555
3892,719
528,2085
2215,250
1055,1549
2361,2459
3443,1687
3668,498
3832,3439
1090,2775
948,2100
366,490
2628,3840
2047,820
587,2467
3503,1056
99,2397
829,1193
1183,2691
674,813
3531,1890
2613,1680
2755,2093
2441,507
2671,827
1407,2837
2085,3815
1313,2146
1838,58
1745,3227
253,2528
1150,2583
444,1751
3935,1585
3313,1160
3979,204
1322,636
3507,2271
3952,3179
3965,2681
1818,3416
1367,2037
2182,2282
2571,117
1637,3067
340,1076
3265,2473
3354,3829
2104,2302
306,801
1224,3855
1522,3508
1024,104
1490,3104
2684,1659
3068,730
2034,2812
549,1675
3201,2634
919,1289
76,738
3588,2385
105,3510
2684,2221
2134,1098
1663,3179
449,3179
1489,3543
1293,3185
2177,2022
2234,536
3001,1972
2626,3702
319,3886
1948,2361
1471,2586
1449,824
1205,3809
1469,981
2935,1828
3179,1843
2677,1309
1005,3410
1836,983
1134,1053
1827,559
1714,3787
2293,1153
3462,2316
2561,3729
1380,2392
3954,2052
1197,2096
465,3076
215,3807
736,3279
546,2989
280,1062
2013,2994
1104,2231
2192,948
3419,3997
3299,2489
1713,2477
1347,832
1245,3558
3315,3443
265,3030
1755,2495
628,1250
3732,3075
418,3489
3949,3987
1871,3083
891,3670
440,1459
878,891
1561,1535
640,3944
1078,3592
290,2166
81,3203
2799,3914
2137,2625
2136,3820
3055,609
1128,792
3367,3588
617,1927
1921,882
2274,2689
731,205
3702,2310
3135,2800
2955,3606
242,3018
2532,3940
930,1907
1466,950
3891,448
3636,2493
741,596
1979,2399
1036,2849
274,452
1179,1495
2797,2134
1351,3748
1567,3013
2665,3962
3406,2459
736,724
2079,2485
2878,1726
2883,193
1645,3426
1592,394
874,2463
3702,1487
1713,2105
2540,3992
1172,2661
2575,2272
3266,3359
3460,3895
3101,3098
61,44
3239,3265
3753,2718
2961,1085
3691,1886
1290,466
1162,2305
1991,3106
3932,1024
1484,2788
2612,3498
1981,950
508,2870
377,736
1205,572
1613,1547
1959,3864
2084,2114
2292,3095
731,3814
2309,1547
1553,2874
887,3939
81,2306
702,2901
2618,2154
2488,2482
452,1603
3739,744
952,809
3832,2636
299,1610
1586,596
3931,3378
1046,459
3677,618
1619,3899
5,1651
1464,660
625,3482
125,1041
2665,3977
1787,57
669,2784
1185,1458
1016,1410
3952,793
3698,3635
2172,2833
3099,111
2595,85
3135,1542
529,2215
1821,2038
954,3011
150,2659
1730,3129
561,3984
1696,746
3384,1079
2576,1254
3405,488
1807,3305
3852,3926
1632,220
2031,2586
3172,988
1464,2622
1937,2094
226,665
511,3416
2304,1018
2452,1323
1333,2302
411,1872
2069,1667
1951,2775
3846,2239
784,761
1468,2698
266,432
3960,1175
263,2912
994,2553
2343,418
2498,2986
1409,2829
3412,2225
3002,1115
3343,457
1485,3566
1674,1072
3897,2419
2794,3703
3941,887
3907,913
2117,2204
3152,1517
1311,3261
735,3061
140,3320
795,2141
2537,1953
970,1281
3892,522
2675,2136
1101,2602
2973,3334
2240,3167
531,1734
3431,3143
1084,1866
1868,850
527,3014
975,2013
310,2232
2782,3816
3302,230
2371,2446
1839,1817
2089,1986
142,2219
3841,550
224,2635
3453,1332
2716,387
2826,1222
887,1279
3623,343
1785,2768
561,3227
2201,1698
3105,204
1220,3981
406,2393
3810,2692
2063,2968
3021,2685
3946,3625
587,2925
1511,303
517,3902
3524,3659
1424,968
2415,2354
1835,2513
405,13
3460,2804
1902,2963
115,1143
1663,641
501,794
3085,3439
2570,1868
1504,2463
589,3610
3486,168
388,725
623,142
2999,1685
3559,3461
3971,3626
733,3811
2499,3103
2898,634
2894,530
395,3022
1290,1081
2742,2875
160,1892
274,1822
3002,1707
524,202
1576,2468
99,2638
2810,3278
2762,1906
1674,2267
2985,1656
2632,1388
2893,1784
998,1251
3763,2064
2124,3189
1949,1195
2290,2093
2958,1999
2567,163
1814,916
2439,515
2826,1187
2622,895
871,3192
3740,3674
60,3612
2510,2912
2647,1900
3752,3607
3932,575
2670,1907
966,442
854,2497
3112,2818
733,1556
2233,1588
3986,409
2859,347
3812,217
2325,1766
1414,1975
223,424
1202,1292
1186,342
1961,2009
13,973
3223,3612
2098,174
1021,1107
3734,3333
374,2920
1230,2675
387,3197
2297,1691
258,935
1861,1184
2014,3528
2620,1825
3550,1326
2652,206
3743,1446
326,3176
933,1951
2103,711
2278,3253
1589,1140
3536,1326
1685,2971
3179,3441
1826,839
3089,3148
882,2495
3258,126
1035,2480
1122,753
487,1679
473,3512
1757,3299
3200,3625
2261,789
2859,2879
2780,3042
3643,2411
1786,244
2541,353
413,3421
2129,935
3703,756
1444,2869
974,2096
692,425
1435,1314
2614,2784
3145,2013
3097,3514
3498,448
763,1511
3682,1335
1514,490
276,2426
2819,2808
2144,2540
3303,2594
2918,1572
3844,1223
2610,1274
1597,1697
2985,2026
691,3741
1219,328
2995,473
1761,3150
3112,1172
1760,1963
1996,797
3630,3340
127,13
980,85
2441,817
2152,3849
3073,2937
662,2551
1030,3717
3733,3205
296,2673
3037,2133
2039,1748
516,885
778,2512
1473,1595
427,383
1371,331
2326,2397
563,1068
1832,3260
728,1516
1582,542
3815,184
2414,2950
3173,2600
2455,3471
3399,2868
1634,696
859,2339
654,2386
297,465
375,1284
783,2485
453,2845
3386,3645
1526,3214
309,2890
2924,2887
18,3370
2017,91
736,3891
1621,46
711,174
461,1299
1360,3417
990,752
648,211
3393,1317
2285,1051
3619,402
918,2283
3252,1215
5,3023
3981,2348
3015,2999
803,1121
3348,1179
2627,1558
279,1210
222,148
1235,2466
798,257
2526,2598
1803,2248
3569,3337
180,3468
914,3557
3461,1776
1886,2539
3317,262
3255,2324
1021,3404
3325,3535
3934,1771
557,580
807,3205
705,1906
1677,2734
1610,1335
1180,469
3412,1711
321,1783
2003,1649
3565,553
3947,2799
1793,1894
1090,1019
167,3777
2714,3499
3883,3784
2927,3145
1030,2540
420,1711
1229,227
2870,400
3286,3283
3500,2069
3663,3718
1447,3197
380,2938
1150,1694
415,2943
1885,3679
3106,3375
3973,3496
1064,3158
2574,2773
3364,3040
3296,3781
2716,1894
513,747
24,2949
2933,2693
3021,3711
3738,1406
3404,3511
1133,1874
1219,2092
525,2870
1535,1272
2198,2080
3090,1329
359,1722
3099,2695
2734,330
2253,1666
3898,1693
2438,1484
1159,1584
3292,708
3256,1002
3667,2522
1915,574
325,103
3044,3060
1880,3413
3864,3688
2239,814
946,2091
3744,3379
2993,2307
442,2856
2373,2713
1757,2282
3066,1823
2475,3015
93,648
2932,943
3931,3605
3839,1493
1489,3462
3552,1145
1904,1702
3017,3747
1872,871
3882,2483
220,1025
2174,894
1730,952
3338,1532
1695,3796
2110,313
840,1156
2321,2057
3740,3587
2305,1609
823,1854
2776,3636
2953,673
988,52
2164,1271
3726,2002
3479,3552
3378,3720
1988,1947
1036,3372
2527,3645
3743,2035
1303,535
30,2809
1752,288
2049,469
1377,1872
412,3059
2787,2123
525,2101
3883,1512
3555,1032
1709,3030
1976,1833
1470,2581
118,2857
1814,3789
830,845
3257,3953
1701,3932
2028,3990
3656,478
1877,277
1811,1675
531,1783
1468,2906
2066,2897
3700,2526
1552,2206
181,1114
1577,877
2494,2011
442,1267
2748,1494
1181,1171
34,2605
2188,1565
1352,1077
3540,463
3003,3303
3483,3350
2548,3615
2398,1368
2965,2030
1584,2654
1375,602
3595,451
3712,426
3542,341
2019,3042
1175,3431
2911,3273
147,2110
687,2447
429,1348
3972,1153
1751,3380
1374,3994
3356,704
3896,108
762,3184
3269,2028
3523,2877
3355,2361
2060,1922
3604,793
571,3422
822,1882
3641,16
2634,730
3193,152
3429,19
2875,2289
1542,282
3957,2402
867,3600
996,1162
2446,3415
3927,2091
2215,488
3910,3006
245,1894
2997,386
1365,1251
496,2571
1449,2459
3764,518
3697,1206
3670,2620
2689,3377
2960,1445
1939,158
284,2862
150,3457
2403,2170
3872,3424
167,3902
3850,103
2420,3176
2668,3642
1939,2876
3710,3928
3624,3092
1959,1030
948,3690
126,3614
2365,2993
1694,1026
2336,661
3127,1450
54,758
2726,3360
1585,1828
2261,1502
1088,1946
1783,1692
3157,2256
393,3002
3003,1945
1837,3803
2734,2211
1321,3515
3287,988
1525,370
2120,1593
1932,1247
410,1264
1796,1625
2987,2387
1856,1006
527,3944
2712,3934
724,2256
450,233
3872,3702
1446,3860
470,750
1316,283
1857,2471
866,256
1481,133
940,96
3503,2930
1468,1889
2321,3059
2573,96
2224,3887
423,3224
828,1965
1284,1838
353,1830
1714,1998
1412,1196
2095,1367
2303,3874
1217,590
2053,2554
3094,2707
1809,3604
1702,1814
3758,133
1635,2514
2178,2977
3957,2598
823,1272
538,1120
2974,2227
1002,3310
97,1387
3620,1365
3127,3519
843,266
3183,1767
1765,278
3618,3904
1513,1260
346,43
2708,2108
414,2225
1205,1678
731,1256
1631,3842
1115,2972
962,2697
2841,3129
320,2723
3776,3855
2801,222
2448,2113
1326,3583
438,228
3634,1346
1176,3138
1240,798
831,3339
1377,1115
3291,732
579,1292
3461,2514
3422,1701
841,3213
1701,154
3745,1237
2460,1452
3427,1764
321,2769
1598,3502
811,1519
3192,1646
2017,305
3142,2936
3219,349
1220,987
3479,3993
1768,2757
128,756
3898,3997
694,1101
2491,79
3410,1088
3120,244
483,2490
2999,3938
2349,2045
97,2464
2665,310
3537,2600
2896,2077
2586,1350
2564,2747
1826,737
1223,1069
1897,2370
2925,14
897,1814
720,1390
56,1041
2320,2034
3966,934
1207,3615
3255,124
1024,1391
3180,3079
3819,3927
134,2495
1252,3443
2893,3088
2721,780
1434,999
3361,1983
2105,497
3206,245
1234,1827
1807,1407
3224,1115
247,3929
1611,2443
1285,1872
132,1163
1111,1655
2422,500
1977,2957
3697,2286
766,3750
2261,988
111,510
3714,964
348,2328
2464,496
963,3467
67,895
3772,3661
2563,2877
658,1670
2352,2768
1720,2195
3275,1040
2075,384
1990,3195
2108,1788
3199,712
1942,163
1782,1283
1760,3760
493,2999
3561,3025
3559,1114
3711,3324
2548,3294
2780,643
3785,371
2980,272
1819,551
3652,3627
318,3961
53,312
71,8
2472,130
1231,355
906,1462
3722,1122
3313,3978
2074,1288
1977,1074
393,3100
2425,463
983,2207
1501,119
8,2940
68,3607
538,153
1845,1992
3769,2984
2300,237
3828,2620
1851,3417
1030,346
1131,3968
1477,3556
2677,3418
1836,3980
597,3456
1929,2328
778,2087
2870,478
1932,566
1790,2900
3668,2961
1562,281
2791,3532
9,1645
1493,1480
3120,455
1379,519
2548,958
3563,1659
774,3482
414,3821
937,1213
1953,2274
3061,1014
90,577
3229,2665
1438,3179
3296,3905
2881,1184
2222,2874
2467,576
1292,2369
80,2130
2245,254
97,2916
680,2368
2559,1682
2263,259
2430,261
2419,3348
1267,807
2015,716
3836,2368
1736,3903
846,3329
3859,1890
1386,2141
2672,2471
3877,3496
1596,846
571,2454
211,2730
1012,1406
1372,429
2747,1686
2160,1401
494,570
3878,1025
2183,3254
1672,3219
2577,1829
1964,397
3939,2984
3441,1278
3603,2271
3435,1957
2120,3031
827,549
342,2705
1383,3925
2674,2240
1486,2928
2504,1818
3148,2386
541,2026
132,1636
3900,762
3473,1438
905,976
1961,3210
280,1468
3422,1005
1602,2027
130,736
3098,1952
1948,2066
2064,1396
3863,910
3565,809
3080,3181
1923,499
141,3793
676,2487
405,2871
2432,244
2256,1510
2308,1755
1158,1061
3708,2890
3001,2556
3191,1204
2904,3762
1503,3314
2430,3916
3330,1133
816,2619
1346,1692
1047,200
1224,2248
2781,1483
1768,2419
2488,3982
360,2458
3849,339
3323,2437
1978,57
3213,3043
1540,2855
3211,2479
2402,1238
1701,1676
39,3436
831,2525
906,2265
2517,3637
3729,1614
346,2263
2991,1838
1432,2617
3521,2665
2688,1760
3354,1976
165,267
3716,3319
535,2931
3324,3989
1113,3248
3045,566
1278,2970
2321,3671
1385,2293
672,2412
1804,385
1350,3044
2687,112
3240,2177
456,1523
685,2968
3022,3401
904,3331
1148,773
3233,2891
2374,1521
2851,115
2864,1115
1421,3950
2841,2099
2808,3876
1685,158
3278,1686
1372,2739
1028,3689
3937,2353
185,572
1917,1083
584,2665
3623,3173
656,873
2144,219
376,566
1524,3557
1528,799
984,1455
2104,800
1428,1676
1644,630
2467,1549
125,1101
1658,2272
3575,1042
1674,3363
1322,420
1188,1420
2393,2910
87,2500
3174,213
3571,2963
1941,2139
3187,2987
500,2391
3552,2637
915,1562
1750,988
2258,411
510,3689
1989,3343
2625,1845
3119,1503
1132,1985
3589,129
2404,1060
2429,3554
2850,650
2058,2018
2019,3922
3701,1726
2783,2314
3096,1969
3857,2534
352,3423
1671,1717
760,3097
2037,564
2241,1870
3883,3713
1541,3971
848,472
3795,621
3643,3184
1341,1264
766,3457
3550,1296
1118,60
371,3062
2270,72
321,1404
2582,2781
3574,568
3778,2697
3190,2112
2506,2674
1840,2653
3795,679
767,988
3211,1402
3179,2199
114,824
1031,2462
1581,1851
1723,113
27,3463
664,532
766,2280
325,119
2676,2821
784,3576
2709,1321
1467,3453
3661,2277
1773,1872
1328,138
2543,2032
62,3999
303,3283
2427,1557
934,2389
744,3554
3056,489
2384,172
3660,3425
2227,3056
1383,2579
140,1118
974,3013
2566,3245
2810,3302
3865,1834
33,923
2457,581
1148,1725
3250,1965
3398,796
3000,3315
546,366
3099,3438
2165,2193
3306,208
1338,2970
1397,1258
324,1116
1017,2205
2836,2502
2296,528
1026,2020
181,1989
1872,2301
2393,164
2353,916
1137,436
3195,599
2568,97
3998,2304
2303,1757
2902,3025
1284,1878
989,415
1846,2528
1286,162
1115,906
1832,2803
3225,695
2875,2013
2884,3912
3827,3725
3531,1689
2095,1200
650,29
893,3124
96,1376
3322,2199
1384,3230
503,1938
2417,983
1077,2165
1010,1654
202,3892
3222,411
1456,441
2971,3258
647,2102
870,1738
255,810
52,495
3968,1336
883,2489
2866,3100
2638,2121
3141,1496
194,3536
609,2646
2776,2623
895,3348
622,2170
3757,1898
3750,407
2446,3212
2210,3827
507,1353
787,1723
432,3485
203,153
3363,2639
3600,2736
2922,2005
1766,219
16,1873
3301,1883
3092,2718
3064,562
2190,2760
2640,1358
2680,3985
2661,3258
333,1404
847,3548
3163,2132
188,2380
2945,2317
3182,2904
2633,2130
2295,2239
3981,3672
909,2921
2231,3309
995,1904
2294,1506
2006,3726
2701,1960
2471,2486
3356,1771
1436,1918
3777,3567
864,2964
1236,3554
2166,1389
684,1186
3631,2285
455,2293
1438,497
3572,3051
3036,3609
1504,1191
734,2253
3613,1887
491,3647
2601,2770
3245,279
2337,1111
2212,2792
3665,233
2475,1757
811,78
1992,1193
1343,268
3717,1725
297,141
2517,326
772,3518
3554,1638
2540,1551
3208,1368
2626,3552
3674,17
2,3885
985,2536
3657,1991
519,2118
634,2914
3414,781
2284,1140
1095,16
2441,3546
717,2288
952,3619
3967,3736
3474,3489
3432,3511
3396,776
2283,2818
3466,304
3159,1651
949,736
3806,1531
978,947
3599,2745
2066,1303
1162,2321
2796,2573
3886,3678
1124,2656
3646,1758
2475,1317
3167,3177
517,2805
973,3987
190,2229
2585,2897
2658,3731
143,2637
2474,432
3574,1934
715,1970
1350,3984
804,1629
1834,551
190,3965
3517,1988
816,1004
833,2715
1858,1014
2206,2845
1159,3388
2035,37
1472,1174
84,1508
1095,307
871,1674
2411,2602
1877,3601
363,224
1465,3395
3828,3491
3255,2912
3281,1639
2902,2445
2016,3758
1030,2796
1789,3226
1862,2565
3757,481
3310,2356
351,580
2593,1337
2544,2052
3258,1975
316,2572
766,3888
248,912
2321,2503
3761,2669
3382,2367
2362,766
1014,2939
1741,1127
1946,1623
1124,1811
3439,768
1176,416
1515,1272
221,3414
2861,1694
2874,641
1391,45
2501,3082
2370,771
1520,572
2009,299
2307,2111
1960,1111
1408,146
1187,3063
1115,1270
2403,2411
1288,1168
397,48
604,1812
3920,1580
2471,414
2032,1214
1178,841
260,273
544,3032
1622,3275
390,2872
2481,957
2623,2821
3262,605
2300,678
1944,2851
3597,399
2912,2877
194,284
3502,576
1136,2893
1162,1375
526,982
2501,2317
241,2608
1364,1548
685,387
2558,59
3773,1326
2349,2990
1415,3417
2740,2076
1626,3963
2049,2257
2816,45
3998,725
1815,3538
3102,31
921,2306
1166,1269
2444,3733
1112,1485
2597,3411
3073,1893
3284,1381
766,1417
3494,116
2763,3026
1032,2589
2272,1710
567,493
2699,22
1854,2629
2721,3826
1598,3906
3256,2761
1000,2700
2492,3750
1737,389
3573,169
1909,3843
253,195
2888,3799
707,3577
590,2155
621,3983
3492,1693
2280,8
3054,3681
3268,3858
254,3807
3552,2493
1875,1777
3374,1601
2267,3426
1808,475
597,3719
2503,149
2556,2451
3045,3392
1200,2217
853,405
2455,3929
1846,3292
900,148
1953,3932
2296,3568
496,225
1155,1065
2722,3284
2379,471
1363,1216
522,2609
2573,797
2901,3673
550,3686
2311,998
2839,3997
3730,1357
3048,1359
2618,1926
3824,2405
485,2955
1546,2840
664,1965
3534,2988
1693,2076
1626,850
113,223
2596,1072
2353,1426
2948,21
1893,2532
1234,1872
934,859
497,97
3873,3626
2133,1134
368,3095
3120,3779
3339,3341
1936,3588
3361,3715
1411,1563
130,3684
3695,92
2502,523
1881,1037
2806,183
2341,3961
1596,3849
327,2327
3149,3690
2115,1655
3915,3358
3796,1944
1919,975
3673,2864
1228,1106
727,1129
1004,3292
1355,236
1733,3825
2697,2141
3753,2173
2254,3111
3798,1674
1479,239
838,2340
123,1395
3726,1142
2382,2365
1030,1995
910,1126
1064,1286
287,1533
1139,767
3912,2724
2143,693
2697,3725
391,869
1668,556
1438,3582
282,1059
1017,3498
2629,292
1208,1241
69,1444
97,3274
3539,1360
3668,2857
1258,438
2907,3866
651,1929
713,205
1308,1779
567,1369
3642,3909
357,2546
1068,793
3080,1448
1488,1003
1791,2804
164,46
2735,2344
1739,2120
798,3234
150,2012
3214,988
1298,2869
3837,3874
3819,2567
1492,2367
3603,592
3258,1078
1016,2751
220,2912
2209,1216
1362,3835
2777,1635
1850,666
3302,2873
1623,3561
3521,35
2835,1055
100,2260
898,1740
3465,3475
3183,2549
421,1023
739,2450
87,578
2427,505
3626,651
1555,3481
2673,933
1627,3258
2216,2254
3580,2878
3230,199
1453,3015
840,1440
2743,2732
590,326
3189,1777
2207,2457
481,3137
2825,2158
800,3226
2694,1440
2811,1785
133,914
1791,1697
881,2950
1688,1242
3148,484
274,1376
3325,1392
2954,2741
933,2478
3571,679
1910,1630
558,3233
2239,646
3476,2203
2050,2829
3249,2319
317,2763
3387,3914
2357,2912
3291,906
3143,1310
1079,3723
1829,2394
266,2650
251,2671
350,3269
229,3848
2536,2705
3179,3815
3542,2581
189,3370
674,2551
791,401
3011,547
1014,2351
2850,2634
1252,1153
3724,2314
3803,3973
3687,2716
1519,3884
828,3965
267,3384
2665,2638
15,2706
2746,3660
3390,1548
785,1953
1560,3086
3341,317
2947,3533
1439,1061
2470,3395
1533,3444
2745,1093
898,1989
16,1057
3339,2255
2483,1065
1035,147
930,3448
1915,3590
1623,456
1051,1566
144,432
3421,2749
3452,821
3084,2005
101,117
372,2974
942,3797
2716,2822
705,3008
1195,1556
1997,2519
173,906
408,1484
2224,3415
3553,785
2771,1488
1023,3362
1809,1030
3937,3125
2446,3123
2419,3488
1914,3648
1681,2322
1201,3826
608,3266
3074,741
2916,3710
3737,3205
419,2327
2300,1877
1852,2475
675,1328
3507,961
3869,1164
2917,3500
2138,1276
2985,674
2034,1213
2035,2882
392,3215
3572,3243
2207,1740
2820,1239
2078,3683
2382,2924
3291,1708
1820,3869
309,1494
1317,2059
3863,1201
1228,2167
933,1100
3374,1960
1272,2516
3101,765
1409,2660
105,2393
368,2193
428,2356
1759,1685
2264,1765
3867,1228
3137,1606
1791,3179
258,3653
2281,187
3196,3351
2597,36
3246,930
2533,1149
3560,377
753,1953
641,1845
2758,2395
3714,2329
2948,3270
1956,365
2813,1767
2565,146
2066,1394
2185,1258
3935,1842
3866,2265
2821,3105
1694,1436
1063,1668
3938,1417
2908,1979
2526,2957
624,3875
1166,1701
2665,2855
2098,101
1111,2438
2843,2128
306,1607
574,3920
697,1102
3254,2449
2191,3721
1375,2981
2689,1018
863,2310
89,3402
1348,2329
2104,2457
947,2482
533,382
2635,3577
1506,483
559,2722
1143,7
1108,889
2306,294
594,2822
862,1798
3070,2171
521,1165
3952,480
2416,1825
2865,523
401,1637
368,87
3481,1180
3791,1440
909,3198
2315,586
266,3817
3606,3543
460,2692
2271,3558
108,1590
3666,388
3684,2284
1820,736
694,2243
3005,1917
461,3154
3445,3237
2047,2174
3508,3347
2250,2034
3769,2900
3802,261
980,2717
1914,1591
2320,1535
432,3334
359,573
2709,967
1579,3353
2649,1215
2043,692
1892,3346
3397,2753
1007,1752
1046,149
972,706
2270,547
1495,670
1313,2956
75,3969
889,3534
3067,432
3088,3727
2992,3378
544,346
3351,1092
2724,3383
3056,3458
1137,1252
871,3632
2830,2585
920,1253
2119,3947
1999,223
2549,261
1053,759
3718,3696
2192,1612
1907,280
2852,436
2361,3457
189,3903
1436,95
2169,3760
1079,3207
3099,447
786,1266
2213,1135
385,2246
2402,3225
2659,3682
2159,2366
3430,378
479,2388
1810,749
2710,2469
2155,2082
2327,925
2483,855
3031,3918
2814,3052
1354,2594
1801,2658
2252,1933
1350,410
3794,1141
1872,119
2559,3337
2217,919
2346,1701
1373,1489
2739,3450
3735,3955
528,1226
225,394
202,3965
3964,2458
3768,3504
3402,598
160,1330
2066,3969
2640,2141
1078,1015
3906,663
1739,1044
3109,1462
3543,3231
1476,152
1911,3028
3268,1940
3651,1976
160,2066
1855,2609
1827,3338
1395,3323
1130,1481
2156,2833
2135,343
2407,3349
2279,2791
3057,2041
3081,151
1551,2860
3812,844
3736,2419
1453,3941
954,3825
3758,2798
515,2849
3499,3601
2462,149
509,2953
229,1557
3114,459
3041,572
2847,751
22,1361
1265,2721
2683,2153
3785,0
987,3407
988,2791
2738,560
2712,204
265,2201
2230,2837
826,2594
921,1054
1339,3319
2235,3295
906,48
2987,3146
3179,2212
2352,1401
3171,3921
447,1574
2903,933
1074,2741
247,822
3282,936
670,3179
937,1519
967,3385
2975,1957
2393,400
2019,677
921,636
377,3670
381,3048
2793,3823
3708,2157
1577,1602
2054,3267
3655,3309
3459,3487
2639,3009
1895,734
3774,1693
1029,3509
1570,3881
2195,691
985,2972
2704,3636
3747,3967
930,856
2880,1250
3069,3590
189,1710
2816,3046
350,1554
3683,1793
3281,3821
3262,130
1270,1271
829,3514
1063,472
1628,529
3552,116
1549,2999
3670,3773
3965,3669
651,3091
2836,2218
1333,3782
2642,2490
3616,2399
1130,1566
3307,1382
1353,2018
245,1239
446,188
1118,1971
423,718
1074,2744
3121,1775
3704,610
3408,1908
159,1522
166,1125
3362,3873
2880,1347
3294,1916
334,1311
2394,3399
2397,719
2131,2473
1545,728
1532,509
757,2540
1412,2920
2140,2012
3768,1468
624,880
867,358
1982,2248
1840,3220
3993,3921
810,1049
1712,3038
1382,1788
1198,2665
176,3433
1758,2911
3775,2466
3258,1698
2710,3155
2748,2122
2242,1272
598,2607
3555,1412
3603,1536
513,1694
3967,2019
3390,328
595,1865
1775,1514
3244,1794
644,755
798,3451
675,656
1243,63
2882,3306
3678,3085
1814,2490
629,2147
2610,2395
1341,3706
2247,1287
1094,1661
3035,3787
3942,3611
191,4
2635,2061
826,3321
3941,1953
2647,1805
2811,1439
2894,833
3518,2440
2339,2228
826,2378
2468,3576
2876,606
1602,3195
743,3017
2187,346
2137,1099
3176,3717
3065,3790
2127,1374
745,1603
1772,1747
3382,3120
1604,2276
3292,195
232,3400
2372,1833
3667,94
662,2425
3219,341
3677,2905
1256,2507
1470,1794
188,28
2804,2783
557,2097
1716,3730
2159,2566
3838,1533
2238,3649
1648,3576
1652,3240
3476,3800
3213,2998
3881,3222
3777,1709
1701,3770
1107,1703
652,3001
2996,715
2201,2067
779,764
3641,2679
2828,1478
3298,49
1073,1666
3210,1783
3111,13
3091,556
3248,3266
806,2122
215,2538
915,521
3679,287
2999,1120
2344,3520
244,238
1308,3782
2962,2121
1847,2500
2926,3049
2535,2990
29,503
527,62
2815,3037
1073,2571
3605,1125
3053,97
3789,2871
2828,3236
2249,1342
3823,751
827,1681
2563,3428
2642,1884
2598,533
1629,3038
2678,790
171,121
1685,3336
984,2743
1560,1712
3911,3010
86,789
333,479
3646,3316
1340,232
988,3194
3914,1011
2511,1952
3066,3186
3760,860
3460,3104
212,2839
1597,1470
2389,3562
773,1399
2862,119
1471,70
2606,3609
2794,1911
1728,866
3866,1026
2002,1001
65,3179
3802,408
2651,2645
2290,3730
952,836
3204,2780
1499,2797
1199,2338
2154,1354
2609,437
3610,2444
1465,315
1604,2488
1995,1534
1805,187
2375,3020
3436,2390
3678,3506
2074,1285
1062,93
1422,3694
854,262
118,185
2323,3675
3876,1862
3880,2901
97,469
2801,1884
1275,3608
730,1366
3483,131
3712,2571
3884,1053
1565,2093
1252,3840
1711,2801
2694,1378
1553,2189
494,678
2554,676
2002,3669
2795,2745
1699,267
1387,3918
432,3467
1173,2811
248,1003
3946,1607
332,1845
3040,3998
3709,3089
1082,3512
1800,3781
1419,1226
657,2004
2105,661
1869,2782
1245,2505
976,1205
3552,2264
243,218
1928,3110
3950,3549
3371,1113
2986,793
3343,320
3258,1647
2560,102
2434,2366
2444,73
2401,193
2248,3258
1009,3139
1993,170
3847,979
898,866
3446,1392
3318,2022
1439,511
636,3774
763,2613
724,993
2397,3950
2937,1167
1408,3836
2073,1438
3659,3895
1058,316
1491,764
2923,2727
1703,3046
884,3099
3874,1983
1684,1924
277,2072
3327,1491
3930,3008
3673,2628
41,2161
2423,2844
1012,17
1553,2119
3004,2014
1345,2656
2259,709
1842,463
1043,3450
372,2089
3075,291
1843,3511
3084,3209
1158,1154
1011,1620
3316,3447
3154,417
671,786
492,1268
892,3132
290,2960
1952,580
1885,3641
2755,1084
1256,2241
236,3808
1217,631
2730,723
651,2579
3670,934
1110,2087
2140,2630
1174,940
2770,1468
1704,274
2100,2300
934,2842
2886,3742
2186,3812
557,3818
1032,3191
600,1361
3548,3153
616,1097
2847,2149
3453,3080
994,1738
3571,665
899,2114
2755,3965
2103,866
848,3786
1956,2219
2725,2181
2206,293
57,178
2732,2421
334,2331
505,1322
681,1329
304,1163
3291,3053
2665,1570
1778,930
933,3925
1649,1252
2206,27
993,1630
1039,1938
861,1546
1337,3068
842,3179
3288,1877
2580,3551
2306,3033
1944,1115
1993,3165
1701,343
1043,2549
988,3733
1974,951
2570,3765
2672,2740
3469,586
795,3317
72,2182
1970,2845
2601,2772
2708,928
3109,965
1843,1210
44,2924
2725,1933
3330,3430
3890,1297
2571,228
3524,2492
2242,3340
3418,1738
1839,3721
3527,2007
2102,97
2693,1488
234,3552
2425,3799
1912,161
2824,669
2729,3746
903,3269
1727,3925
2528,2082
2470,93
706,3702
3499,3973
1966,1594
1262,3923
2159,592
3529,3965
3974,1166
2318,814
775,2905
547,941
725,1864
1722,1507
1555,3871
2424,970
3480,2419
3989,1865
153,384
1505,2075
1515,737
3440,2475
1019,3307
399,1468
2377,2183
865,1257
1908,605
1736,3902
2346,457
2665,1475
246,1146
1654,1564
172,3376
686,1875
3696,2259
2446,3755
2032,2720
241,2529
599,3543
339,108
1457,245
3662,3877
1877,32
1763,217
3026,3245
3554,3805
2111,2786
3856,663
3320,1676
2493,167
3707,272
1049,40
2697,3224
2418,941
3118,1971
3041,1309
933,3452
2643,1732
3843,741
138,101
1595,910
3121,1283
1876,3480
2806,2944
214,1816
753,2519
31,3086
501,68
3282,1248
3505,2261
1800,2636
697,979
1706,2065
2515,1357
1818,3716
3678,1037
1089,1396
2915,569
3141,1309
1643,1089
1961,2223
2382,1240
2012,2810
1943,235
3720,1662
3319,1228
777,2773
1782,3078
1120,698
2437,2783
2692,583
2956,1991
1701,1745
2554,297
1781,3635
428,3683
3447,2866
1056,1636
1504,3006
3198,3038
2853,649
422,434
3180,3875
2517,24
2164,3896
2451,3449
894,3128
3552,2233
0,3484
3823,907
1693,2753
3314,3142
1330,3759
3125,1023
1724,1286
2287,2834
2379,2538
1116,552
3310,21
1753,2194
2419,3395
97,3913
3534,2332
2910,2409
2365,3177
2879,593
1186,3251
1397,2657
3861,3753
245,865
499,3924
2677,3429
2351,2012
82,2007
3189,766
3323,146
2667,3801
3938,773
2496,2352
585,148
3113,2238
776,538
1375,3094
2004,3096
1947,516
469,2956
1325,3761
3203,2686
3584,1909
2465,3850
2982,3207
2053,3288
114,772
2277,2902
1587,255
2197,3804
3666,1448
2435,3272
2552,2692
3188,1882
1926,1099
511,896
1194,1290
2260,2833
711,1261
3561,2983
3465,934
676,1814
138,76
933,1996
1680,969
3090,1785
2288,1235
3567,472
60,205
966,1342
1019,1750
1928,1692
851,3400
1152,3106
1565,2619
2008,1256
3495,385
3631,98
3314,2966
2572,3438
3627,3232
3677,2137
193,646
2229,1524
727,3223
2219,335
301,79
1300,234
1207,2930
212,2471
2944,1463
3994,879
3933,3031
2750,1731
2541,879
2785,1429
1478,1101
705,579
2326,1990
603,3287
3811,881
2068,1104
3102,911
2348,2623
1115,1975
688,2447
631,2915
3344,1193
3506,2230
430,3487
577,3257
2952,2920
1218,1903
1088,3244
49,1514
2228,1009
2734,3224
3411,856
3437,3468
2331,2419
2358,1199
778,1067
3371,3173
2701,1500
2756,766
3278,696
3575,2765
417,1952
3263,717
540,3507
569,3438
3785,844
77,2142
3704,3917
1622,2643
1762,2499
1306,626
3659,3071
748,2983
1696,3116
3168,2579
3831,346
1720,91
3678,1952
3598,3491
589,3470
3117,3909
2669,848
3259,2419
2350,97
3108,302
3478,1329
1487,2223
3645,3301
2364,1833
862,669
3381,3837
1702,2618
3225,3059
2876,1513
3530,2621
710,671
2208,443
360,2418
0,3039
2081,3947
286,2811
1480,1239
1872,173
2711,136
2001,2692
3298,1600
3673,174
1109,2828
169,2498
390,3428
3970,3128
2509,1217
3640,2227
2860,1424
1458,2531
2786,1773
479,3755
3863,2006
2407,307
63,3029
755,84
3436,453
3313,672
3853,1071
3673,3438
3051,73
817,2807
3655,2404
740,2756
1807,1278
787,2225
3833,1120
2942,748
1855,3024
2234,2191
1771,3512
2076,3831
2139,2633
2505,1592
3621,2261
1543,960
194,180
3907,1568
2913,1100
1530,359
1139,2068
1059,3321
2259,944
3375,1376
1396,305
2041,621
3,1027
3398,183
347,2282
1143,1425
1689,2485
3110,1783
1652,169
981,628
1772,2213
1505,3050
50,2446
1142,182
713,3724
3385,551
3316,1957
138,2324
2335,1133
3935,512
3951,643
1768,2345
1115,59
1469,243
1079,3770
2419,3290
42,2286
1683,2010
1319,2770
607,163
2363,2538
3847,1363
3352,1584
613,2737
339,100
1344,3653
728,284
891,417
563,622
2084,2828
1721,2058
470,2186
1669,3526
201,2171
1850,501
311,3020
252,1540
1654,3631
3034,2256
1036,443
2631,1770
3496,2998
3698,2242
3239,3419
3960,502
2965,300
1705,3587
1321,1313
386,601
682,2992
1679,3547
974,1106
3036,1804
2364,721
2959,3654
3896,3882
3000,1403
1198,3275
2129,258
2420,882
1108,3051
2743,478
380,883
1398,914
39,3744
3566,2715
1874,3075
3478,2910
209,879
745,1967
195,495
793,2906
1737,271
2119,2040
2097,200
3342,1605
3115,1274
111,432
777,2289
1824,2487
2377,2900
2506,1818
2167,1016
2836,3416
86,1848
3993,354
2484,1679
1420,2398
2751,2805
3868,2457
2596,169
1041,3690
2547,1346
138,1151
281,15
2895,10
792,3605
1672,2351
572,2238
1190,1011
1568,2899
951,2064
1731,1667
