2937,1134
3486,3737
3272,2454
2117,2019
2724,3657
3084,361
3432,3658
2866,1683
2928,845
1448,819
1685,466
333,48
1451,108
2502,1846
513,3960
1339,3957
340,3381
2872,584
3342,1221
2392,3316
3035,3687
3488,2093
1538,252
1764,2111
2139,2413
1410,1422
1028,1664
816,602
457,3152
619,1297
3472,3475
2260,749
3676,3624
825,2320
1967,2740
764,3609
3184,23
1829,1058
3115,3715
3581,3443
271,981
1057,2055
18,2888
3149,2688
1405,44
1542,452
2903,730
83,3268
2879,3820
3138,3689
1334,705
1430,322
1722,2172
3300,3606
2577,1398
2102,2063
2070,2951
3180,551
2661,2893
2441,3174
3393,3091
720,3375
2203,267
128,1772
753,1236
3617,1662
1272,592
1253,2579
2226,332
398,911
3994,1844
1111,598
2922,2002
3604,481
171,411
3384,3464
1333,1874
3517,2765
1284,875
1046,2981
1294,1351
2119,681
3867,3843
186,2380
3737,2984
1915,2825
2934,3938
1471,480
1175,1226
2688,1590
556,1004
3511,834
982,752
3636,501
2004,2422
2446,3694
3138,2959
3139,1655
77,2199
1667,2144
2233,2155
1429,2337
2251,1115
2120,1269
1415,1995
2484,3212
1087,2366
814,2633
1825,3094
1774,2254
922,909
3250,439
3354,951
2720,1183
2169,2434
2426,1359
940,401
2134,3366
586,2940
918,786
703,544
789,854
2126,3237
2674,1718
3965,2498
3110,3253
441,628
2316,3809
3480,2715
3149,65
3786,2904
2342,183
1876,1945
1317,379
1922,1366
1105,3054
1600,1764
1436,2137
2841,3794
1195,1903
1557,3300
106,254
73,973
1159,2464
3492,238
406,336
943,3328
3669,1001
2021,369
2111,3235
1823,3215
3585,2744
3105,2715
1652,3042
178,3839
1461,3217
1908,2330
814,2072
434,1191
624,3196
456,1900
2463,1528
3182,1645
3400,429
1424,3973
2206,1628
458,2876
2240,3808
246,3684
3974,3349
3524,28
689,2794
2179,804
2611,775
3119,3001
3656,209
2955,1555
743,1470
2184,3367
1987,1036
3268,3709
3997,1199
961,1366
2970,1431
420,3350
2989,3491
722,3168
1244,488
262,673
1922,3479
3579,529
789,1842
317,3552
348,2711
3324,1343
212,2760
3749,1560
2140,813
669,602
2211,3180
2292,1882
3714,1603
41,194
2926,3804
562,688
3454,223
2111,334
3380,1252
2400,3106
1916,1471
3291,3414
1405,2920
1306,659
1404,3369
3317,3556
2625,29
1317,2084
1253,372
3567,2344
1653,608
65,1402
3246,3474
2101,3699
2136,1741
1639,1200
2287,1522
1641,3792
1979,1052
3811,1119
2353,126
3968,1091
3529,889
3860,534
1251,2744
2357,3533
390,1088
425,1501
2253,3142
370,3622
3682,3197
575,2584
2833,3724
2341,3322
2275,3025
964,2809
3260,3157
3880,3978
2426,1136
3534,2716
3739,2403
2091,161
3992,199
807,427
1647,2634
2718,1248
3939,1663
3178,914
1237,494
791,3668
482,16
3303,2630
3677,1262
3667,1453
1351,2638
1032,2245
483,706
866,683
3984,2328
2634,3517
176,163
2900,3822
217,811
2411,348
3207,3720
1434,2697
1705,357
722,1973
1640,2822
1776,1429
5,955
1893,2945
1362,1411
1200,1896
2511,2990
2146,3638
1298,1789
917,2993
1189,3631
3157,3944
1806,1538
786,218
509,1130
3645,1879
3461,3345
2787,411
2881,658
1617,3052
3396,2019
2762,2721
3330,1198
3248,2705
676,1876
935,2936
263,2463
2877,45
1735,1068
3713,1288
3412,3344
3967,2731
1075,253
1799,1854
1355,491
400,2040
1721,2764
228,3019
2950,2578
284,1514
3229,2004
2593,1358
1679,1116
1866,1495
2942,2052
2314,3995
3693,1312
1963,2584
2740,3751
847,3252
2891,1240
2164,3699
1165,3536
3631,2338
2954,1886
2354,2121
3759,3974
1393,3681
3234,1475
1043,66
1240,2051
3047,2216
1840,64
2863,3198
1836,2469
312,423
3646,699
2393,3143
2518,3263
3068,619
3061,3456
2198,2260
1569,1084
48,3331
3948,3918
1871,3677
2208,3186
3723,3644
1819,3049
1490,297
1295,3003
12,1631
3541,149
1512,3820
2276,1720
3223,1288
2781,2833
3145,2207
540,1389
1345,709
989,3652
964,35
127,14
1273,2110
337,1856
2916,2322
1125,1308
1464,2611
2922,965
1678,157
2601,3912
2972,2427
1621,1046
737,107
680,3557
1571,3036
3235,224
1589,3333
1344,906
324,596
743,3509
1398,119
2366,3078
632,3427
1221,2655
936,754
3179,1179
1830,2934
2295,3216
1061,883
8,3351
742,2757
1291,3213
2146,3298
229,1725
2751,629
1386,2250
3975,536
585,1776
298,2744
2653,3482
2138,2076
744,2545
645,2094
651,3261
1259,1684
1769,1059
2108,1855
2299,3014
202,2006
1914,136
3033,327
1998,772
1056,2404
1915,3073
1404,541
1672,2597
1484,1093
2444,833
687,2146
1717,3806
1239,1574
2276,1298
1539,3617
2965,1029
352,206
114,1976
2530,149
1095,1819
2907,627
1458,305
3596,1258
100,1435
739,3389
1271,1259
1770,1791
1383,2242
3950,3847
1429,3081
2726,3882
241,3264
846,243
3569,3663
3462,1944
2187,3213
3941,2589
3685,2938
923,1686
2749,2188
192,3963
597,2235
1663,3115
3384,803
1751,1463
560,1807
2614,3624
3496,1116
2983,3371
1247,3439
3073,932
1209,637
1781,2078
758,1034
1815,2562
1733,3915
2154,1243
1233,220
894,264
3666,3748
1920,780
718,858
62,738
2967,401
3319,2490
1391,1138
2827,390
2877,314
686,3242
2149,2949
263,3939
617,2277
2297,270
2189,1314
1866,169
2623,2085
2433,426
2977,1413
2801,1584
2040,1176
724,2203
3613,538
3098,2778
254,809
2353,1148
2629,3634
1003,1786
1641,3420
3361,2790
1015,2004
2526,805
2885,1606
2345,2840
1347,826
1390,3622
1077,2547
762,1156
686,467
3677,930
3852,1662
3377,1261
2474,174
768,3937
873,2555
1822,512
847,2888
1331,2684
1993,2112
3364,1099
3206,253
459,785
622,2024
2016,3402
2631,435
3889,1429
2402,3721
3021,754
2928,690
501,3201
3705,3856
1486,961
1557,1250
3723,2368
2479,888
1624,2519
3149,1201
3397,2256
3165,3446
3242,199
1407,3122
1884,788
3627,1498
1986,1409
1282,3792
457,1034
2856,3875
3740,2555
51,2099
2121,484
2813,3590
3065,49
907,3812
2012,165
737,2508
791,1472
559,2851
2509,3298
2435,3961
3290,399
1531,2196
399,180
329,413
3851,1723
3376,3763
1293,3563
2250,1447
950,724
3898,1863
3858,774
3593,2347
2839,736
3852,3899
2840,2059
2044,3314
1721,2687
2849,2359
567,2153
875,2637
2946,2036
709,3228
2467,862
384,3123
672,3210
97,2876
3633,404
553,2765
1429,3266
3095,2043
3264,266
1418,2832
1570,2219
804,2477
230,1820
2704,3678
565,1344
865,62
955,2951
1190,3727
714,376
563,2335
1861,3310
1276,2962
2536,977
2229,1625
568,2953
3172,3118
2289,3872
2505,1254
3798,3650
2901,3601
3773,2297
3558,1688
2460,3594
3004,3371
966,3102
3084,1545
1123,3972
471,1008
1749,1432
1267,424
2403,1201
269,20
2245,550
2458,2731
3156,438
2287,226
2516,3950
3175,762
1713,3401
3782,1406
3253,2159
1768,451
2038,500
173,2650
3309,701
1678,574
1076,514
546,2975
3767,530
444,2302
2656,2902
3720,3759
369,2298
3086,1446
3049,3928
741,1625
962,2802
3865,3688
3967,2709
3958,2916
3900,2964
950,355
1289,1910
53,2697
2399,3954
1214,153
1919,2536
1203,782
820,2206
1869,1172
1463,3880
3708,2327
574,3713
2346,1386
550,1303
634,430
1449,1546
697,2946
2389,92
3404,2716
1430,3944
2289,1744
2740,3240
3371,2269
3957,2764
2201,3118
3426,3958
2174,3099
1274,111
2783,3160
3672,2237
626,1873
697,2188
3385,2843
2939,3306
2291,3766
2083,3044
3838,3741
3466,3606
2246,2846
1648,2666
2672,3424
638,1287
724,2599
825,3574
3768,2221
3501,2323
2565,1535
757,2834
370,3927
1808,3007
232,589
3831,2188
3764,494
1356,1221
3281,2777
3038,1289
892,3575
2843,656
1825,595
3894,651
1192,1138
3939,1605
638,2603
3694,2533
3369,2277
2914,3854
3107,1962
3998,264
302,1584
349,1963
3204,450
1830,2543
632,3765
128,506
1056,333
3851,3424
1028,3982
1053,2200
1853,799
3990,423
1105,3163
774,1058
3091,1486
992,2226
2432,3086
2305,1685
915,2991
1744,3395
2846,3415
1707,3382
3188,131
2854,2859
61,2129
1629,3194
1351,303
3921,1772
653,3302
1561,3630
2463,71
519,3450
3832,612
3594,3573
2182,2067
1876,2636
3581,991
68,853
157,441
844,939
3844,1459
3947,2641
2945,3033
3869,515
921,3966
289,2229
1177,636
2693,1448
1860,736
3033,72
2474,325
1325,1673
3555,1691
872,2370
2607,1771
2335,3244
568,1151
1223,3683
1551,1258
8,1202
814,805
1087,1947
3617,1118
483,2088
3347,1750
1095,548
107,798
3611,3154
3594,2688
2662,1699
3634,2244
3731,240
2305,2645
893,3273
285,1921
1813,2276
3032,3326
2303,2964
526,3119
2261,2497
2539,2322
2899,1808
3839,2480
3610,2247
1182,3544
616,570
1162,678
1229,1116
1016,3247
1487,2087
2143,1194
1452,251
246,1691
870,1800
2154,1300
1294,3438
2495,3344
3086,3965
3936,3348
3295,3758
2752,2445
1353,247
1263,2224
2982,1998
2070,469
955,508
14,117
2013,3099
1199,602
3304,892
3575,2676
2979,104
2694,2515
1438,1434
2407,1437
1870,2336
756,1914
2549,324
3077,3215
1892,796
237,3025
2314,1542
2130,3162
3106,2195
2494,3498
3848,3579
181,1498
3993,1069
3669,3893
1114,1040
682,1839
1568,2641
3584,3341
1343,1890
370,3860
2528,2961
1705,199
1950,2637
723,2249
1900,3493
3311,3147
933,2791
2624,3972
3743,23
374,3419
271,3057
1933,2968
2792,1221
280,3016
795,533
1389,1475
2281,563
1679,3177
340,3306
3,3275
2772,2157
1953,367
2093,2391
2154,3213
3163,183
632,2103
73,1399
328,469
3001,1997
3080,3755
1767,3917
2855,1205
1789,2049
2402,939
3924,753
2112,1320
281,3924
1596,115
197,1803
3423,284
1214,934
581,56
3048,1149
2338,3173
1295,202
2776,2095
2829,2123
617,3151
819,1337
370,3188
2384,3171
3613,1371
1128,802
592,3649
2648,309
569,3322
1603,2554
3063,1503
1211,1853
3502,1772
783,601
622,431
3176,3861
2476,987
1673,411
1245,2921
1700,2474
1516,2338
1162,3830
1249,358
347,2757
3619,2387
2236,3197
1755,1242
2385,3944
1891,1396
3519,3761
329,719
3534,231
3646,1690
686,2278
367,1420
225,1440
3655,3741
3342,1946
2634,3750
3718,3440
2863,3302
514,2852
2555,3835
1120,1206
2018,3853
3941,3072
3881,3000
2092,1000
1378,2590
2300,2013
2521,3360
1540,3512
2769,1267
1273,2121
491,580
887,3452
3472,2949
1739,49
3270,1921
2593,875
1964,2349
1566,2568
3158,2580
2682,2973
1212,715
612,2504
2500,3778
3444,1851
3171,3236
979,3039
1440,2216
3782,1100
3784,1498
1838,3534
131,936
2243,3213
2641,602
3717,1909
2860,3456
1738,1490
1932,3477
882,1322
15,2055
3505,2651
3152,564
1997,1816
3635,1894
3012,3845
1540,3495
2687,915
863,3222
3784,2734
2105,3446
1014,1920
3784,2637
2126,2259
565,478
2111,3823
3774,3913
2855,3098
2436,2182
1996,343
1447,1074
3907,2722
2270,1934
2378,3810
2517,191
209,2251
1791,659
1676,3441
2930,2923
2358,554
1960,1887
1033,1688
3721,874
740,1045
2627,3221
1600,2890
1974,3233
459,1308
1718,1797
1717,3908
3655,3821
103,705
1783,1371
2369,3839
2435,1009
2311,2237
502,235
2331,1589
1306,1822
2111,2170
2187,121
3621,3767
3752,1060
2737,105
3961,2615
2227,621
2335,1713
3443,1319
3337,3608
1727,3216
2656,2989
2246,471
320,472
2696,2010
825,885
1373,84
3399,2833
1786,1750
938,1710
3563,1640
2149,1984
515,1143
2048,596
1971,2324
2230,3420
846,994
3428,147
1304,3930
2627,37
3891,2142
3597,631
1937,3932
3510,1035
542,3037
3632,3119
1555,1812
2664,2215
3963,59
1487,3852
958,2060
127,1382
273,1873
554,3353
644,334
3603,870
2852,388
1985,3508
2734,3402
2286,1146
590,378
2995,3960
2368,1956
2071,2475
1681,1090
2125,1470
3823,3309
132,3291
1888,3335
2092,3750
2001,3563
3132,2960
237,3555
1919,3850
3536,385
91,90
177,3893
1143,709
3995,247
268,468
1584,120
3767,1319
2804,1093
3695,1949
934,1753
3509,1995
2531,722
1421,461
1705,2037
3523,232
3477,1410
3885,3988
460,1465
5,3193
74,1765
370,1464
3076,1590
1879,924
432,362
1530,70
3684,3038
10,1326
2779,256
1632,1550
3411,3028
3761,916
2192,3416
733,2673
673,3705
2258,464
1242,2691
1855,1154
2898,305
2936,1311
2873,2689
975,2301
1972,2344
1309,2732
2677,1429
1215,1430
3926,1901
3808,960
1376,37
598,697
24,592
2138,3340
971,1102
3835,2523
2782,1409
3491,2036
3293,167
2634,857
22,3864
2129,2451
3167,1223
3781,2750
285,370
3364,3897
1387,1050
1289,1110
2200,1386
298,2745
1826,3973
2539,1696
2567,1427
2541,72
2647,3976
191,3848
3937,3451
2202,2029
2898,757
1961,1907
1986,632
2836,633
2606,2104
1994,129
19,221
2002,3629
3126,145
3246,1424
3323,1309
1429,1160
3270,3334
86,1515
436,827
3626,1266
1174,2607
1477,1526
1666,3243
473,1649
3167,2468
262,405
260,2697
3339,2719
1319,2797
973,1261
3696,1056
3213,1807
1588,1376
3408,818
2918,184
372,3137
383,366
1742,3728
3050,1978
1292,3088
1265,94
3465,573
2279,1960
504,2006
772,3961
481,3284
3840,813
212,3383
2378,998
386,2654
2767,2398
3324,3311
716,3421
1966,3622
3651,2930
2121,3030
1258,2954
3747,335
2424,3745
3124,404
688,2831
2031,1483
2168,1585
427,1763
3749,995
3170,2605
1208,1599
3535,121
2177,2317
2575,3890
726,3409
2592,3946
101,3057
2107,1989
298,806
252,2766
3785,3837
1725,2713
982,3441
3514,793
3141,1401
989,3390
3458,1208
2513,2134
532,1776
3711,3957
1093,3452
2822,3370
2329,485
1886,345
2475,861
1622,516
1441,1617
2853,1118
2398,1389
1651,2681
1491,3770
3695,2850
592,37
3231,2341
679,454
3965,873
2822,12
2618,1363
1551,2865
555,1493
3636,1566
2511,3324
524,2069
3733,2544
264,1190
477,415
2725,1006
467,3095
790,71
3848,628
2634,2963
60,2297
1438,3140
3691,3972
3190,1380
2431,2941
2872,1861
2827,2647
3821,1844
2098,600
2723,534
1903,2146
3231,3290
956,157
3040,2572
3140,3932
1217,1737
3631,873
2493,551
569,1544
1702,1346
743,3466
3942,3351
196,2181
3993,2633
3525,3660
1965,1038
2330,2614
28,3396
292,1375
974,1377
3888,1040
1225,2385
648,2670
1868,1391
1996,3526
864,2193
1999,613
2324,1937
2929,1834
3885,3135
1235,828
2985,160
199,2579
557,1574
3325,222
2520,2199
1983,2648
2738,2543
2381,3903
2664,592
3231,1613
619,52
3701,3516
2375,3653
695,3203
2443,1591
861,3473
3972,3449
1094,3956
2633,2246
997,3593
587,144
719,1031
897,478
1522,527
2483,3293
3212,1704
647,1867
1199,2903
233,1023
273,1620
3474,494
3806,3740
2955,1761
3155,1382
2700,112
3325,1877
543,2861
2272,3274
696,480
3263,3040
2230,3692
3932,2019
477,69
3891,3894
1580,3837
229,3552
269,3925
3631,3686
1917,683
250,110
636,1305
3661,2606
311,1129
1624,856
3378,1550
1930,2124
3790,128
1480,420
2046,2862
920,2393
65,1054
1281,1123
1106,1971
2313,2593
2245,2724
2321,3643
195,1330
2994,855
3766,3161
1047,332
1846,1452
3222,977
2994,862
941,2107
614,2370
3190,3292
459,894
1302,2452
598,2222
1423,1681
3271,869
164,3566
236,1922
1914,2365
385,2450
1394,1507
1670,2132
2875,258
1257,2935
684,882
1987,2543
1672,1694
3127,50
2796,2238
682,2836
336,380
1126,221
3833,3074
2337,714
280,2858
2029,3109
1519,1661
2390,1541
2478,1419
1025,627
664,2441
339,984
2598,1841
1194,3213
2455,1687
2952,2307
1004,1230
1579,1392
2973,1260
2669,689
3431,987
1357,1481
589,1063
684,1843
1678,533
679,3984
1349,1412
2649,2133
1632,3899
213,339
2169,468
592,455
1050,2262
2483,1814
1983,1857
1742,3691
2733,140
1276,235
3231,2717
1530,2352
2506,2356
2255,2098
1679,3744
1506,2844
433,102
974,2755
1000,3985
1140,587
3071,1213
1017,2532
1662,326
1767,1094
205,1667
1269,1232
1879,1909
459,1500
1159,1106
1357,2017
180,1046
2363,2935
925,2839
3653,3397
1619,1466
2243,1387
2054,3352
1392,3246
38,2553
594,1765
1382,2947
860,3929
3173,3326
646,215
1017,3761
2849,868
1614,2241
1300,1036
3585,3560
1337,1984
2011,3250
449,2102
1278,2734
1498,345
3638,877
1145,1927
2548,320
3274,2985
397,1777
2040,3040
3991,2996
3619,1066
1275,3099
423,2392
1767,2201
3549,3017
2787,1454
2547,1438
2085,79
2468,1213
3631,1834
27,3980
519,558
2784,3333
352,1526
702,2986
3656,599
2987,1135
1357,232
677,3104
3752,1204
1157,2891
1811,1331
42,1767
3343,3605
501,2947
704,3094
2083,787
94,3964
2812,3250
1760,2997
1062,1095
3026,3666
3262,3113
1811,3130
3085,2023
2032,2175
731,3375
3593,909
516,2076
1869,769
3187,2244
2470,1900
978,774
2598,359
3653,1687
336,879
3807,2419
1279,919
1097,2508
1107,2288
1663,1041
295,1098
2770,2591
3529,1652
1147,2493
1467,1529
2409,2567
2047,2977
1768,370
531,3370
2532,33
1525,3960
586,2951
1052,942
2427,1069
3731,41
3186,2308
1218,3730
3584,988
285,371
756,2355
933,1079
3411,2173
3282,2298
625,2414
22,2155
1055,1980
2829,56
2112,1078
2628,1631
3847,2662
1665,2421
986,1369
1157,3873
3776,1581
2752,158
768,2349
692,1118
223,2262
1241,1987
2486,590
2422,667
3532,2526
1572,2070
3865,2671
3825,969
1444,2392
3397,2571
3984,3330
626,2972
1188,426
3300,3877
3055,257
1579,2380
2678,3221
2357,3157
1762,2106
2654,2859
674,1928
209,2219
884,3386
1810,112
230,1971
245,1177
2667,2028
2685,504
471,2121
1092,1247
1746,2998
2477,1559
3144,3170
3978,3471
1664,3035
1556,155
1794,3532
175,3122
144,220
1949,1060
2154,2647
2074,316
3339,1613
958,1668
2523,1655
2437,3314
2026,3649
2945,1022
1382,3513
1924,476
3860,294
2939,3120
1511,3748
3861,3851
3362,106
730,1762
125,1370
3659,3478
1962,3822
562,182
421,1127
1169,926
582,3808
1039,3839
809,743
1692,3802
2739,3717
3432,1783
1682,1525
1843,1286
1318,1799
3920,3681
2001,3915
3298,540
1432,710
1142,3508
646,1341
443,1061
1672,2828
2595,456
593,3236
2215,2660
1306,268
3820,820
1068,3702
1975,886
2310,2281
2730,424
3892,526
2145,999
942,154
3002,3580
1450,1400
1340,230
36,3997
1207,840
761,2071
3840,2514
2743,2770
2415,3879
3187,2162
1290,997
1583,3711
1633,2370
1650,2118
202,2356
913,1712
1877,2070
3983,762
1661,289
1724,1361
2681,1155
3660,1331
1680,3876
3845,375
3853,3353
2836,329
3760,2410
3485,3150
3231,2371
1865,2065
1084,2870
3240,3652
2664,1759
3078,3730
2470,2377
653,860
910,275
1772,948
1624,1475
1682,2961
447,963
3764,3564
842,538
608,3478
3865,1839
2566,2141
3562,1818
2035,2634
318,2204
3996,511
3463,2665
43,3874
1725,3487
2619,2194
678,3774
2740,3111
2717,9
2991,2225
807,3166
1054,3906
3461,588
359,3033
10,2431
1829,1851
1894,1699
2265,3645
2065,2901
93,239
34,2335
1403,868
2194,3459
1289,2069
177,1495
224,1787
2656,3828
451,2507
602,1282
3809,285
874,909
3660,380
1449,3530
3423,3522
2651,1840
1190,1607
3910,127
1504,964
1580,3448
1345,2045
3821,2822
3990,1935
1931,2190
3848,3477
395,541
454,1292
1338,1325
3707,1676
3612,2920
3866,3143
1161,1134
898,3394
1976,276
613,2195
1498,842
514,654
3457,1019
1050,3674
2095,2429
2414,1973
224,3231
121,530
763,1985
1087,913
269,736
2629,1111
525,776
63,1932
2858,2913
1357,3181
3129,1805
3133,3279
2319,2499
3191,1185
1826,1179
693,581
1626,403
2483,2286
746,731
993,1853
310,1642
3896,1035
3140,3299
1062,1897
1926,1875
1595,725
3392,3206
2243,3655
1600,1022
1139,2510
1929,2022
3321,999
1511,1849
2090,3167
1267,1085
2004,2813
3573,592
2621,2822
920,2497
2174,908
2569,3153
850,1289
2952,1765
1185,2812
1356,3484
227,3490
2697,2663
1262,998
729,3128
259,733
1706,1913
878,2807
2386,2442
2100,231
348,2732
361,3134
3085,2168
1743,417
3365,1852
512,161
1035,1891
1517,2847
39,591
1897,2780
67,1038
203,3460
2902,3260
905,767
2781,308
2887,942
3983,2223
781,2394
2263,3114
2871,3527
793,36
2269,3437
1743,1571
2221,1359
592,3289
2144,1570
450,1993
1352,3229
2978,413
2539,3010
2759,1951
351,3078
1551,1703
3533,2714
3378,3072
2087,2250
1746,143
2635,2889
1730,1184
3272,3080
983,3379
1016,3754
1426,2773
805,129
2148,3274
1889,2981
2719,3734
1486,2282
1046,2971
159,849
2188,1416
828,3472
539,1648
31,1845
1289,245
2793,3748
2407,2714
2485,3091
1191,1029
3842,807
2781,625
1219,1657
2004,3034
3210,892
3209,259
3145,2439
3753,1318
2714,667
1161,2669
3813,2078
1796,1544
438,2572
2190,2438
3881,3785
288,675
58,943
1520,2795
194,262
1553,1967
3376,3919
603,983
3847,2632
1908,839
753,513
3503,2272
2215,1895
814,2987
1277,3503
2765,3511
1023,989
708,3357
1553,135
2717,3288
2985,2110
1015,3039
1070,3955
421,2492
1886,1685
1125,902
1352,3652
2008,2443
1465,684
2628,2458
2442,345
1779,1200
1670,195
2801,2741
2101,1591
1626,321
1932,3805
128,1201
2598,1662
2381,2456
2582,1246
3325,2225
157,2168
3045,3713
563,1788
2710,1617
3904,306
164,1480
2574,2097
13,1329
2903,2807
2891,2834
2404,2674
1328,1599
921,150
543,3612
3743,3905
3978,1675
3589,3722
281,3831
3055,69
410,2700
1212,755
80,3129
1743,1898
1573,1211
3273,3315
2294,3123
693,2865
513,3553
2819,3211
1173,2448
2473,2689
1543,2918
1446,37
1470,1457
3950,802
2620,594
2518,1014
1545,426
955,584
847,3544
1381,1407
227,3138
1575,2983
2266,429
3263,86
1608,1622
2024,1236
3939,2846
2918,3860
2423,542
2604,2827
2087,2999
1058,368
1082,2527
1086,3185
2886,3410
2598,2503
918,2763
3762,3760
2968,822
419,1233
2868,2820
2025,1265
1007,445
1698,3714
2198,3887
2978,354
2413,1674
1694,1135
1860,3346
222,3405
2584,2599
1500,3866
379,3320
301,602
3510,2519
1203,1097
3632,3433
1689,2838
419,75
1081,1676
90,3956
1309,3707
754,259
2517,3904
2435,2456
1252,2060
1205,3642
910,3966
3546,3356
3565,1132
1342,2644
3775,3441
2977,713
3875,97
3370,1215
2248,2673
3248,3087
915,2202
1927,1259
615,1775
3159,936
2424,1599
3227,1317
1464,859
2905,112
2276,3753
336,3003
409,1288
841,3406
1110,2571
2008,765
2126,634
3493,1665
2634,1649
767,3054
3444,1285
2921,1529
3271,1044
2159,1642
287,2712
296,1784
1936,575
3707,2253
137,3007
702,2197
2003,3640
2266,833
830,2622
672,1066
947,294
2,1928
2237,2684
1253,2021
1163,1153
1485,413
2223,2988
2041,233
2322,3995
3562,1149
3731,631
1121,2730
521,1763
2976,1384
3670,1363
3586,2120
1051,2701
701,3756
1803,907
314,3577
2476,3577
1966,2270
3487,1170
2130,2208
717,3133
670,2086
2036,1223
3535,956
410,3670
204,2379
3440,2695
2723,2028
2620,3938
3115,3915
1731,2012
782,3379
353,2323
3437,2090
3785,1101
2580,2912
2850,166
1330,2896
3719,1141
1134,2634
2045,1745
595,3166
3434,1934
2882,3970
715,1172
2185,549
2,126
72,436
3292,1538
525,3504
3550,580
3942,1436
3115,3502
481,354
3838,596
2818,2412
1692,3956
2887,2799
3045,1961
2713,3389
2415,2166
431,2263
3540,917
2552,3716
3100,738
2462,994
965,3719
3939,137
1728,2314
3001,2524
1041,2982
370,130
552,2568
1634,2621
50,1106
2952,1225
3681,1130
3852,3214
788,680
1420,630
3738,1168
1854,1610
917,991
1317,3556
2872,3815
509,3847
3768,2861
278,720
3646,2757
1545,1978
2436,1111
871,2588
3283,1596
1831,3113
2328,3284
1877,1040
2224,3897
1210,3547
3829,3511
1170,880
3311,1437
971,2158
1863,2346
1487,2729
3969,3715
584,3973
650,3651
1848,3697
902,263
3159,3434
181,471
756,226
194,2702
3286,3989
3205,1981
2376,3346
2581,1593
1133,2188
3931,2156
3578,2721
3735,2605
2794,1380
1954,1114
2012,1250
1026,3963
2913,1872
2160,2406
1553,3763
580,1458
3176,2998
2323,3117
1181,1045
780,30
1616,282
1596,2809
1320,230
621,31
2581,453
1461,2183
503,1967
1327,710
213,287
2437,3776
1070,1866
2900,3557
3843,1422
2608,1416
34,201
1025,2101
509,2810
2455,2191
701,411
1527,1885
3658,2522
1328,1298
3901,2319
1149,654
652,517
3754,1748
669,473
3504,383
3631,1797
1896,1686
927,1348
1935,2052
2039,2537
1690,2771
2819,2676
1748,336
2517,2715
1993,2703
2004,3231
13,3774
1984,685
1970,2909
1815,593
1606,466
2364,365
3213,1281
1934,280
603,2340
3376,503
3237,14
3382,3894
2654,3280
3247,190
1649,1431
2130,2225
3205,3955
1081,233
1099,815
592,3819
1402,1860
1483,3776
1970,995
3845,1150
1237,738
364,1913
1739,122
712,2891
3989,3211
1081,3789
404,2795
901,2524
463,1940
3344,3224
2190,2043
3554,3786
3023,908
758,673
1180,682
1223,3646
3028,1509
2548,1418
3544,2666
3212,3508
1243,481
2799,3920
3904,277
1901,2980
2629,1713
2461,3781
2354,2293
3611,3186
3572,2450
3094,1130
3520,3506
1466,2374
3542,2072
1664,2371
746,1865
3398,454
3753,369
3476,3042
273,521
3287,2957
2615,3516
329,3318
814,3090
100,1492
3207,497
3856,2566
3034,1497
3682,3287
2328,1167
2881,1554
3938,2753
2832,2808
2457,789
3631,2809
3356,2598
1153,777
2462,1693
642,3099
3373,504
2489,2675
2634,3112
3606,3322
290,2186
2760,2024
3939,814
51,124
2562,2875
3225,800
1645,2077
539,1447
3911,88
927,1310
3837,3209
1861,2845
3851,287
3498,3013
1289,2765
391,2577
902,2355
2269,2650
3538,1587
582,3205
1033,914
4,2920
2789,2919
401,2929
2633,2586
284,3595
1978,956
3993,1031
3949,3108
1766,2409
362,2321
1906,3521
2530,3631
1639,3528
1813,1846
2350,3113
3191,2484
2841,1440
2992,692
257,1864
1189,3039
500,2379
2668,3993
3277,104
1610,1815
2232,3283
2680,3424
1043,3922
525,1452
2658,3741
1897,2357
2603,9
505,3548
1369,2798
1571,1974
393,1733
2382,3376
2160,3109
1214,1156
2921,1794
2066,877
2579,1955
2994,1943
3022,199
1315,3970
2817,2081
1603,1519
3220,2942
920,3064
1032,2616
2978,213
1227,3644
803,1619
465,1891
521,3890
1821,3368
851,2064
2326,3894
2690,1984
655,641
1239,2059
3403,1455
1367,1595
1026,3764
1714,1222
2486,894
2302,1304
3673,330
1356,3601
946,8
3714,3675
2540,3153
3856,1674
1510,3255
3571,1871
861,32
1731,3184
1414,2920
2854,2610
1656,1640
427,891
118,3100
3223,1128
3184,3407
3724,2967
2929,1919
1441,2007
2420,1166
2880,1595
3015,548
558,2727
512,3671
11,2340
1763,3842
998,516
3874,1311
3565,1746
1939,1291
1470,362
1228,685
3693,2782
3470,2558
58,18
3985,1741
1361,3824
2492,3634
2924,1889
1197,2846
1114,445
605,315
1675,3470
3392,1979
2574,3161
3580,1792
1030,3177
508,1934
2679,2436
42,346
1433,2511
1882,63
387,1131
2672,3626
1400,3744
508,2428
3925,1827
3475,561
2784,3424
2147,3607
2030,534
3953,1299
101,2317
3218,1564
3195,1137
3727,3778
1658,1920
1859,3418
3435,849
2937,987
1975,1353
636,2337
2128,397
2538,1249
3285,3709
2007,75
2747,407
492,3631
2702,2733
3394,3983
3258,358
3103,453
3639,1117
214,3666
1067,764
3630,122
31,1485
316,2837
414,3423
1078,2264
434,818
969,498
2662,2650
2048,3563
2494,3053
3522,2700
779,1775
849,1711
1644,588
598,2675
614,2033
3934,1991
1404,2179
802,247
1249,2892
1998,2867
2940,1168
613,2931
532,1432
452,2250
1582,16
2898,3647
3236,592
399,1246
811,68
1980,2277
1521,2181
3350,2251
3525,3438
1661,1042
692,3232
2301,182
1287,1083
1289,3081
3000,2541
419,3696
116,3077
3169,2606
1301,2372
3633,1399
2413,2016
3999,1840
658,3830
3235,1067
3575,3737
3085,2122
2131,2306
708,661
2242,566
3623,309
525,675
2991,3697
3058,386
1947,725
983,2006
3083,131
577,201
2878,759
2477,716
3075,1836
1824,3109
3882,1348
1428,124
567,2772
896,3230
2080,964
2275,3195
2014,650
1258,2211
2593,3873
383,2705
612,1137
2707,1759
1681,792
3099,1593
1159,3452
1428,3305
418,3488
3670,1716
306,994
437,1613
2034,1412
1512,1985
3816,604
1763,1013
1345,681
1347,1024
2005,103
1548,376
435,3997
2056,1101
2426,3038
328,890
3261,3936
3718,1704
2552,3071
1079,1581
2824,2819
165,2184
2011,2882
261,572
370,643
2317,2430
1821,2653
921,1660
592,1262
2189,2074
757,2398
3338,2047
1388,114
3842,3576
3319,3945
3515,626
3321,360
954,3971
742,3479
3600,426
1450,3587
1726,3355
1390,3055
2609,3480
3416,3420
3276,1977
2279,3406
3115,3678
274,1833
1010,95
152,130
3479,3097
3791,1899
3082,2521
3478,3017
3189,2943
2881,3827
2556,1103
513,3745
1527,2735
376,3145
1646,195
263,1665
21,319
2003,1787
3360,3719
2826,3240
355,901
228,3213
3193,1552
2832,3384
3338,741
802,823
3736,1013
3467,308
1706,2575
2754,3115
871,374
1950,3529
675,1904
1753,3481
1629,489
2642,1468
967,1811
741,1660
3231,3827
1181,2453
699,1231
3246,3943
3027,1105
3436,1198
528,2260
2556,3974
2998,2742
651,1957
103,3677
1080,3369
1558,3644
3020,2014
447,1815
3201,199
387,1450
1122,3340
120,3042
1537,348
3515,2871
1658,1760
2380,3945
286,1329
1377,2658
2088,2908
762,2432
3636,971
739,2557
1468,3795
2114,2541
107,1012
2057,3685
1994,3474
2890,1178
2273,1931
1346,246
2378,2656
815,1548
1716,2930
2000,74
1180,3696
3756,243
458,3223
1295,1548
1049,3865
2083,1129
1669,2333
1855,1567
715,2863
2053,2073
1055,3163
2975,1094
2570,2952
2118,2391
1714,2002
3800,1237
3834,2493
3886,3220
3496,2709
2356,592
3934,1079
1563,1555
2361,930
737,2440
953,217
2262,3231
2616,1697
1319,1837
280,1661
138,3172
2259,3213
2055,1066
2675,3684
2773,1964
2863,3586
1409,2948
869,1343
2247,3874
3437,350
2129,2976
3089,3331
2122,3425
2850,937
977,2970
1493,1061
3571,2409
2413,2295
865,3066
1703,2847
153,756
2892,3627
3302,1479
3428,2015
3005,1285
822,2373
872,135
3486,1243
466,3441
3220,2285
3389,805
3931,2785
1408,2011
751,293
3825,3409
1689,3960
667,2701
1347,2071
2023,1443
2473,1800
3059,1465
3791,2883
1452,46
134,641
54,1820
3827,2502
797,2644
241,2862
1841,109
476,2755
1113,556
3906,465
1261,2448
3619,2925
2722,3554
1732,879
3151,2954
3240,412
3591,2699
1119,1719
3341,3088
1336,1945
1520,2953
2417,2954
919,1285
2938,3981
3802,3683
2786,1424
123,3550
1711,913
440,1598
1011,3931
3729,2869
3602,1858
1756,3353
230,2177
3412,191
561,3112
3962,1506
1999,325
2980,1010
2605,1456
2372,1747
1929,654
2197,1575
1225,2946
1529,3058
3483,2520
3066,3105
3162,2388
3189,962
1755,3903
3515,2028
2453,1397
1327,1844
2806,821
930,1107
1211,3013
391,616
694,3833
2213,3310
0,1532
3849,2613
322,1362
2318,399
3898,2483
2742,3557
3437,649
3227,1797
1309,2718
495,2023
1057,304
455,3304
3939,863
1511,3616
1120,288
3829,2374
3898,435
3901,829
854,2325
510,2226
3383,2928
2589,2910
513,3398
2618,1808
814,3913
1313,2199
2543,517
2401,1577
1560,1505
424,1669
1437,1740
884,592
2512,717
3795,3419
370,3115
1462,139
2404,2478
688,1477
3994,2284
967,978
2436,2286
1683,1443
1537,3053
3481,2244
3372,2168
2788,1124
3492,1756
759,1770
277,3702
1301,2831
2801,3423
3292,2307
605,3902
917,2219
2155,146
3463,3402
2464,1663
1046,3132
2957,595
174,1177
428,3188
1481,3736
1902,3731
3329,769
2612,3355
3404,3157
3076,2838
1854,3746
99,3507
1831,965
2765,2959
3538,856
1133,2339
3825,1325
511,274
1315,1882
2251,3726
1481,2786
3192,2037
2607,2869
178,2778
1160,2214
2467,1564
3111,3708
3871,1072
1275,2282
3984,2862
3366,3942
2167,3704
1097,3062
334,3694
2111,1308
1418,2377
497,3805
3074,732
2217,1748
2471,1754
3648,3855
2709,2301
3871,1565
3542,1637
1526,2872
3213,391
3074,366
294,1927
303,3411
3528,95
1431,3803
2227,904
914,1268
3375,2878
3054,3070
2516,3888
88,1109
102,1772
1180,2460
337,774
2893,1271
1335,2696
715,3771
216,1157
3905,3456
370,2634
1904,1735
3385,1941
374,720
3917,599
2286,522
2309,51
1026,2897
2966,3249
2710,2416
343,2539
3631,816
3333,3287
3168,3590
1925,3186
1902,3091
2649,1036
210,1115
17,1165
1424,1214
137,1546
2275,1423
3076,944
882,1602
1878,1492
2950,1384
2201,3006
1740,3986
940,1161
2289,2009
1522,1420
3524,3115
2835,3336
2802,2792
2990,929
2707,2359
2940,3749
1365,1821
1097,3397
3700,2449
167,555
3162,2035
1305,2537
836,1555
3363,3278
1751,3056
2797,2088
2679,342
1702,2933
2590,3264
745,104
3832,740
3073,949
1689,622
3241,3762
2598,2835
2406,2123
1785,989
3628,305
2643,3047
3891,2201
3663,604
2687,1289
3828,3863
1052,2170
1751,1485
3987,669
3571,1538
710,2911
3739,3706
1305,3605
2771,3042
3680,2756
313,3473
1067,555
3047,2819
2507,3280
3260,479
1263,2418
3745,3831
2551,1254
370,3598
351,1312
2415,1047
3876,1422
1316,3606
3952,3294
88,2060
2844,373
506,2340
116,1179
1659,2008
335,2859
3115,3060
2933,2101
1513,2169
3115,3058
1909,1322
2570,1762
354,579
1125,272
2217,1127
2001,2164
12,1885
1231,3085
575,3554
1782,1139
3672,1788
2914,1445
3094,2125
2410,2845
224,1380
253,2752
885,3283
3719,1879
2513,2381
236,2576
3286,57
1312,1105
86,3249
278,3520
3567,3251
3486,717
293,3177
304,2000
3582,3404
3047,1006
3540,3222
3784,1189
129,770
106,1641
755,2993
3815,2347
3721,2496
378,775
977,1722
3807,593
1207,2437
707,2958
3160,152
3905,76
2454,2676
1492,2062
2210,2941
1693,986
2802,3819
2471,2165
762,3100
1166,1618
1195,3493
3846,2397
756,819
3342,3069
2850,3483
1184,2164
1240,3081
1792,3105
3416,3147
2661,171
3918,717
3909,3648
3700,3239
2888,3928
1873,1657
1277,831
241,2060
2025,2243
3800,836
768,3099
2005,391
3489,916
216,416
2808,127
2384,3093
3852,1804
1172,3202
3259,3652
3487,1411
1567,2943
2959,3318
985,1936
2145,2400
814,1019
3149,3732
2799,487
1260,3639
2989,3327
2298,2066
2555,248
637,1429
1421,3005
3340,2889
3501,1203
1600,2599
3757,3540
839,1802
2848,2095
1544,1439
1498,3536
1554,225
1096,2828
413,1523
1238,984
1712,2876
1981,2143
1367,3539
873,1117
3951,174
1076,1314
1898,1993
1838,3926
3571,3940
2304,2912
2931,2364
2624,978
2190,1889
3547,2794
3657,1389
3293,3644
596,1779
1377,3419
2801,219
1960,1360
2608,3234
1025,199
3515,2564
3694,3883
776,3401
363,2609
2304,3910
2019,871
3374,2893
2116,1353
943,3811
2450,3700
1899,770
1055,1904
1371,752
28,1587
1206,1194
2265,2966
397,614
3954,373
2485,2475
1102,496
3158,1578
2776,475
3079,380
733,634
1033,1044
1871,225
3024,3631
1558,1472
1196,652
3128,2290
1897,2479
3680,3342
3580,220
1772,1707
3213,136
2604,3978
1533,989
3882,1681
2523,140
3130,1130
3052,643
854,711
2917,1941
515,1605
3564,2505
3514,2141
1316,785
269,2777
3098,852
2601,3826
857,3879
2994,303
1370,1630
2318,3450
1471,170
1369,3047
2373,2796
3599,1238
3664,2719
678,3551
750,3477
1694,1583
1296,1518
1234,3775
1073,2946
33,3959
208,173
3543,1961
1912,1648
3467,2800
1432,1532
1990,1085
2079,3878
3683,2806
2197,1425
1142,2459
3185,1165
1375,3041
3856,876
3831,777
2774,2239
3488,1541
2439,3971
2054,66
2071,235
1238,691
3044,3916
2123,1688
1952,1113
3276,1785
1895,24
1000,2940
2855,3142
2731,1303
2132,3132
1898,1912
1853,3087
674,3466
1947,328
2870,1550
3662,656
2205,2141
711,256
2351,1050
529,463
2458,1340
3115,2785
1756,1324
1922,848
3897,3620
3699,3362
229,373
3731,3011
285,2106
1176,3771
1018,226
3742,3832
3835,1572
3497,2664
545,1668
3461,273
1882,1555
1833,1262
3052,3928
1859,1795
3282,931
3447,3721
534,692
2288,3036
1517,211
3998,2218
3783,105
3256,1905
788,3672
1320,3824
105,1515
1690,1994
1163,3833
743,1932
2610,2211
2965,2436
1375,978
2611,336
3113,2431
1108,759
3380,3567
3832,3858
2955,1493
2618,2318
3659,1049
2265,3676
1316,2344
888,175
3070,2273
1207,2748
410,1319
1883,2173
1847,3396
1835,2494
3029,3680
2136,1426
162,1516
2864,641
3957,2045
222,2589
3703,2254
442,2014
2125,208
2572,1971
2698,1279
3520,732
3772,1736
3321,1666
1368,2084
1009,1047
663,3665
83,2915
2748,151
1989,3832
739,1339
1415,1321
580,1853
1482,3584
3607,2659
1481,3595
1445,1710
2634,1404
2261,3916
2140,637
3115,1887
2792,898
586,1849
2401,1155
862,1957
3464,1353
2912,616
2561,3895
2853,2156
2583,1800
771,1502
1330,784
3875,2124
3022,1796
1364,3830
2404,1289
2643,3849
2985,3013
244,1282
2035,1334
3674,601
3867,3369
2111,265
1552,700
1715,332
3184,3498
1627,1929
1622,1702
1399,3497
1066,765
3936,238
2894,3561
3083,324
2156,3313
1874,736
664,2701
3741,1378
535,124
830,2278
1291,3739
3977,3975
3940,1348
1061,1926
3404,3273
895,2171
1768,2083
385,364
396,3042
1474,302
3400,2538
282,2237
1606,281
1543,1110
2241,2859
1333,926
1737,3743
1059,3621
1518,2418
2162,2412
1475,3026
1719,1984
3196,3065
1700,63
3560,3294
2302,1576
41,1709
2158,3895
527,1329
2589,799
2588,486
3566,3358
61,1966
2805,2113
1109,1364
911,2830
2221,1673
442,3449
1425,3878
1315,1459
3172,2121
2870,1715
547,2236
1463,2676
2332,1083
311,2876
3040,1592
1780,1647
218,1554
172,2745
256,44
942,316
3134,149
3062,1053
1852,323
1001,1003
1339,2606
1536,609
2670,1289
333,2176
2187,3388
1992,1245
1831,2099
370,1466
830,1417
1964,3239
699,3354
1363,2454
1482,3641
1460,1352
1744,3393
1620,1843
2363,545
3517,3361
3154,3621
3866,122
811,881
2311,1777
1665,1043
1696,2624
3822,1008
2788,683
2436,3111
1690,576
1487,601
35,2762
3647,1780
2796,373
878,3015
742,1280
25,798
2864,1595
610,262
3999,2489
3841,3617
2170,1684
288,1145
441,28
1939,1533
3046,3109
2873,1977
2204,3296
1790,2456
3258,1919
346,2733
3079,1112
2725,431
1916,830
2583,3032
1621,1794
530,402
812,211
815,1852
2800,2600
166,1556
3046,152
729,215
2528,3028
3112,817
20,251
251,2788
1256,2075
2403,2091
1264,1315
2320,1722
2197,2043
1275,2252
1917,2248
3657,3223
2879,2207
302,2948
3532,1354
519,2730
2085,2374
2098,2025
1107,130
2768,2852
1379,1712
2712,1843
1243,1765
667,3360
2419,3216
3527,3608
449,1659
1611,3098
2451,2938
77,638
2205,438
825,3013
2779,1612
1077,877
1485,3640
1338,3725
1355,319
498,939
996,857
1350,2656
1272,2817
422,3266
3421,472
1842,23
158,578
3979,3882
3448,3815
1218,3329
831,3970
669,3545
819,3198
742,3480
3484,851
1504,3878
2109,520
460,2525
422,946
1454,1234
2069,2360
1083,1290
0,1722
2428,3427
612,2542
2966,2785
216,1779
700,443
2288,3869
2180,73
2150,3923
2977,2892
2915,2094
3068,3725
645,2528
3452,2495
2195,931
2133,1140
2063,279
231,1129
1429,795
1484,187
3918,3846
2562,1299
3380,2967
1753,1385
2259,325
2523,1089
674,971
3266,3979
3382,1152
863,3771
155,1429
494,2201
808,1188
151,2895
2273,545
2333,3636
2343,270
1807,3429
1790,2559
2746,3125
720,3058
2161,3045
1048,1915
2493,162
1278,1283
2639,1921
903,60
2894,3487
222,3119
679,3164
1561,1184
2559,1164
3243,1051
405,1782
1137,674
1655,2896
408,936
1366,3736
798,540
1438,2220
1299,452
1988,3059
3453,433
416,3929
2984,567
1158,2986
2580,3680
474,3336
1942,3614
2886,1112
1102,3383
3019,311
1814,2497
620,3631
810,2728
2736,3209
2703,681
3652,2489
2354,569
1446,83
239,1386
3446,462
266,477
1506,2153
2585,2938
3545,1635
2561,2348
3801,600
210,2901
483,1543
3093,799
1661,2178
2884,2595
831,1771
1982,3708
1791,2612
3393,1706
2122,188
3951,717
1151,1764
1950,3757
3544,3156
469,2501
706,2810
1018,864
3786,2129
603,1858
3207,2912
351,3813
2348,3428
1186,2720
2003,2015
2642,2531
3168,1439
1822,1251
2757,3814
620,1559
2213,1846
1108,3030
841,341
3120,321
3544,2416
2076,2199
639,3706
2324,3413
2461,3850
1349,3740
690,2617
2501,3806
1228,3947
694,660
1907,2214
1951,3401
2862,3059
712,3714
3656,2657
3183,2597
3307,3104
3525,1966
2861,2020
1767,2729
250,2282
3969,6
1182,3029
1429,2314
3123,2911
331,2111
1052,3671
77,1562
1591,3359
2842,2284
981,1387
3758,1424
2575,1594
2895,3126
1195,1693
3213,2453
2535,1003
242,1817
3447,2932
2937,3494
3303,808
889,735
2853,954
826,79
1328,1197
3301,3604
3971,3995
925,2436
3148,3318
1561,507
3881,421
59,3007
1566,717
511,2046
3649,3654
2386,1354
1871,1206
3887,2180
2032,773
1417,2815
3750,2169
1586,2042
1734,2425
1830,513
130,2043
428,2756
2630,1746
304,2268
1108,434
2689,2746
234,3670
99,3261
2925,3689
3105,3725
3876,2875
2660,2068
240,3651
3006,1826
2334,18
1374,3892
1173,2909
3941,2556
2202,400
1277,1736
1373,3650
3209,2631
1194,1878
1557,1209
1379,1515
906,851
2625,1863
336,1077
984,2739
3625,2061
3444,2704
833,3550
1336,2064
2276,458
1921,852
1151,627
2283,3108
392,3815
2132,2390
1555,1277
2591,643
2542,2712
3446,235
1899,1945
3484,750
3402,1289
2457,3921
2241,1002
2997,1502
1042,3245
422,3679
3349,2882
1598,691
3252,2416
980,1293
2834,2127
1268,398
2784,789
498,1810
3183,579
2278,3902
450,663
982,2332
660,2727
2859,3379
2369,535
1248,2312
901,2139
3693,360
3445,725
3530,2879
3023,2309
732,1462
581,2013
2527,3124
1773,3153
1403,963
3332,414
1871,524
98,2864
1850,3433
1613,1078
570,1766
1123,3174
2008,299
43,1909
2778,2111
264,3862
1759,2315
117,2806
1563,3982
897,2780
1398,747
3690,3549
3373,251
1121,1014
2091,3361
284,2364
1607,1902
2769,3139
2398,1119
248,919
3268,3429
3011,2157
547,2567
510,2332
3997,349
2990,1562
3056,3811
2881,1918
3241,2886
496,2334
1332,2355
3028,3589
2859,1124
3837,1795
987,2697
326,989
635,1284
2306,518
670,2131
3661,2703
1425,2057
952,3436
860,2787
2988,2018
3862,2614
597,3
3901,761
1425,1453
322,3238
614,2602
3349,2602
1475,3270
1310,3317
3305,2442
2927,522
2111,3045
147,662
1949,219
3327,2218
1570,670
172,300
512,3953
1823,2545
959,727
3715,1655
2049,898
2890,40
862,822
3126,3425
1599,1767
549,3783
205,2839
461,587
2804,745
860,348
1543,3776
1519,1029
1464,3757
1113,2643
2692,11
1442,3563
3312,3213
2319,2157
1400,3388
1492,2999
2499,2763
3572,295
1727,944
3071,2854
2699,2482
3962,1867
3654,2836
99,490
2619,3234
3124,3457
3897,2000
322,3874
382,1185
3679,2565
1421,1342
60,870
2153,799
1372,2583
1623,2354
3191,2369
1616,1802
1782,3899
1136,2919
1294,2342
2330,3292
1409,1503
1925,2440
1965,3742
2329,2632
2742,1855
3371,1437
3766,2068
2280,2147
1488,3603
1102,1732
1797,2870
3914,1574
2236,1871
2395,1594
3259,298
1360,1397
1530,2948
3638,1188
138,2975
1633,3835
2644,2013
3439,442
1156,734
2259,2737
3430,1365
2403,3194
1148,3183
1851,1351
501,240
1710,2905
3554,1488
1884,3496
2248,3147
1008,3148
2420,2390
2657,954
1510,1047
358,1190
1731,3213
2165,1531
1674,1403
2570,1723
3562,1186
3998,1315
3252,1381
1105,1948
1756,1278
647,2784
688,2321
1885,3768
1645,1790
1220,2723
3570,2391
2451,1483
2496,506
3244,706
1154,171
2235,1516
837,2427
3018,2587
721,1000
1595,2634
2745,1940
2927,1302
3759,1514
2619,290
152,923
3574,677
3150,3396
1030,3553
3265,2130
1395,3194
1837,1389
2675,866
1560,2172
3466,118
3639,49
397,1394
1809,2469
2481,996
1977,3340
1853,3096
1559,3988
1837,1924
649,364
3317,811
745,2815
2476,125
723,1412
3624,1496
3678,3504
2350,1766
1603,1758
3491,2159
1552,1497
1347,1053
1488,926
1629,3022
2185,1863
1475,1337
1252,2106
2624,1496
2724,599
1602,3994
1020,644
1501,1367
975,2014
1956,3369
1379,2307
949,22
1628,3228
660,2756
2209,295
867,3743
2292,1565
2166,765
2939,3101
1281,318
2804,3469
2505,2728
460,824
1805,2931
2253,2981
2956,1996
2908,2084
2173,2585
3818,728
3118,384
445,965
1635,2628
2397,2942
1205,1293
2047,967
1637,650
1417,1131
2552,330
549,3985
1086,3295
1121,500
3303,797
1933,2634
2397,2772
1038,970
3569,2817
2261,126
1083,3368
2143,157
3350,1507
3419,361
3076,2179
1049,71
1524,1745
667,2487
704,2092
1384,1684
3909,1046
3031,3275
2079,2537
1981,718
3497,3706
1942,1576
911,2211
880,3012
2358,2790
2444,1609
1395,2281
3810,3937
3615,642
3051,474
1758,703
2363,712
2193,1122
3555,3239
820,1425
1187,2082
1480,1025
689,863
2805,635
1167,605
2933,3734
3914,667
1938,2860
3977,2564
1264,3337
1062,1358
876,3520
3197,520
806,2835
2166,435
1536,3518
461,433
3709,2098
3394,1470
62,1259
218,2747
19,755
3173,2472
2163,667
3900,3481
3033,2738
952,1265
2763,2044
3607,252
2328,1499
3912,1408
2267,229
2549,1712
2770,2096
808,2476
571,761
1270,2441
1494,2741
1898,2882
1611,61
3204,2067
1379,2749
1778,3756
3953,1725
758,1346
763,3256
1392,1943
89,510
1126,2299
3080,1520
2100,1894
3675,96
3418,3678
1416,3814
1161,2228
3530,207
915,2922
2668,1204
1566,1027
26,2422
108,1562
2261,3306
884,1326
3346,3529
2361,1936
338,2955
3987,3328
3824,2640
2267,2020
1839,1601
807,850
951,1478
2596,578
1015,260
1506,2369
1306,3345
340,2880
168,2903
3976,3824
3598,2231
3800,2931
3440,2774
1109,791
2001,3600
576,409
2112,7
1979,1467
1307,110
2125,1330
3559,1534
610,2775
384,569
2821,3236
2586,1920
3647,1001
859,3698
1220,402
2516,3811
2746,1429
1059,2300
278,3219
3928,355
2830,1656
929,2021
1631,497
1611,3443
2194,1647
795,967
380,2647
3298,2226
223,2842
2171,1129
114,1559
1513,1007
1595,117
3015,306
604,3896
1948,3855
2360,3422
1338,648
1625,609
2651,240
3270,2630
2703,3400
1473,1452
1237,2999
1739,2329
646,394
1915,3599
3048,3391
2587,1537
2567,3339
204,780
2626,3695
778,1213
2029,3362
3190,3904
3065,1737
3316,1169
1590,1570
307,566
3106,2323
924,3136
3214,2183
2926,532
3698,2294
3462,1641
538,1637
2565,766
1610,2880
3426,3863
3728,531
3584,1169
3152,279
501,2405
3486,2010
2336,3137
3258,1923
800,2830
2755,2851
70,3141
2986,3504
3513,1543
2829,2527
2113,1768
1859,2508
1530,2697
2844,3998
2187,1372
2628,3423
321,1700
1084,2737
2078,1138
1787,3078
1902,2130
1813,3050
2331,1012
1608,1127
255,2467
81,1952
1429,2334
3231,313
886,814
92,3628
3257,2843
1308,713
3914,2540
2336,2481
1172,3557
3533,1140
982,643
1393,291
1476,746
3395,3370
2192,1133
196,2160
2811,296
1893,253
3618,1054
1619,2041
2798,1893
631,1410
743,2066
2351,2120
1936,1938
2229,1469
2851,3012
3055,3902
2496,3310
1117,2854
666,1800
1840,789
3718,1388
1233,3531
267,3116
3213,2041
333,728
729,3306
3007,1359
2035,3817
2574,1415
1616,2750
1563,3042
1284,2521
3877,2160
1669,466
441,687
220,1004
2533,1868
286,1701
3219,1098
573,1344
2525,577
3083,2960
2869,3933
1072,2875
254,371
3337,3298
134,1876
297,1953
261,2290
2192,743
3206,3207
2405,2204
1402,373
1203,1872
1609,2760
1614,2478
1576,3083
422,1523
519,2811
2554,255
3951,3226
1647,1227
3046,1939
3621,1190
331,900
3159,906
3252,1160
709,2205
2106,2761
2910,307
3387,2210
3651,637
430,3581
2974,3866
2452,2602
185,423
670,3320
1289,2963
3442,2772
1269,2115
2810,1923
2798,2710
2586,356
19,1562
2634,1510
1531,1287
2348,645
222,2931
843,867
1738,3603
1512,9
3853,3913
624,3542
1694,1866
1967,3923
2820,694
3879,101
620,1719
1149,2012
2763,2859
2346,1187
227,1764
1056,3102
1848,1677
2981,1501
2808,3788
2089,1582
1484,1086
1546,3510
198,903
3242,2304
1888,983
3592,413
1576,1218
1445,943
550,3067
3591,592
2324,1385
1543,942
3325,583
2837,413
2269,2099
1946,1068
3513,1698
1356,2199
1304,200
2956,2800
867,1683
707,1740
2684,524
1087,3403
2623,1724
140,352
3781,3228
1671,3376
141,3823
791,1758
1774,214
355,1792
1051,3886
567,834
1803,1617
603,350
556,3712
1850,2469
817,1120
1729,968
3465,2360
2698,629
1969,369
781,3635
507,786
3279,456
2778,3257
3409,2361
1126,2533
2151,3289
3039,2435
1760,2973
1714,781
478,535
3136,883
70,1001
2583,1075
2823,3946
2438,1940
1707,3935
1136,182
1549,1805
1587,570
3537,3423
1478,118
3356,3279
3701,3269
3777,1499
3412,3816
68,618
1219,2082
2194,1242
238,2987
3945,842
1650,3979
3645,1701
1769,1427
3386,1113
579,443
882,1720
2435,412
1502,212
801,3707
695,1325
2646,576
3921,3437
1151,407
683,1624
718,3512
2445,2851
2651,2240
2717,2957
241,1332
1899,3930
2189,2291
2457,2982
1111,3900
640,3390
1123,3320
2394,2634
975,1604
1930,3777
764,2121
7,499
1864,3465
2879,3351
1233,350
1092,3458
1295,106
3949,3864
3965,3248
3317,3117
1912,3779
809,2881
3850,2573
1781,3648
1419,2283
3911,676
2213,1489
1991,145
1879,1320
2808,3331
2188,356
3101,3469
134,1041
2029,789
3305,3836
918,2859
2600,487
388,1248
312,1141
1716,3246
2600,868
1270,330
2532,3352
3859,170
198,1967
3712,3363
1999,404
27,245
1652,1467
1999,3027
1900,2016
1150,1096
993,1196
1012,3175
2987,1703
1222,1911
1549,2774
3558,504
3632,102
2285,2674
2705,1506
2605,3543
3299,1378
49,1597
2136,3834
3225,3179
3750,2577
558,1088
2613,517
2444,1456
2751,1060
2610,3824
2161,206
1615,808
3102,2375
1229,3529
389,2730
2427,1750
2723,2198
3529,2767
728,3251
1046,2553
2144,2532
1327,1942
516,3355
215,1131
2228,375
438,1444
118,3705
2961,629
2277,3308
2753,2010
2873,2622
2588,2200
490,139
3006,3738
3275,1569
1101,3872
3377,479
3536,1495
2430,2591
1202,3141
1509,3893
1450,1306
652,2368
195,1163
951,210
3824,1772
1836,3853
1793,3048
450,1086
3884,184
2932,2226
891,3500
3778,1314
1972,2674
2807,345
3648,1340
3018,3879
3308,369
2560,2906
3195,3599
1185,3483
1230,3397
1555,2240
1974,639
2070,1982
1757,1477
2782,2973
773,483
1046,2400
2159,2816
991,3451
671,2760
1676,213
2036,3185
3086,3959
349,3277
2353,855
1037,881
645,296
3226,1652
1190,2716
495,1539
1108,1607
2139,2288
1738,600
2273,834
365,798
828,1063
785,2743
197,2128
3717,500
3009,2914
566,3983
3630,3169
176,2778
3121,1727
3089,1388
29,909
2626,193
3723,2331
3919,1881
470,2454
2311,3211
2030,848
1884,2906
2111,113
540,3125
1132,1204
3057,752
186,2456
3698,1020
2367,1381
1758,2090
3561,1239
1200,2208
3297,3588
968,2109
2176,143
2902,106
2538,3248
3552,2608
1384,101
881,2466
2813,944
2018,252
2638,3224
2425,878
1609,3503
2904,243
3206,881
2894,2138
1824,2202
2686,3126
2488,3754
2015,2887
21,592
3874,3363
1280,3122
299,3273
2901,3060
414,2498
398,3026
1801,285
377,3799
3142,1778
3926,1442
3335,3297
145,3160
1193,3555
2698,2488
2501,2345
417,771
699,935
3595,1789
3365,2492
1057,445
2577,1414
2965,475
3208,855
2405,1688
3827,939
3779,3769
3018,3027
3677,3642
3134,2443
3531,3193
2399,1708
1848,30
3198,453
739,1082
1924,2619
885,2426
2395,1627
3804,3084
2439,3716
606,3630
370,3069
338,33
839,1883
1865,2399
3349,1178
1276,1486
2239,3682
2550,1826
374,3254
1906,356
696,2137
3627,2642
2385,2691
3666,658
2055,2791
3169,2482
219,1242
1653,757
533,2472
2613,700
42,1539
3939,3403
1294,1709
781,1216
2074,853
659,866
2652,1075
950,132
2258,3793
2561,2428
845,3925
1528,3092
3015,794
2063,1719
3974,3654
1254,1850
3525,3206
3279,370
868,2135
2546,3735
968,1251
600,838
1145,453
1532,1802
3255,2066
609,3912
2377,373
1144,1612
137,1767
155,3872
448,1809
2316,3052
2889,3055
3300,547
275,244
1837,2312
2135,3865
944,2793
3244,2817
2118,1905
2642,2488
176,551
3572,221
2072,3356
370,3887
3968,3461
1427,3526
368,2631
1305,3946
3532,630
1865,58
2457,3534
3246,3498
1128,2139
1586,1577
3574,3895
2966,3667
264,133
823,928
472,369
3430,805
2751,1622
3691,2916
934,1426
1541,3386
485,1651
2484,1850
3014,3024
2682,92
3410,3592
1248,2150
1937,1420
5,632
3759,3939
1552,3012
3399,2140
3107,3500
1036,3574
1323,1410
1547,2830
38,3732
2780,3037
1740,2152
151,3414
2228,2890
3011,359
453,1827
122,3710
1187,2695
1730,912
1956,2681
2044,2096
1957,1931
3505,496
536,425
1774,3916
208,749
3458,1543
3321,1831
2066,271
2693,1484
2768,116
996,2944
2524,3787
827,1681
1190,3565
1065,1274
3906,2300
1954,2007
1961,3192
2429,3488
1497,1110
489,741
2927,132
968,2753
3377,1594
3233,2427
836,277
2766,791
1752,1168
3897,3361
343,1521
356,3673
3032,2471
2092,3422
3192,112
2626,1547
3331,1463
2124,13
1342,3139
379,646
1032,475
440,1200
2652,1296
1184,1835
370,518
2036,2460
2065,1743
3522,716
1431,626
3982,3451
508,185
1162,3080
1493,2495
3578,1582
2634,972
760,3809
2726,78
1795,2239
1380,747
98,2191
1209,1457
2837,707
1458,3463
1720,3495
3231,3482
817,3855
2222,2964
1879,1473
3597,1292
1730,1459
2046,3322
3540,3715
64,1657
966,113
1500,1507
2868,1257
792,3233
3835,1875
3056,594
550,180
3870,3551
1721,1872
3307,3476
1918,1672
3477,1158
3506,2971
1611,3393
2516,3249
2990,3170
2735,576
2714,3391
1059,1231
726,713
3580,3544
3480,2056
1782,3432
747,2271
1224,146
3075,2463
1312,661
1777,1140
2111,3313
1880,2218
1799,3143
2345,2326
3732,489
479,1630
2453,1569
3602,3384
2757,2587
2280,2088
851,1890
3888,671
3450,899
1063,3425
800,546
1470,426
3179,883
2288,3251
1728,2351
679,2318
1984,1698
2039,2470
1989,2324
3217,3611
315,1045
1730,2695
1578,3494
1153,3434
3716,2909
2663,2244
995,804
639,2843
3704,2732
924,839
2350,2183
3799,1493
3637,2799
3301,2142
13,2614
1680,406
1583,2947
2547,1940
3976,417
856,2711
1772,2110
1176,1503
3435,3947
410,1391
1524,942
1380,2555
2711,366
1091,119
1595,1358
1105,2842
1042,1282
1975,2045
1119,1651
78,6
2582,2515
2455,480
1761,484
3090,3981
1749,436
3991,2720
976,1644
2594,2285
2450,1924
3548,307
3697,1244
2181,869
970,1098
446,2311
451,3238
2163,2174
257,3986
3875,3543
1223,1622
2738,141
3625,993
306,1310
1182,2410
1527,908
813,1470
3367,91
261,1543
2706,1742
2127,2983
3249,1263
3936,3573
2659,1216
3067,1967
1175,3501
3308,336
183,3868
3254,1232
1216,1567
3712,355
100,2913
2634,2754
1844,3392
364,838
526,756
835,3205
2689,3178
3616,1783
2176,2179
667,1865
2517,3899
3336,485
2992,3120
1526,97
3406,2396
501,2066
1608,690
113,3049
3801,17
2748,2944
899,2514
2790,557
3016,1051
3408,1738
3065,55
321,3230
1642,2051
3134,3232
844,1257
2257,3409
2242,1183
3020,2038
3826,466
3693,421
2266,994
618,2942
1475,3135
3194,3221
1110,82
1054,1597
3357,2808
3772,1352
3729,3746
838,2255
2081,2831
2802,1603
3727,2466
2769,357
2485,3795
2607,3051
242,1145
415,3344
3221,3518
1362,0
2779,3710
1995,1868
848,3246
1714,3233
2243,3835
691,2996
2103,3712
216,1396
1718,3631
3837,907
40,3702
167,2421
2684,2873
3070,2919
1814,1279
50,2222
519,1580
268,882
3184,1592
3337,2352
3055,2578
2297,905
3585,1429
2210,1090
3029,2264
1457,2361
146,2856
3182,142
687,3796
1780,835
2788,1167
2391,3476
1180,2347
2107,1364
3092,1607
199,3301
2154,3751
539,3976
1144,821
1597,3495
3611,530
203,2312
1064,1678
2774,3903
1481,1612
2491,2113
834,1953
2534,400
2307,1030
3409,2868
2798,3392
1989,172
1291,2793
3329,1767
1441,829
2104,2592
2309,656
2340,1345
1461,941
395,607
2093,3703
285,3285
531,1147
3481,1004
2739,1376
1851,3588
2604,3158
2610,3075
2968,79
3260,2822
2708,990
1166,3166
2947,2056
3924,3204
3455,279
1668,291
3962,1509
94,3589
1453,53
2530,3116
1666,3333
2276,543
746,95
2284,2888
3652,2928
2865,1027
705,3723
1943,2551
3683,3063
3001,3037
1103,2844
2804,824
3220,2658
172,548
155,2502
942,2472
2077,751
1344,2536
832,2924
1173,1116
2097,666
490,1478
2584,196
2077,2226
2680,2638
1109,2034
556,1473
3403,2408
933,1044
867,3256
3934,370
1476,1028
3054,3250
2750,493
1398,1801
1389,3641
1219,1189
1934,889
1240,1152
2520,3374
2181,1536
1213,2111
234,2103
2062,2558
1512,1043
338,2109
3277,2585
797,2962
3002,3121
695,1965
37,1696
2599,3792
3616,3587
3727,546
3335,793
2151,2857
2459,2121
767,2117
3138,3024
3578,1188
2459,3191
1170,347
2258,2812
1625,53
1393,638
2766,2976
3009,1007
1355,2356
1514,3303
1809,2576
1174,3101
1946,6
2563,3115
2951,462
3494,3662
33,3797
2724,3318
1361,541
217,360
3418,2061
1910,173
3661,3797
3572,2053
794,2111
1395,468
2816,370
680,192
3593,1193
592,499
2149,1183
2258,3541
2091,3127
484,3355
3266,2150
2803,1761
1256,3909
2218,2690
985,2929
716,2849
2449,2759
1421,69
2447,3017
1773,2687
3156,517
597,471
3539,2838
1608,1573
806,3640
153,2080
2178,1881
2672,283
85,3554
26,1289
1082,136
3664,3997
713,943
1519,3213
2813,3883
1235,2367
3093,3792
1809,1024
1838,1247
3945,1701
2959,3503
3583,588
3197,1732
3175,3118
2468,1469
2135,3405
2494,2212
2581,1084
991,82
3686,1006
3459,603
2326,3399
3541,2256
1904,3998
1673,564
3379,188
3374,2391
3847,46
3930,1956
2832,1166
2620,2022
3167,234
3267,2528
2093,3810
3214,2299
3102,2603
58,3762
1729,1315
1942,2367
1474,2031
21,358
1578,1080
3869,947
2439,2081
2779,2529
1226,3242
2899,2223
3011,2257
1655,2010
546,331
2611,3933
3110,274
2770,1572
2167,3218
408,1286
846,2363
1411,3135
2121,3807
1633,3592
3341,2550
3522,3802
191,1350
3215,1884
3220,2131
27,3470
719,2754
1360,30
2051,3238
3637,2431
2721,1737
1074,272
2822,2967
2818,3348
3825,3728
3304,3688
3433,3838
32,1873
3146,2809
3615,605
568,3366
2252,1497
1235,1394
2464,417
382,876
490,1297
1841,1734
174,2257
214,1362
3913,1622
1,1818
579,1845
989,1100
1171,50
3181,3608
3127,2933
3477,615
3676,62
2625,1299
2736,1153
2573,2600
3434,2634
2732,2156
3351,882
814,3255
1375,2314
3448,963
3294,2818
1713,992
3162,3613
1901,2147
336,668
294,2990
3096,367
123,1524
2824,3843
2546,3066
3085,3164
3541,520
3643,1473
1864,2209
794,784
799,2445
187,3963
1784,970
671,1997
1503,2505
3662,1732
3604,3756
1005,488
2706,2989
1708,1334
1848,3766
1444,1711
2,3125
2591,3521
1311,1077
946,282
1027,1602
3253,1960
2196,1518
3179,3687
3031,796
2818,114
2538,2950
3717,835
1433,880
3431,3966
2732,1734
3208,2311
3731,2462
2165,1703
755,560
2430,387
3365,583
272,740
1715,1053
2166,3372
3348,1226
619,2180
3286,395
239,307
1048,767
1071,1709
2231,3348
465,883
682,3272
2293,3633
1115,3117
3215,3836
2873,3195
2080,57
193,2458
3568,1234
426,3645
2897,1907
2657,51
1170,3790
779,429
1235,2608
1005,577
3548,135
1294,2672
1649,3923
1360,2432
2709,2988
2196,3675
1361,285
3992,2752
2867,510
3280,3060
3896,3454
108,1669
1451,1869
3688,1937
3043,2618
1646,2520
2442,2918
3952,2310
2058,2407
1243,3881
3901,3575
2897,1983
2633,3074
993,125
1481,3800
390,2499
2936,772
679,377
3263,412
339,2669
416,313
788,3943
2100,3812
3101,2297
2683,2061
3241,162
584,476
1916,2855
2195,3171
1334,1789
3490,772
797,3137
2062,169
3979,1605
386,890
293,1601
275,2341
1220,3507
654,1164
3864,542
2386,281
336,346
437,1823
2262,904
178,1633
3410,2120
1621,1405
3282,1752
55,193
3523,592
2379,2710
3064,40
2557,1276
2022,2484
758,132
1224,1575
3189,3053
3231,2694
817,2616
2381,3988
3594,3732
3332,3367
418,3090
2697,3738
3092,1495
1020,2255
2065,1498
2785,2172
3873,2004
3956,3224
3760,1764
1283,3311
668,2366
728,211
1990,1243
3610,175
1541,3865
1002,2644
3502,1206
98,3570
2486,1164
3161,1838
3354,514
2571,2111
2324,2646
1369,1653
1034,3799
3713,3297
3818,444
1283,3409
1324,2687
1605,3271
304,3272
2735,2453
3196,3009
1301,75
2797,574
2916,1131
3212,3501
585,3230
38,1096
3224,3473
1429,2591
3692,1804
110,1842
714,2384
65,1580
844,2803
3668,464
474,2111
3378,1521
3464,526
2486,3922
3128,381
1149,2292
292,3431
3200,607
3631,2436
2005,3131
1862,1030
888,1769
1397,1623
116,56
2080,342
3803,237
2632,573
452,630
432,3650
2685,420
1223,1680
1162,2663
1294,3422
3826,2222
64,1857
1949,692
1196,3010
3129,2691
3889,3779
1372,2795
3577,1973
3092,3763
1806,3625
1563,321
1135,905
3919,3305
3705,2234
1793,1178
3477,3271
371,2025
2995,2007
2677,2749
621,2148
257,2849
882,169
2040,1173
3489,1820
82,319
2362,898
959,1760
2228,3468
3855,3850
3210,228
2238,2811
3174,3208
419,173
3068,1808
389,320
2556,148
1977,1443
564,3672
1750,2209
456,2023
2857,997
3110,2186
3787,3529
836,2889
3477,3253
2707,2694
15,3929
2492,2958
3314,1475
1135,3986
3566,2711
1205,2909
1736,43
686,1035
330,1191
3388,387
254,1828
2063,3868
1460,2680
89,3527
2948,54
3332,754
3037,3986
1816,2856
611,2434
1415,402
554,1526
103,1745
3084,2204
3341,3692
3819,2669
344,2878
1528,79
700,1254
3016,2066
3280,2212
110,501
1615,2009
1542,3062
3210,325
388,1368
2727,2237
3665,2021
479,2893
314,717
545,2783
1644,2972
1476,2923
3450,2653
1169,861
2433,1858
1478,2808
3467,3871
310,537
1812,3237
3107,1210
2309,3760
32,3920
2288,2560
1476,1534
858,1201
2930,975
959,527
3616,3297
2408,444
1721,1683
1423,1542
828,449
2066,3892
3142,2719
3289,2815
2632,303
2655,3612
854,2391
2303,2122
2720,986
957,1494
3101,3313
2084,2816
3196,2840
3499,3857
1528,948
3862,2744
2468,30
166,2338
1107,1964
1642,3327
3629,1107
3054,2932
537,1303
2547,2634
1391,2900
2479,3947
2603,1620
1558,3628
2911,2217
475,2997
765,492
3099,2276
3467,2031
451,2134
211,897
1510,1076
115,1140
1021,3365
2438,3168
905,3726
2207,611
308,2020
1596,363
2468,803
3671,3626
460,53
1326,1767
2358,2853
187,3814
3323,515
3605,580
3846,3352
2501,3470
161,3875
1590,495
1568,3172
1697,565
3939,2826
179,3360
561,529
747,2566
3786,1585
2362,3376
3930,3812
2342,2260
3313,2059
1208,471
3828,2655
3061,2290
3223,712
3288,3603
538,901
267,1581
2995,3948
2433,1311
937,2114
1731,3722
2653,2368
447,1394
286,393
992,2748
3935,1572
1470,2418
1132,248
941,389
2677,970
1798,3877
1208,231
2540,1602
52,2191
3523,1566
903,1046
552,3466
2096,249
1167,2000
2453,1958
1243,2975
1363,432
2377,1974
1723,1700
611,3675
2877,3559
2499,2417
3752,1058
1441,718
2400,2216
3794,2265
2444,748
2743,2417
2185,3635
3070,3035
1251,2811
2097,1659
2031,760
1197,1217
2394,3116
2076,2557
1080,1143
1193,2847
859,162
831,953
1895,3006
3734,3774
1495,2068
3667,464
1923,462
601,1457
2594,951
1985,3849
1341,595
2634,91
605,2866
1549,2078
2592,473
3155,2635
872,3737
2552,521
317,189
870,1372
3187,2163
3397,363
1338,2545
616,3381
3959,820
1175,1707
2588,2203
1874,751
1270,1749
2733,1359
2133,480
2003,2321
994,1841
2579,3249
1832,1670
2319,2099
2376,1055
1142,592
1586,389
3003,1304
3755,2373
344,1859
2428,609
657,2958
2329,1933
3034,142
3817,734
1332,109
287,1496
1781,1495
1946,3216
148,2636
539,1273
3838,1231
592,1943
656,2821
787,2261
1125,866
2212,890
2456,3152
2358,2141
1481,2519
1950,3975
2559,1637
3158,2283
2185,3293
583,751
3442,522
3949,3499
3017,106
2277,1281
2503,425
1157,1272
2246,640
3665,1494
1458,3582
2411,3237
636,2917
2754,249
398,2416
2310,2449
3877,3809
2531,633
1941,3669
2758,2048
283,2256
3852,42
3074,3924
2267,2825
1595,776
2551,3799
749,617
3417,2564
1376,1399
2857,1577
1991,3370
3816,2039
3386,2438
2331,1150
1289,1329
3829,3010
2245,1268
1598,134
3321,154
1455,3183
1209,562
3782,2578
3119,2761
3948,3506
1793,2665
1439,2841
2506,2845
843,407
2510,2254
624,35
2645,2509
2102,1358
260,932
1534,179
2402,2252
446,3638
1069,1659
756,1783
3232,60
3637,3997
1665,2024
711,3733
3988,2434
1806,1158
2554,1040
1491,1373
3603,359
957,371
1411,1556
2860,665
1944,1029
3456,982
825,3809
1100,3004
667,3505
521,2205
3770,1139
2660,537
1969,2555
3146,810
2353,2789
899,260
3151,2848
3635,1723
2085,3532
866,3971
1766,2212
2070,2548
1007,2124
1266,2506
1849,44
2721,2452
3546,2472
1847,3891
1832,179
1327,26
1039,3502
2640,531
2782,440
734,469
1190,1856
2542,2282
3223,212
1494,127
2899,2288
3585,665
61,107
1065,2582
2924,1374
3869,1773
2789,2465
154,2527
858,3733
3987,1772
922,608
165,1618
2934,3926
3746,2992
2969,3411
3933,582
3072,680
57,2696
783,1403
3983,3106
1307,1829
2736,3515
317,584
121,3178
3684,3493
1122,66
2436,629
691,2579
1774,2270
326,3632
1264,2620
664,1101
1828,1085
1582,2621
1416,1168
622,1215
1255,2911
1711,3955
1186,2907
2522,1417
3564,945
2654,916
1692,371
119,2745
2349,100
1100,1479
766,634
1133,2057
1716,1619
3790,1459
2786,1908
1862,832
582,2964
3612,2425
1081,3296
1739,655
740,3929
1885,3883
1988,815
1931,3751
24,2539
948,200
1461,3754
1413,149
3764,215
1668,3087
3911,1020
1072,2249
1635,3649
3097,1938
2803,1301
3259,2612
317,1413
2639,3665
3798,1286
3841,2627
3659,687
3765,406
3056,3290
1266,835
3265,989
649,204
974,3785
874,518
1019,765
2276,3079
1268,3973
816,2062
3041,3489
3868,1883
1648,467
805,3591
1586,1629
895,210
1460,2077
1696,2670
3907,3103
2086,3447
2180,1210
1589,1501
3706,2551
2866,3798
2182,763
3619,253
1819,1875
2507,3310
88,1031
1763,3590
1959,1521
2424,3373
2822,1845
583,3445
382,2480
3234,300
2153,35
1401,2661
2429,3130
184,3016
2271,3950
2046,106
611,2423
3141,1734
2261,2209
1952,2213
3981,3925
2321,1597
3482,3369
892,2869
3459,3460
748,115
171,1606
368,483
186,2352
1729,165
723,3262
544,3238
29,1492
182,117
3797,3547
2619,3934
3375,1406
177,1374
3991,1181
1445,3699
3601,1252
3553,1314
2864,840
3389,841
2437,2566
1465,1
1407,2151
1175,1316
3095,850
3758,1490
76,2244
1149,3321
2312,3923
1070,3286
731,3155
3196,468
1001,90
2333,3726
1158,3768
3008,1801
1370,3027
689,2732
1504,1735
1229,3358
1440,39
443,3774
129,982
1843,291
1922,2601
2944,2087
1612,1139
3354,3359
354,43
2134,1948
2688,425
377,3380
1077,3461
2142,2806
3407,3489
2406,1349
3812,976
1944,995
1776,2686
1073,2634
3329,370
444,3788
1245,1065
2009,1657
67,3269
3781,665
3793,2563
492,1017
3954,1142
1657,3323
3095,3285
3328,3658
20,109
2267,772
3165,3892
1385,2979
2057,2845
3143,2025
3258,1197
809,1917
3604,2943
2482,436
2337,3181
1701,245
3343,1149
2508,1627
1105,120
2814,766
1073,3823
2496,383
3284,3656
2360,3041
370,2526
1639,3663
698,205
1,2976
894,800
1322,1335
2935,667
1778,3025
144,1798
2491,2224
865,1408
1428,3408
3018,181
2184,1742
812,1255
297,676
2320,271
3549,140
3203,666
947,418
371,3455
1474,2914
3243,1339
341,1718
1225,635
1651,2047
1489,3342
1687,1926
1285,1691
3689,1818
3367,1575
2883,1222
71,1547
1988,1930
2354,1814
1105,3255
801,2227
1255,259
3429,523
2518,3515
1721,3077
426,1791
559,3964
3943,2905
3099,985
1614,2283
3858,1871
139,493
1340,2354
2767,3017
74,0
3975,3200
2313,2885
275,164
824,1918
2308,2053
934,2879
1531,2666
3676,3980
2378,3235
3796,2634
557,2230
2441,677
142,2291
1745,640
48,592
73,2503
1779,3527
1567,1881
2815,1631
441,1174
1887,1007
1724,2708
625,783
3284,1240
1588,960
2238,2396
2568,1951
823,3474
2617,3017
2659,228
3171,286
3908,1031
3929,17
1193,2183
2420,979
2671,437
1202,2814
3674,1341
1805,3288
1412,3426
1414,2867
2227,2104
2089,3114
2067,207
3345,594
3683,350
2033,297
2288,2343
2682,3773
2533,326
3423,2124
1092,957
1453,3131
3017,334
3114,1959
3992,197
289,2296
75,120
158,3588
743,3453
3917,3476
610,1878
853,2399
1630,3063
3145,1210
1451,536
1491,1770
2058,3373
523,3115
2899,1697
2801,2233
1145,1085
2434,2570
778,3989
1511,3288
3697,1401
1402,3996
597,1948
585,2126
1733,912
879,3312
1646,2735
2247,1770
1551,1293
3334,3528
671,1118
2692,1270
3169,2220
749,3631
472,1695
3326,1630
1820,2649
2956,3953
3846,1726
3798,268
3757,2314
2777,192
1069,3576
3736,1462
370,992
3049,2922
1375,948
3417,3784
2487,2235
1309,916
3008,1867
1364,3788
2150,2073
3003,2537
659,623
2665,3551
2341,2867
2374,1145
3958,3943
2200,1418
1232,2287
3387,1935
3586,3339
2910,806
989,2678
3064,3566
1186,3245
1211,730
3241,3199
1149,1228
2252,966
1933,3096
734,388
2861,2380
1803,851
343,1861
3857,2706
3878,1837
396,1913
474,3663
2678,2488
1446,528
3664,1906
2430,3110
2117,2594
888,2053
3526,2317
2017,621
914,1579
1912,748
2935,416
1400,769
1309,578
2978,2263
3103,2232
2907,2396
3561,2597
1968,766
2221,3885
3231,1728
2186,2661
1290,2522
2562,2634
3834,2082
129,703
2868,696
2777,336
1505,3296
2433,503
2448,381
383,982
3905,372
2138,2982
2375,39
3640,3239
2866,592
655,902
775,125
2711,7
3218,1513
449,3494
940,2939
3747,2371
3342,3471
2234,2825
1305,956
1986,544
1796,2054
2221,1827
3535,1878
2821,2596
3661,400
249,2521
2625,2387
672,731
3780,1338
1747,3576
3752,2178
2268,938
933,2152
86,2339
3935,1735
641,1677
2231,2376
1561,2334
3915,2974
2152,3008
2834,3044
266,3299
945,1568
2155,2622
3499,2116
3521,2631
3687,3556
3346,1514
3251,3079
3433,95
47,3043
3507,1523
942,2131
724,3129
2514,1656
352,704
105,676
1686,150
1929,1680
667,1365
3019,69
3593,1301
3691,1892
1763,3390
1695,3630
2411,2513
3685,3874
2445,2313
1244,3955
1435,1091
929,2534
342,826
2448,2800
197,1139
3944,2622
3941,2224
3927,498
357,3405
336,3026
3722,1229
502,703
2460,3542
1693,982
3710,846
1082,2301
2986,648
2629,3108
2274,3466
541,3061
324,519
2137,3373
644,3859
1577,362
3745,201
972,3443
1686,943
832,464
2296,606
3038,1187
943,405
1976,1318
995,3075
1951,2270
3615,1488
990,3430
1235,1474
1407,3643
2284,2478
1804,3679
756,3787
3490,2917
1579,2412
2569,1267
1323,3397
482,413
652,1266
2148,1754
3519,1839
3406,608
3747,258
2289,2308
434,169
3687,1958
1671,1008
3732,488
361,236
2534,1207
1244,161
10,64
900,2355
3177,752
3229,3473
1926,3755
2392,1060
1177,1333
2362,1212
2370,183
3023,571
2686,3595
1626,3309
708,2507
1434,1085
1017,1810
206,301
1222,441
3797,1645
3142,2857
486,1796
3884,3608
630,2547
34,2447
446,770
3610,1023
1429,647
2725,3071
292,3111
3225,1284
80,3806
1442,2193
2524,1226
115,1196
574,2473
1880,1114
3421,2009
3043,3156
335,1759
2322,2722
3857,2737
495,2775
227,1627
3357,2970
2856,3283
264,615
704,773
1889,3397
1337,745
2908,295
1941,3220
2759,2264
1842,2578
2718,265
1049,12
2389,3735
3818,26
1744,2124
3089,1098
832,1002
1443,1790
1523,815
261,446
351,2792
1565,3889
1472,1348
903,3820
2214,370
151,2705
3726,1300
2257,1375
610,478
3442,537
3870,2296
2526,896
2133,3990
202,570
2601,872
1753,982
2758,624
424,1925
1089,976
1205,2293
3247,2859
801,80
2596,2137
677,1578
1468,3539
985,793
3543,1012
2162,1274
2995,814
370,3903
837,3731
54,1057
1011,16
3583,159
817,1788
1021,1505
143,981
1388,3702
1018,2730
693,1010
729,2136
1814,2796
946,319
3570,1643
1832,3475
3185,1717
3961,2291
3837,2997
1289,3874
3139,1409
1907,1828
767,3087
1788,1296
487,1634
255,3413
891,1250
1171,196
462,1197
74,3868
2993,3478
1003,2207
635,2333
561,2892
3794,1536
1297,3742
1444,2986
2858,338
2683,1302
1854,1687
369,2414
833,458
726,1557
2128,1373
3328,98
1594,2177
313,1273
3779,780
1834,2759
1159,2545
653,1324
3140,133
1435,3230
1717,3217
2271,2471
2616,1870
818,2388
735,2773
3783,884
859,3082
1654,928
3197,2515
2648,711
2110,1509
3334,1074
147,1048
24,80
2447,348
1250,1447
2512,2668
3564,3415
36,157
2365,606
3523,70
3554,2096
3618,3472
499,1967
988,3908
988,1508
1271,2530
959,133
2056,1890
717,2886
2466,2640
54,1548
3082,2786
3033,93
3794,2473
3909,2635
2271,189
1010,2579
852,402
2233,2825
599,414
2111,3364
316,3201
1307,1401
2234,3813
1857,3531
810,960
2742,1272
3320,3596
3817,1729
3121,2668
1134,696
837,1456
2885,3596
124,2100
2249,1593
3286,838
1182,1533
3269,649
2932,3214
2816,2895
1610,2715
394,2283
3724,2559
2052,482
823,1581
195,3511
3730,144
3528,1835
3834,2971
3453,1310
910,999
3624,1005
3625,1615
2240,189
912,11
2481,55
3499,1482
1515,3151
1755,2422
3801,1569
48,976
244,3703
662,702
407,2135
3019,1969
1888,9
3562,2904
3854,2848
3497,3647
2704,980
3822,1436
1062,2372
644,3343
3614,2316
1522,918
409,2196
2408,2032
2783,308
2232,3505
857,3880
694,898
3457,1110
750,1751
2722,2701
3359,3674
276,1771
3510,3722
2707,127
336,3107
2147,1239
2704,2975
3412,123
3184,2896
477,563
3725,2365
2121,1954
3570,3103
2162,3217
3946,96
3378,3295
3359,1684
2124,84
1448,827
1232,564
990,571
2683,3514
623,25
1335,2956
3427,2739
2716,1847
2225,2962
1360,2960
2344,1013
3954,685
782,1728
3437,2108
973,876
906,309
1604,243
40,2049
796,1075
3405,3231
1368,3857
1856,47
1650,211
1390,2726
2496,1947
1958,1018
3704,1518
372,1482
2613,937
370,2327
2026,2697
3165,1674
2641,3124
156,76
2652,3226
3057,2462
3479,3609
1767,2495
1784,1778
3964,735
1434,543
2247,2275
349,2803
1955,1635
2306,743
1397,787
3948,2365
3821,2103
3620,3709
2771,2762
3614,1779
419,618
3422,1064
633,291
1552,1534
658,1644
1708,2700
41,3508
1905,1595
390,1022
632,787
2089,2795
2884,2536
1088,2006
3368,1862
3187,602
663,3980
1872,2698
1176,2523
2116,1657
668,3626
1939,3818
3600,1852
1354,952
3634,591
1269,1817
1513,1775
3783,184
2518,2408
3996,1553
428,651
3653,3696
3485,3835
3133,2025
840,2910
3600,258
588,951
2481,982
3164,1240
2072,723
2393,1674
1034,2776
2446,2192
3889,2924
3243,3395
2210,3553
607,25
1143,664
3312,3578
2234,2415
966,418
1296,3893
2805,1790
19,170
2761,1088
3455,2142
1257,554
1634,3031
842,1106
3512,941
1636,3749
2446,969
1615,205
920,3772
1171,2037
3426,1721
972,887
3125,553
1692,320
2773,2812
2768,559
1817,200
2232,2348
932,3370
3772,2679
3587,523
1704,3121
3309,681
2874,1968
1843,109
2025,2346
2382,668
763,3021
1456,1230
3385,427
2512,844
3436,3591
190,22
3008,3285
1643,442
2643,945
3020,2835
3100,3395
1643,3115
1185,2576
698,283
3429,62
430,3822
3331,62
328,1321
1147,973
1802,3417
784,2498
2847,1178
2143,413
309,924
2294,1104
2343,2557
2191,1219
3623,650
2796,1137
1155,3090
727,336
3400,1449
3122,727
3428,1243
3883,2908
3173,1828
1455,1914
533,382
1122,2165
1816,935
3010,2991
2425,1992
2243,592
2175,381
3496,2315
3204,1824
3991,3439
2382,2026
685,1489
3267,1370
1908,1241
2546,824
2033,3424
2906,2965
3191,2665
3348,3847
2027,960
2343,3387
3968,3793
3081,2402
2506,2741
3609,2111
379,3229
1530,3571
3227,2359
1146,3316
843,1603
2490,46
3863,1708
81,2535
1632,2297
203,2033
370,3336
735,2615
3471,3281
185,3773
2407,2114
1026,2145
1099,3516
2535,3425
952,3326
67,3517
1887,447
1469,938
2041,3639
3495,1426
1996,2630
20,2118
753,3778
3551,2002
3180,1595
2182,1986
454,1952
2679,3004
3028,3615
880,1499
2986,2264
3036,3711
3414,2461
1571,2984
426,2658
2485,782
3321,3788
1794,2339
3539,825
2980,1795
548,3558
448,2874
3758,3185
2581,3703
3744,430
2490,102
3308,937
1819,342
822,3372
348,1591
3301,2339
3886,2649
585,3312
3423,1593
2690,2563
3005,2660
3383,618
2119,1779
3440,2702
236,1307
3937,3642
2874,87
3188,3430
3780,591
142,2748
1032,1094
1833,2560
3884,3144
3483,565
3796,335
1674,3120
2108,1601
2193,764
3123,3252
1757,3657
1435,981
2347,2718
2699,2921
1249,489
3197,1354
2152,2261
2787,3067
2779,2648
2673,3088
59,2130
1983,2652
1706,2513
2391,1183
21,1623
3396,3895
3174,1318
487,3880
1982,893
1747,3323
1762,1322
684,2279
3816,3104
255,3101
2512,814
1375,1554
461,93
455,2074
3023,2149
2417,2404
535,1451
1698,3154
249,1256
78,3059
1300,1733
2219,2897
365,3986
3414,2829
369,3347
3576,266
931,900
3888,5
45,998
795,1460
840,21
3265,52
315,429
984,108
2769,149
3549,557
3112,3211
777,790
1545,2961
1246,244
725,1739
242,2713
226,2623
1551,3775
3782,706
148,1546
1335,3673
276,3602
2172,3906
2979,3910
1228,3616
2220,639
3935,1646
3994,1823
1658,667
1886,3469
3448,1589
1568,158
1604,2465
2297,3050
810,1586
2681,3256
1752,35
1132,318
875,2452
3547,1962
2790,2771
2217,2509
1901,1241
2383,3286
300,2491
1227,3631
1573,463
3660,3997
160,1217
3620,47
1799,3444
3590,2509
1963,3274
1669,2214
1630,648
1405,1448
416,2466
2303,1726
3854,2553
2963,217
910,258
2027,522
1192,3622
1959,2568
3959,1857
2619,2564
855,1224
3155,1786
3004,2379
2024,2451
3190,386
371,3552
3844,3681
781,3352
3569,3423
2049,1462
3017,1689
1891,1955
1127,2680
2411,403
3298,3033
3529,1785
1558,491
1393,1677
1479,1321
3261,23
2184,2879
534,2064
750,2386
2748,1747
3583,222
2685,1965
506,3533
1298,1192
3969,2310
1065,432
1287,1144
2410,2500
3927,571
2304,2925
415,3050
3032,1540
3164,3319
1969,843
1434,3029
396,3729
2440,1638
3561,3789
1671,3830
1055,3552
705,3918
698,2216
3977,1419
1070,2248
234,2807
2027,3711
163,3849
622,2678
3169,1486
2102,1564
665,470
2480,3460
971,871
1261,2789
777,194
2609,2239
2685,3166
605,657
3287,156
3150,3060
3192,1027
560,3347
1784,2885
1190,721
3982,2580
1535,214
3890,2050
3001,272
1944,818
3859,290
2475,1040
761,1675
1726,1472
272,310
3132,2325
2447,1638
3278,346
3568,2833
1224,1753
3069,1064
738,1862
3825,2950
301,3044
1910,1236
2915,1640
617,1618
1436,3413
2712,34
2805,813
2064,2714
3357,2368
85,655
2695,2780
2052,18
2949,256
1212,1525
1923,2298
1467,2497
104,1120
3701,1869
1660,3560
3898,96
1777,1609
143,821
2050,3930
553,111
179,592
710,2257
3627,3985
1595,1658
3176,3062
1419,661
3568,1626
2,657
912,3800
3862,163
3731,2969
488,2504
168,3546
3765,2692
2943,3290
2324,2039
40,2804
3189,2595
1983,3985
1958,2576
2342,759
1827,3844
895,3035
3664,3828
1532,412
1824,3589
3051,2539
3427,3999
1821,697
2272,1836
612,2693
370,1096
3839,305
3579,2117
2728,1870
166,3907
1350,2781
544,771
2671,1230
3738,340
2073,1171
2639,678
866,3435
2108,78
3362,1972
157,285
592,2395
887,392
2582,246
3852,891
2405,505
1507,208
344,986
1104,1632
222,3431
1695,1422
188,288
518,1846
2280,1619
928,3597
2306,3733
2637,3270
3418,2429
3175,1664
428,31
3438,2345
1677,1093
395,2305
3629,3096
653,523
1383,1670
2657,3106
1289,3361
3836,3372
1967,323
1104,2736
1634,154
2459,893
3447,1146
2395,2086
2794,501
1772,1021
3870,159
3368,376
1786,1367
1895,2666
2554,2263
347,528
520,2068
1071,3730
2934,513
1286,332
3507,1537
2917,285
2519,3500
3767,2418
1639,3695
277,627
2022,3874
2161,1574
1702,2791
267,1910
3887,3964
848,2690
3968,2560
2586,2612
3506,1481
3985,426
2350,947
3864,2327
145,592
133,3642
4,2095
2272,2547
2058,1290
94,3740
3880,3770
2079,778
2984,3885
552,3257
655,3713
3202,3481
3601,3219
3345,1603
2640,1413
796,1414
3148,3491
732,2734
3398,3295
3569,470
2502,551
3420,1856
3370,366
3680,1260
529,683
1454,3089
592,1148
2042,1757
417,3115
1313,864
549,201
3005,3931
1807,1074
2593,2837
615,3739
2743,695
3599,403
3761,3803
2030,882
3576,990
1573,3910
1709,3417
3385,3409
1165,2105
3278,625
1755,534
1297,1892
2362,355
22,3563
3093,3415
1439,1245
368,476
2569,3382
2894,511
908,367
672,2346
3807,3401
3690,3560
3064,2490
1016,3751
3289,3222
1371,247
3556,2440
900,3199
2115,178
770,3844
3399,3530
1044,2595
168,2421
3771,3747
177,1825
386,642
3753,1911
396,1871
2113,3176
2034,1812
323,2027
1785,2500
270,2627
3559,794
497,1540
3151,348
2287,375
93,961
2656,1241
466,1336
923,1991
1958,3136
1164,1149
2421,1618
1381,1504
744,1163
385,2049
2763,3267
1893,2602
591,2158
1138,2901
3700,3804
439,495
3030,3364
3797,2655
3327,3920
2075,2388
1945,1793
1234,689
1351,974
3662,1704
89,3940
2902,957
46,2778
907,3755
1890,91
106,176
1749,2373
3567,2383
2109,1892
1115,3701
149,896
1126,2042
792,311
333,801
2821,156
2972,769
52,346
1834,744
790,3315
2293,2075
1533,2167
3244,2456
1858,3791
799,2793
2097,1076
3558,3014
83,2729
1202,87
2107,1279
1144,1556
784,3836
2587,193
2432,181
628,2923
699,2401
2748,3203
56,2037
1527,274
962,3871
337,2840
2070,3226
1543,722
552,2706
2949,3685
2162,2791
790,3377
1970,507
1989,1141
341,3442
3942,185
219,2079
1321,337
1355,2936
3845,3451
3852,3146
3136,1877
1006,27
3170,2783
1601,3655
2397,657
559,1508
2406,2896
1566,370
3623,1936
2959,1152
1152,3407
2026,1033
2963,842
419,265
707,1917
401,3388
8,3537
2076,1650
39,730
1174,3896
2132,242
1433,593
3581,448
3225,3693
1867,82
3711,2119
3916,2323
2274,2119
2529,1654
3246,592
341,2236
4,2349
829,612
2527,3571
1911,3330
375,886
1046,931
3335,1586
1667,2321
3730,2121
2632,3692
1442,3817
2941,949
1494,2082
3454,457
2621,2061
3490,2419
958,239
336,1682
1090,248
631,467
1825,3795
1963,1315
925,660
2461,1565
2443,2163
14,3413
3805,188
1429,792
2663,921
3343,2667
3550,2416
2171,3874
1994,176
44,553
3243,10
3829,2111
2823,1830
904,1905
979,2597
1253,1954
1,572
1804,503
1748,662
760,3
147,1697
186,3262
2919,3861
3068,1493
2659,2255
2081,3144
2650,775
2539,355
190,433
1539,223
733,2058
1656,1822
1449,2860
3245,3219
2018,1816
2883,3631
2423,3036
2176,1179
1968,492
1236,1973
1479,1470
440,3202
3021,1372
760,3509
3277,988
81,2321
3262,441
2776,589
1263,1408
3538,953
3294,1225
1154,3582
2669,3053
455,590
3835,2480
2827,3728
2171,826
516,3718
2504,2461
3650,1195
3307,1481
2525,6
89,1396
1139,2016
2636,877
3552,2571
786,623
2290,2178
164,963
886,1860
929,1811
3304,1435
3231,302
3644,2054
743,3492
1675,940
2189,3763
3814,2344
2572,2315
159,2203
2937,485
1198,3805
1038,1396
327,2766
1048,1754
744,2367
573,3153
218,2604
1653,1997
1979,574
1280,1191
816,667
1922,2535
1332,3524
420,996
1588,2749
1255,2728
3808,2247
3278,2799
3307,3970
3836,2170
3435,289
2590,3734
394,3720
97,408
2993,3363
3000,2988
779,1154
1727,2387
1227,2758
1525,3408
1425,841
123,2015
111,3199
3314,2223
2393,661
3445,3455
702,1433
1139,2883
2775,3518
3769,3358
3099,3524
1124,3150
282,748
3548,2206
279,293
3482,2244
1918,3055
1847,3514
3022,1406
272,38
1078,2206
1181,84
1752,1406
1199,3181
3680,2164
47,153
2645,3471
2958,3863
2974,68
3276,2699
106,3770
756,496
1976,1925
2208,15
3654,2383
2727,2697
519,2669
415,2732
462,3690
3265,3046
2385,505
3275,2636
1835,353
2038,3907
2544,3178
2249,1496
190,491
2514,29
3030,3777
572,640
743,732
2683,2907
2292,3690
3475,163
972,1220
3597,323
1150,958
3545,2558
2686,3421
502,1271
32,370
77,2302
856,853
2708,1023
2544,2996
2470,2747
2895,3813
63,1702
233,378
3537,486
1275,3673
111,773
2824,381
1628,812
2824,2999
3641,3519
2305,3481
1071,3332
587,2529
2274,2259
3416,1480
2415,67
2504,2553
3780,821
493,353
3966,339
2615,2230
2453,953
2739,3705
850,2808
3116,3659
3884,2482
3088,150
3559,2281
636,412
499,2904
878,386
270,2116
2549,2979
605,925
3021,3708
1520,1754
2592,1333
1489,1880
2416,2859
1875,3468
1112,2550
2645,431
2638,701
1215,310
699,2693
2756,3826
3449,1654
393,2449
2420,2423
2201,776
3793,1970
1390,2561
789,969
2255,3735
3586,2158
2336,3196
1468,2573
667,3646
586,178
1009,2173
3686,3253
141,628
1894,470
299,331
1798,1660
2038,3992
276,2697
189,1741
2677,113
3405,3588
3704,3559
509,3927
1039,2839
1657,2145
3034,486
858,2211
3228,1063
3247,2852
3810,439
3914,536
3526,2546
2360,2775
2639,3165
1585,57
1288,2609
505,3477
2051,2151
3987,1383
1862,667
2626,2897
647,1148
3031,1283
3724,2479
3801,1588
3890,1292
2442,592
3131,2969
3531,1955
55,879
45,198
1124,1767
562,1198
1225,2762
555,2123
2111,519
1265,289
2698,3900
3463,2050
227,620
3469,392
1014,3789
1853,1592
1535,403
1832,578
3631,2826
3545,1517
532,1741
2574,1469
3908,633
2436,3115
3432,2455
3695,3445
198,3051
2020,3460
771,675
3115,2500
2446,3182
3358,393
2127,2325
2542,2104
168,3922
1090,312
667,951
837,3861
1990,2906
2351,3196
2550,2731
2241,1884
384,3579
2814,2925
1661,1326
2157,2113
3199,2838
2313,581
299,1614
1005,1757
85,327
897,994
3649,1761
2673,2059
1011,3840
1643,1965
3153,1336
2487,2300
927,2401
1434,433
743,922
3108,2394
1477,2898
3886,3967
1916,2515
3742,2320
1387,3282
1980,2848
2758,2874
1782,3587
2970,3549
453,2828
686,2927
2254,3246
1812,1636
3637,1756
623,3280
2831,312
727,1604
2635,3206
2525,2140
1255,3623
3315,2884
3686,1423
3,3391
1594,3454
484,2585
3509,542
2250,827
3462,3842
3206,1427
457,2315
3512,1516
1736,3538
3911,1881
289,126
2025,3962
852,1278
2563,3073
3777,2115
3020,1095
3598,1621
3099,3819
3643,2527
3014,1019
3746,980
3104,979
3958,3128
2325,3154
3980,3688
911,1493
885,778
1845,1238
3415,502
1392,2174
3607,3986
3577,589
365,2974
3270,726
3629,3067
3969,1346
997,3984
3169,3135
1763,69
1368,2623
1013,762
1864,3598
156,812
2768,3919
119,2453
1930,1871
2590,3796
1430,85
890,1256
2601,1374
3281,1092
25,1962
1343,2387
950,3203
2028,3518
170,3641
1428,2086
3193,2646
1204,1312
3299,2797
3610,2409
3516,1773
2510,2464
2005,3780
99,1781
2233,874
3457,2884
1361,3769
1524,2708
2761,3191
3338,1365
2148,1886
2017,146
2177,962
507,1041
2111,131
1787,1691
3334,1623
3867,1217
1980,3468
1141,2531
405,2332
721,3841
1071,2467
87,3033
2256,237
392,3394
2412,1136
890,138
686,3468
3259,2094
606,3338
624,3949
96,3281
2983,2487
3097,3789
2926,2366
2094,1981
378,2751
1037,2175
2474,3854
1494,1085
1466,844
135,2280
1342,2823
2371,15
2945,2069
2682,590
1499,1505
2729,2371
1037,1671
3347,607
865,737
2944,1913
1156,1021
3989,160
1849,1598
575,2706
3583,1870
3609,1289
2090,327
1133,3605
2646,845
3824,2388
3160,1323
721,2880
3366,2750
287,889
2905,1508
3439,1274
1067,265
804,919
3037,3131
1535,1685
2293,3775
2957,285
2617,3198
1636,895
3867,3267
1903,2442
3200,1585
349,3257
2295,1769
2842,1383
560,465
1349,3485
3680,2859
167,2871
360,3208
3077,2725
687,175
3249,3942
1818,3043
923,2253
1888,2923
3802,209
3679,3099
2389,3387
3843,3185
3119,1957
1603,3671
1015,3130
2419,1072
524,2823
377,2696
394,3872
3072,2266
2878,2877
1779,1813
408,2294
3316,3912
1550,3744
1817,3986
84,143
2702,2477
1218,3407
1377,2755
2865,3353
1137,290
1896,2242
363,217
148,2764
3114,1089
904,2268
613,232
1632,572
3716,3668
3002,893
463,59
2303,1539
3710,3698
2971,2295
3381,2746
1564,2121
2960,1500
698,1978
1223,150
2711,3213
1103,3720
1972,3582
3663,3803
2279,482
2114,3791
3268,666
2489,3602
3565,1313
3731,1715
3144,926
3485,662
3790,2820
3847,3996
869,355
3568,1636
1806,2326
2980,604
1982,221
3874,3804
779,1720
2671,3227
566,3787
2186,1112
2953,1953
693,1584
336,3148
3025,768
1922,922
3201,2073
1587,3513
2403,927
3484,2687
2575,1552
3669,1211
2501,37
2549,238
207,1146
1105,1099
2969,180
3729,3041
864,1868
899,3933
1547,3276
1128,3870
3858,292
11,3449
3876,2968
3037,896
3410,980
3069,2161
3117,2025
1995,2569
3618,373
3062,2285
2220,2726
1280,949
2044,3330
1968,3302
1091,2747
3291,1620
1046,3573
999,3291
527,2390
1792,3922
945,1103
344,1147
1009,663
3053,3762
339,932
2103,849
347,2544
2105,1037
2111,3990
2128,3423
3133,961
783,250
2115,3000
2278,2713
187,2375
2691,1880
1624,2231
1502,3182
1992,3522
1998,2541
36,448
1264,1068
3245,2602
554,192
954,3350
785,2075
2297,2162
3689,2694
17,3127
3397,1313
938,3668
673,3929
1455,1560
3773,1638
200,2089
3917,3453
2667,72
1628,3296
2826,1843
3464,2414
493,847
1529,3951
106,2565
1367,2631
2594,3009
2308,1024
719,3620
3592,207
1302,2175
1666,203
2871,3385
2148,1927
577,3462
1002,2511
419,2011
1011,2741
2926,1987
1010,1246
4,2277
868,3633
1011,2357
3161,1303
40,3593
1350,3202
1042,3024
1366,1247
1594,547
2144,2050
3231,2376
3002,558
3254,2667
1452,1699
2896,3396
3977,3064
1695,2853
3596,206
37,3264
825,1331
2436,2327
2352,2067
136,2992
1654,1896
1117,928
3066,690
225,1667
2558,1906
3099,264
3269,1911
2268,3231
3185,2534
568,1028
3859,1080
2953,3748
3048,3147
1928,2732
1903,642
1679,3628
3391,930
3833,3952
2596,1160
1771,2814
76,2030
1992,353
1988,1874
3921,3374
2529,1810
1145,2796
90,2299
1990,3356
1112,3180
2095,1064
3146,1486
1780,2692
3841,3436
2662,3535
3614,2617
1508,3063
3981,1145
1328,1324
708,160
2634,3398
1775,1801
2384,2962
1544,1024
3939,2510
1089,250
829,2889
7,2296
1243,3390
3381,3631
2453,3137
2941,2330
2739,1395
3281,1104
1710,1549
1378,139
2634,2915
1079,951
1883,1223
3315,2017
2810,3465
2503,2372
590,935
1100,1385
2382,1682
204,3765
2105,66
1592,2032
2579,3873
1829,1192
803,2522
406,1454
3587,3545
3546,3232
2235,3200
217,2998
1833,2167
1471,3218
1491,2215
1016,16
315,1702
300,3163
1155,3459
2424,2095
1483,3082
2491,127
2274,739
3521,2753
1967,141
3682,357
1107,3999
437,3537
1938,1073
2697,92
1055,2767
370,3938
1216,1975
2465,2127
1798,3631
1022,3324
1616,3769
3952,3613
1517,301
887,513
2841,2396
81,3667
2316,439
1471,687
1323,2034
163,1569
2469,409
2913,2198
1039,2858
3319,3500
3254,3840
473,3159
714,1928
1705,1121
1260,3852
2820,3438
138,2764
2364,1965
3940,1045
2042,2238
2887,87
2573,453
2828,2498
3097,2548
2229,2656
1100,1490
3967,348
1699,845
2540,3618
3061,278
318,1252
2383,2025
2738,2996
913,1724
314,3902
2465,2389
1935,2900
3492,3458
2785,2359
3932,2048
3658,528
283,1638
3519,45
1341,1583
2670,296
667,1959
