520,1869
2162,3259
1400,802
2306,2282
2116,2344
1513,3844
1079,1246
3315,3654
414,696
1056,984
2191,1178
1869,791
3577,1193
2222,281
2129,900
439,19
3012,436
741,3730
3879,2387
1100,717
3064,769
2393,1895
2889,626
1549,904
1178,2251
3495,1549
439,2393
3450,1656
1564,1533
430,1708
334,1767
928,796
2985,552
439,1246
3304,97
1288,2863
590,1350
1477,1549
1671,2168
1122,1008
179,2168
1488,3923
1193,2194
439,2740
3069,144
1178,398
1941,2417
2986,1337
1345,1246
2765,2615
3913,808
3517,422
1469,1512
2636,1097
799,1368
2431,1551
3875,3530
62,1496
1658,1590
1540,2790
55,1615
3808,1091
1271,288
3504,3189
3353,469
3107,2144
3329,61
2955,3543
986,867
2517,2765
1398,3516
2736,3999
1534,3053
2392,733
2004,3924
3479,2285
73,909
2231,918
439,2457
2154,1956
839,3597
2433,2659
3814,3107
3363,2522
2170,360
1980,3054
2217,2658
818,3749
3266,2635
1178,3703
271,3524
1454,1178
3220,808
1200,3212
321,474
338,64
3560,399
1065,2385
2596,176
2117,523
3653,3562
205,60
2279,1024
2104,3252
517,1370
2196,3861
3839,2186
3409,1083
1005,202
2548,2637
3874,1341
1449,439
152,1082
3965,2932
1990,3584
3043,2344
2560,2416
3816,445
3875,1570
2833,3673
2044,2174
3978,3172
3460,1513
1246,2700
1246,142
3808,3478
1146,3595
672,1837
1008,439
3465,3320
2143,3355
1639,589
822,2055
96,3578
2677,1217
1178,2367
439,3096
3693,1164
1124,1403
49,2140
1246,1514
3206,389
2375,1060
1781,695
3389,1606
1849,855
780,144
399,2221
3022,439
1614,1543
3795,1301
1212,2826
279,1516
1592,3628
2845,1711
60,2599
1150,1284
1047,2703
1381,353
2709,313
1634,2270
2861,3194
1246,1351
145,2355
734,3080
3253,577
2889,611
1767,2392
2404,1246
638,1925
290,3173
193,292
3223,34
2457,1239
1893,1869
914,1178
442,168
1503,2034
439,2707
665,463
1388,3666
1291,1211
620,494
3875,2835
3563,854
1216,50
3987,3564
1246,2468
2582,868
3599,611
3793,2858
600,2517
3586,3673
3978,2205
2508,1648
2246,104
3085,3231
3698,3676
1398,123
3993,3863
1322,1497
3370,2023
3865,1694
1887,829
1088,1445
129,1113
1246,1809
1329,3446
3079,1246
2600,3152
204,3954
1454,2599
2322,2773
1865,1403
3567,1440
2404,439
1166,41
3964,1543
2688,3459
3614,439
2457,3190
1098,391
1264,3479
1074,1246
254,2297
1325,1595
2442,1246
1200,3795
3381,928
2142,2232
2891,3187
3935,2549
2935,3839
1937,2967
3274,1715
868,2029
450,2193
3884,1925
809,3793
1178,2575
3501,2797
2409,1246
2498,1204
883,2279
1230,3689
3372,280
46,726
2750,1549
35,1274
217,3875
59,1969
2919,1283
2697,1557
997,1246
2596,2198
3875,2721
2588,3395
1934,1967
1466,2748
878,1343
3942,2337
3171,1646
2586,3479
2457,440
2315,349
3423,993
2466,3136
1246,3935
708,2803
6,832
2404,2517
266,3922
2005,3479
3968,439
1816,262
3063,439
2299,521
3509,3923
1858,2814
3547,1030
3504,2954
1246,1992
2504,2809
2989,397
3012,888
1206,92
3986,228
175,1873
2896,1925
1912,3678
871,953
679,3932
1836,1080
2451,2094
107,2959
2596,399
225,1047
1354,1707
181,3751
1825,3898
3563,2766
626,3177
63,509
652,3554
439,2301
8,938
3987,2525
1168,604
1119,3125
1434,942
3609,253
3815,793
2660,93
2711,3377
216,3575
2326,2796
393,3600
3691,2305
3294,719
1878,439
1223,2752
439,2427
679,3875
1178,3395
1780,1291
3561,1312
350,3563
1168,3570
2497,3244
2728,2739
32,3868
786,1702
1935,2758
422,2375
1448,3230
439,471
3644,3875
3441,2146
3377,2530
2779,1573
1793,784
1590,1718
3157,3326
1391,2752
1870,1426
3153,1819
2734,512
1648,2641
910,1738
3802,1869
45,593
1081,3367
1869,2652
1632,94
2301,1921
775,1072
1021,1608
1516,2148
3966,3839
3635,1159
1622,131
880,3662
244,1257
2989,516
1019,128
790,3181
2533,1890
783,3917
428,2956
2055,3965
832,3960
1392,3121
2580,177
1019,2517
3337,2565
680,2186
1937,1934
2367,151
170,3556
2813,1481
2771,3711
439,2513
275,1667
1784,3126
950,2573
583,596
2954,1027
1246,220
3875,2752
2912,526
2187,341
2615,2461
1577,1170
3875,2281
1787,3231
1408,3375
745,2335
2517,1660
3323,3502
1887,2720
3519,1963
2659,827
972,439
179,840
3499,2543
3392,2717
237,2279
1205,1650
1291,2685
2361,2387
745,2212
547,3763
2380,249
1384,2002
2878,2192
2805,41
3450,3337
2172,885
3728,3702
3641,3472
2130,3875
1928,2868
3696,1039
3064,1513
2703,1916
448,1476
3594,3133
3708,3928
3634,655
2294,2753
1934,1172
3577,615
695,2066
1724,3196
1174,3424
2516,659
1751,468
3504,95
172,99
2798,136
301,3958
745,3337
3883,2605
2018,2577
227,1934
2442,3855
1116,1862
3861,2197
3840,1293
340,2391
586,393
2132,3966
891,399
1293,543
2085,3951
1208,1329
485,3594
3966,2347
1057,2531
3177,2782
2301,823
278,3659
553,2474
2982,3152
1063,720
909,2718
3401,2584
2504,3187
1162,1506
3532,2091
1382,1474
3401,1165
1000,3875
1350,2354
3208,158
2582,819
3163,594
1138,2504
1873,3083
1119,2882
2008,1618
1903,2440
2522,1934
2476,1265
2479,2879
3553,3495
955,2112
2089,194
2957,476
537,3383
1631,2070
564,1115
2886,1512
3966,1846
2591,27
1911,3578
2340,1463
1271,2309
1620,1397
3203,0
1970,3875
346,2398
3479,1544
2070,3055
1425,2929
613,3391
833,3885
3455,3664
2549,40
1354,1013
2757,1088
1434,2375
36,1678
411,2711
2070,3866
2826,2880
2926,1452
1985,3834
1725,665
3949,3430
1983,215
226,3032
439,1178
132,2178
3569,304
501,295
3054,3266
1718,1164
497,765
486,1346
439,722
691,2808
2475,1421
2560,2375
1219,2912
1724,1118
80,2742
3773,2735
3609,2757
119,1548
273,1039
2659,439
1427,1926
1408,1208
1399,736
78,1250
776,3120
439,2226
3452,3438
934,3450
2174,2488
3761,2804
396,2839
3910,23
3474,3621
306,225
1856,3036
883,42
2499,3839
968,2301
2285,519
3234,3584
3057,3505
3626,456
2733,3255
2517,851
928,3080
1951,1309
551,1795
1821,1264
2829,2375
840,1124
2437,3120
2566,2689
666,1847
3014,2987
3168,874
1541,3811
3479,439
641,852
1676,1632
3479,2570
3000,3302
2805,2318
2517,3513
2641,3665
2437,2065
3991,396
2690,1005
1788,2024
393,1246
1370,572
2757,3577
1411,1843
3710,3610
651,2470
3521,352
1869,2870
129,1428
3912,1056
3671,3878
1394,3626
3120,3643
2098,2158
1039,3038
3842,3321
2765,2757
3413,353
1925,1255
1135,3890
1379,2895
1565,1929
94,1827
528,472
295,982
2205,2373
2729,886
915,1934
2211,1446
442,1249
864,3826
2282,3977
2035,3893
1879,24
2522,1348
2756,1232
3803,564
2070,1536
1090,451
3069,2707
3915,2475
3543,144
2265,2778
2659,2543
2070,45
1391,728
3487,2662
999,3199
1901,3958
3532,1043
819,3628
701,476
1103,1478
204,1041
3258,1291
1869,2665
3737,1957
2402,488
2830,2649
3244,3110
1832,3875
591,3127
2503,3973
439,414
3125,617
146,1839
3373,376
3497,729
3312,3267
3937,439
305,3731
2009,2738
2407,1888
2848,3769
1656,3584
399,1959
2029,2451
2687,3664
3668,2702
3018,2586
1163,449
1434,344
2952,2752
592,2507
2825,1003
3185,2419
1165,179
885,2517
944,12
651,212
248,1507
936,2637
923,1710
452,2983
2871,2545
2374,1897
755,3386
2919,1434
1501,1398
267,488
3969,3884
3971,157
2539,417
3085,314
3216,3230
3560,2059
2055,2675
3814,1831
2366,1540
2795,2375
2664,472
3244,1927
1092,3952
1520,2569
2927,3821
94,439
2179,301
427,121
38,1912
2826,426
1503,1514
2136,2671
2517,3975
3633,2323
1617,1086
3947,3211
2219,1847
439,2418
2048,1227
710,2757
2325,3823
3244,2869
2600,2899
3928,3734
1246,1842
2393,2087
754,1921
1619,3413
2707,334
1729,1467
3652,1869
885,439
85,2692
2806,3851
1246,584
1970,876
835,418
2206,2087
162,1453
810,1158
2103,838
1826,1611
1111,2275
3948,1127
1925,1672
3066,3834
1438,2061
283,3875
3310,2541
2967,1224
2164,1178
3945,2615
371,3376
2310,1756
1228,1549
2951,3426
1178,1308
1971,3966
745,853
1556,3312
2570,210
963,2288
700,1240
1475,887
14,3875
1272,2090
37,1029
1723,2228
1108,2719
1589,3206
3226,286
1039,1311
793,2517
3735,2696
1629,3677
1755,2788
1318,1319
1044,251
1178,3682
2892,2277
1348,3737
3915,1
1869,3672
1246,880
227,1869
320,3879
1755,888
3094,845
3754,616
3662,82
3290,439
1659,814
2886,2378
1284,2773
2760,2374
13,1948
1297,1678
2644,3163
1925,1250
3504,2107
2522,2927
1560,3575
2773,241
1373,656
1136,2065
1094,747
1298,659
3725,3368
1490,2311
1247,772
1983,589
2458,1126
868,2500
502,1225
1838,3476
2498,2345
2773,2950
1203,1291
3163,1934
3570,1890
3660,2820
2375,810
2660,3927
1944,812
3428,3092
1869,879
1182,2725
1299,2451
1680,3216
90,3714
2360,463
371,1405
2633,1201
2119,3219
2190,1973
3658,2367
1153,1555
1621,767
9,2523
2597,2036
3076,1337
1870,1575
1092,2659
1034,2521
3772,878
3468,2757
3527,3232
212,2392
1713,1540
2378,2318
1653,261
309,2517
2836,2364
2104,2922
1246,2375
1754,2914
550,3689
1940,2026
2455,732
2894,1628
2195,1863
1657,2325
1107,2977
1967,3291
3354,1827
3437,2724
2439,1272
950,2886
2449,439
1291,3569
3875,1246
3574,3035
1656,94
3261,3432
3852,415
1348,3962
1983,2761
155,2218
1182,610
1304,3385
1246,1051
993,2108
1019,1850
3352,3335
3330,3515
866,3781
1672,1000
3052,1318
2026,1721
3238,2682
460,400
439,2583
1363,2897
1755,270
1322,737
66,2575
3940,423
1430,2204
2957,1869
1656,2650
779,2948
2629,345
1824,879
1389,178
1411,3561
2062,307
2519,2009
652,2271
238,3734
3740,2146
1103,913
439,1696
540,34
1178,1117
1925,2093
2575,3338
1951,2041
1107,2611
723,1799
1171,623
3572,1082
423,2922
2596,1430
3477,2923
2504,1314
3566,623
292,3510
809,439
1246,2180
3415,3980
2990,2668
3504,2514
3277,446
2523,1294
1570,2214
2788,3203
1237,1869
1347,3335
3582,3012
634,1743
1769,2581
1185,3337
439,367
2690,2845
2294,3672
2667,1747
1880,1381
1897,2744
3707,3676
3728,1621
840,601
1914,418
783,308
3926,726
158,1291
1165,1565
308,2374
473,1351
2238,2757
1663,308
2726,3593
2148,2170
1005,3622
3133,820
1437,3687
2082,831
3537,1975
441,3477
1230,485
2919,2578
2737,1785
3678,439
2631,2006
399,1186
1755,443
592,597
2291,3944
3954,3875
2654,823
248,2524
1246,1952
3925,2856
1015,1594
1586,1630
3379,1541
1246,769
2227,2418
3840,1622
779,1178
2504,2951
3761,1845
1260,403
2881,3479
1817,3790
1971,3271
1733,1240
504,156
2317,429
1296,2055
3255,3004
1755,2556
2085,3330
208,1462
1513,691
2151,484
3396,1232
1826,3140
1673,853
1307,357
3875,3236
1852,2838
1422,2743
2984,201
2775,3674
3833,1995
1446,120
1246,3376
439,2251
1392,2557
1171,798
2608,1341
2223,324
3822,1246
3185,595
1553,3669
1291,538
3448,2279
3875,1624
3823,3174
1320,1941
846,86
2590,624
1215,1540
1112,3105
587,2788
2513,2071
1826,2375
2993,3929
446,3359
342,1925
1775,3531
3631,1226
2051,3905
1549,1399
503,439
3695,3797
903,299
2596,1304
3466,3966
312,2722
1148,831
338,2375
3575,3205
3700,2157
3745,1419
2126,2265
3300,2828
944,2793
3347,2404
2008,1246
879,880
1965,1825
2828,128
269,1891
3577,3378
2891,905
27,1600
342,183
2983,2380
121,1506
1964,86
586,3324
1700,3577
3638,2879
3516,2781
1755,1617
1656,111
694,2758
2368,3120
2580,1762
1895,1757
3717,1037
626,1769
2672,1764
1246,3403
1753,2885
3290,3875
1671,699
3958,344
2314,581
3375,3421
2173,3134
1046,2964
2757,1119
878,2890
3919,1305
1790,2517
906,1988
1434,3130
2673,1428
1386,687
1048,1843
1597,729
3170,1934
1178,1176
3445,2070
1549,1576
2734,2494
1995,2924
1737,3875
2407,1907
3479,3105
3286,1936
3876,424
1043,907
3286,1819
2636,3464
1656,1316
1549,3993
380,2531
1246,3218
2736,1869
1246,2646
2142,3875
364,2789
891,904
237,3786
2455,1089
930,1208
915,2431
2336,3680
417,3331
202,1039
1257,2877
1010,1297
2800,294
819,3270
3669,3634
1425,549
2893,3289
967,957
3599,129
2636,3144
506,1246
3337,514
895,3479
1545,2570
3373,1227
691,1246
3813,2085
1220,2975
3006,2948
2078,397
3479,1032
883,3768
2812,1629
3375,868
3302,3639
1506,504
1441,3875
175,1756
2875,691
105,2325
1101,2536
1013,1015
2637,463
2517,2166
484,3127
3598,2645
3612,2305
745,2922
2788,1714
926,623
1437,2813
2499,2952
3875,2736
54,3808
801,445
879,1345
2649,2048
3543,1434
36,439
1869,2536
989,3023
2752,229
1519,923
3565,233
3575,1540
2358,2002
2785,2922
3190,2722
3123,638
2443,438
2509,3655
1173,57
2254,3464
339,602
1869,482
1714,2517
2908,1371
3146,1917
174,650
2959,597
296,302
745,365
489,1557
2673,599
355,2057
148,3773
2122,1024
399,507
3037,2365
1897,1549
470,1154
2183,2194
3279,1869
906,3923
833,2951
3626,2715
3779,3568
2375,2615
1656,2564
2255,653
1119,3627
457,2321
612,3495
3125,134
1563,1973
2615,1178
2186,3422
2477,83
1495,3545
2428,2483
1693,1884
26,3875
638,2782
260,1792
2751,2386
2827,132
215,2678
3280,1480
2688,3143
2372,1989
3712,2388
1189,3896
479,3873
1710,2911
3688,1305
2517,1753
3421,2088
2155,3875
2892,2075
3479,709
3875,2033
3249,164
3966,840
1564,605
2906,453
2819,3601
840,3475
2093,3300
3973,3979
452,988
1658,2299
1190,1869
2325,3476
158,746
515,2824
2757,401
1178,700
2087,2638
2488,3360
3832,1982
2773,3834
2139,78
2459,1574
1364,1990
2819,2922
749,2286
1244,1094
2886,2530
1196,2368
167,3646
1716,3036
3264,2826
3560,3119
2513,105
316,1491
1639,1246
738,2245
1178,2160
898,3539
1304,3929
1801,1178
507,2596
686,1071
3930,3627
316,3875
878,2550
3494,723
711,493
3094,2922
3804,9
2122,1861
131,2849
2601,272
249,870
1443,2768
277,1818
2744,439
2529,1246
53,3857
1138,383
518,3224
3503,3477
1783,1476
3791,1549
3875,1829
1007,2814
2231,1246
1632,3638
3017,3219
2884,2795
2031,420
91,1849
1349,1571
1169,3559
879,2221
2356,1576
3706,3839
1143,2075
2596,3238
2439,1119
1095,2108
2475,2663
0,3206
3711,3126
2167,1937
672,125
557,1869
2302,3450
3651,3827
3892,3380
3505,1178
2302,3059
3620,3128
3650,1371
276,3612
2292,2134
3247,1073
2819,2267
433,1246
2207,1106
2469,3447
2456,2449
2730,3698
1644,1340
3111,1246
3422,1892
3756,148
1183,172
2819,1897
1527,1328
3953,2173
3404,3438
1227,1246
3898,2579
1711,1303
632,849
3988,2596
688,2329
338,1345
1092,2049
3082,2772
3774,3899
439,3058
1804,346
2512,3491
3983,2096
730,542
2668,2517
2357,2825
1119,1246
76,2765
1970,2593
2152,2826
1549,812
1976,3633
1249,141
745,1294
3500,2132
3549,27
133,3964
2922,3987
3166,2423
2466,1645
2254,745
439,1176
2510,2851
346,1601
2351,1651
2456,3053
2200,3145
3706,2840
2751,2632
2453,439
2594,3580
1075,233
3028,27
2637,3425
3793,2360
1954,556
2444,2775
3273,2108
1119,189
388,1842
3939,3162
50,336
565,838
2202,2952
619,3137
2760,2379
2206,994
3399,1296
3505,2513
1491,1167
3367,3727
259,2641
1797,3661
1687,3809
3731,1580
1038,2356
439,789
667,2019
2728,3946
2922,802
920,1398
657,3365
2576,2846
1070,1246
2810,768
2513,2074
3425,3125
1869,676
3980,1316
2365,434
644,3120
140,1534
3211,3867
501,2504
2856,1647
2502,1172
840,1554
2116,1651
3473,2271
2596,3333
1291,2371
2795,1727
3755,3584
1972,3613
1706,2885
745,2611
2623,2266
3640,3337
3725,519
2267,525
2645,1335
3255,3175
2200,373
3215,2099
182,2081
2111,2638
3839,3987
1246,94
2279,2377
2226,2388
2922,2517
490,345
805,1477
2905,3875
2032,3499
3147,63
587,2437
984,3807
1444,1534
3245,2322
3019,2966
1458,2670
439,3598
315,1216
3450,286
1855,2788
1434,2693
2375,3179
1434,1705
3293,1338
2199,2604
557,1178
2637,730
2501,3965
1125,2085
3613,1008
3875,3573
1416,2819
2375,1376
1649,1961
2414,1559
3890,1634
3287,1962
2902,1447
3252,3640
2395,2329
2979,1855
2390,998
320,2717
1358,1579
1225,3814
3950,1432
3875,358
2130,401
1800,1647
1682,176
2819,1278
1998,2522
1852,2863
1755,310
3839,2267
898,3577
3861,460
2392,1311
3174,3479
2720,2129
1536,3450
683,3630
2059,99
3746,1194
261,3640
2903,2269
3322,967
2407,3222
662,2981
3138,1540
1826,3954
3227,1459
3147,3588
2163,2596
481,770
504,2806
2965,1102
2359,3424
550,2004
27,1436
2393,1193
3491,1378
1788,1136
2978,2201
2714,522
478,3296
3534,1576
2450,3377
2927,1686
1995,3370
1417,3261
1229,3618
879,3810
31,2894
1909,1725
1109,442
2325,899
2088,3497
3326,1026
3194,3417
869,2324
2808,3160
349,3318
3429,2124
704,2825
1398,3873
439,1019
357,868
3377,1773
2334,1662
990,3176
1178,1246
3863,403
2362,439
154,2204
3548,3992
2150,1025
613,439
2176,3339
246,676
214,3875
3140,3385
1549,892
3875,1860
3228,749
3901,2006
897,1246
2966,439
3385,12
1226,2517
260,2224
439,174
3504,1528
2060,1439
3375,3620
3958,3198
2517,139
1236,981
1255,381
3843,406
1963,3025
1909,2141
1640,2352
668,2045
62,3397
573,3608
1206,3240
1814,1476
1766,2920
546,1254
3663,961
641,153
399,2778
3894,2164
3805,2922
2223,2955
699,3052
3472,3895
1637,3607
1195,799
1771,2218
1290,3858
2752,2267
1532,282
557,38
3337,309
3850,1553
401,92
2776,3907
208,3318
2517,3
487,2232
1887,599
1963,3669
1533,2265
3589,3747
941,1315
1549,1733
1719,3349
6,340
2463,486
3762,1889
1658,2606
3825,694
2783,1620
2463,82
2380,3262
3571,1667
3921,698
2813,2112
1689,3496
1936,3402
2296,1513
648,881
2770,3604
2150,2529
1286,951
134,3815
3720,2202
2504,3239
2671,3623
1178,3575
3,3466
3808,1567
143,987
1496,2471
995,3394
277,218
1538,2786
3774,867
3429,2587
1656,210
3779,551
2229,718
2219,947
2383,745
3971,2559
927,2488
1833,466
2975,2292
3716,2123
1028,2382
383,3114
1178,2328
2397,3190
2509,75
1818,1762
2087,1169
394,3924
3385,2301
1549,3130
3490,2039
3084,2517
2517,1077
3989,1868
3225,2504
3584,1934
1867,3450
1891,1161
712,3714
878,2823
2495,2826
991,3477
3733,3247
1432,1195
52,211
3575,2354
265,2437
2201,1540
691,1920
1830,1988
410,3405
439,105
104,3335
2953,1898
3908,1632
1578,1186
196,3613
3675,393
2933,1948
3309,173
639,3994
481,2483
2894,185
1390,2659
2325,972
1139,1404
2229,2152
1951,3905
3402,1709
455,2083
201,3554
3459,2668
745,2927
1732,1473
1434,2482
3,3280
691,3074
274,1447
1195,3424
2604,1814
1656,3639
2063,3639
1236,2157
2659,2075
2813,2693
3144,1572
2921,1536
3818,3064
1584,1770
1997,3516
721,1656
3218,3497
786,643
3664,750
208,563
1802,3845
1158,272
812,1755
2096,3001
3868,3247
440,3607
491,3450
1221,3747
1984,459
1826,1700
321,2110
3679,2922
233,1596
3468,1508
3173,3386
2070,2571
3554,1566
2459,522
491,3559
2252,1128
3584,3879
2009,2984
3400,1419
2517,3634
2956,312
2196,2350
3201,3107
1246,772
1934,494
626,3418
2111,2103
3158,3966
2793,2125
3456,474
2879,257
473,798
1515,215
1226,664
3337,1996
1908,1572
2983,1256
3770,936
456,3822
160,3777
2589,1986
399,591
680,102
2980,1220
2575,3064
3276,2301
3177,3704
2166,1961
1123,1042
2517,19
499,2756
263,3292
626,2030
889,2485
80,2156
419,3109
3883,3576
664,268
2659,2907
1027,3838
2579,399
3139,3850
2524,2659
2588,777
3528,1848
3506,2926
3965,2662
1663,3215
3343,1499
3150,210
529,3366
3839,1287
2672,1283
1246,83
3345,1544
3968,1346
733,1328
1240,670
368,813
1462,187
1178,3426
1614,1905
3272,2187
256,3202
853,3657
571,3966
3175,1456
1855,1011
2391,2215
408,1793
364,2180
178,2481
943,852
3835,1170
2543,3478
3834,279
439,651
2104,1571
313,949
3832,266
2105,1893
2891,3020
1140,1820
3337,3512
439,1113
3866,1577
998,1936
3398,2517
977,1461
447,1377
3247,2498
1101,3772
3312,3251
3955,3100
655,134
2639,3001
2740,251
2585,3963
1672,439
2836,2375
1434,2135
2620,1908
1269,3627
3424,359
1105,326
1134,837
1520,772
3639,3875
361,227
2421,195
3860,1755
1404,1246
3732,2078
1246,2219
2069,285
2815,1434
1869,3385
3961,242
1904,1246
1291,2702
2483,263
1178,3507
2496,1243
1019,94
1191,3217
3432,730
2894,3566
567,2529
3958,465
2819,3462
1925,1869
3799,629
1247,2114
923,2309
566,584
411,799
727,2688
1509,2299
505,207
1366,3032
729,439
2922,1807
119,128
3517,27
1244,3479
281,3723
2264,1380
1420,3393
1246,2748
3450,2567
384,779
2134,865
1195,1826
1402,3970
2419,3078
1246,3450
1246,896
3298,1246
1434,3958
1487,337
2894,2121
983,439
623,2457
1136,2375
3118,2112
1826,1504
1644,1187
2847,922
942,2370
2824,2571
1142,367
607,2163
3537,28
2358,1012
195,1703
3965,3074
2471,2279
1459,2810
2688,1701
3875,3839
2598,930
1803,2407
1803,2517
2850,2037
3133,254
3064,1578
2960,547
2341,810
411,3596
103,3436
1010,495
2864,2424
2630,1963
225,3449
3171,1576
2211,1526
1256,2773
1220,709
2784,2504
3184,3933
1621,3985
1815,544
3875,813
884,743
3173,3748
927,201
598,2281
2821,3071
615,1749
2673,1178
959,850
1662,3029
2569,1419
1166,481
3516,2648
1907,1539
1551,1291
2217,411
2826,1448
3724,1545
102,439
494,386
2055,575
438,1291
1178,1840
3804,1424
2373,3842
1119,1453
2757,3120
2788,2922
2757,3935
2993,3828
3717,1313
2552,1654
3337,3515
1096,2149
1508,2563
3354,1488
3305,3875
1178,3401
2380,332
3808,3335
2629,2153
715,1903
3646,206
2773,593
1664,3845
2447,1535
31,1043
1893,631
2736,1979
380,831
2985,2108
1715,1101
2166,2642
482,3251
1377,3254
236,2530
1530,3450
3215,2216
3360,2406
3334,1366
3058,590
387,1302
3249,766
971,2757
2399,873
1995,2079
972,1882
2095,2188
588,2338
3382,1243
520,2936
2410,1898
970,3692
91,3412
1178,3161
3558,1930
925,1847
2423,880
2414,2630
2826,592
2773,878
1544,631
3348,1977
3984,2410
3168,928
2970,1143
2517,3530
3753,3183
379,113
3825,1601
3645,2567
1639,2967
1485,2375
566,1546
2850,826
1026,724
1178,971
3526,3497
2651,1070
1079,3095
3439,3833
3450,2828
2487,2757
1355,3685
203,3522
2963,317
2948,1246
837,1909
3045,56
439,1513
1128,3872
2822,3875
868,2050
526,344
2175,1302
1189,339
66,3325
3483,1291
1864,2307
307,3278
2009,960
3312,3088
3451,3135
1058,513
552,2025
2517,2603
2848,3199
2773,3396
3936,3632
3725,1131
3342,3557
3108,3561
1345,2261
464,626
1679,829
1059,3896
377,3904
3606,792
1366,165
43,1675
580,1149
2141,3650
690,2239
3146,2517
3953,623
2239,219
2270,2153
978,857
723,586
3684,1939
379,2659
1419,2072
3345,28
2517,2286
1159,1152
3958,1266
2375,767
3654,1435
2699,274
1546,1103
2462,971
2826,3574
1869,1987
3645,32
2517,3631
3033,3455
1246,1934
905,844
3695,905
2661,362
3712,297
1193,1685
2017,725
1939,1588
3933,166
84,1506
3032,437
808,2307
3664,1211
977,2596
2081,1869
3214,3690
3785,1061
507,3140
2918,1895
464,1646
2898,2479
963,834
2540,3956
684,822
275,11
1866,690
2681,3451
923,3517
2932,2107
3486,1167
3875,3384
3637,2038
3923,581
2527,2951
2444,345
2127,1562
1016,623
2408,2617
3812,3875
1665,1847
3291,78
1739,466
3991,1848
1068,439
2033,3849
92,2454
27,2922
3542,1549
2402,1837
3920,2615
1246,1759
499,2927
2301,3337
2746,1509
483,2275
2602,3240
1396,1666
3452,649
2203,1761
2005,2299
745,868
2452,162
1779,3244
1734,2055
1107,226
2077,1443
2021,2659
771,168
318,3964
3082,1240
49,3537
3369,2553
218,1401
389,547
885,3064
1291,3954
3482,21
2719,819
2595,314
3885,1964
1934,1081
439,3717
870,3523
1960,998
392,27
317,1005
3875,3966
2965,2167
944,1549
878,3263
2621,3530
2398,1825
635,3597
532,3584
3614,596
1499,746
2070,2473
1219,3526
628,3504
3700,2055
2213,3802
2204,1549
2915,1626
2210,3057
229,1165
3478,3997
2844,626
1634,3109
2118,1588
95,3785
3158,1246
1599,3099
1463,305
1154,3497
1246,1874
16,3303
439,657
2652,230
2573,2368
2070,1757
1806,3757
88,3862
947,2042
3420,439
270,3877
3358,1847
240,704
3611,207
840,3237
3742,1119
3846,883
2415,437
2005,1156
1629,2578
380,2832
2374,1301
3499,3093
306,579
3043,3736
439,1838
2049,3239
2596,885
1717,2301
3180,3209
2548,2199
779,614
3401,3132
274,1169
212,3952
1075,3477
2644,1739
3982,800
1443,3443
182,763
3733,2220
2590,2125
3338,2167
631,3793
1427,1198
3367,3101
3279,790
3335,2289
3321,2924
3786,644
3101,1345
2301,3239
3450,2095
3008,2672
568,2093
2438,1482
2743,1183
3875,469
1646,1014
2375,598
1443,1708
122,1945
2416,1925
507,39
2504,2460
2299,1318
2003,1603
3975,548
298,2551
2457,2777
1755,3475
736,2080
641,313
2947,1511
1745,3696
2429,1266
1755,171
3801,1863
2425,3357
3424,2661
1212,3479
3112,2764
1151,2955
2301,149
370,3269
643,3107
3903,440
2118,2010
3563,1590
2504,462
2058,623
1674,1872
1755,2895
3040,2767
2266,1492
1731,1924
1244,106
3834,3328
1556,1717
2615,3584
2331,3098
1934,17
112,1934
1000,2626
1505,3660
3614,561
3634,975
2896,3229
727,3390
685,386
2544,3287
1957,3649
1656,189
752,3416
1314,1500
2607,3244
2441,1925
1978,1423
1919,1296
1246,2311
1851,818
3489,2263
3575,3923
432,1450
3341,2154
303,3688
1549,2517
382,2195
3155,439
582,439
1434,3725
1420,2757
721,3807
217,638
3575,3846
30,169
1710,2007
1110,3591
3504,807
3072,710
893,1658
3960,1656
917,3808
723,2056
1360,1178
3364,969
1887,626
48,1697
2664,768
2496,1690
952,439
315,2515
3423,1358
2863,1513
3508,3229
1506,2181
668,3017
744,3456
3120,3650
588,1858
878,1429
1365,3982
1929,1608
3153,2659
3647,439
376,74
3995,2506
2242,3506
3450,1003
2995,1180
3010,3920
3528,3983
3838,1855
2241,2293
399,3946
2880,1046
1868,150
1130,3426
3656,2293
1285,1344
849,2109
425,70
3401,2852
2420,2279
2389,3577
1748,2448
458,1869
3676,928
3518,2886
2757,2392
2295,760
1150,793
3096,3450
2248,291
596,3092
1576,1707
3821,3470
2792,1140
2697,409
2875,2373
3079,1524
3044,958
893,3916
2392,313
3244,2517
168,1860
3863,1603
3861,1295
439,2307
1670,3236
2286,1318
636,3759
2659,1003
2757,903
1251,3912
1896,301
1660,1773
1377,2615
2726,1304
1527,2977
276,1815
314,474
113,2089
3477,1951
1744,166
136,2493
3335,161
1838,349
1583,3979
1855,3450
2964,1774
2992,2996
910,1178
1857,7
439,751
841,1499
843,702
2663,2086
1155,829
98,1869
3223,2972
879,1492
3123,3052
3954,1853
2773,1869
2619,1241
3112,184
3229,1490
269,2330
1703,439
1114,2755
957,266
1475,1813
3368,2208
2043,1765
2398,1009
439,3569
1755,933
3574,300
300,3504
1580,485
1003,1119
1181,2375
1925,1279
2031,3875
3643,1194
1348,2927
3418,765
3214,520
130,3859
3507,2272
945,1702
2378,3471
2610,1228
2884,3099
875,2967
262,1878
2955,3350
575,3544
2922,1995
3195,1434
1921,1489
2927,94
3138,457
3325,2627
1129,1474
1792,439
2517,1407
2053,1225
2946,81
3485,2575
3996,3883
2686,146
902,289
3793,3615
1357,1212
3476,2294
2262,1007
2841,495
1220,3886
3068,2685
1576,1879
603,2568
1827,1549
150,3731
2705,2891
1032,619
3064,3731
1057,3698
3312,3383
3875,1888
1039,286
3758,868
3959,3965
3945,477
247,3875
2493,1989
3098,1920
1343,2212
3491,98
1780,1133
1933,1707
3064,1509
3193,828
3882,846
2417,846
1476,2885
544,1317
2182,3031
732,3237
3194,670
3875,1296
1887,2177
3953,971
3088,1906
1258,848
2981,2407
2325,1547
1313,274
3544,163
2654,3677
2757,3875
513,3810
1165,3750
3088,3834
1120,3440
3808,3188
426,1783
1246,3377
1075,2815
1175,3536
291,1246
1593,2060
2369,171
1303,2051
1902,1224
3477,1317
3944,3875
94,743
3716,1943
2502,1267
3252,27
1621,1293
439,1207
1484,3401
3890,1173
3450,3556
2966,1777
3077,17
2071,1001
453,1542
2894,916
885,2513
2722,3875
1651,1956
1265,1227
2517,2504
3807,190
1474,810
35,439
3993,1987
2063,439
3357,3004
2826,1549
1190,278
774,3394
525,1077
1869,803
177,1758
3442,2425
258,1549
655,2476
1864,3987
443,2941
684,2763
3939,1925
157,3512
3875,2000
1362,480
3107,3479
1398,1316
1353,1976
363,520
3246,2060
2639,1593
3195,3739
1308,3540
2517,1703
1419,2826
3619,521
340,2013
17,2757
2326,2606
3575,2540
3862,885
1344,930
1694,119
3575,923
3718,3387
3885,2911
2334,295
2897,2020
3448,326
1777,3337
608,3176
2281,1889
3810,137
2868,1096
77,1641
3637,2193
3954,747
289,3894
1246,1602
1254,1519
2291,1283
139,520
3785,1209
312,1842
198,48
87,2892
3985,3553
1934,2624
3808,3337
3023,1567
2584,340
1776,2824
1549,3093
439,366
1837,2735
2921,827
841,3667
1869,2764
703,1813
1178,3584
1658,322
2494,1179
1019,787
621,2135
529,3948
3262,2980
1121,3216
1602,2739
1875,2634
3987,1658
1821,2257
2314,1856
1661,3647
1291,2922
1339,3467
3652,1923
3378,3819
882,1968
2610,775
1790,2838
2185,2936
3151,3431
1246,2667
14,3814
2679,439
1178,2782
911,2089
3771,900
2997,2683
899,2732
439,1828
439,3443
1013,127
2792,1186
1755,2745
1498,1099
2276,253
3966,1340
2927,3154
403,1946
1995,2911
2517,1246
3184,496
1244,1677
3715,3917
2273,438
812,935
263,1304
879,3492
2874,3116
1689,2050
582,3875
2547,667
1796,2115
1685,2517
2381,3815
3244,399
583,2896
1934,367
1119,541
3043,1307
439,3716
3053,243
2193,2361
2826,2164
1691,2025
2108,508
3966,3072
454,2528
439,2950
2522,3384
368,932
340,2785
1712,2659
3893,3782
1756,2430
3491,3537
2015,3642
1889,3633
2016,2351
1855,2776
423,1472
2197,3867
1722,836
3875,3743
1246,3836
3596,1198
1333,3623
3507,36
2838,30
3477,1409
2563,1398
1994,2595
3104,144
1219,2886
140,2070
878,786
1246,3261
1100,2379
3575,1434
1907,1607
3596,2382
570,2162
2938,2902
1451,3836
3434,1380
1822,1304
2617,1490
64,1249
1642,2229
2885,1062
110,3575
2614,1219
347,1246
1374,2682
1237,3552
1358,534
2940,937
3139,12
2324,901
2217,3026
3918,3385
2288,206
2034,2126
1694,937
2054,3227
2733,299
3225,1585
731,1954
2407,3988
1434,1975
1563,2160
920,2773
3956,2555
330,658
626,1020
3875,274
498,1119
2995,613
3374,1918
3490,2375
1838,3133
1434,23
1897,3134
3053,2922
716,1780
1291,2158
3197,1630
3900,3875
3464,608
3365,1785
227,2408
3244,471
3911,3017
2025,3115
506,1805
3323,0
3826,842
3759,1739
3248,3473
681,1947
2042,1742
2241,2287
2829,1178
1347,1841
3316,3878
3197,901
3962,2182
1268,2757
3453,2090
3686,2841
2566,2757
2826,2535
1569,388
3617,1525
2927,2916
3308,1594
1852,2120
745,3919
2197,2517
3450,1129
2565,3547
2240,377
2975,2482
2482,2350
3435,1100
3563,505
2310,3584
2724,3875
928,819
1683,3097
263,1119
3113,3775
2225,3684
524,2418
3584,2922
1757,47
1441,760
2699,981
2767,3464
1538,180
3417,2169
2517,1058
49,1297
2851,713
606,1548
2390,1351
3905,2224
2169,1869
668,3932
439,148
3142,3502
2887,2262
1039,884
2613,3347
1826,2249
1100,1938
188,2783
657,1465
1225,1979
2333,303
1815,2393
718,439
33,2484
803,2930
3488,3066
3248,2458
1790,748
2611,3835
3260,2821
2867,792
2009,209
366,3778
840,1967
1708,3746
1647,1656
1461,360
439,923
3344,868
3244,1246
3208,3506
595,2517
1869,2873
601,2862
1132,1599
3123,439
1069,3157
1111,2963
1869,1052
301,3809
1888,2522
1706,554
439,1506
3875,377
2525,679
3770,1869
2762,96
742,68
1,2761
1934,419
2555,3034
873,807
223,419
1380,3553
280,1035
992,3744
1408,1246
883,1774
402,2340
3031,106
3511,3696
2775,48
3159,1316
1587,3662
723,2991
2714,3034
1750,2561
3670,1382
3875,1117
2899,3858
2329,1380
0,3676
3247,2586
1263,2721
2967,1549
2010,3086
1422,730
474,677
3881,2028
436,1513
3776,1347
2741,2666
1569,1119
1074,1214
570,439
2510,3053
2604,3839
2313,945
285,2999
2558,3245
3121,3517
1526,1298
2960,1854
112,2636
2216,2727
826,2472
439,1819
1641,2936
840,953
2659,2794
2652,3278
516,1333
2549,2867
1786,948
2544,439
3268,3565
1233,2867
3254,340
1673,1393
2277,3623
638,2757
1213,780
3489,2852
2279,2517
2081,2736
1883,1791
2970,2687
2355,3773
3577,2773
3919,2054
1898,3876
1870,3168
3477,1759
2375,3644
3227,1513
1930,2701
2237,178
447,3902
817,2743
2194,439
661,3385
1053,3120
1369,60
3722,3073
700,3670
1690,2873
1621,1368
2440,3932
1555,399
2333,3858
1178,2636
885,464
1157,2259
3837,1941
747,2060
1713,2181
3394,3950
1289,3758
2128,2396
3358,1552
1880,878
3966,860
1291,812
1429,3699
2694,3122
1324,284
439,928
1897,885
3530,3566
2091,218
3531,1253
3309,1260
3767,2024
951,439
3111,3966
2859,1246
807,2319
1372,3343
3875,128
3258,2856
2517,1178
1082,3947
1211,313
2517,3065
835,804
1181,3192
1369,3281
1886,2773
91,1741
1932,199
3961,3364
2648,2754
1190,3875
2659,315
987,1362
325,2637
2080,2014
1273,320
3225,3116
2224,2085
1814,823
543,3398
816,144
3484,2370
3705,3750
3958,2320
2922,3054
2607,1498
3447,423
2636,1291
2327,1934
2375,948
2600,3005
1944,1572
3621,2907
2030,1396
3450,1676
1549,2035
929,2579
3550,1053
1176,1820
558,34
1018,851
1635,2184
2922,1916
1090,1207
1534,436
3416,451
3089,2925
524,2591
1246,2377
2108,87
2656,3663
1658,3814
41,1479
2717,1119
3572,572
3950,3859
175,879
3708,506
3529,3356
1052,3337
3950,1041
439,2751
1869,1269
2757,3735
453,3533
2324,1554
878,3940
1474,1621
3077,195
1372,840
3875,3337
2774,3660
911,1900
3725,2871
1986,1178
1246,44
100,2382
3584,675
2055,2512
2996,3394
666,2289
1950,1921
2319,767
2618,877
3669,3029
2701,1905
3025,2068
859,439
217,2656
1755,3082
3047,3076
1327,530
1290,3687
1692,2860
543,3267
612,2835
2922,1119
2106,258
1999,885
1202,1399
3097,311
3179,3116
920,3875
1690,1748
1419,2393
2724,3516
1039,1153
776,2559
563,3433
356,1883
3516,3732
3888,2736
2070,395
3237,2772
3117,2085
1570,3120
980,507
27,2013
3404,3044
488,1484
471,793
3907,2586
504,1869
2087,153
393,1275
1494,1542
924,2059
1731,1178
157,1033
3844,2252
3620,3777
1039,3372
3715,3971
2298,2139
1434,1965
693,76
818,2840
229,1458
2739,1486
79,1578
2984,1915
1722,1135
115,2624
3504,1523
409,3935
2578,1468
3244,1869
2070,1149
3091,1628
2138,659
236,2434
2161,2490
3225,1538
3083,1983
3538,399
3385,2618
2007,422
2614,1240
2070,439
970,1887
2684,536
1386,3091
2770,627
814,3564
2468,407
1091,2826
439,2087
439,91
3179,687
1398,2971
3150,1924
2831,2171
2212,879
3517,439
1697,1062
2103,1958
2932,3811
2979,2517
1703,1855
3899,1132
2459,3875
1460,2937
654,3487
758,3034
3530,1248
3509,3958
2574,558
3588,109
1697,2249
3294,1483
2894,1860
2343,1755
2589,3608
934,1771
730,921
1318,1102
1513,1658
3775,1137
1434,2107
391,1216
1986,2731
660,2657
3186,766
288,2538
495,688
3345,1869
3871,1936
3780,2412
1945,2452
3269,2854
431,1661
1246,27
3097,3172
20,784
2818,2669
2822,1246
1892,2626
439,1977
2658,2732
751,2116
3059,1329
1415,2647
598,3337
3037,2896
118,2944
3370,439
886,2321
2131,3920
368,2267
124,917
1301,3324
1615,3819
1039,3504
29,1763
1455,1825
3530,2663
3084,199
3710,868
1050,1044
2096,3301
3123,1246
498,3198
439,3277
3595,2437
2517,84
2908,2071
2330,923
2131,3543
2962,1760
1246,3923
623,2969
3568,180
1431,2910
1402,1628
3768,3174
1413,2508
1348,1283
60,1187
1343,1100
745,1497
1126,3697
3701,459
1001,1178
3450,234
2405,1277
1633,2682
2996,2962
1869,3424
3603,3465
2517,1880
2876,1401
740,1981
3599,1857
2922,244
2883,572
3776,3989
1287,3711
3966,3373
1106,3054
848,1505
2041,224
3470,87
2436,1246
885,1748
3668,2844
3877,2706
1365,630
2679,223
2779,949
2050,3725
3424,868
2022,892
1140,2279
274,1347
3626,3437
3434,2757
3606,1792
1718,1829
1233,1201
3995,1163
451,430
649,2171
1741,1838
1165,7
2955,553
2596,2155
1202,1829
410,3018
1874,2350
1003,3839
3020,2554
1178,432
833,1910
1786,3987
840,666
2040,3048
2706,439
2773,3740
1472,1599
2301,1681
1549,1321
656,301
3559,1839
1835,1239
3463,88
2957,3875
1403,763
3875,1304
3229,2572
3954,3156
2489,3008
3906,1246
1398,1511
2714,1639
2705,1844
1938,678
2757,3282
2891,1227
770,3498
945,638
9,2788
2543,3766
394,650
3490,205
2629,1589
114,1785
2592,3028
3471,1195
819,3875
2659,1246
3275,2415
3704,1373
1360,3387
1424,979
815,2209
981,2809
1363,2334
2517,2721
2256,3675
2958,3869
3551,1876
1847,2791
2941,2651
1345,755
3306,2258
2796,2462
1072,1922
943,3720
2543,1999
2816,625
1191,2401
1755,3070
878,479
878,2375
557,3780
1385,1246
365,2574
2301,578
602,1869
526,1325
3241,393
354,2958
2944,2236
144,117
1887,170
538,3291
494,521
222,3477
2541,3180
3220,2086
714,3625
1560,1549
2193,429
3119,1772
2922,1869
1848,2700
3883,2129
3386,1512
3406,1418
138,2539
2087,2152
1204,2242
1632,409
3410,3430
3908,3227
1638,1649
2922,2927
1844,2915
3126,2757
1378,142
642,2082
3201,3475
3405,35
1595,439
2662,2308
2273,1098
2347,725
2566,3036
2104,2809
3875,2729
1246,1865
1055,3175
3014,3061
626,2534
277,3419
1623,3966
1280,2284
856,3504
2674,1141
1564,2782
414,494
3875,373
3980,1532
1240,3464
3965,2891
868,1098
1428,3511
335,1161
192,2756
2942,2453
1376,194
115,2226
3450,3512
2432,1050
1766,2028
1597,94
1807,3725
555,375
896,1890
2762,2681
2497,735
3306,3875
278,1023
825,3643
1274,3424
1968,739
2327,646
796,1676
840,3875
2828,3864
745,97
3035,2929
3064,1418
2837,582
819,748
3626,2316
2188,1759
1734,2236
1917,1090
3264,1549
1159,3782
1539,1549
3915,393
1604,3584
162,605
2257,3314
160,2542
819,3120
1378,872
1652,1914
1846,1549
1039,2009
1246,1011
3913,3834
1097,2230
1049,2716
3184,3606
3289,3813
287,2752
2161,1632
539,1843
2165,3679
1745,1085
3346,1446
25,929
160,3807
621,1875
3765,3328
1603,1755
885,3653
3399,3659
562,3756
1457,3928
249,3504
2248,2402
611,2883
1240,1822
334,3361
3107,2873
2533,1661
2334,439
1323,2131
691,1527
1018,3310
2810,928
439,3247
1348,879
192,562
1024,788
1568,69
2888,169
3837,3734
1778,45
2637,1161
3075,1246
3583,3451
2203,350
3043,1612
749,1658
1209,439
531,992
412,1701
504,3575
882,3381
439,3547
251,439
682,3871
1607,3772
439,224
2928,3909
980,3244
1963,399
1840,767
1925,2255
3212,617
3724,1686
2781,256
327,2555
3691,86
257,549
3940,1859
2517,3692
2272,3604
2161,3422
3803,1319
835,917
3966,2085
439,2618
3219,691
1550,2276
1692,421
2214,3076
589,637
352,420
2183,3801
1871,1348
2302,3479
1058,3164
1440,3504
858,1194
571,2389
1443,658
1843,2904
2009,805
2819,3294
3504,1966
811,1659
2480,1101
2911,3869
3603,3327
3479,1584
2118,2925
1689,3273
1441,1028
1319,1096
3107,2474
591,2172
274,3412
1410,2917
2557,3918
2659,1288
3700,1249
2513,3404
2962,1448
892,2939
3980,1799
2757,216
2543,1656
2528,1513
3950,2247
2736,1490
1851,3974
1054,729
2924,2344
3022,3660
520,2821
3468,1390
329,353
3875,1549
2864,2590
3870,3237
3244,2964
3147,143
965,2517
3497,890
560,3931
2443,58
486,439
3793,439
1869,1843
1122,1017
449,1004
2674,2405
2517,764
2268,1506
2539,872
1438,1711
3901,2127
2972,2585
1178,3183
2439,2466
705,2184
962,1841
2321,3107
1838,1441
1246,2009
1119,3444
3040,3579
1246,358
759,3958
368,3814
3028,3096
356,999
1398,3539
3121,282
1361,2637
689,950
1283,1521
1668,3341
2179,1332
3433,1506
878,175
2413,3999
259,3798
3987,3520
524,1246
1227,3258
1571,393
366,1130
1038,745
3098,1869
2201,3513
2974,504
3645,2375
1780,561
2357,658
3244,3317
3184,1324
2787,1258
2584,1611
3966,2849
3839,1178
439,405
2640,247
1552,3875
885,1700
219,3768
794,1694
2659,3299
1167,63
748,3475
2787,2492
834,399
1452,3875
3394,1336
502,3463
1264,1549
3672,1338
3849,2375
3907,2092
2060,1136
1246,2439
2953,2628
1799,2938
675,1940
3825,45
1248,1318
1900,1017
1940,210
2773,236
1647,1871
895,510
3803,2937
2869,885
2287,610
3586,3576
685,500
2118,184
1720,3818
1138,3681
3469,1606
1314,3459
1850,3320
376,1246
1549,3229
1523,2147
2041,2634
3933,271
2637,399
2114,3504
1291,2861
116,834
3095,3910
2368,1016
1006,2375
1869,1111
3915,2620
1320,949
3695,1703
2888,3856
2836,3956
3314,2643
2731,58
2837,608
2951,3055
1974,3916
2076,3725
1934,929
599,1360
250,2885
3396,211
861,3407
3922,2891
361,591
1233,1667
707,2935
2592,1557
552,3875
3599,3394
152,840
439,429
91,250
1155,2099
15,1315
1434,1854
2375,2922
156,3136
2747,3887
3537,523
2554,1209
439,1435
3590,2637
3773,509
704,3040
3715,1291
700,0
2534,3516
3413,755
44,1895
3389,666
1304,3392
3120,1725
1348,1833
3707,2891
1045,2249
663,1979
1982,554
2082,1809
1864,3324
3581,3708
1872,966
983,2536
96,1665
439,1042
443,3517
1660,935
1084,2700
2892,3767
1120,1256
3919,1574
589,3840
1194,3925
3400,3581
2240,1373
737,1643
3365,1723
623,3477
2587,744
2301,1398
1342,444
1040,3764
3948,3963
1853,1805
1126,2632
865,2137
1692,439
2517,2697
160,3400
2517,2732
3337,1019
1291,794
357,1963
1879,912
1235,3217
818,3120
1506,122
207,68
2515,2517
1192,3326
3311,527
2751,3068
3265,936
1816,2151
1595,606
738,3364
640,1811
1321,1513
863,1934
3056,982
2906,819
14,3445
1291,986
1306,2773
3326,1136
2399,3783
3941,3514
3173,625
114,787
2045,1716
3619,2456
1204,3479
469,3270
541,740
2597,589
3351,2040
2018,3274
1677,919
3521,2517
1896,2517
1366,975
111,467
439,3013
1115,1752
76,3984
719,3875
3256,199
2179,3805
2811,221
1185,1152
3969,1246
1684,1886
1288,3627
3763,439
2446,2922
3322,512
660,1327
101,2790
941,3508
1794,3535
597,1246
1869,2489
2762,2855
2754,2279
819,1322
1291,2184
3342,2458
3875,396
755,690
773,1549
3317,144
67,233
3644,859
2757,722
1318,1205
2768,638
111,497
188,1246
1383,2253
2165,2181
1010,3337
414,2411
2386,2517
2369,1246
3906,2736
2084,2877
3696,439
1981,923
918,1549
3224,2710
698,1891
1335,556
94,3965
1246,3504
740,51
3204,1280
2052,3963
3299,1699
1563,3738
1334,863
3875,2295
3588,3285
2813,3725
3599,301
2513,682
2611,3027
4,649
3274,1427
2008,1513
3898,2413
794,3760
2721,3819
3152,2916
974,3033
885,1993
1178,3669
2518,2736
2564,3875
439,3875
2058,2280
3875,1812
2204,2009
1784,2331
1612,2922
2619,2543
877,2432
3497,3994
233,1868
3875,611
2701,2638
327,3123
2317,712
439,3368
3022,3026
2063,146
3479,2869
812,2359
3286,3941
1180,1132
2798,1952
1312,3911
784,2802
1227,750
3246,333
746,2746
777,1398
3966,3384
3479,3581
3976,686
3912,609
2011,2009
1648,1741
3128,3717
3896,2648
2000,1049
3303,1699
2374,155
1241,2710
2115,2891
1348,1995
1246,2087
2106,1869
2131,3492
1198,1252
1246,2036
2643,739
3362,2902
1385,399
883,1651
19,1175
2967,626
1508,3329
1239,2575
195,1532
3872,1356
3141,2914
3912,27
2927,726
2274,894
520,1511
1300,439
2927,2019
2054,329
1924,1005
3754,1595
1145,3865
412,254
1183,896
103,1626
3625,801
1404,2841
1093,2927
3319,1581
1493,27
2175,3875
1869,3814
190,1764
2720,2133
2932,2553
1686,343
2773,1818
2433,2055
12,3820
3504,2799
1582,2236
1495,3986
946,2911
1889,3654
1761,184
2968,3065
2017,3807
982,1430
3752,952
1246,3550
1627,2801
197,1449
2736,581
3725,3265
2517,2432
231,1826
2989,2133
1052,149
840,274
2431,1584
1649,414
3591,1792
781,3283
691,3464
1774,390
2526,2659
2371,2922
3276,535
3693,2773
640,2244
3064,1531
626,2330
3950,653
767,149
2438,2885
1312,3279
1653,1934
1744,3704
385,1203
3702,628
3875,1887
1253,2071
3951,3516
2220,1246
2450,1428
120,1244
1962,439
3979,2819
2817,2654
330,3141
2513,808
1265,241
1861,1853
2630,462
1388,639
1802,2907
1170,2557
3069,91
2891,417
1858,1549
3884,3934
1112,500
1643,1136
336,1478
1449,2226
1973,2430
204,214
1647,3093
2278,755
1522,1808
869,246
3128,1099
195,1998
385,1246
1828,2492
1045,1251
2532,268
742,3843
3157,1704
434,855
3450,912
1678,879
758,355
705,1936
2804,2946
3796,2696
1080,1087
1178,1562
3414,95
1179,613
439,2861
3047,3839
1370,1823
3668,3150
2942,1895
3634,1569
428,702
1838,1617
3867,2283
797,889
193,453
3627,2573
729,1614
3648,2882
384,812
638,94
424,1621
2927,3950
439,1662
3943,703
3594,520
3875,2765
626,69
2457,2833
2694,2309
3441,3737
2070,240
3315,2407
1682,575
186,3950
1995,561
269,2976
2061,3483
1923,1596
3315,132
1787,2708
3928,1560
1021,2504
3398,617
1708,2234
3949,3057
908,2220
2819,2773
533,318
239,495
2689,1549
577,3899
1076,522
908,1121
3700,228
1896,3393
622,1246
1212,3016
2517,694
1086,3225
664,2659
1309,2891
1719,2800
759,3824
3504,3178
2659,3530
2267,2339
3003,3182
2081,89
361,2125
1141,125
424,809
2921,876
3071,3743
42,369
1104,3374
214,2136
1274,3336
1093,2685
325,2119
3007,1947
1178,2927
1530,439
2842,1668
2586,752
1283,2523
2811,2323
1752,1961
903,1525
1814,2057
1215,681
614,3077
3237,3424
2038,1008
2625,1393
1399,496
2345,151
2968,657
1246,3009
3498,3923
2814,50
192,2420
439,3906
2471,3587
3307,431
27,1479
1284,3695
1206,1085
1146,3875
3601,3853
642,669
830,3883
3231,1887
274,852
3604,2230
3875,1323
821,3118
567,618
1639,236
73,453
894,3479
53,3184
3720,2651
441,3966
3191,3250
1887,3008
274,1904
2258,966
1409,2973
2716,1064
2299,3875
3073,683
3015,3131
3136,3761
2852,3450
868,1631
2357,1869
1447,1034
2342,398
1779,3628
1078,1122
2310,3853
2469,401
108,778
89,240
1355,3228
3062,2753
2826,2591
2044,3321
2695,3880
1814,2615
3128,2737
1755,1506
1094,77
1806,2773
13,556
891,2457
3985,2454
939,90
439,1549
2184,1549
2157,2892
2922,3958
3778,1651
1680,1843
147,2114
568,2031
2362,3966
2572,2375
2259,3296
2138,2857
3707,30
3672,11
909,2464
2161,3875
1091,2754
3817,3892
3039,1273
1664,1139
2243,2818
1863,2616
3629,1681
2241,854
2732,271
1119,2568
2766,2117
3540,2301
3709,3598
3991,2083
1192,439
3064,2375
530,2684
2111,2397
43,343
439,1760
3268,244
2761,887
491,787
1330,1289
3715,274
3333,2944
3101,545
1834,291
3690,3875
1387,1039
617,2609
2644,3950
128,2704
253,734
1270,3479
3504,745
2759,1946
958,3497
1291,2971
500,558
340,71
3067,2009
1832,2987
494,1887
125,2900
3183,489
3998,1246
2683,3873
135,1318
3888,2916
1517,3844
757,2659
2435,2064
3942,719
3051,3657
1334,2625
3616,3117
1413,1306
3408,3875
2723,3875
2806,3532
2094,668
985,1647
800,2465
1791,511
1954,1304
3394,3935
2475,1189
1994,2676
2889,3461
2824,2436
1822,623
1142,1178
3011,553
1053,3424
2315,534
725,539
1068,1177
1658,548
3387,2911
3867,1246
1674,2823
3774,2099
1408,3972
783,2118
1246,368
2949,840
3631,434
644,99
1249,1675
2504,1153
3876,3883
1508,2993
2982,842
1470,1773
3123,2248
2819,3002
3051,3896
1876,3233
2446,1333
870,1492
1344,3931
3248,423
1886,2102
1504,306
3968,3915
3875,1019
2927,520
294,2148
3040,1647
1393,2559
1855,1137
2728,3415
2955,1721
3629,2656
2175,3425
1773,2118
2209,1178
3491,2331
1284,3996
1976,879
919,3016
3573,3730
1527,27
2962,3391
3875,2805
3479,2301
2934,1798
423,155
2871,296
3954,3371
962,91
2842,503
1250,3434
2375,2955
3064,2755
1641,1066
3210,2486
632,2149
1556,439
186,3108
1831,2230
2940,1798
2517,3134
1278,1245
3113,1208
80,1395
868,3337
85,3983
3030,3587
1600,2473
3725,2785
2537,3504
3966,2066
2457,2589
340,3055
3977,1869
1887,1117
2016,810
3358,1223
439,2486
1895,2943
404,3324
1434,3037
2375,3019
1303,439
1008,2529
2412,190
250,837
1156,2228
3479,3532
3200,3914
1178,3516
3887,2865
3255,3305
2699,1834
2023,1406
173,2580
3141,455
848,1797
2812,3103
2301,2528
3324,314
1869,391
3524,3492
1860,1401
3634,1439
2686,60
1688,274
1524,3345
423,3342
1739,3744
2608,3651
1666,1899
1257,3165
1769,2961
461,1039
742,2374
744,3125
3780,1238
3137,3966
2190,3741
2193,3498
3523,1856
3002,94
1361,1348
2571,2247
1341,1108
290,1296
1237,1246
2156,52
2572,2702
630,3060
812,674
767,3428
2176,848
1246,782
345,22
3545,821
2659,997
361,3171
3682,3749
2069,399
1621,1772
2784,1813
1768,520
983,141
1526,1456
3330,954
3337,1398
2819,2442
1188,2519
1025,506
3517,1879
1869,26
1887,3756
2047,3474
1145,2824
3958,629
1483,2653
3103,3469
2757,935
2922,1286
3423,756
1246,258
1872,1789
2876,706
326,856
2773,2039
1434,2512
1408,1549
1703,1039
2716,3525
738,2352
2698,176
2181,2546
1246,171
2561,287
712,449
1651,2782
3337,128
3585,2922
3527,2244
974,1972
1131,753
3376,2885
744,598
777,692
3337,1478
3380,310
2263,2463
32,3804
3825,3504
3399,3958
2683,2791
3667,3419
210,704
3138,3681
2769,2375
2558,1656
926,3462
1681,1437
3568,1650
3337,775
1954,399
3385,3959
2479,3557
2233,725
1755,1123
1688,2881
962,135
3844,1246
1348,1280
573,163
1671,3106
2504,691
450,1859
1197,843
3311,751
1198,3038
1180,2637
638,2037
1117,159
2055,3220
1325,3618
1470,1549
1231,558
1576,1316
1869,3059
1613,670
2476,439
3986,1709
3441,623
264,1442
3949,777
3016,117
1868,2789
3112,2085
2303,354
979,3006
504,3532
1926,2522
296,1849
2522,1616
1342,2301
1721,2781
2118,439
2301,695
1583,669
2885,3283
2064,617
2646,2128
777,1755
1124,1394
3567,2691
2789,1115
439,2365
2457,2077
1989,2659
1727,2617
1889,3954
405,3504
439,2298
2185,2811
1726,310
3967,957
2163,1327
847,2657
2751,3634
1582,483
3202,2421
1958,1775
3369,1507
2540,2085
1348,1928
1246,3763
2377,663
2712,1685
1244,2032
1561,2882
126,3746
2865,3450
2491,3504
2497,732
2599,1074
1645,3773
2750,93
243,2250
2877,3197
1883,1801
2608,2353
2719,1180
1177,593
923,1577
941,1875
3602,3714
844,3958
1084,2061
3572,3350
188,3092
1900,1116
387,3875
1291,933
3282,2692
1862,3124
407,1057
3303,782
395,717
1098,1765
1434,2384
2517,2762
3522,2054
2739,1794
3109,1219
1291,2977
1925,2927
3059,1977
368,47
2422,2773
1803,2145
2609,1178
72,673
3508,3643
2659,423
2927,1942
1301,2816
3550,3484
2718,1291
3612,555
2420,1876
108,3790
2691,1114
2079,3409
2328,3579
1306,3143
3337,374
1931,1858
2517,2827
3310,1493
3332,94
3133,3924
1263,2490
33,582
715,3530
2791,2267
2334,3864
3917,2419
2478,1246
3450,2215
1215,3862
2907,1035
3634,3891
3479,1869
1078,2563
151,1195
1521,400
1232,18
689,508
1840,1696
3195,276
1438,3584
414,73
2460,2009
3517,3385
2383,1549
439,2854
1681,3709
3626,2517
1053,2688
1615,1611
3841,2404
3541,1304
107,2820
2161,1839
3030,1384
2721,2660
1549,27
1318,3297
3875,902
3502,566
1655,723
3827,2832
2319,2547
1717,1361
3424,728
2776,2688
138,22
400,1915
3486,1415
1434,3164
1870,1899
2757,3041
1178,1104
925,3275
3156,565
1261,2911
2055,3239
1863,917
297,613
2038,182
3304,1843
3875,1867
3349,46
1238,2605
1702,2653
3336,1019
1746,3694
2612,1388
3552,3676
379,3875
3540,2925
1814,3151
2674,3808
2200,274
2332,390
1892,2634
514,819
3577,899
849,1830
65,3792
1868,3024
1958,1041
517,3100
3838,3472
3139,706
3256,3299
1784,1496
980,3987
1949,2359
1417,2640
1487,2671
2049,1972
1451,2797
3674,3503
2123,3242
3002,3584
2391,880
1806,1728
815,1688
2878,1568
1176,3257
2826,2724
52,2744
2692,1272
3954,3966
133,1318
1537,2457
3634,3713
2659,2829
3354,1993
1894,3875
1434,3758
3218,3954
1178,3432
2793,557
3833,3085
617,2015
985,1320
2773,439
2284,2010
560,1506
2009,3442
762,1609
2001,3181
2046,3564
989,222
1973,3277
1207,583
3547,2612
244,2169
2174,439
200,3870
1575,2017
2659,3229
205,2457
2532,354
728,3496
242,2133
858,2736
1210,2659
3200,3889
479,2035
1524,3616
3244,1263
2372,3918
885,1219
301,1651
1117,2585
437,1462
1983,1687
1442,2526
914,1706
491,2279
1692,3111
1030,439
2351,3722
622,3230
1150,1931
2694,3046
613,860
3757,2073
2834,580
439,558
671,2891
2343,1743
1178,3837
2301,2517
3593,61
973,1415
3136,1887
626,2521
3323,1847
27,3228
3450,974
3461,3108
2306,3637
3965,1231
324,399
3048,1640
2656,2231
480,3305
2727,1625
404,2687
3120,3759
1145,2457
1807,623
3636,2517
2098,1502
3929,2183
973,555
3137,1304
1529,355
3000,1364
3783,756
1522,686
1586,233
1281,1157
3883,3483
1681,324
2422,3525
1746,1574
2296,1077
1178,1383
233,1549
234,3923
1186,3869
1647,3989
1431,3680
1010,2320
2659,2835
464,2347
865,1014
439,3966
1144,3394
3169,3702
2517,2680
629,2933
2117,470
3969,2515
1469,168
1586,661
657,2155
2636,3064
3311,439
714,1347
399,2020
3127,3479
2574,3004
1071,1220
1922,224
356,3243
3333,3970
3182,2494
1763,2517
1387,2817
2120,3666
2788,1075
3542,3222
2221,3106
164,2901
2338,439
1396,774
3744,3464
1479,2522
1100,2375
810,1178
3494,943
3538,2517
2969,1246
978,2505
3316,1947
2943,3655
1246,49
3797,3510
1835,872
70,1087
3344,3460
1518,2862
1026,2780
847,1677
3107,490
1719,1953
3205,2825
3042,2575
2426,2066
3767,2317
1258,2672
621,1998
2686,103
3234,678
423,3167
2712,1434
156,3196
144,3829
2158,221
657,753
1768,474
2731,3306
2517,2499
439,1895
1656,3875
1934,2233
2677,571
2997,1486
56,1506
588,1632
1937,1506
1150,1915
2974,968
3787,3297
2626,2709
795,3406
883,1350
2581,1044
1869,2891
91,3348
2372,3781
273,1966
2273,2559
1147,222
54,2974
3954,274
1313,336
804,1895
186,1244
2659,1128
2519,3808
2489,1008
439,3958
3660,965
2718,1246
3486,1416
1244,3518
520,475
1283,1037
2732,1597
2929,1696
2349,3875
2517,2243
43,3656
3773,1257
843,1835
2985,2339
1863,2596
1649,2238
3156,684
2782,414
1119,3162
399,1657
2308,2600
3692,2603
3929,2922
3255,885
3015,1874
645,3981
1114,989
1945,975
1722,3580
450,3281
3442,1332
2375,3504
1559,683
3244,3590
1358,1376
2391,144
3120,3276
1770,3327
3032,27
110,1647
1375,3764
2009,1291
3481,1780
527,1823
1480,1869
3378,1843
623,2750
118,3889
1549,1359
395,3955
301,3408
3443,3784
962,408
2556,1229
3962,3122
1348,2573
362,2664
3763,1404
2696,1568
1869,3629
392,1820
3369,2455
1227,507
3526,2758
946,623
439,1098
478,234
2627,2161
1647,2783
1506,1861
3592,1952
3462,3107
2161,3114
3064,51
2427,2845
2582,3802
2992,1129
3257,2517
2504,2884
3074,2032
3696,70
2012,2866
2531,1262
3059,988
1253,3763
3638,1549
1236,1573
3066,2756
406,3837
3703,94
3860,938
3504,3340
810,926
203,120
1656,2890
3875,1244
1404,78
2011,3414
3109,2651
3575,3253
1230,1104
640,3958
3458,1023
3973,1461
3567,3659
762,2518
16,2990
1720,2065
3262,195
827,3549
638,3573
2014,3065
3407,1006
1453,2545
1073,1576
3797,789
3981,2131
3709,3064
3232,534
2639,721
847,382
3648,625
3729,2003
2757,2517
1048,2922
2906,2030
1789,2400
3032,2276
168,729
3650,1228
3543,348
2245,2288
427,2279
3548,154
3812,2567
2561,1924
3244,782
2414,1819
3787,3875
1506,2665
2518,1769
3837,37
2316,1812
1119,3117
3881,1961
1652,956
1279,2967
1110,323
3699,1679
13,3155
1398,1546
334,3379
842,716
131,370
2315,3833
3444,2480
1148,2131
142,546
399,3663
3616,3875
3509,1417
3875,2250
844,2601
1092,1708
2028,3050
3260,1539
2847,3005
954,1523
3541,2314
2645,2782
491,1276
520,1932
1506,2477
3064,3213
2653,1178
1113,3512
2255,2614
908,425
3975,332
525,2930
626,3868
334,274
2004,2517
2130,3900
1605,1246
2757,2739
1704,2106
3212,1782
2243,3207
2757,2621
2994,245
2760,1942
2249,3875
193,1682
2077,1085
2804,394
3715,2405
495,2053
341,2575
1633,3934
1307,1087
1658,1698
3481,1870
231,1240
3322,1694
2679,2434
1958,1576
3529,2517
1630,2647
1304,2029
3982,2367
754,1291
1668,2759
2087,3417
1251,3596
1009,1199
3474,1730
1781,2952
3649,1628
3506,413
166,1804
956,2945
3479,1332
1201,724
2767,2087
1925,1046
2151,1466
2669,1855
3464,2747
2748,2040
1634,2859
167,2563
458,1904
2110,2062
1408,2659
335,93
395,3977
3843,1982
3765,1039
1880,3841
2127,1036
666,657
1234,3340
3356,3624
81,1991
2923,1486
476,441
2184,3333
2087,923
2517,3346
439,1434
2422,3080
832,1923
2161,1246
1559,3875
307,3337
1410,840
2381,1562
1455,1471
1997,3281
255,416
3056,676
2030,241
3724,378
886,3848
2642,3886
1389,311
1175,2669
601,327
560,2381
439,1467
3571,418
1518,318
3928,3712
2507,55
2517,3479
3241,2504
1335,175
1348,1464
470,3479
1022,2517
2969,2395
2773,1130
3739,1549
3915,668
2771,109
2290,1513
2320,1330
725,3755
540,924
624,3990
2943,7
3024,2457
3021,414
1246,3861
3630,1518
2921,2575
2922,3382
885,1497
3481,2407
3695,801
3964,2053
654,3678
2051,1179
2326,3336
1934,2366
2605,1059
335,1003
415,943
1434,1178
3751,3750
2068,1498
3929,2328
338,1604
2470,2260
1951,2141
660,3536
1434,2770
1178,1251
1246,3340
1172,1628
1951,3334
1291,536
386,2464
209,1246
1925,1105
3357,1148
2039,3807
996,1246
918,1066
976,2872
3912,2390
961,2830
1747,316
3921,439
3149,3166
3361,301
1724,638
3786,3723
2368,1428
1255,3479
2797,1948
2027,2692
691,3292
2504,2562
399,1649
1808,1246
2428,499
968,2502
2057,1345
1869,511
2176,3866
2465,2377
1576,3467
723,2144
1506,1913
2189,2957
3935,1999
835,296
2613,1489
572,2406
816,2279
785,1745
979,1276
2634,3255
1651,939
439,3471
977,1291
764,3385
1474,401
2222,2334
3950,885
1585,2880
2189,1139
2962,183
118,202
2384,3602
1627,3043
2192,701
3090,1073
1695,3563
2952,2875
55,3821
1884,3512
1092,1302
2680,646
537,2659
2234,2403
3383,1191
2472,2685
645,1393
348,2560
3882,3182
868,3372
2945,1535
3099,2547
637,1887
1468,825
2481,439
439,767
619,3799
1516,804
328,1434
3298,1656
1404,2287
603,1501
1881,1771
810,3762
108,2659
460,3412
439,3047
2334,1942
1102,1038
2263,3997
1805,2517
1054,1995
3102,264
1178,3470
1728,2081
1294,1619
737,2399
233,2050
2109,1000
1869,3641
1375,877
934,637
3585,2047
1397,299
767,2949
626,3957
2231,2819
2927,2878
2872,414
1246,444
3964,439
145,1015
2746,1359
3667,3597
1726,3249
3578,518
1155,2657
2727,1792
1181,3244
657,3856
3580,2819
299,1098
1879,1869
3467,27
1515,2204
2999,2637
3242,1031
94,1760
3056,845
1556,204
1387,1210
1618,1489
2182,3032
1851,2337
3217,2182
235,1117
776,1187
1483,2336
2685,3479
2300,2951
3337,424
628,198
3204,3235
414,423
3304,3890
1495,2297
3700,878
220,3656
2681,2113
1261,819
3450,830
223,2384
3854,3081
3355,819
1520,616
578,1619
2097,2367
1398,1304
3063,3622
3006,2275
3739,869
237,1244
868,3701
2878,1964
559,623
1879,288
1695,1881
1914,1770
1252,2575
2134,2163
439,3999
2659,932
674,764
393,1542
1244,3504
256,1628
1465,3040
1398,3875
2100,3875
539,578
2337,2951
1425,2256
3904,143
1036,3933
540,2628
2780,439
303,635
1136,1300
1627,868
1130,606
3063,2992
1222,1712
3135,2401
1144,345
3337,2426
2815,3791
3394,3778
3343,2375
2773,1109
2982,3995
1841,18
439,1470
1273,3890
3169,1533
1345,1408
2226,2085
3965,3440
2794,3480
3965,3875
1766,1930
3320,2575
2703,884
1995,1097
558,3282
3078,3839
74,2270
2124,2765
2904,2395
2009,673
3848,2614
595,1109
1601,1636
1736,3314
189,1869
896,1537
732,159
3473,516
1178,1736
478,2371
1747,1978
439,3238
3938,3516
2370,483
3431,894
2159,2957
3721,1782
2708,3854
2773,126
1267,3108
439,2196
2268,1308
1838,584
220,2069
2826,402
764,806
3479,3420
2341,2773
183,2055
1553,260
3538,3224
611,1141
2208,3408
1950,2802
724,1781
2659,845
572,3416
399,1151
3992,2261
3950,821
1971,840
1422,1810
3436,2352
1711,1076
2279,618
2063,169
1941,325
300,147
3577,2661
1944,1731
3533,623
2753,2858
1918,15
3487,2491
3434,1147
429,102
2695,735
2467,494
333,27
2136,1407
1542,2301
783,3525
3479,2535
2184,3652
3889,475
274,1418
956,3961
1472,2025
124,3273
2695,3954
756,458
1278,1353
2957,3097
3556,774
439,1397
757,1504
361,573
2431,3442
2511,3427
3939,20
3149,3942
1364,347
3160,3925
2888,3891
2142,1119
172,2824
930,1041
413,2312
161,290
3783,3043
3875,731
2394,1146
1658,439
1621,2348
3040,56
2607,439
723,3059
1249,3014
520,2615
647,1987
366,2516
2886,3337
282,3622
1434,1869
405,363
3875,2698
1911,3264
3308,3686
1093,1246
2710,700
3244,3402
439,378
1246,3677
883,2532
2529,2264
3493,2504
3435,3067
602,2787
764,955
1715,1713
3521,1030
3071,426
2782,3444
3875,3618
2208,3344
3969,915
3896,2637
3875,3984
3820,2366
1119,1156
1528,3501
2022,1642
136,2921
711,439
3570,2885
3958,2358
2714,1517
2820,2986
2758,3752
2190,2659
722,311
3305,3324
1869,1246
3929,2780
1844,2375
1491,503
1602,569
1798,2537
3159,558
874,2194
29,2583
2885,3897
1367,3352
3669,433
1465,503
331,1033
1968,98
38,531
3482,2911
880,2231
1142,1654
2764,812
3726,3251
2332,2803
1771,657
2225,3906
1406,414
881,1184
3196,3436
313,2297
267,3773
3465,1356
1262,3827
2335,3424
1471,3293
600,439
372,1331
2659,3990
687,3003
3911,622
1600,3615
954,648
1434,3831
2801,3352
3410,1927
2343,1238
2818,3477
2073,1348
706,3867
83,1143
2256,3695
2773,2046
309,912
2850,2633
359,3307
3941,3670
1816,1352
3244,3013
3371,2910
3824,1060
3832,3567
3839,1069
1841,3954
1149,2786
1240,2301
3337,1691
2773,811
2774,168
3153,3337
3209,1769
2513,1645
3250,1178
2509,863
2168,1610
2918,713
3586,1508
1259,2444
3394,3339
1246,1336
27,1966
1112,3295
3552,822
3636,3633
527,313
3401,2622
1500,1701
161,1750
399,2912
2600,2249
439,2147
3797,3621
2730,3937
2869,3958
3912,1457
3825,1424
2085,2521
916,1742
3155,1199
3008,1267
221,2415
2517,368
2070,2874
1355,1269
661,3265
1868,2544
1836,1869
1261,1326
2688,3906
194,1379
242,785
506,2852
113,585
769,1962
2670,2072
2799,200
778,1240
3884,3482
2612,3850
448,1423
1100,590
544,2150
1529,1992
3355,1178
3229,1464
2938,3619
399,2715
1031,3770
1246,2832
3086,2076
2593,1869
709,1454
2312,691
1246,2873
3351,4
1476,1862
2600,632
1906,3665
1749,2528
2441,2400
1666,2534
825,3161
802,1246
2289,2931
1754,1598
3458,459
1693,3244
1878,273
3930,3049
2713,3519
1178,2784
1637,2194
2941,1434
1356,145
1285,3158
3345,2433
3957,3528
2375,321
1825,2749
1266,885
1581,2021
3537,3142
3923,3431
3119,2504
1242,1317
1481,2949
3477,2055
415,439
913,1610
3875,2522
83,662
58,2587
125,3504
465,2623
2596,1249
1080,2518
2446,1869
1085,2773
761,1761
2194,1210
617,2535
618,699
1543,3053
1595,2276
2643,808
953,976
1292,2385
1095,1582
3453,550
3041,1318
750,3966
2824,3222
345,1158
3021,1763
1434,1526
1648,1751
3050,1764
939,116
3875,2909
3083,2055
3395,1974
978,262
30,2363
1528,3875
771,3511
2712,2445
3049,2927
2527,435
2193,130
164,3978
1179,1869
1420,1703
3140,45
717,1061
788,2870
2071,2495
3974,792
2614,1817
1758,439
2685,1529
2098,2100
2622,2011
755,2596
3548,714
3084,3493
3784,219
1778,1642
3103,1855
1773,2272
510,439
2461,3712
3461,1304
2803,2356
2424,1519
1894,2658
386,1739
806,31
1070,3496
835,3485
1208,2913
1037,2790
3830,2084
2953,1832
1246,3938
1628,439
1632,1162
677,439
512,414
3583,368
3010,3108
990,226
2979,2055
1386,506
1246,3134
3976,594
3607,3555
1576,2774
2541,1119
507,1622
439,3110
2153,1434
104,871
2322,2690
2757,868
3814,3830
410,1050
3024,2680
59,492
3887,1340
916,302
3839,1935
657,1069
2457,385
665,1235
2901,138
3025,3875
3039,2716
1348,2517
2724,3268
1352,2274
2193,2203
2854,3406
490,421
3636,1398
2782,439
1063,1965
30,1969
3585,3875
1383,1348
1635,789
2542,304
2711,1188
3051,165
3244,2622
885,3515
439,2786
2215,3157
53,3018
2526,1469
1973,88
1773,2833
2467,329
3244,3595
3980,3007
1493,1279
2603,1573
2298,897
878,5
1362,1248
3136,2927
530,1995
3966,2831
1291,8
2354,1444
1358,2027
1402,591
2457,3577
1289,1419
2798,3635
1946,2503
3114,359
3537,1197
2333,44
626,1455
1233,2375
1506,962
636,3120
487,1218
3694,3546
1049,2504
878,2976
3966,1162
85,3454
2375,2205
1277,2375
672,940
2121,2225
2853,2927
3617,264
2370,2659
1594,707
1066,713
1809,2412
3517,3285
885,2970
917,2007
2424,2684
1978,3477
2517,1283
1776,1178
439,2342
3011,2223
3301,662
313,439
2137,1240
1287,1246
523,2749
265,2009
1473,1880
862,3627
1321,1281
656,3398
2454,819
2101,2369
2144,2013
3061,1246
1426,2160
3634,2685
328,627
2279,1246
1099,1436
1428,350
3682,3307
1217,2510
1963,1268
2487,3363
3339,2292
840,532
3381,1632
3479,2006
1127,3946
3800,3731
1217,439
3337,3669
3875,3318
1477,2826
759,1925
1920,117
3362,2301
68,2143
2631,1699
1621,1108
65,3992
2461,2139
2002,270
3337,2227
1260,101
67,3773
3965,1995
739,3106
2619,3070
3072,1384
633,2808
2109,2117
2396,3449
3839,2747
3730,2070
2199,1246
3421,3549
2634,3888
3892,2516
3726,1656
3514,1063
2843,1279
3270,3627
2127,2180
1220,2435
3762,2685
885,868
3816,1636
2972,1550
1434,2831
3095,165
2517,168
3154,3732
2043,1067
2210,790
2954,1300
2571,626
1507,2517
1405,2546
3754,1605
3766,1833
1485,1087
1561,3458
2271,455
520,65
2501,2927
1669,3342
582,3649
10,3752
2855,537
3341,1869
3145,3718
2922,3672
617,1513
3226,745
2685,2457
2688,3120
3633,1029
2021,3577
2897,2577
274,2380
3210,439
2932,3565
1981,94
424,1739
1739,3245
2927,3793
2616,1428
1268,1595
1656,1414
697,3244
1932,1877
2592,3845
2866,25
1869,2927
3868,528
1882,3337
302,3602
1254,28
1413,2441
883,3064
3536,1650
3987,1785
3068,925
140,3266
1838,1342
3353,707
439,2522
1934,1080
1873,3966
2932,3533
1157,2045
732,3506
2988,3833
2241,3934
2143,2573
3854,144
33,2575
2704,2475
23,328
2659,3295
3064,503
2653,2283
2145,3009
439,1318
2819,1246
2193,1296
3497,1657
255,3064
1134,2371
2177,3875
2908,1515
1328,2313
2777,668
196,3833
1246,1558
2052,2757
3795,2632
370,197
3867,439
2735,322
3045,3236
618,668
2729,3009
2439,2946
1792,2504
1286,3970
692,1647
1490,1621
1349,3479
1859,1656
2301,1780
3185,2819
3742,507
1375,353
574,3203
3959,1934
2773,3624
439,1334
3250,2991
718,3161
2724,1348
624,2517
940,1854
3520,3875
2091,3864
3229,372
3719,2469
2457,514
1485,387
2538,964
1537,1825
1480,2123
1816,2990
2363,2357
2931,3377
1408,1576
1912,1823
2598,2299
3320,2504
3836,2264
1793,1951
1460,2551
351,2733
2714,3480
2012,3697
3582,838
805,2714
2675,3415
1808,880
3033,885
3814,24
991,2245
3901,2305
2916,3624
2819,761
2725,2843
1225,3928
3725,275
1587,3213
390,3592
1178,340
3115,3269
2055,3599
3771,2575
3393,2774
2247,2108
2724,557
1304,932
879,727
3447,3361
2296,3105
75,630
3180,2965
2290,1405
235,3120
879,1481
538,3880
3833,2474
3021,3794
2304,2145
406,2517
2424,3577
3046,439
1178,285
2338,1054
1240,3808
866,3146
2784,560
1270,559
2853,3695
1771,820
27,3280
1326,2063
2615,3519
671,1551
620,439
1080,603
3484,2204
743,2269
1220,339
416,3683
1959,2565
2301,1473
1400,3479
81,2939
3700,1753
2916,3859
880,2079
3577,1450
2268,2765
1372,491
633,857
689,3853
2851,1966
3584,3534
3449,2417
1500,2799
3954,3313
439,160
3244,274
1349,3274
2824,1613
3030,1598
2893,2293
2773,3603
2998,1934
2241,2922
1385,3064
381,1296
1171,1245
3090,2517
3798,477
2927,1434
3551,3689
423,3909
1310,828
1598,3149
3421,3683
3233,2055
698,2065
3564,3148
3165,2163
2887,987
3186,132
528,1218
1934,1928
879,135
1426,197
439,213
2188,3167
152,2801
1534,2721
3437,2730
509,866
2183,1013
3199,115
3382,3381
62,2765
1752,1869
3794,3131
3990,1628
439,1949
1246,159
708,2666
1095,1281
1911,1084
3166,531
536,1549
557,634
3011,127
2767,3665
3524,1843
1633,3891
2847,1899
3313,2571
1558,2640
3897,323
771,715
2542,3605
461,364
1778,1810
2429,3842
1632,885
1971,781
1866,2826
981,1955
3446,3329
480,3713
1814,1648
3504,2394
1078,1089
1772,3450
1283,1908
3205,75
2074,2229
484,454
3546,1326
3271,1623
1931,2757
2183,2635
2714,1642
3908,1240
623,3411
2088,245
1303,1728
2910,2025
3049,444
3345,3070
2839,2860
1934,230
1847,1994
2517,2620
2637,2922
1623,705
2650,732
2986,2119
2822,3267
3002,720
1698,3167
2436,2484
59,1419
173,3841
3875,1125
3188,3421
2067,2346
1567,3165
3701,1955
701,2368
1730,3089
213,80
1184,594
2517,1830
3479,2773
21,1554
1654,2177
1826,383
2102,3353
2967,1684
612,3462
563,3164
2097,1608
671,2108
2522,1504
1443,1414
2720,1196
3576,274
971,2113
2364,1670
766,425
1881,1658
3385,755
780,1169
439,2914
1487,593
3747,2030
3875,569
574,2931
638,3880
2742,3312
2401,2883
1178,1296
3296,1740
1836,1549
1061,1855
1246,3133
3229,30
1642,3958
2165,3479
331,206
677,3420
2339,3675
3874,3062
2921,1926
147,187
3394,1932
2214,931
2407,2755
715,579
506,472
60,3000
548,3504
1640,3439
1252,477
439,319
257,3588
1939,250
1428,560
1591,3555
3059,810
2019,919
3719,3841
2070,1513
2258,3685
1552,2070
1626,2860
3875,39
1433,1563
3328,439
153,2426
797,529
3178,423
828,407
1285,3191
2506,1860
3796,3247
1127,2768
399,1042
3680,3633
378,487
1889,2179
1013,496
2876,2076
2235,3387
1510,669
3053,231
878,2413
432,3875
498,1185
2216,1843
3875,388
198,2038
1178,3653
3851,2254
3131,2517
2594,1434
3351,508
2137,3503
3600,2788
1231,2666
2514,3189
952,1246
2162,3210
482,1131
2656,1017
1262,3392
1561,1658
995,1694
1178,1819
139,2278
3686,358
3695,2741
770,2408
1535,878
3362,163
2207,1950
2556,2138
1240,3958
115,404
964,3852
1246,1751
439,861
3131,3477
317,1002
1019,654
2920,1698
817,2105
3407,3466
1243,2485
1647,557
3170,3479
401,767
3087,663
332,3094
248,3390
2558,2517
3120,457
2952,947
263,2846
3582,2121
1002,1244
3479,2060
3146,3588
144,3227
1039,1117
1214,788
3874,959
620,3233
1625,585
1316,2636
1047,2961
3735,3537
3523,2374
3195,20
1755,1579
2062,468
2782,1434
2594,3872
2927,2055
123,1508
3108,3061
2487,2084
3107,2478
3846,1549
2253,2448
2824,1788
1870,1860
3173,776
2303,439
211,3590
3495,1095
2308,3564
2493,1159
2927,2524
1240,1323
416,1144
2299,3332
2807,3647
933,2092
576,3797
562,836
785,2909
3788,3923
502,3104
1062,100
1159,2685
2688,2072
232,2916
2691,3958
1039,1178
731,1406
2517,424
3324,1020
3528,1357
1234,1712
2773,3452
2625,3608
1897,3731
2268,72
3710,3875
3233,1995
3044,3926
1534,1550
301,2068
3429,1882
609,3922
3763,582
3427,439
1517,753
3790,2576
1512,3740
2887,2354
3825,3375
1954,3871
2235,1184
2259,851
2504,2947
2917,1824
1773,3839
89,2517
893,1653
2252,1060
94,1484
3233,2927
3875,2246
265,3875
623,1046
3122,3324
454,2282
1969,3875
3972,2678
24,27
3278,2933
1768,238
1843,1549
2773,2895
3817,1779
3966,1988
3613,569
1110,646
1957,1463
745,1942
2052,3504
1389,796
3284,3798
77,3488
2653,3325
1916,2816
3504,2080
897,2241
2043,2778
1409,1726
2007,2639
1072,2846
74,1439
3263,114
71,1178
2806,1147
2383,776
2429,600
1513,3650
2522,3955
128,2504
1869,420
1750,2400
191,981
2184,1566
3064,2001
1840,1179
2491,289
2185,3360
3919,2837
2198,623
1549,3181
439,1936
685,304
185,2505
3305,1510
233,2394
1036,284
3895,480
3229,2239
2915,374
274,515
1197,2353
2483,230
765,1887
1282,3541
3144,1380
1246,990
1592,492
3003,1514
1460,2839
3204,1510
1056,72
1303,1651
854,1846
3242,2843
1369,465
2020,2335
1624,960
2301,593
121,3641
2060,3903
2891,2346
2721,3577
3894,1935
1178,293
1246,564
3910,1885
3494,3456
1918,1292
2368,3446
3113,3327
1625,3875
2449,996
2083,160
1610,1178
3903,976
1792,2994
1246,720
2765,876
2988,2354
3007,557
3301,3694
3769,3883
1246,1105
2434,3969
2968,2792
3535,2411
3589,1709
3201,810
3223,2824
3996,3480
623,1869
1404,2637
2492,3244
301,533
3491,1380
3825,3479
47,2940
518,439
2807,2891
3104,3672
862,1452
2987,3605
1242,3877
636,360
2009,3023
1755,203
3435,3875
3748,1733
3852,1246
3857,2332
2745,1246
2988,885
3558,3825
2796,2885
2470,2623
3331,3075
667,2713
910,3457
3120,408
1669,2794
609,191
3170,1596
929,2870
760,752
3592,2214
843,931
1826,1311
1782,2788
3972,3669
495,1178
2773,1853
878,3587
1060,3642
2616,2778
2057,3839
2903,678
1282,2991
1240,1118
1145,1040
2411,3450
2891,3247
2007,206
1587,3664
1395,3026
3120,638
1245,1869
1178,857
703,3411
3397,3046
795,253
71,503
1901,375
3159,3588
1467,3025
582,3723
3748,2238
3045,1176
3440,1391
2070,2023
3738,2951
144,2520
1166,3419
767,445
1192,3902
3699,2159
252,2934
1788,1814
3705,2065
2189,1086
1655,923
3994,1840
2237,2070
3729,439
1367,2533
2603,985
3808,3776
2923,3359
1068,2462
1727,880
1996,10
2725,2147
466,861
3875,1817
1106,2894
3609,3750
3493,2246
2802,2284
3136,3423
2922,261
1246,2900
2012,1974
1310,2437
2995,3450
3534,39
2713,1137
2709,2027
1442,3115
2551,2655
546,3050
1098,2500
3522,439
2193,2464
45,1331
545,2609
3337,1136
1739,3517
3397,2849
3562,906
3027,1649
521,1246
3875,3123
2126,3611
1292,8
2688,124
322,1029
3958,3286
890,914
1869,2840
3520,1283
1828,2014
3173,2517
1395,3130
1027,133
3588,3966
3751,2768
1411,1817
1729,1257
2738,3227
907,414
2517,2911
3348,2962
2357,1811
3168,961
791,3890
1558,1276
3029,2154
1494,239
632,2738
236,650
1408,3005
3497,3705
966,2410
238,439
2769,439
836,2763
3878,3921
1445,3867
2693,2848
887,3559
2704,1705
2007,1178
1769,2349
3410,272
255,3600
2033,1714
2071,1652
2601,1753
1178,3593
1695,91
1196,1953
3504,1953
2806,3713
2826,2046
1404,239
3796,2928
2407,574
1655,3808
1419,2992
2926,1901
1394,439
898,1665
1718,2348
3649,1563
1687,2928
2663,1213
40,718
1775,2737
1398,1468
1400,871
808,3781
817,1246
3337,791
1178,3320
1016,3448
2676,771
2354,2546
1565,607
60,2453
480,3060
873,1246
3081,2858
1045,623
1549,2056
3841,3847
297,1022
2283,1382
2187,3504
2794,3750
2517,227
3385,2375
458,3234
3777,3193
439,3855
1404,1656
864,3937
2073,2677
1683,181
2538,1466
3308,1777
545,3969
491,3930
1290,1488
1506,3611
2490,1857
3246,585
1795,1867
3741,3244
1064,2978
2596,3120
1071,1135
506,2423
1002,1825
3237,1787
1368,2517
2428,313
768,3375
3557,2980
2070,2457
1095,531
2425,3950
3462,767
1324,2517
2956,3831
91,627
2138,3385
204,2376
711,3875
2613,2891
1398,1636
371,1869
2124,800
2857,57
1419,1530
3736,3875
1674,3914
3123,2813
439,1291
1046,1259
3020,3189
1178,1133
94,467
3366,2426
1980,1575
734,2261
615,3539
1549,1396
973,3969
1691,3479
745,1869
2868,3191
2204,2857
702,1638
2336,27
2830,1055
3542,930
3414,2927
439,3173
2507,274
924,2909
682,3394
1591,1651
3129,1591
693,3090
1604,3933
3952,2518
287,3403
3198,2517
635,2517
414,2380
1178,2562
3610,1227
319,2885
2473,1100
1277,551
3830,1730
841,3760
246,3211
456,2517
1643,758
3450,3284
1531,3347
3981,2128
423,1505
2388,741
3816,375
3831,2971
1631,741
2269,1637
3337,2575
141,2438
3489,366
3648,1154
3500,1527
938,2267
1035,467
2416,439
1412,3870
1588,1352
674,373
911,3789
1390,3893
3129,3428
2597,1241
3337,3259
1786,2362
2191,1917
638,5
2210,2183
1163,3423
1121,2301
1004,2819
3834,107
3137,1963
1482,3241
3789,2916
922,2552
2375,1450
2403,959
368,1557
1040,3479
3728,2403
369,3599
1814,2301
1457,2921
878,2575
781,1546
1662,1749
1359,3847
879,2279
2873,3455
840,763
3366,381
2195,3319
343,1664
2773,250
2001,3788
3225,3792
776,2637
2311,1735
2898,2937
1956,1887
3896,3833
3721,252
2996,1275
1486,1429
2927,3124
693,1371
1119,1223
3495,1897
2009,3800
1367,1593
2448,2191
1214,1366
363,191
1076,2303
3875,2102
3529,1365
3947,439
2998,2386
3243,3771
940,3875
2637,1021
3087,3823
3064,519
3031,2819
1919,2930
1589,878
1933,1160
1869,1766
2318,744
962,365
2178,579
65,732
180,2503
1459,981
1031,3518
1812,278
245,885
3967,2569
2354,883
3247,3971
2138,1169
626,3300
840,1993
3865,1098
3123,3696
2806,1609
3913,2667
1164,2922
3257,3658
1871,3039
3883,2003
2904,2624
2782,3661
692,1392
3936,1229
3875,3650
2146,362
3120,883
1005,2826
1743,1119
819,2244
697,2051
2513,2419
3857,3838
2656,3528
3855,744
506,1014
384,2385
927,3875
3875,961
3657,2773
2543,2278
232,1433
3388,639
2959,3259
1762,1598
137,2445
3510,347
2675,3543
2173,3488
98,1797
967,806
1902,3464
2568,3745
504,2550
593,2950
3691,3341
1541,1769
167,1240
2472,2874
2844,3775
424,3240
1503,1780
888,980
3169,18
3479,1846
2240,1338
2376,3313
2435,2921
840,200
58,501
3916,2064
511,3128
1410,3661
3779,78
816,47
3584,3589
2782,3875
2564,3120
2313,69
2511,928
3356,3671
3148,1620
1434,1522
1246,2312
681,51
755,3427
824,3124
900,1549
1869,688
901,2517
1693,3390
2367,3828
3038,3060
2389,3008
49,614
3591,2577
2085,1421
3514,1404
1684,2921
773,982
1723,430
3331,1869
3938,3766
468,840
1949,3867
1506,3669
2824,1271
2553,1735
1203,559
187,497
858,613
3965,3312
1246,1028
3012,2108
3272,402
623,3950
644,1877
150,604
3635,3388
1012,3463
673,1738
1737,1218
855,3053
2665,2688
1831,3547
3928,2773
1039,1374
623,577
2689,762
3454,1679
2598,1006
3405,557
3132,2060
2639,2135
1656,22
2663,647
389,128
2763,1246
1246,2348
3209,3671
1758,1339
469,3476
3875,2465
730,1794
1414,2514
1549,3371
1240,1662
521,3453
937,2172
2457,3672
3966,2396
439,1991
2918,3155
3950,860
2316,144
3504,2409
1659,2639
216,2606
3789,2898
2922,319
1513,2715
1563,723
1910,509
2467,1328
2056,1282
811,3334
2689,864
3207,1860
3102,3669
337,1910
42,773
2094,3875
3403,423
3123,1783
2204,2659
1001,3253
1549,1658
1178,565
3813,3272
1286,1658
3380,875
2634,1235
3160,2963
3411,3041
2508,268
2228,2100
946,1434
3664,3479
127,723
3646,1246
2562,797
1966,168
448,1004
2947,3630
3985,2511
79,969
1680,808
439,576
2716,3137
3479,3504
2178,2078
1810,1547
611,1606
2723,412
3394,2873
1739,1934
2945,1242
960,1416
1658,3820
3904,2813
835,1346
2869,181
1020,2647
3839,3035
819,1866
3684,3760
2409,2917
501,3385
1291,2485
1951,982
1991,2277
3875,3019
330,1309
1906,1071
969,2009
348,2927
3987,696
1506,3688
1152,3886
3743,1984
2048,2913
2939,2007
1067,1476
2819,3552
572,154
1579,1716
3247,3255
2368,1922
1246,2233
1440,5
1925,2773
2421,293
3966,3479
3784,1291
244,3337
3244,2881
1471,3658
1423,567
1996,2960
393,850
3875,3904
2171,2834
991,2655
1613,2058
515,3379
2457,2962
1658,2500
1789,1178
252,2305
505,812
3943,2067
2650,2036
2766,9
1433,374
793,1081
923,2149
1905,279
1246,3685
439,3027
495,3799
1213,293
1382,3738
351,1704
1869,3875
2506,521
470,1123
1943,1182
439,493
3513,3079
605,2746
1655,1310
3961,3112
874,421
931,1246
1903,1246
1877,532
2632,3847
554,3009
3118,2070
970,3769
1585,1887
1246,3755
668,1374
1475,1240
1079,3805
2170,3726
3923,3765
3806,372
2024,1858
885,6
3992,251
868,3096
2688,1025
1299,3968
236,3226
3162,922
3583,965
1549,278
1508,3215
3649,570
3826,1431
2779,3359
2047,1845
1940,2058
2517,3900
2360,1607
1663,2862
2110,3510
3289,137
3875,91
510,281
3178,3464
1801,3965
3642,1279
2588,1247
2788,1246
2773,3504
921,2323
824,2855
1089,3895
3725,1246
1315,144
1595,3875
1738,3650
3075,3087
3927,1295
3129,185
3835,3479
25,3747
3811,1421
54,2734
3208,1746
558,2726
1178,2071
623,1246
2759,680
109,306
3298,3042
3086,1933
914,213
1202,1179
3666,2783
2480,1754
1177,2757
542,2113
999,2655
2952,2649
3950,2934
3987,3632
2122,1651
2322,1525
3875,1895
889,1563
2222,2765
997,3555
2198,1412
1451,645
1669,1464
2055,3951
2440,2504
2452,439
1959,1755
2800,298
1732,2635
1605,1825
1407,1796
1651,522
3998,1022
2994,3148
3806,3081
2866,3967
37,2301
3348,986
1863,439
2633,232
2134,3213
2745,3579
2949,1942
3931,3202
1938,1395
1925,3477
1985,1137
2891,2132
112,2827
267,3537
2,3271
1039,305
1694,1913
3374,1256
3048,3120
710,2773
2859,1621
177,1549
2576,1049
1506,2976
2922,2518
2170,1960
3875,2777
1151,1339
116,2430
333,30
2828,2997
1445,1549
1435,2445
235,607
100,3073
1531,2554
1096,2015
3430,2973
2022,3476
3909,3782
2998,557
885,3841
819,3288
223,3679
2659,1404
1796,1444
3288,3791
1651,306
3605,1246
3588,1997
3741,803
15,2103
2468,308
2834,2202
1612,1647
3674,122
46,1224
3806,2927
2548,1225
3742,3747
839,2726
2387,2552
3987,60
1549,3625
3232,1220
2375,2708
517,2484
3324,1506
3927,963
3450,1549
2206,2706
3997,2376
3187,580
2517,1508
3235,3595
439,3753
3875,1865
1051,2227
2092,3964
2050,878
2447,824
1246,2642
875,3875
3575,1694
1112,2070
1133,2209
1705,2601
507,94
1740,3697
3699,435
3822,1869
3064,568
1773,3690
2345,2865
1064,2637
3479,1628
2138,1246
2563,506
1869,3326
128,3457
1222,3722
3875,923
3337,3385
1800,2767
3610,3655
3958,1012
3812,1771
736,1240
1513,907
3350,647
3485,3058
2447,3729
3154,3976
3829,535
469,2481
3753,2346
335,94
2517,856
3476,209
1348,1284
814,2723
2242,3450
3687,746
3132,1549
1291,716
666,3439
3094,2771
3679,1576
2379,331
3110,885
3078,623
1456,3527
3944,1975
3954,2922
757,3388
3808,1173
1894,2460
3445,3089
1838,1116
513,130
2602,45
2517,988
2477,2807
1330,995
3330,2140
1060,2999
3254,3100
3319,3349
3030,1178
1240,1275
2235,2355
3841,10
1838,1027
718,3207
1458,1618
881,3151
21,2653
439,1566
11,2802
27,3681
3102,1246
2504,2900
2685,2374
2505,3721
951,981
2864,2621
351,2656
2196,3967
862,3500
2341,2935
1963,3575
3535,1633
2817,3001
795,1283
643,16
3964,340
128,64
1670,292
3195,3363
2074,1119
1791,341
458,382
1560,745
3860,735
2,427
3824,2550
664,1898
754,3875
1194,878
1924,3067
2631,439
2070,2927
1354,3193
921,3143
1096,2018
3683,1590
1178,3906
3337,66
2920,2105
106,2406
2304,91
395,3215
3792,1632
3851,2784
701,962
2517,2628
2457,2517
160,2257
787,878
2375,2907
2819,439
101,626
3875,1237
2895,1638
1984,2044
623,2773
3135,3377
1549,1125
2678,3958
1581,1647
730,3787
2842,3764
3563,57
1186,2957
1609,2058
778,2454
2784,2101
3157,1011
2101,3875
696,2342
2769,1577
623,283
3817,1034
2922,697
520,2301
2583,2520
2300,1336
1951,1476
840,903
1656,1829
2905,662
3230,2705
2170,3530
3881,3551
2595,2607
1811,2698
3243,895
2143,3062
3346,3974
3577,3617
2207,3409
3120,1003
1270,176
439,2042
917,79
2670,152
948,2179
1955,3601
3807,3337
1625,992
1824,2478
3391,3192
2676,1785
3926,3958
352,2291
1732,521
2942,2156
3456,1592
3136,40
883,61
3736,2000
2120,90
2457,1168
1885,2334
398,1497
2486,1051
2741,885
1800,1673
3389,1062
626,1188
3849,3176
2921,2443
3651,2300
2301,3897
439,2772
1919,439
859,2251
243,1502
1521,2885
1502,393
3290,3297
3007,1
3958,401
3337,818
2495,1616
1940,2214
1134,1234
1246,3477
401,1412
2253,393
2575,1227
3960,1253
3718,1985
1941,1628
174,521
1651,3491
657,3288
3474,1120
274,1083
3834,1205
2593,2026
3634,2016
1119,1850
1145,2913
2659,1088
1398,549
2159,439
2375,2890
439,604
2958,1195
2740,414
2773,1221
3719,3501
1936,2192
1298,3653
903,3188
2090,170
2651,2632
196,1246
868,3875
1583,3945
2812,3120
298,2724
923,2034
123,813
2575,2363
3142,2054
259,1381
1075,652
642,744
1795,3477
3559,1504
777,3818
1934,1929
1174,1580
1879,1884
3108,2981
439,1299
777,2299
2901,2922
3200,1328
815,1178
1160,2290
1913,1019
2906,2306
1039,334
755,1765
1019,984
3615,1246
994,3260
826,1083
1023,446
1936,3172
2955,413
2194,3256
486,819
3221,3227
1295,2932
1398,3546
2444,1225
3998,3058
2922,2097
2726,994
1246,1033
964,1055
475,1943
867,301
439,3856
1934,2009
882,3914
247,721
82,3882
1644,2962
2115,97
1018,3343
3221,435
1635,392
49,3841
452,2095
1494,2610
1436,3848
3505,3464
3418,294
3409,3504
1240,1729
2921,4
84,1776
2009,2260
2978,1548
633,236
1434,283
3725,993
3530,3338
369,2757
3285,2250
1736,1742
2893,2823
3302,1357
3966,1246
447,3309
506,1379
3727,2285
175,3562
820,1464
2504,1009
2260,3664
3693,3145
560,2859
958,29
1178,2375
928,3634
1331,1246
839,1555
3214,3460
890,2070
1199,3275
878,548
60,364
3433,2361
3284,2450
1304,1432
1944,3828
3669,2927
3833,1845
1740,3394
1632,3469
648,3965
3337,2349
414,3263
1951,3225
1195,368
3954,3517
1353,2180
2922,2067
473,3966
2280,3749
3664,610
433,1059
3221,3283
2181,657
3450,439
3757,3316
3479,3809
1174,3292
2688,2211
2340,2333
2232,3834
942,2903
3988,1869
2426,3287
576,2773
251,1246
3727,2513
1482,2213
2520,3293
616,2905
2037,779
228,3438
1802,1675
1225,3950
1363,414
2602,2237
3965,3584
1658,2501
2304,2646
1065,1990
1885,1960
3985,67
315,301
1735,3015
653,1084
2444,27
1838,1007
2826,850
2922,904
439,2
1656,3703
1303,1067
3793,2131
634,1513
301,512
733,3332
1834,1547
2575,1545
3235,2742
2280,3957
342,3875
2427,708
3544,3875
1647,493
2895,3450
1246,26
3801,2692
2364,3794
996,2596
2581,2375
2853,1720
1843,3454
2545,3763
116,3788
535,902
110,1036
1624,1305
1137,3337
2627,1246
1348,1501
2757,744
675,439
3706,955
3808,1549
1222,3042
2353,2537
1755,2193
2517,3186
1178,462
1973,337
3558,1089
1767,2178
280,1616
3673,2274
3520,1214
913,2525
3013,1744
1992,2397
1101,3295
3829,2517
424,3545
830,2161
1119,1273
340,3632
2973,587
110,2872
2659,2262
591,2218
2749,3531
1804,1106
1200,1902
27,3106
1191,2234
2491,533
3571,492
414,3457
3504,2575
2517,3696
2527,1703
1348,2716
1821,1927
2214,1065
1106,1145
2295,1221
3936,2899
1032,2327
3317,1032
3007,3192
439,3586
2927,2961
1683,1259
489,3773
3010,542
2401,1337
431,1048
428,1980
2086,3733
1249,1549
3943,2266
1734,126
1350,991
323,3521
3091,761
1737,1240
1246,2522
1119,2517
2517,3385
439,2496
1160,2140
3950,2213
284,1137
798,1118
397,368
461,3902
3800,3745
2375,541
1178,1549
3418,1119
3520,2522
3335,662
