2415,400
133,1542
3614,1153
3997,302
1711,822
2631,3132
1579,1747
2082,3041
1725,1971
1586,2852
2784,814
3473,1083
3268,3611
1298,2170
932,3737
2950,1109
3133,394
2863,2415
1631,2685
714,3731
3705,3312
162,3155
1645,2285
2427,380
3109,2451
1627,3779
3510,2872
1901,986
1645,436
1904,3217
1866,2685
7,3927
1895,3460
1825,2329
1015,1586
2379,1586
1971,268
2902,1699
3952,1744
1916,893
3000,1258
2193,2459
995,657
342,364
2057,3376
191,350
191,999
2678,1135
1692,1586
376,459
3104,1260
768,1454
1692,1455
637,651
3671,3223
1833,1547
1483,3186
958,1051
299,82
1674,2060
1500,3446
3939,1586
555,2261
124,3219
2854,318
1479,2816
2120,1861
2910,1634
1576,3487
3546,2393
2092,209
1893,1607
2687,901
299,820
3328,1645
1833,2842
2728,3184
3922,1197
3214,17
3683,1306
1496,2787
3796,3635
746,2500
3509,3305
617,1832
2161,3081
2118,1689
2057,2662
299,1995
849,719
3828,901
2458,2847
170,670
2038,714
1198,2356
1892,3342
1674,3016
3379,2158
1995,1051
2614,1664
989,1144
2057,3263
3249,3402
1448,3521
702,3988
3582,3268
2116,2360
893,2186
2057,2874
304,1394
1233,3083
3456,1608
702,389
2434,2194
292,1639
1347,2209
1374,2666
2925,2451
3268,1337
2186,356
755,3273
1734,3501
1766,110
2860,221
54,1780
3299,1586
551,896
753,1478
3168,1930
828,1586
1446,461
2186,2224
1497,2185
1696,3141
746,1482
3144,769
2412,1422
1337,1203
1150,1092
868,2402
2497,3772
2576,1433
1938,2549
2874,2638
2218,77
1396,440
265,3731
3326,621
534,580
1852,1891
2678,2329
3513,1558
2042,1554
1711,3789
2145,3272
3209,1588
467,2057
2133,2084
863,3994
897,3826
3936,3339
1129,2550
1531,2402
1114,3718
2729,1542
1542,3264
3247,1203
1702,1048
26,103
3656,3039
1190,514
3632,230
2371,17
2204,2719
1479,1544
81,682
3636,1660
2550,2500
1747,516
1506,3614
1539,1686
3383,338
1747,3361
2420,3268
1337,851
1267,3472
207,162
3166,430
3195,2110
2229,1484
2057,76
1663,1905
982,404
1147,2736
1586,2240
2845,3711
3008,2524
3442,573
2860,1367
1639,3249
2545,534
926,1984
3009,338
3706,3856
3731,2550
3783,2335
795,319
1744,442
165,685
3490,1734
3249,476
738,3157
2904,2197
896,2634
2279,1345
3755,1606
3559,77
3857,214
3064,1711
1500,191
1811,2269
2520,416
2771,2466
2130,1349
1852,3468
3718,1542
2029,2502
3634,3718
2617,1355
1621,2006
529,388
1945,1292
741,2240
1555,82
221,2760
230,3263
1586,2743
2140,1995
3249,3039
830,1185
278,1066
982,806
2269,417
3670,3553
443,1138
2046,477
2644,3004
2126,622
3738,2111
1656,2114
3865,666
3765,1006
2938,1345
1051,1296
1985,3193
2714,1006
2545,1110
80,747
3516,1312
3096,3718
1753,3115
3126,3722
2239,1006
2594,1645
169,1550
1676,2647
2190,3718
2786,1586
1121,2834
1051,3953
3283,2733
1051,3368
2550,3962
2459,2137
2123,3349
2519,2761
718,668
813,3909
1018,2818
520,1902
2842,3853
380,789
500,477
2187,3053
1586,2649
2771,2311
749,3747
1547,1645
2207,3551
3042,52
2998,3803
1233,2915
1155,761
1960,1394
457,3477
2599,1747
1497,2557
351,2191
2264,606
763,2171
3614,2246
3977,3111
1252,2716
3635,3982
1513,3628
1333,611
3843,1780
1634,2264
3355,2931
191,1037
3204,3071
2915,2976
2106,2158
2672,3835
2000,3492
1326,760
1036,2995
1101,1139
612,3758
3830,2264
2386,3718
1586,2269
3767,2780
1157,1944
3875,3561
858,3079
3268,476
1586,3626
2415,2490
3033,699
1387,2534
2186,2982
585,3454
1978,223
2944,1691
2227,1764
1319,2029
2009,3096
1372,191
2874,1747
3554,1462
1631,2709
784,1813
2826,2596
1712,3297
2863,416
1287,2393
2411,2671
3053,806
3377,227
2333,866
2491,2380
617,3241
1472,477
3052,3578
1278,2550
240,1755
376,560
1586,493
202,3653
202,1620
1777,1899
1630,3597
3358,489
2007,924
2413,3311
2811,1337
432,299
3197,1778
3486,1376
3853,3024
1586,2423
2463,477
3625,2569
2124,1067
1606,1583
1180,2249
1887,541
340,1566
3466,1006
3985,2550
1518,1995
2913,1431
3819,3486
2130,1764
1630,1823
2623,361
2403,896
3155,3347
2661,1345
1542,1611
493,191
1641,3063
779,2273
2575,3084
1327,706
962,1619
1679,229
358,3203
3650,899
106,2842
3758,2118
1692,779
3088,2659
2912,1262
2874,3676
1721,734
2666,1244
2666,1992
2525,1576
3770,1586
2860,2537
1543,1345
265,773
3441,1797
202,1542
959,3674
2332,2899
1761,1019
2624,2999
1481,3132
771,749
1587,1387
557,831
601,3449
992,1995
432,1653
3053,1006
2358,3757
3440,3232
3304,2932
1665,1409
2415,552
2480,3764
334,2787
2550,1467
1586,1753
2273,2221
779,2333
2462,1718
3635,3862
1401,3993
232,1586
3385,692
1538,3577
127,3177
659,3726
1736,3547
2018,1534
1586,613
687,743
2608,1587
2557,1421
2550,826
1995,867
3169,1645
1345,364
887,2651
427,3635
1586,1555
899,3613
392,2828
3537,2586
1528,3046
2402,1586
2622,3907
2595,2895
826,3718
2285,3957
3544,3249
1283,1478
1145,477
1630,1348
1656,3042
156,2057
1636,1645
2013,2703
3369,2199
3164,2887
223,743
3121,1754
2490,2706
584,2992
1218,3769
2706,1616
796,3830
123,2285
1686,621
1586,3898
202,3614
3678,3161
2298,1995
202,2860
2385,2784
2400,2447
768,2652
1161,390
3342,1349
1523,873
424,948
606,3303
492,3575
2942,2937
2769,1631
2167,729
3524,3530
3755,1686
1542,3754
2472,2842
1631,1972
641,1085
1523,2646
181,371
3635,865
2380,3155
1090,3146
1269,164
2970,1679
2362,1542
2488,3149
3979,1833
632,3341
3096,1475
3309,391
1564,2379
2186,1162
2824,1245
742,299
1585,268
902,3518
1563,426
1292,864
1514,2181
1027,3268
158,2801
3353,3240
3394,2789
3782,3401
2380,3249
3658,1989
2812,702
1490,1699
586,1345
1725,1653
221,3013
1998,1006
2077,775
3819,3712
949,1067
1071,2273
3162,633
2961,1310
1510,1586
1816,265
3657,2874
3718,495
3032,3879
1656,2550
2781,477
2380,1904
2787,3679
1734,755
1747,1175
3874,989
3612,2060
1033,3266
1972,2550
1183,901
824,2188
2986,2214
1938,1542
634,2181
229,903
39,2120
202,2408
92,2490
663,426
3108,3273
29,3718
945,3937
3860,885
2550,1475
2354,3055
3922,1289
3327,1129
53,119
58,2095
114,2557
443,606
3622,1225
1114,174
1380,612
1349,2306
827,2938
1414,380
2123,1586
867,2842
191,1203
1406,1144
2161,901
1645,1715
311,2842
1521,2057
781,1791
1901,1995
1702,3868
2009,339
3990,1418
3612,785
2973,3644
2018,202
2209,1349
2060,1144
3001,3048
3228,2217
3718,3285
2187,2814
1529,1367
3614,3189
3616,2333
2126,3647
2686,1747
1542,430
888,3646
1793,342
2730,924
3458,2453
3126,532
2925,3132
1175,396
3339,3748
2753,174
3708,172
3558,2910
1984,3251
1937,2048
1529,2666
1311,755
1006,1725
3912,1147
1586,2223
1542,2906
1689,312
1586,1626
1584,2166
2806,3547
1062,1586
369,3046
3764,3515
2046,1144
333,448
1331,2367
80,1586
3859,191
1032,3381
1645,2386
1322,3997
1345,1641
617,1037
2186,186
2024,3247
1711,3385
1117,3676
2259,3901
3763,1748
375,2558
1542,2415
2186,2509
660,1645
1320,1864
3652,3443
1542,187
3651,2646
2860,3360
3157,1542
1780,2801
2318,2922
1711,3464
3005,2955
3325,3542
1689,2390
985,2057
788,17
236,220
3749,1270
785,1653
2754,3010
2709,1518
1586,193
3718,1608
1246,2134
3013,1764
2333,1639
1746,3941
3676,1106
2809,2233
1547,1492
2057,2550
312,3203
1971,1583
3019,3070
3048,2026
202,454
2798,2134
124,51
3891,3532
1642,1158
240,2317
2380,3011
2523,2832
1656,1641
3341,3336
3179,3683
3249,2946
1641,1542
2807,3016
1965,1077
2333,1191
3161,3490
3614,1955
67,1699
2333,2231
1491,514
2634,2516
963,1542
1901,1662
986,1297
1118,2887
27,1895
2170,1041
3635,677
1661,265
2680,2232
1558,3597
1345,1739
9,871
2771,1817
713,867
2590,1722
3127,3755
1530,1262
3709,2404
49,743
2186,1811
3718,3284
3597,1438
3001,1688
2216,1742
3945,1927
3157,3611
2316,714
1374,725
1092,1608
1586,3725
1022,317
2241,106
3310,2319
2746,3759
1591,1200
2118,2140
2613,3488
2554,644
2925,1144
1477,651
2467,416
1622,524
2213,499
195,2925
3417,103
3614,346
1345,1586
601,1608
1054,2756
1203,3181
1424,1734
1117,1746
1694,1974
3859,1631
477,738
2036,2925
3839,1690
3711,2796
1699,3429
3343,1699
1542,1535
2717,3157
1902,3326
2760,3984
2523,1542
3349,3904
3095,3155
223,2709
2619,2020
3503,2218
591,2499
1645,1661
254,735
2269,2201
489,2723
2732,2766
1711,2274
3361,1700
588,1805
1733,195
3411,3826
3806,2650
3619,3986
2079,2336
2504,1507
2483,2097
2529,3268
1239,2257
3997,191
1747,1051
2596,3898
2840,2240
1586,1454
2761,2240
985,2788
2106,191
2620,1586
404,3273
1586,2403
430,2645
2740,2117
416,1716
2550,2842
1929,1699
3170,1006
2925,191
1922,2550
3692,925
3168,2890
1339,2333
1608,2809
3627,388
3032,1802
994,478
37,326
2610,2671
1673,3141
3143,2077
1686,1711
1873,3268
2292,520
2916,2193
379,2333
3598,471
3476,2490
123,602
3882,2204
2854,3998
755,1746
61,1040
1654,1586
1733,2284
3817,2510
3303,3706
2839,1748
191,2641
935,3190
1850,2517
1821,2355
1345,2106
2948,2237
3234,2200
3368,1904
3155,1006
269,3368
1833,368
1959,268
3201,2928
1509,3805
357,2872
1239,1995
3133,1504
2827,182
2517,3270
2705,3943
2596,1458
2181,2217
1416,3156
473,2545
2596,1821
124,3036
2415,3359
3673,745
3763,1443
423,923
3986,1322
1494,902
647,551
3168,3838
1586,2133
1903,3222
2174,966
635,3443
609,408
3135,34
2650,2057
1339,1995
2212,1051
486,2570
191,1542
1543,2842
123,32
232,1345
3039,1641
2842,2333
1506,2550
430,2781
2982,586
1345,3001
1675,2536
2550,2285
2782,1780
819,3076
1495,1576
709,3690
131,1499
1665,2705
3161,2060
424,338
449,2000
2834,1645
1692,3718
2895,2277
1712,2709
1542,2704
1711,3979
2709,1349
416,1600
2161,2972
2614,3347
3114,3115
2599,420
126,2943
1358,3496
2779,1645
3718,2127
2578,3934
2691,1747
2925,3805
2186,2818
1586,2490
1864,3471
3945,1244
3275,2729
1542,477
1512,2365
3446,2130
3363,1863
3635,1755
1037,3249
2622,2650
3312,1137
1608,1006
317,551
2188,2535
202,1305
2315,3242
3147,1630
3309,2517
1609,1784
1345,468
3088,2601
968,1581
80,1311
2630,2230
937,1408
3411,3731
393,633
1539,323
2260,54
633,1833
1067,2375
1213,1506
2578,2696
3013,3494
3529,1734
1555,719
1949,299
3168,194
2709,1799
51,3162
286,1767
3170,3038
1548,466
3217,2875
2238,2310
2973,246
1782,3230
3812,3614
2186,2077
2291,1734
3994,2719
1145,1549
1709,426
3206,1393
3760,3270
3614,178
3125,2240
202,2490
3458,3139
2778,3614
1270,41
2816,3420
2411,1244
1555,382
2558,2951
3695,97
2415,2141
887,2120
2092,1641
477,1608
1668,3646
935,1645
2842,1296
3109,2243
1344,846
3273,1522
1645,1742
1645,2169
3230,1342
1846,3345
2646,1833
3718,124
3132,2822
2402,2667
3595,614
1660,1006
429,1711
1069,1117
560,202
1966,1586
0,1509
1349,3518
1464,2290
3143,2772
3681,2855
1542,2269
3117,3718
1725,3546
1995,1998
3826,304
2976,2647
186,89
1966,1692
155,572
1410,125
1708,2712
2867,2349
191,2476
3291,3126
2945,779
1645,1114
2377,1903
1639,162
2042,3002
1006,2530
3130,1775
719,1754
3326,2147
1935,2403
2842,1123
848,1586
3949,2993
2550,3098
1666,3494
1586,1711
3882,3614
2218,2877
1567,2646
426,1639
3155,685
2485,3762
2709,3243
625,426
241,587
64,3292
2548,1542
749,2942
1275,1586
1546,1144
402,3461
2729,2745
1773,3305
426,3934
2870,2012
3688,1095
3744,536
754,856
1213,2775
2874,359
3984,1645
1586,748
2496,2146
1480,1620
1630,1354
949,189
2068,1542
1747,2472
1125,626
187,3733
2925,2403
2241,483
2925,2996
2799,2451
156,931
3523,2077
1586,2222
1586,2860
3097,3147
1639,2693
1456,2872
625,2531
3163,2335
2270,2915
2787,831
1720,105
1450,61
3122,2138
1526,423
576,1697
2229,2402
2199,1645
3081,2617
1777,2155
2402,1752
2275,2478
2068,227
3153,1995
1904,245
2706,2188
3456,2333
596,2072
275,2128
1645,2832
513,3108
2577,3513
2540,2369
1744,2264
3162,1661
1559,1690
1364,2562
3785,1427
604,3152
2186,2651
3701,3455
2804,1699
2945,427
2094,3166
1891,2451
1952,297
2510,1558
3168,2304
3143,2874
1517,1210
1205,749
3071,1547
3310,2899
1871,3268
2257,232
326,811
1608,3728
3979,2799
3532,1442
1496,2610
2012,2732
982,2298
1700,3157
2550,2592
1117,2966
1645,3081
2128,871
3554,3021
380,2095
3467,2333
178,1742
93,1699
3044,3264
749,1443
1586,2170
2642,2366
2402,1653
2322,486
3640,843
321,1656
2253,1586
2211,2536
1757,2687
2137,3248
1731,2121
1656,3396
2161,3347
3168,684
1576,2275
1895,551
3268,1807
1768,659
2903,3060
3225,3482
1194,3122
1639,2998
3081,3639
1345,1817
2666,529
2666,2916
1223,232
2017,1645
2384,3382
781,304
2918,1722
2559,139
248,2565
1171,1764
2961,3296
2860,887
3676,1863
2020,2389
3207,1557
1059,188
76,424
1913,3856
385,1555
1303,406
2405,1116
2299,3926
555,2040
1551,2405
1168,1639
3347,1586
651,2170
879,1990
1971,3040
1618,1401
3249,3620
321,2634
1728,2928
837,187
1345,194
2536,3076
1586,1591
1586,3673
3417,1608
1398,1828
2244,2818
3593,621
292,454
1711,1631
2232,1631
3724,641
757,1079
2077,755
2787,2755
187,2270
3425,1479
2191,2333
1180,1747
3558,1286
1782,2380
3747,2709
2515,1773
2899,1198
2029,2103
2047,1699
2346,1345
1639,47
1620,1108
2709,1536
3516,2235
1116,3388
286,2320
1776,2867
1995,3495
556,2170
426,1721
1337,2108
2499,2709
2757,468
1906,1586
552,3115
2956,3027
2709,1331
1398,3061
1586,3398
2195,2275
1895,1686
705,191
8,1825
1977,3431
3775,1262
584,1345
3002,2257
2213,16
3249,2649
364,631
1919,2984
2286,2424
1711,2634
3546,837
3995,3381
3708,1821
817,1539
1506,1726
1954,1586
1737,2539
3013,735
1425,2581
620,2874
1686,198
2545,552
286,2023
3793,1586
3078,3853
1639,2146
1594,1809
1686,2144
2193,2724
2456,768
301,3096
1384,2660
1749,3376
1712,3441
2071,1510
2860,1919
2402,1441
3236,2241
37,3042
3434,1878
3539,755
3416,1405
2564,1542
1586,1639
188,108
871,1361
2011,131
3678,1357
1222,2372
2105,781
125,1237
1729,1709
1682,327
99,963
1542,1291
2487,364
1542,1429
1927,2011
2925,1435
3048,2255
1052,2557
1406,2550
1663,2013
207,1829
1345,2058
3718,2557
1586,1212
584,235
3635,2244
3594,1666
1781,2094
479,3612
223,3150
1345,2285
563,802
3825,3002
1546,457
3729,634
2029,2088
2808,2890
2185,2057
3968,3096
1305,2021
1496,1052
2068,202
875,2302
3013,2813
568,2037
2291,1345
1398,1381
1586,1744
945,3812
2550,3718
1995,2821
1503,3422
1946,2123
2617,2261
3214,2550
767,1027
3213,3713
1345,2575
3527,1832
1639,2684
869,182
344,901
3096,931
2095,1435
2458,2229
479,3129
6,2726
297,1586
250,2672
2056,3586
2550,1744
1062,115
2326,2137
2383,3222
3637,1645
2415,116
3338,1537
2335,351
170,1709
2319,1663
2666,1586
1989,405
1565,2748
3157,1747
1303,364
3326,3098
2269,2777
3941,2621
263,1836
470,866
1506,1396
1843,3131
2333,2057
3718,3612
2252,1533
2961,2652
3010,2048
2049,814
416,606
1345,2529
3805,1711
1359,2140
3497,265
162,2794
2697,1238
246,3389
1374,1318
1857,1825
2163,2213
3005,1262
3276,1351
2824,2550
3002,2999
3733,3623
2137,1072
2262,1510
1680,2842
995,3400
1699,1586
1986,254
2427,1995
164,367
3766,3896
1805,2380
1924,2886
2545,2874
1586,1995
773,3851
2508,1070
2583,2899
1542,618
2261,1012
3096,745
758,1645
1567,904
2464,2766
3211,1588
2906,3143
3732,2964
2069,2937
1262,1032
2550,1383
1892,749
1829,91
1203,1260
3273,2842
3487,1102
1345,2709
3770,2550
898,2510
2692,1922
2451,429
1542,3168
2448,2557
3142,2761
1555,1951
2709,1954
54,2290
1963,2511
2240,2402
571,2672
2709,1475
2547,1547
1244,1711
2860,1441
1691,1550
3157,2910
1922,1911
1641,2923
1648,3167
2842,1586
3187,876
1773,64
1686,1371
1477,2181
1542,2304
416,3168
3228,299
2690,2842
3038,2224
3367,2333
956,2070
1699,1345
3225,847
2650,3601
3260,2803
988,191
2570,1456
2103,322
3718,1663
3196,1768
2595,3085
1608,2874
1445,2807
422,3185
2230,2842
188,729
3372,2297
336,2921
781,2062
1747,1674
1546,2617
404,1870
2795,3764
687,1833
2213,1716
195,624
1918,2582
3736,1639
3096,2966
1456,749
1645,3569
2615,1674
1539,1787
2057,1915
2343,1203
3493,3352
1191,615
1719,1122
2135,2741
228,2880
3144,2594
1349,1718
1555,1685
3779,267
1327,3771
3262,2122
3016,156
1170,3121
1771,2867
2713,124
409,2217
1586,857
2709,1587
1043,2842
1542,606
191,2264
1304,2230
3068,1586
3603,168
2912,3222
3151,1067
356,1586
1711,2213
1873,2784
2451,2000
2652,1562
1951,1717
3331,2574
82,1542
2402,2825
2750,2392
3950,3304
1054,1586
855,412
2550,2333
3225,3268
1586,1506
3671,1694
3554,191
2160,3070
773,2140
451,1345
1597,468
1240,1542
2907,2477
1244,2149
541,3326
1542,1349
2286,606
1809,1014
1484,2996
1892,2123
1540,2550
2944,127
2801,2991
187,2743
2766,2642
2562,1542
1156,2550
3067,2191
2956,3945
1129,986
1319,1747
517,2118
1620,2635
3497,2645
1757,2760
92,3147
1059,1680
1686,1950
324,2888
426,3051
2070,185
920,627
2720,1987
83,1709
1766,1645
2860,1608
2124,2175
2788,2405
2070,1747
80,3590
749,1832
2899,2057
3577,2415
191,2949
2813,2046
1927,2249
1345,1587
2217,645
2908,2196
2956,2008
1558,1267
1586,1645
503,1586
2813,3718
925,1645
3497,1586
1892,3538
1161,125
3274,27
1938,859
2807,1345
1733,1699
834,2470
3576,1747
3627,1079
2440,1586
810,644
1695,2788
855,1846
2774,2270
2236,2729
1857,3580
2179,2618
1645,1345
1656,2265
2268,1547
302,3842
2523,3249
1187,2095
3775,1395
1632,2415
1699,1692
1538,2415
3192,2333
608,2973
3014,2834
1558,2111
1406,3001
651,3800
1998,1586
3003,1023
2660,2608
1868,2438
2711,572
1471,1470
2023,1992
1572,3102
1929,990
2972,1542
774,2942
2141,2403
3718,2842
2185,1536
1065,2557
3991,2379
2240,1469
2454,3979
2185,2306
1586,3521
2180,170
1771,1734
450,617
2816,2557
3393,417
910,1547
2449,1199
2280,1870
645,975
2709,1889
2725,324
1586,1542
1411,1628
1586,2830
388,2876
1110,3847
1404,1995
1761,2443
1833,1747
3547,918
1269,2320
3938,1066
1667,994
608,576
571,409
1976,1345
3249,3621
1564,3317
38,1428
887,1201
1711,3909
1955,1601
1631,3597
2292,2263
2789,542
1477,1764
859,1150
2251,2353
2434,1442
3561,1146
315,614
1645,3714
2318,2446
1244,3494
2667,1481
1695,624
366,2931
1345,2242
1631,2071
1823,2404
1645,2461
2807,2128
1797,3168
2490,1806
2474,364
2299,54
1473,2057
2186,2200
1047,1956
1203,2185
3533,2000
1619,749
1701,2829
2520,2488
1935,450
1092,1586
2842,3168
1656,1359
127,1746
3974,2734
3623,957
1345,2288
2181,2408
3161,337
3728,2978
1701,1586
2997,1282
1639,2408
1514,1656
1262,2788
1724,1586
3046,985
2140,916
2949,1051
477,30
304,2450
3637,1367
1466,3614
585,786
2007,2242
364,2550
3085,1704
2079,1547
2102,2402
2060,2109
51,3493
3249,2170
3757,1370
1321,278
3268,3212
1332,1303
2285,1494
44,3282
2063,1697
1542,1599
3731,3943
1630,2089
1542,2742
1349,76
634,1612
2425,2368
2403,2114
2002,2031
633,1555
1907,3576
3193,2073
2724,2550
2239,3283
2002,1897
165,2278
1654,1625
3061,2913
1822,391
1364,2714
1717,2629
189,1871
1712,3768
1345,2836
2186,3747
1542,504
113,679
1542,1389
2524,2812
3647,2412
1586,3155
3732,990
95,1509
2155,3533
3393,1542
544,2249
2550,2298
2762,1496
2602,1711
1509,1051
813,910
1955,2583
2842,3775
2295,3168
3697,2237
1506,1345
1021,416
2057,3905
1699,399
1920,1362
2237,3483
2848,332
2198,2709
939,1586
1786,2523
1542,2689
3316,1866
3459,1964
3344,2709
956,893
1117,202
1711,1645
1547,560
2703,3718
3521,1849
2508,1496
2803,1542
2090,527
2033,1074
1747,1061
1117,1934
1345,3614
3326,2842
1519,1144
2932,189
3555,1606
1565,1859
1694,513
2921,2640
268,1203
3054,1962
1645,2023
2050,202
3865,2775
2583,3313
3850,3121
2729,3663
3331,423
2859,640
1428,1586
1693,1747
2186,2330
1586,2424
1699,1542
2683,1699
3444,2062
1608,60
3628,202
1542,2294
2193,1527
3524,1374
893,1709
1435,2120
2529,2709
596,3136
2545,3776
3208,2550
2550,2652
829,2384
1584,1542
1560,1345
3410,3359
1348,565
3381,1999
2233,417
786,1901
1542,2402
1508,1224
1479,3283
1038,708
3395,61
3486,2707
2402,2936
2239,1147
210,1704
1533,2375
2550,1721
1443,2267
1910,3782
1201,2402
495,2581
90,1626
1454,596
606,266
3004,1144
2006,3366
1539,485
1725,2763
1586,2333
2035,1586
2748,1586
3967,1951
2709,334
2605,406
26,2422
3111,2193
265,1226
3803,2420
1609,2025
3847,1147
2834,3230
3635,1457
2233,2418
1237,1665
416,507
2048,1396
170,2827
1197,496
172,2081
3088,317
2199,1493
1800,2578
2729,2012
2956,1910
345,945
3551,1630
1879,1720
3656,1532
1542,774
2926,3417
2842,1337
2423,191
2347,1956
731,2557
2756,1586
2419,1527
3997,2861
1769,11
1442,1839
758,1555
1349,1586
1341,2946
887,979
2792,2057
2092,3034
754,1692
2175,358
2583,450
807,2079
1495,1586
2936,1846
1991,1479
2404,122
1652,2550
3229,2133
1665,1913
30,485
1747,1531
1686,1701
1747,2538
1026,1863
2921,2208
1833,1899
1303,1255
831,58
2550,340
93,2380
2846,3121
3326,3222
1950,1066
2711,208
121,1558
3628,3167
1711,1198
1631,2322
1542,2550
18,1526
2509,1799
1011,2395
2255,3766
1852,3075
351,2217
43,2017
216,3111
3155,2410
2364,3670
2272,2283
57,380
1637,1
2950,1973
1417,684
1506,1645
2243,656
1947,2333
481,1692
1473,811
1283,1942
2504,3465
1451,2694
3078,2944
28,1695
1500,2379
1078,3149
1690,1509
1699,175
416,3184
2550,2050
2550,75
2420,2709
1345,1539
3516,1661
2550,1805
2042,1555
1778,2659
3834,1586
1641,1117
1299,2688
365,2667
1645,1349
2547,2119
1764,3260
2227,2333
3028,1865
1260,2102
1404,1271
2683,1645
2865,2420
3748,1416
1629,2466
2415,1821
2854,1264
487,2346
1619,1244
741,2320
1697,1801
2558,690
2678,2057
3211,2415
3143,1410
298,1855
26,1711
2193,3190
1639,2109
1345,2614
2283,405
696,1414
1772,2080
2472,3917
901,553
2550,2241
1345,3352
2057,3009
2168,2299
1374,479
2561,1564
1645,1710
802,124
2285,1441
982,1711
3026,457
1542,11
2996,191
969,2300
2860,1766
1065,1951
1641,1994
1586,1633
1367,1624
2437,1345
354,1351
1692,1621
2266,1854
1586,67
3858,2339
1991,955
1381,2397
2633,2150
2143,2311
420,2034
3909,2979
1586,2829
1645,2459
1661,1537
1479,1821
114,1631
1992,1229
1367,2666
29,2925
985,589
3742,1274
645,2200
2600,2834
2405,1203
3608,450
2427,1694
1594,1233
3487,3414
1492,2229
1345,2198
1169,183
2402,2388
1559,1388
1383,3051
3938,2270
2550,2854
1431,2906
3376,1221
749,2140
3260,3718
3414,1548
1770,2506
2500,2238
2237,1270
2297,430
1761,1645
1542,1479
1982,1095
1645,3429
2280,3581
2550,1381
2490,2616
3307,202
1961,2027
3578,2541
1478,2484
781,2217
3304,413
290,3937
1864,1645
1884,2591
1785,2078
1339,1410
2902,1996
1408,1141
2952,3268
2842,1490
477,1397
3805,2229
3325,1330
1663,2658
385,191
2415,955
1699,1402
1711,3962
2251,1537
68,1711
1711,1457
3168,1117
1576,2449
2140,901
2537,1985
2842,63
2298,2333
2174,331
1555,932
1679,1950
982,147
2228,3864
2432,2484
2671,1853
3840,2042
2879,2057
3415,2185
798,1586
1203,2925
1400,1299
2298,3674
3959,1542
2048,876
2380,353
2060,3501
729,2728
3897,2390
2552,1817
1782,2236
1325,624
3589,2514
1345,1337
2389,1847
755,2330
1177,1539
2578,2204
1586,416
2729,72
910,1013
1586,2915
1205,310
2048,1586
2186,3202
2415,1337
2546,1176
2186,1578
1446,1547
2415,682
1547,2199
1995,2902
3610,2526
1391,1294
1653,2251
3096,3157
901,552
1771,1587
2279,1618
2466,1998
3873,2623
2874,3747
1676,564
1699,1519
1233,3283
3626,1006
391,3667
3718,3503
3276,384
2514,1419
2771,2998
305,560
25,2774
129,1550
1581,2048
191,380
2353,1167
2540,2139
3796,1645
2451,1011
1714,2726
395,1968
1757,2550
207,2709
1995,162
2264,1122
2925,1586
2333,1666
2550,1887
2420,3009
2557,2472
1602,2076
2161,1586
1586,2093
547,2263
2240,347
3048,2349
1531,1345
466,1148
2363,925
744,2057
2657,2136
899,584
1358,2973
714,2654
2454,677
1109,202
1876,2333
1256,1922
606,3714
1571,1442
1586,1321
2041,1999
2387,2193
2285,2422
298,3763
1745,1585
2095,3603
2217,1173
1323,202
364,1268
344,195
1547,1764
3630,3241
1586,1110
191,755
3096,3525
1680,584
442,2704
2704,1382
3673,1453
1371,986
1393,1515
2410,1495
310,1438
2874,2644
1519,2904
2122,1586
1117,2600
82,2137
3568,156
1345,1559
2316,2490
63,1607
210,1359
1723,1162
2709,1586
1615,2874
1549,1542
1473,2004
1586,1893
2304,2550
1416,2872
2038,1253
1833,3775
3979,1586
761,1859
714,2431
1567,680
3168,1724
1150,1592
1183,1342
1345,1542
1427,3247
2704,2196
3067,3931
2065,1587
3717,1958
2872,3532
2402,1345
1105,1939
1509,1460
2791,1802
1883,1593
1779,2006
2333,1251
2634,361
2285,1542
1174,2197
2389,816
1198,1778
3053,3070
1542,2095
1242,723
2255,186
2308,2479
1351,3014
1373,1586
3299,2269
746,1268
2958,3340
3363,68
1919,2909
2288,1975
3508,3241
2591,2410
419,2812
1933,187
787,2057
3738,1542
3372,299
426,241
1613,3708
2774,1641
2072,3714
2205,2550
2404,1337
2725,3390
2271,1998
2902,2379
1648,1479
3125,1669
1345,1907
2184,1483
969,2380
2213,1692
168,1036
2333,3251
1244,1796
1747,3403
1687,2073
2302,761
695,770
1345,3701
2181,816
1345,1392
1586,249
2801,1345
1251,188
933,2487
2155,1168
1833,1686
1608,2550
3702,2578
1558,1725
2596,3231
755,642
2144,1942
1089,1586
3676,3707
815,2021
916,3647
618,1892
3350,61
2101,1979
1298,2896
2349,3800
1581,2042
2624,1586
432,3880
1547,2427
1447,1586
134,2028
2629,2271
3764,1584
33,3312
3104,1192
3052,1780
1465,1735
1011,1487
603,1661
2333,1833
2936,1246
3880,2302
2451,841
2749,2762
2022,1586
1249,1586
1663,3451
284,2953
191,1647
2148,2842
1363,1156
1516,218
2637,2333
914,1246
2333,2067
1640,1117
202,1351
1587,925
1780,2097
1871,1109
1236,2553
1157,1586
2667,1542
2304,42
1747,1542
2896,2726
338,2550
1345,1479
1777,1631
2842,1405
170,2478
1391,1968
1558,2697
1144,1547
421,2637
1268,3642
955,1985
2670,3379
603,2269
2181,3113
3247,1734
2066,748
2379,1349
1542,501
1881,3456
1116,3407
1789,7
1120,3723
2063,2550
191,2895
3162,920
1066,2086
271,1586
2673,1109
808,2464
1547,3708
1384,1349
2395,1639
1191,2247
3764,3608
978,1719
3568,1430
1406,2833
2163,2402
2315,1918
2333,2168
697,2402
2415,2583
835,666
1846,3764
1401,1320
2122,1346
2553,1506
2240,744
389,364
3986,317
1539,1699
1780,2961
279,1836
1067,232
2301,666
1542,1645
1747,3513
1898,188
101,2177
1506,1991
1427,899
1635,1992
404,2687
1396,3378
1572,1244
2417,1886
1707,1509
2451,1586
3121,2444
2781,3222
1655,2420
1661,2740
3533,1405
1747,358
1639,3971
1456,2818
2058,1747
2353,3048
2807,2187
2717,2077
2853,3472
3222,3029
2925,1451
2833,1542
2331,2460
1962,1349
1586,2186
1024,3268
317,1584
1108,1780
2138,1565
2193,1991
2669,1629
1586,2140
1645,3367
447,2646
422,1857
1639,1725
2638,3513
2243,2597
2076,1833
1262,2337
2990,3741
1645,1833
3351,1170
3873,1495
2203,1542
1044,2398
2706,3461
1931,2415
447,1588
1645,1233
1437,1542
1165,1449
1653,1734
1994,118
2994,1783
2287,1747
3482,1227
1396,951
2550,1871
3695,2376
2041,1647
2428,1430
2757,104
2371,1766
1586,2530
1345,1547
1692,3714
1335,1747
1591,2356
2095,3968
2412,1751
1995,115
2260,2042
1274,1997
2304,2490
503,1051
2285,1497
1576,1345
1641,1183
210,519
2043,2481
1586,1725
2208,1642
364,1732
363,2229
2874,1555
2278,1734
2294,2944
2015,3800
3979,2075
3185,1378
2550,3890
1443,1226
2077,2048
1953,3597
1650,2398
1699,1348
3350,1740
1120,2255
2057,1905
2237,3151
2856,162
833,2504
2528,1352
2482,2170
2872,3800
1586,3079
651,1645
921,1693
3416,2402
2482,2591
2223,1699
1345,2449
2415,2160
2341,1639
364,2135
3144,1233
1542,188
536,2379
1639,80
1144,1345
1707,2415
3011,2356
1396,2234
1586,3423
1826,1864
2191,454
2149,1747
2033,297
3501,2628
1045,1216
124,1236
3618,3094
336,2551
980,1345
1699,1735
2395,404
1586,1588
1645,488
3058,1343
1390,3958
1922,3157
2033,1759
3775,2212
868,10
2729,21
1586,3183
3937,3421
655,1734
1407,2361
2295,1639
1509,608
3247,1014
1634,2239
1571,1728
1066,1273
1023,2199
2255,2356
1438,2202
2213,1945
2682,1542
1716,2074
1880,2482
1643,1847
1227,3117
1546,2186
1392,297
2140,2287
1305,501
153,3886
1921,2331
1399,757
2842,2067
2211,1484
2707,1620
1542,2521
3950,904
1547,2225
1714,2397
2639,1830
2697,1547
2333,2051
1645,385
191,416
1510,3451
1066,189
1233,3595
3153,1009
1710,2680
458,2550
1436,3558
1522,3968
1401,1819
3861,887
2371,2964
1203,1925
3045,2057
2355,641
246,568
1413,2057
1509,1479
2430,191
1778,1391
2160,2285
226,2925
1345,2833
2472,1342
1335,2646
1345,191
1317,1724
487,1542
1904,2729
1345,3757
3867,2909
1627,2550
2670,2139
2788,2459
1964,1661
115,2402
2942,1782
1512,1360
3577,1731
3912,3378
1352,1641
1349,1509
146,1757
2550,1747
2036,1833
2148,1233
1674,1637
3658,2786
97,1547
2783,1892
2812,1509
2415,1080
1853,3856
2850,2402
1800,1479
2580,1531
990,942
911,68
1641,1586
1519,2481
3512,75
2547,1345
1630,2558
1563,1349
3284,1322
2415,749
3070,1144
2774,1780
1734,1240
2545,2163
1841,1586
1586,936
1206,1788
1946,2619
1987,2120
2816,1586
2915,1134
1586,1859
1283,1639
3561,654
929,399
3612,191
2807,1396
3045,3143
2969,898
1555,1964
2286,1763
880,1613
3604,1494
2283,2164
1283,2855
2634,447
1629,1943
3718,2333
2018,1555
1453,368
2685,1551
2380,144
3654,2181
2314,1179
3385,2199
2333,527
684,3498
1345,1850
129,286
893,1967
1833,1680
1995,1345
1757,256
89,1734
3674,1416
761,3096
1796,3013
2254,316
1777,1699
2282,890
2330,895
2052,2494
457,3731
748,1442
3750,1835
2268,3637
1081,1624
2202,621
3054,1586
3524,1938
2011,3764
1780,1833
2093,1165
3095,3981
1586,880
1734,2844
1699,3181
902,1686
2229,1051
2201,785
61,2435
124,1849
1342,2949
1720,1844
868,3268
3566,2664
1480,153
1586,2087
2309,2903
1552,1665
1901,1645
1834,3634
3029,229
1408,2944
1806,2487
1868,1645
1470,2333
952,813
80,3081
2679,1575
1734,1639
1829,2386
2138,3658
1319,2692
2050,1645
2786,1764
1843,1917
1400,1345
3742,1345
3403,3576
3782,1546
316,1475
1820,626
1013,755
2197,1586
1878,1391
1542,697
1586,263
714,364
1542,1606
1439,1874
864,1586
2949,2654
2157,191
3687,1716
2768,1564
1631,1616
3249,1665
620,3157
1542,1509
2546,1871
1985,1741
654,1347
1586,1833
2610,1641
2220,3595
1509,1995
3117,1168
483,1345
632,1102
1630,1059
2816,3676
2185,1067
3011,389
1547,1674
2077,1641
1345,1194
1625,2860
1586,2295
1676,215
956,2264
28,3514
1641,3986
1639,1766
2697,1630
1246,1345
3332,3488
188,2029
2800,1777
1393,659
1903,364
336,1345
1408,3009
1718,871
1998,2786
1571,1345
1440,2830
477,1795
1946,2146
755,2706
2233,1542
2463,1891
1747,3484
3947,3183
3541,1003
1939,2720
2842,294
1479,1006
1602,518
1777,1997
1829,3222
3612,2029
1967,299
1658,893
465,1537
1595,1345
1500,1527
188,226
1747,3694
1588,1566
3287,1433
2432,188
2179,3416
1665,755
125,1645
1361,1983
3266,3618
2230,1592
1345,2079
1747,2193
1657,1509
1349,2024
1542,2708
424,2057
2753,606
2055,2579
1887,180
2193,2346
1645,2185
191,1711
3669,1236
309,3926
2224,2057
1349,3816
2943,90
3096,3261
986,2177
1043,1533
122,2238
1130,188
3718,215
1178,124
3718,416
319,305
502,2186
3324,3480
2834,2621
1744,22
3287,2694
1586,982
729,2380
755,2333
153,2719
2123,213
3120,1894
2525,1586
1454,1296
1455,2690
2430,2876
1479,1566
3615,1612
2856,1586
1547,1581
1864,3554
2925,2034
2421,1923
1856,777
1317,1345
526,3768
2190,2911
1665,34
1542,63
3009,2683
3681,1725
2040,2703
1736,746
2910,1282
2415,1396
2771,825
2810,1744
975,2092
1343,2978
2070,1780
1586,1366
2000,2009
1154,1191
1191,773
1029,1429
2100,2557
1622,285
2126,842
2996,1562
1674,2481
218,2550
1764,3457
2854,1329
1971,1930
202,1586
827,1645
1542,1551
1645,1502
1176,2237
426,3417
1634,268
2703,3192
2000,2519
1348,1863
1718,2202
1581,898
2872,2030
2333,1547
444,526
1567,1639
2635,1479
2979,1776
3075,1323
574,651
2333,1117
651,3775
2285,191
2550,1741
405,1345
2709,3305
1772,1711
2022,1699
1442,776
3487,1661
1966,2921
2092,1359
1198,1982
468,1542
1448,3528
191,3775
1929,2698
2156,3176
164,3795
1645,2312
1322,1413
2186,389
188,271
296,1753
2442,1929
2925,1401
1777,1920
2843,2219
1639,178
1144,477
1413,503
2042,1542
1914,1393
1995,268
3718,1539
1542,3631
904,3369
390,2406
755,487
1286,1462
364,1764
2036,3194
2340,170
3847,1434
3251,1345
2090,1833
1349,1747
1246,3078
162,1478
1783,1446
3110,1435
1645,3014
3781,2466
1396,3550
1148,3116
170,1644
1519,329
2331,1762
3580,3014
1512,1705
1747,1731
1586,1693
202,749
3707,1896
1840,1600
3775,2186
1681,2551
2406,587
1660,1040
202,1736
2791,2043
1929,3501
1366,438
1778,3121
1479,1816
3121,1345
3322,2777
1542,1506
2696,2251
2746,146
51,61
2096,1133
1660,1833
1567,1382
3553,1657
1345,3456
1096,1645
2387,1958
1141,1354
3096,1623
202,1385
1539,2186
1203,2057
1681,1040
416,1345
1586,3410
2427,1391
355,1586
2871,2154
2098,1977
1539,1783
3498,1358
1418,1631
2953,1649
3480,1349
1542,2251
318,986
2120,814
1833,1631
1407,3618
1418,2427
2596,3718
3176,1203
227,3590
1833,889
3416,2181
3689,2686
1867,1788
1711,1766
1345,1979
833,1618
1527,1586
3514,2069
60,2042
3557,465
2181,3627
1653,1771
1509,1361
2140,2644
1920,738
2420,1962
850,1373
1539,1734
1686,1345
1343,1996
1586,1720
1699,2056
2096,3533
2815,1506
2696,2550
3313,1641
1699,3709
892,1345
162,1359
1940,3375
1245,2034
1889,1480
1591,1177
1542,416
3742,1456
2643,1542
2669,776
1349,457
1814,1067
299,1711
1781,1586
1311,2521
290,2968
1474,1542
3015,1654
2073,2224
2252,3668
1749,2077
1869,356
1441,1345
1339,3222
1863,1645
2649,156
1995,1036
2588,1875
1695,1282
2619,2109
1560,1203
526,3043
2451,1058
2057,860
2193,1537
371,1541
986,1851
1327,2077
1759,1653
231,1586
2057,1542
2814,1993
1508,2362
416,1154
3902,871
1547,3838
1554,2158
1524,1749
1539,1747
1479,2128
1631,70
1296,1451
1521,965
2077,356
1550,2610
1630,1923
3731,1237
2043,1117
1345,2273
3627,1641
2550,191
1764,1559
1645,3296
3545,63
23,385
3999,2042
1709,1767
2229,2534
1393,1006
2874,1586
1102,3320
3882,1511
1891,229
408,2103
1737,2145
1481,3165
2553,1917
42,2372
1608,1586
1568,1434
788,945
3853,170
2380,2556
1470,1542
1066,1369
3230,1070
356,1951
1710,1555
72,2494
2122,1564
312,887
3048,113
1850,1586
2136,1764
1734,1542
3975,612
835,1403
1542,2510
2707,1345
3731,3742
2683,373
1578,406
1765,2725
2842,2321
1721,513
271,1614
3902,2925
901,2480
1543,825
2082,1125
1211,1608
2901,1645
2707,2474
2834,1725
2944,1863
3268,2869
1815,2732
1525,2459
432,1583
1586,2139
267,2407
2040,1542
349,2550
925,1421
1104,257
300,2823
2611,2176
1772,1657
1964,1112
280,1587
1605,2889
1748,1833
1791,1591
1586,1937
1645,1655
1686,620
1449,2004
1468,1474
2656,2243
156,1239
2709,289
2669,1349
1661,3875
1586,1416
1325,1586
1389,300
1329,645
975,2285
2160,1745
1475,2143
3555,1510
3611,1645
1733,1558
1771,198
1396,271
1747,3729
645,1764
2201,3228
1613,842
2786,1592
3045,1203
2977,1329
1270,2126
2361,3723
1576,2874
2867,3369
426,1349
351,1558
2606,1699
1995,2511
2722,1628
886,1542
2206,3864
102,3718
3434,1586
1565,2086
1542,222
355,3906
1653,1278
105,3635
2834,887
2264,2208
866,1059
1661,1108
2927,1007
1302,3155
2426,1748
2257,2069
1509,1330
95,248
2802,2729
1767,246
411,2977
1597,384
1629,3621
2516,1586
3994,2336
1345,1925
3687,3602
1586,3565
3873,1509
2230,1345
2128,1162
1594,1478
2265,1951
1351,477
3268,1586
699,2797
2297,1110
3415,2036
2904,2316
2672,3847
1321,731
1555,1564
350,1861
3336,3271
2621,834
278,1910
3222,1732
2420,218
2925,1699
2790,3423
1640,146
940,1698
1686,95
1586,2988
1747,3501
1117,1630
2070,2944
814,1547
1586,1733
1995,1822
1645,1662
753,2176
2417,1441
1000,1586
1578,1711
1690,2496
1568,102
2520,1645
952,2444
3708,3122
1539,1871
1779,1645
1345,1707
1995,1765
191,149
1725,1964
297,3602
2875,1834
2114,1190
2069,2729
1755,1311
2224,1542
2016,354
1980,1502
1144,1542
404,1586
34,2123
1699,1892
1542,1557
1230,2553
2168,2293
2570,1610
1466,1792
1529,2585
916,2199
401,1244
1755,3013
1645,1014
3268,210
2494,1976
2552,1863
3613,1371
1734,1686
202,1929
3260,1547
1782,1547
1639,3348
2404,1656
2285,924
3998,2415
83,1224
3472,2374
3731,1542
1469,1930
1834,1644
2643,2938
3007,2333
1349,1686
93,2000
1940,2552
2054,2227
2568,1780
1699,2550
1517,1631
1475,1645
1747,2933
2026,1833
1836,3948
2490,3304
1391,1542
67,791
2550,294
1244,2279
3078,746
1612,1875
2027,3887
876,1253
2057,1738
1108,2291
527,37
3147,1482
2425,1555
682,1349
1399,2086
2823,527
2339,1608
3351,36
1574,800
1345,2210
1948,1542
1542,3782
3196,1428
1645,3620
416,2440
390,2181
1332,1586
35,1006
2631,779
30,2186
3332,1520
1737,2237
210,1586
2079,1361
1052,1586
507,835
25,3411
2550,2415
2789,2403
1853,1111
3071,3596
1563,2056
1780,1062
1711,1345
1639,3194
2550,2012
3013,1736
1519,1539
2703,1711
1542,2696
1345,3528
2025,2823
924,1345
195,2057
1645,3708
1493,1873
3764,1656
188,1639
2955,202
1764,1586
2765,1586
3838,1361
2664,1453
3234,2529
2304,1475
2246,359
3629,1366
3461,1079
2077,191
1515,1279
1492,3711
1542,3139
187,2692
1586,3287
3902,350
1533,2285
1547,1702
1586,1834
1230,1637
957,1645
2783,1631
1423,3630
1338,3767
1744,1645
1345,574
3734,1384
1501,1227
125,1733
164,3168
3399,1334
1345,1489
1712,1489
1880,1089
1586,1194
2842,1454
1361,1747
1608,2042
1345,3096
1043,1833
1539,1665
1586,1574
1586,1657
1565,3095
2942,191
1509,1462
2112,1639
3594,1953
1892,886
1656,82
1640,886
3717,3816
3065,1542
3475,1540
1747,960
3372,1021
1560,1506
2707,1247
1586,168
3013,1173
1619,3867
297,1542
1278,1542
1542,1435
3095,1006
2999,3052
761,1362
1833,191
3875,3775
2600,1051
1539,1765
2285,1526
147,3558
1392,3528
2014,1586
1777,1349
2918,1120
316,3296
1345,61
1586,230
814,1345
3408,1463
749,1345
1674,2297
1699,416
213,3533
1199,1323
195,2984
2550,289
1689,3222
2095,3249
1345,2424
2004,1674
781,1377
831,3255
1351,1645
1563,2126
1637,3676
1404,202
1253,978
3040,1641
1345,1491
1162,1542
1227,1332
1687,2285
1698,3244
1492,3379
1032,1983
3268,1547
3769,3457
3181,1443
3268,3670
1021,1661
2891,1410
3302,3719
1747,1506
1586,1203
1756,1542
3305,426
3839,1645
1406,1393
1586,3249
3268,40
998,574
3635,184
191,1552
1601,1542
3270,1104
3039,304
1586,2070
2185,1777
1108,1711
1111,1475
120,1514
1665,3231
926,1539
1586,529
2155,3765
432,1586
1745,2942
3336,1528
1548,444
2057,3762
1795,1586
1351,3404
1349,1067
191,188
2596,2405
1797,106
1645,2057
1922,1542
1608,2534
3922,1539
2155,1782
1496,1467
2092,191
3566,1061
1639,1395
1126,1962
1302,1699
2293,3711
2218,1242
3005,578
131,2550
2672,1542
289,3269
1886,3791
3249,1411
1580,507
1755,3576
591,9
1711,174
1586,2374
1871,1655
2777,1808
1596,1586
2757,2293
1820,1723
1389,380
1642,1005
1288,3338
2204,220
2188,2703
1469,2557
2767,3775
2380,1807
3676,992
2508,3379
1441,1284
759,3186
1839,1112
191,1660
21,2791
3276,2753
3338,2223
785,1747
682,3775
1747,2155
95,1699
2911,3599
1129,1345
1006,2181
2613,3361
1138,1888
1586,2504
1995,1489
3096,1349
1586,2521
3218,2520
1055,1586
3095,1244
1564,1639
178,2443
3249,1636
2550,1445
1592,1586
1480,202
1430,1388
2661,774
2057,1006
1542,2404
3718,1699
865,2434
1203,1631
2131,1950
1561,2077
72,1873
149,1542
2077,43
1586,2347
9,1542
1657,1806
1345,1349
2791,1467
1345,2843
2739,1897
435,3581
2646,3133
43,2570
1437,630
1737,412
3013,1854
1013,1542
2093,82
1586,1938
1734,1678
2181,3632
1311,1450
2427,1645
3218,1586
2083,310
1555,1912
1401,2333
1006,1505
2285,2691
2855,3199
939,805
3782,124
2830,3781
2402,2550
1108,1253
2445,2942
2842,1247
2550,855
1542,1229
3676,3105
1527,1938
350,1766
2916,2113
2843,1152
1456,2380
1584,1345
1387,3076
1284,1345
1376,1284
120,1542
1413,1144
1534,2247
188,513
643,364
1586,1114
3132,43
3166,3724
213,1626
48,1586
516,1576
2119,1686
1876,256
1345,2371
1547,1488
936,3053
1643,3106
1322,1345
503,1542
229,1409
3458,1339
1441,2950
3394,3856
2763,1586
2874,1227
1349,3718
1294,1437
3513,1586
1343,1281
1779,938
1415,2319
1546,3014
2114,3856
2016,2679
1542,51
570,1645
3174,1586
36,1477
1547,1253
2903,1442
1641,1422
463,2434
1777,1657
2689,1608
1378,2264
1306,2140
1313,3989
1390,1443
1591,1561
1586,3004
3795,2870
2206,2202
3764,1547
5,3867
1513,2854
1762,2057
1534,1782
2372,2380
300,2402
1354,1457
306,1737
3904,1519
1081,3718
3157,1203
2110,755
1586,3618
1529,2925
180,66
3296,2880
1675,1469
1074,2048
2219,1004
2854,1586
1539,1500
1586,1129
3537,3630
3718,1995
3538,1397
1760,1877
1505,1811
2186,1646
299,3597
2703,3425
985,2843
1800,1354
3168,1820
2229,1494
118,1555
901,1747
3734,3013
2420,1528
2834,813
1548,2242
1661,409
3958,1177
1359,3325
301,2378
2496,1479
1586,1917
2203,2991
2606,1337
1246,1416
2606,60
3285,749
2240,3259
1436,923
1747,1442
380,1780
2077,2789
2965,2303
1449,3566
2644,6
3705,3558
3122,1033
3718,3281
146,1284
1367,3481
3268,1456
1639,2683
2657,225
1345,1525
1318,2577
1537,1669
1631,1747
2073,2634
2703,1537
2739,304
2330,2129
2544,1482
1224,319
1530,216
3558,1345
2550,2620
1424,2511
1542,2834
1900,1679
2380,1542
75,1404
221,1540
3974,2155
1542,2646
338,2729
953,1943
1262,1372
2600,1335
205,2412
1692,2916
1556,1525
187,1512
3166,191
1345,202
1488,1485
3051,1456
3095,953
923,1887
2321,2129
1586,3416
1739,2432
2997,221
1782,3331
1539,756
1873,1542
1377,1346
2283,2184
3853,2430
3093,3013
1422,1349
2968,191
2663,1639
1379,2596
216,2660
416,3416
2741,3678
2550,2103
2057,2077
1349,2917
1828,1441
2666,2459
2550,514
918,1779
787,3255
2703,1555
1037,3055
927,1407
746,1421
1479,2609
2486,1513
1542,1
1539,186
2474,229
2550,925
1655,3178
191,1169
2536,817
2576,684
3512,3385
1200,338
1542,1638
1470,1656
1484,3108
1645,1786
2140,1756
3164,1631
2664,1639
2092,1203
1602,1398
2040,1586
884,1655
1280,3171
3091,2850
1941,1342
2596,1509
2217,637
3731,232
1352,589
95,3655
1651,302
898,1349
1021,390
1438,632
1542,1442
2415,1364
1734,54
3991,3958
1453,926
1747,364
1112,1489
1586,212
1233,1542
1586,3142
3461,2807
1764,3205
2388,725
1479,940
1532,1873
3520,2402
2874,1699
3162,399
1542,1046
3731,2046
1586,1456
1590,1349
1582,1438
2057,1639
217,3265
1475,2774
1586,1860
1480,2527
3775,1162
537,2000
572,202
2580,477
1435,1655
1471,2171
2189,3708
1586,1168
931,1380
1509,2409
1367,1449
2243,1345
3931,1413
1515,753
2550,769
1679,2273
139,1345
3927,1656
1117,373
1037,2293
1349,3249
162,2187
2402,304
1448,1428
3718,3956
2420,1442
2138,1586
431,2704
1926,2854
586,1908
1426,3128
1665,1456
3165,2076
1643,156
1483,1146
2211,835
1249,919
168,2793
877,2150
2483,1810
2140,2034
1387,1812
1511,1586
1813,527
1406,560
338,2874
1342,2552
3898,2307
2596,1542
57,103
1626,168
1576,2261
3998,2365
928,1407
1869,191
486,914
3513,3738
1380,3689
1791,1177
2290,1824
1432,1006
1740,2057
3753,1345
202,364
3162,2257
822,1755
1586,1401
1162,2778
1760,1542
2192,2250
195,2647
2596,1586
3081,1639
3294,3651
1873,2834
3538,2261
2237,3249
2264,584
1220,633
2553,1610
723,2823
3864,1711
1403,2138
1612,1660
2610,224
1825,1345
3181,3612
72,3096
1345,3505
3015,1581
1871,3637
134,2087
1777,1769
239,1305
43,3997
1586,1162
1608,3211
2077,1586
645,1539
1534,2572
925,2402
1244,3711
426,2333
221,2378
2203,1518
686,276
393,3015
2490,115
1723,3350
2550,1051
3591,2112
1640,101
1780,3840
1766,3767
1586,1956
1717,267
371,3071
382,1441
1641,637
1669,1842
1235,2596
1497,3001
1567,1349
3689,1470
202,2444
1356,1641
1660,1439
1542,1444
1363,1542
3677,1458
1586,1418
2725,2229
1910,1333
3678,2947
107,1639
2238,1419
2157,3054
3830,1956
1734,1428
816,2646
2181,2842
3231,1671
1013,426
1401,1367
1092,1699
3085,2057
2556,1501
1345,2596
1586,1547
1117,364
1747,3673
1101,1279
1345,2415
1742,191
1586,1066
1542,1594
1506,110
871,781
2444,2157
714,1487
1767,1282
3176,1639
202,1613
2891,1542
1534,2224
2658,191
2994,2235
1979,2629
3894,2634
206,1079
574,1791
3927,2629
1997,2579
1938,1844
1631,2333
49,2362
358,1639
562,1349
1345,1398
1249,2955
1639,755
1369,1555
202,1173
2665,2697
1321,1134
1529,1332
1323,2604
1339,1733
1244,1334
422,761
3777,2619
813,1361
128,1462
2017,2198
2753,1542
1750,1914
2431,3742
1327,2834
3620,2925
390,1461
1586,1686
3919,1558
3937,2300
1935,2830
1579,1337
3800,349
1610,1725
3384,1024
1584,3040
1435,2167
2765,3838
936,2421
1780,1586
1506,1812
1277,584
779,1081
1642,1711
3164,1542
1838,1641
1358,1747
1203,1747
3767,1783
1378,1146
1167,2104
1981,1345
3078,519
675,593
1203,572
1692,1345
3326,1289
2966,2304
2804,3108
1320,865
1209,1430
2333,3805
1631,2300
2418,577
1639,1831
3599,1396
3954,1117
337,893
59,2681
1531,1586
2380,633
1935,2683
364,1967
2604,1711
2659,1995
2872,3168
1508,1444
1727,1203
1692,864
478,1089
156,872
1004,2854
2229,224
1265,1438
3005,3268
99,1539
2988,1928
1995,1699
1733,1203
1244,1661
1943,1157
2042,2791
3967,2417
3007,1345
1142,34
1645,2186
1496,513
2669,1992
1005,124
5,3122
1645,310
755,2544
1442,3450
1067,1345
1262,1396
975,3782
3366,3174
1162,3528
63,99
1345,2325
3717,1586
2198,3429
3094,1509
749,3117
142,195
1238,2872
3265,3268
355,3514
1568,1555
3268,2460
195,991
3346,3222
2430,1355
3265,229
1586,2679
1781,1639
1364,156
1211,779
2729,1051
1502,42
3162,1608
2256,2899
1645,1481
2742,1244
2159,3234
179,406
1203,3093
1337,1586
2249,1697
1692,3402
855,704
3676,1539
2047,982
2430,194
216,3070
1631,3296
3275,107
2273,904
925,3564
1079,1363
1089,2430
3434,2741
1645,565
2637,3094
1586,3270
1194,3555
1235,992
1925,755
1203,2682
3004,3976
41,2767
2912,1969
1320,2415
1747,2991
1542,2616
1013,2502
1473,2991
3164,1674
1959,290
2717,2604
917,1117
1727,1144
2854,191
1345,97
1470,1923
2307,1345
3861,1697
1562,704
1559,1586
3947,400
2175,2086
202,1505
1288,2077
2712,3615
2753,1719
1262,2591
3602,1740
679,1365
1527,3268
2318,2666
2171,2277
2881,1095
1066,1112
1479,1472
1349,2506
1404,2709
1543,267
1960,779
1892,2211
2019,1520
2424,723
3805,2451
1504,2550
1734,2550
901,2052
1586,2876
3249,1141
1586,1576
1414,1496
3626,275
1898,2057
3162,405
975,3017
2861,1926
1721,1331
2387,2240
2186,2081
2246,2620
252,1116
2190,1345
1749,1510
2634,2304
2596,3315
1247,2551
1011,1617
1490,413
35,929
1507,562
1520,1485
3249,2699
919,3681
2338,586
3731,1117
2778,777
2219,2264
1753,2800
1112,3157
3143,2010
1504,2860
229,3157
876,2494
278,1586
2189,2725
3834,191
2077,1542
1332,3655
1288,3564
1201,1586
1203,388
2402,1576
2217,1838
1919,1006
2431,97
1645,781
1439,1539
3958,406
2126,336
1173,3838
861,1051
206,168
1639,1077
2269,2534
2115,1586
1660,416
1820,2402
2485,1995
2285,1586
3739,1524
3762,1586
1632,175
405,190
1641,3558
2285,1238
887,2753
2480,299
3872,1956
3767,841
169,1283
1170,2415
1,336
1415,1873
2042,1388
1547,1262
188,64
268,2677
2558,1354
292,354
2348,3162
3717,2950
34,202
1491,3144
1586,1465
2185,1399
1747,1692
3775,1218
1532,2718
1253,1117
3581,248
1555,3983
2520,3249
1479,1442
2380,1750
301,2219
1577,374
1330,1913
1833,3338
2086,1727
1066,914
2726,1608
1458,191
301,871
3947,3905
2484,776
3052,1761
1517,1586
781,3013
1767,3040
187,1515
1496,982
1513,2996
1543,2719
3168,1838
748,1513
893,1198
556,2130
3517,188
2052,1645
1345,1374
3870,1203
3727,795
1697,2597
3864,2506
1914,3486
3785,351
1337,1995
1645,3539
357,1711
1246,3268
1246,963
1877,2972
1322,1601
3576,385
2417,3328
3461,2548
1645,865
1512,3457
2874,3595
1851,1607
353,191
3820,229
2119,1490
2656,3490
961,1335
1338,925
1467,202
3596,1586
1725,2295
2819,289
527,1040
2551,202
1662,3423
1547,2643
1765,3338
3731,2135
1851,1496
2596,1721
2186,2854
3135,2951
602,3880
2304,2104
3746,1244
2572,1341
3668,2604
2219,1128
187,1877
2885,1692
241,306
3379,1484
985,3417
1509,1512
1036,966
411,3059
1906,2891
184,1553
1586,1240
1679,1388
2057,1734
1399,2119
390,172
153,1586
101,125
2279,3353
3742,3170
1363,2123
2546,1461
1329,1496
1639,1006
2685,755
1119,1329
3175,1526
1349,1469
1833,1711
2037,1505
1201,3105
1190,1995
1873,2750
2304,1938
35,3426
1396,1387
102,655
640,755
1586,2618
221,1347
1992,1586
1319,1345
3295,3338
220,409
2380,336
1144,1927
3131,398
364,1558
1396,486
2387,1345
1779,1318
3620,1962
1354,1067
426,3800
1337,9
1938,271
3624,2045
215,1586
976,1926
1072,1441
516,2
2077,985
2874,350
1686,3800
1951,2739
2596,586
229,2104
2620,2823
2912,2765
2854,1630
787,1404
2076,191
682,1542
3498,1190
256,1586
2223,1645
1725,2186
2126,2709
1824,1420
3750,3718
1780,816
1203,1547
1901,3426
835,1165
963,268
105,1445
2496,2583
395,1576
3249,1322
1323,1929
1645,1973
1556,1537
2255,1531
1051,2650
5,1478
1728,1723
2043,3379
1244,271
1117,1547
3750,1542
2333,111
374,3371
2415,1281
1450,1006
299,2692
676,1691
364,1586
2653,1599
122,583
2887,2997
1284,164
162,761
202,3369
651,2722
3408,416
1436,3701
2249,3892
3251,1542
3651,1456
940,1630
3080,3958
2910,3281
1404,3320
3731,651
1203,2591
1532,1262
3166,481
207,3576
3615,153
3091,925
1747,1479
1542,3838
880,960
2043,1797
2376,124
3800,1165
1906,1959
2243,1405
2016,2712
380,310
111,1329
2243,2966
899,1198
1521,1029
162,80
2261,3525
1,1820
2546,1873
2583,2251
1892,2130
1233,1750
1349,2703
1901,1485
1838,3094
195,230
384,861
2140,80
1837,2529
2298,1547
1362,1283
2031,1110
3718,3132
207,1385
2336,2490
1203,3578
3371,2494
3738,1599
1679,146
3181,302
65,1349
3051,1916
1586,191
1542,3545
2415,1780
477,125
2415,1333
7,2374
3331,202
105,3731
3631,1006
179,1542
3305,1162
1765,463
366,715
2380,1531
2916,3764
2842,2434
1401,3488
1526,1455
3397,2402
2019,1361
1400,1539
1349,1244
1201,998
1374,1645
2910,2631
3338,3332
2802,2556
886,174
1979,1995
2297,202
2339,1645
2550,1441
2550,1457
2562,1006
1445,2415
2304,2077
1711,936
2060,2659
420,1318
2138,2077
2619,3152
2227,1349
1478,906
1586,928
6,3058
3632,3767
1199,1345
3747,1493
1539,1586
1345,2057
2842,942
1539,2671
793,3718
1328,2095
1679,1571
3096,2646
3651,191
2870,2333
1824,1033
3739,3117
2348,1005
2888,1354
1641,188
2596,207
1995,1965
3926,481
2050,111
2057,1571
1447,2427
1349,1203
1833,3615
2910,2529
180,675
3505,895
95,1590
3266,2295
1765,1645
1965,3176
1385,3038
1639,1521
2550,3894
1371,2320
3753,3894
304,925
3875,344
2103,2887
1501,3513
1029,2077
426,1361
3058,1639
1542,2950
156,1067
1586,289
808,1797
1999,1576
2602,3268
2434,195
1542,2240
833,124
128,1892
2947,2229
120,2415
1349,2871
105,1908
1542,286
1350,1824
3800,564
749,1400
3024,43
3796,3519
2713,251
3437,1363
3222,1576
2712,3384
1353,1757
382,111
2883,2057
299,887
400,1586
1441,1916
406,1005
1048,2229
2509,1029
2842,1349
3488,3853
392,1747
2,1686
1152,3048
3055,2320
3234,3883
2765,1607
3718,659
825,3676
3805,749
1542,1855
842,1345
394,2545
3011,2277
744,1342
1516,2130
202,3598
2269,921
572,1279
1547,2793
1764,1542
2180,3410
1935,2610
271,2007
1246,310
202,1251
1144,1320
2625,789
507,3168
1441,2596
3941,3009
1522,3545
3232,2081
1539,1740
1979,893
2874,714
1313,3703
3362,1524
3611,1874
2789,1968
1420,3991
755,411
64,3870
1005,1792
1325,2227
2966,1353
3498,3371
97,107
124,424
1606,1900
3820,1349
1203,2285
630,1918
261,51
1586,1583
1445,111
191,3705
2175,1586
1607,842
632,2186
1835,1537
2925,3076
3898,2161
1500,614
2596,162
2520,2830
2429,3450
2925,3222
756,1203
2546,34
1524,1542
2997,2842
2097,3770
2186,1543
1441,1066
2529,1439
2339,3121
3767,1586
3264,3676
483,1995
3566,1243
2629,1144
2709,2619
1585,3168
3113,2569
2486,1403
886,1067
1233,118
3052,978
3958,1318
1542,2239
911,388
2588,2235
513,1254
265,1077
3805,2380
2911,3042
1661,2744
401,202
1900,3813
188,170
216,1401
1369,2415
188,3351
107,82
395,3775
61,364
2330,3821
1992,162
1876,1586
1699,131
1542,1263
1177,3295
66,2019
1774,1542
1653,1964
187,2112
245,3213
1908,2285
2925,3332
1498,227
268,416
3268,299
1835,1401
321,529
2298,1016
1539,296
3388,1513
1544,1542
2303,1586
1077,1483
2708,2095
2357,1244
1441,3764
2842,2849
1586,1631
1586,1642
2402,1657
1586,1717
882,26
2203,1345
2285,1901
3596,2444
2103,2583
3718,191
67,124
393,2854
2400,1147
1067,1949
1345,2558
3416,2956
1345,2942
1165,2007
328,54
1479,1641
593,331
1349,354
146,3564
188,2232
3097,424
3853,324
3971,3566
3053,1783
2834,1401
3805,2285
191,3244
3213,1493
3095,1117
1349,769
1639,296
115,2077
2333,1498
2637,527
2495,963
220,526
2550,1235
1439,3549
1354,1542
1345,655
3566,3504
199,1345
1191,3738
3598,427
1593,2402
2094,1203
3095,1435
2093,890
550,23
120,2490
251,156
1542,953
3470,771
2659,146
3764,2083
1478,3624
1630,3997
1927,1339
2402,2460
2610,106
2804,37
1268,3371
2810,959
3052,3408
2740,1845
2558,257
265,1867
1529,1067
640,1396
3366,1679
1574,1645
3174,265
1686,2672
57,755
1223,3734
3938,80
332,3709
207,1711
3796,2587
3627,2988
175,202
1674,2669
583,3597
2572,21
65,1711
3598,2415
3095,3268
288,2367
527,1747
2536,338
3719,6
1581,2671
299,210
2223,2412
2333,1245
1167,3467
409,2801
3965,1529
1407,2771
2401,749
1699,3576
2285,1062
347,2842
3973,1253
1511,3612
149,1586
1349,1479
890,1452
3384,2434
1519,1833
1645,3898
344,1203
3331,1645
886,2407
1769,1159
606,2053
188,3013
3271,769
187,3635
1381,2536
221,749
305,230
1542,2007
1490,3219
3971,2431
416,2380
354,951
3608,1647
906,457
3619,3467
3968,635
2285,1757
1926,2333
911,51
3793,245
2789,1542
2947,3948
3853,1824
1679,2057
2260,3341
1747,3533
3126,1908
1544,904
3379,2585
1542,380
3731,2708
2095,2304
3714,2921
2285,1251
257,1542
2203,963
191,1692
1675,2037
904,2729
1747,3211
1496,2703
2588,1903
1537,2283
1360,757
1539,1555
1542,2527
2793,3287
1200,1914
1167,67
3336,1767
2778,247
399,162
1542,1795
2193,755
3898,3703
1117,3668
1999,1973
3209,178
1698,2224
1356,526
3222,105
2339,1549
3514,1542
2164,1586
1711,3851
1483,1117
1586,1820
2719,1262
1339,202
637,3926
1777,768
781,1897
2058,2924
2909,1320
3805,2257
1675,1901
267,1586
3821,2562
2576,1586
2803,3106
1547,2642
1514,2126
1675,1361
2431,2849
1366,1835
1524,1381
2285,170
2170,1853
3480,304
2988,2646
1242,191
3259,1337
3790,2942
385,3095
1938,1344
3328,1782
1550,749
2415,1352
3746,2689
3767,11
680,1005
226,1679
3728,2729
2860,2778
115,2291
2765,1558
3281,3754
1780,251
3637,1941
3351,169
276,1345
1542,2420
2224,3626
2619,1349
3853,218
2241,1586
1560,1362
682,191
3281,2027
1327,1450
1396,899
1091,2566
1675,1645
374,165
2040,1959
2014,1297
406,2007
1261,2944
906,1586
2285,329
1910,1542
2490,3941
1645,1622
65,2742
156,2285
2944,1349
2988,2400
344,1006
1763,2143
1352,3775
3898,3287
1857,769
3379,3775
416,2915
1203,98
1959,1698
1349,401
2955,3499
1349,207
1542,2921
2192,338
191,2167
2807,2372
2019,921
180,3782
1117,1577
477,2240
3591,1555
83,3718
1916,3954
2075,789
2842,1198
593,813
315,2679
3851,3009
1747,3623
329,1542
1645,2550
1749,868
2291,2703
3244,2663
3244,1586
3260,2053
2164,1568
1512,2677
168,1959
3754,2620
395,1563
3353,1584
1542,1322
244,1586
1641,1797
2402,2159
1112,3870
2117,1762
244,3922
1479,1335
3058,2221
221,164
3005,1660
777,2083
2378,3898
1345,2095
416,1549
2249,3121
1949,2078
3058,1344
344,871
108,2186
3805,2839
1586,3213
1639,2450
2664,3488
191,25
66,191
3166,299
1521,3164
2215,1305
769,331
298,2237
2186,3094
2239,175
307,1555
527,1329
2843,2218
813,229
1757,3270
246,1409
2709,21
2827,3750
1332,630
1117,207
3629,3967
170,1593
1995,34
564,3997
1420,1900
2057,1344
235,1267
1539,1774
1698,1464
2430,3127
1629,1345
2758,1586
3839,2148
2924,3202
1294,131
1438,1330
2713,2778
1147,887
3926,507
3840,3287
172,3371
202,3554
188,757
2616,2339
1345,2557
2304,2791
3750,1733
3065,106
1448,936
2285,2873
1645,877
2576,2077
2397,2176
780,1356
1780,1323
813,3305
3898,1521
1415,1645
3997,170
299,1512
1162,1728
338,298
1542,1619
1576,1539
2069,1627
202,301
3053,1281
321,2839
2016,2904
2550,1647
1393,405
1542,2405
2264,3782
2314,1607
2007,2251
1527,1438
2057,2502
1542,3922
1558,1305
416,2529
3615,2550
1513,1401
3052,2460
3595,2428
3981,1456
1367,149
3882,1645
2040,380
1586,353
191,202
2224,1489
3027,416
1639,2562
1622,2080
1037,292
3881,2874
1333,1542
682,1385
1507,1167
1420,298
3260,1542
1436,309
1530,3367
3596,3054
483,299
1892,1697
3052,3904
1549,1362
1801,3997
1542,2536
1951,2402
3599,3117
1586,34
2040,1547
1686,215
965,202
1222,2215
2110,3244
93,1356
779,1586
1396,1949
2175,2944
1305,191
1676,2227
3143,67
2613,2007
550,3967
66,351
1645,1417
2596,1660
565,326
413,896
417,2722
1345,2164
1459,917
191,3968
1706,2336
1360,1956
337,82
2285,232
1485,409
3742,1006
1633,1531
1247,3751
1927,1645
1428,3076
28,218
255,2167
2117,3058
2374,232
3870,1665
1662,2303
191,1489
2618,2637
364,1459
780,377
1542,1979
3168,289
2402,1606
1874,1641
3327,1606
1383,2036
1584,2550
2192,2637
3840,202
651,264
2874,2880
20,180
1995,925
2950,2966
3175,3384
3053,2765
147,1914
2557,1857
2057,170
3973,1692
3265,2654
2596,1539
679,1664
156,1601
1586,2016
2637,3977
2696,2861
64,191
3775,2544
2340,699
301,2407
304,1294
3144,562
216,202
374,1442
289,1319
1767,2963
1651,3054
1711,2095
188,1261
187,188
2956,1222
2401,2491
3176,3286
187,1857
216,3371
235,2588
1744,1349
2944,255
1458,2637
3122,292
9,3777
3742,1497
2372,2765
2956,400
224,2597
1527,3338
3977,156
1867,955
3718,519
202,635
1029,206
2646,2842
3042,1144
3614,188
316,2444
3555,2077
961,1345
1122,2791
1368,1757
2077,1747
1586,3820
1584,2860
1389,344
1345,207
268,3727
2089,1375
2415,1571
631,190
1857,1586
63,2933
2257,2933
191,3295
3640,457
1547,2618
2224,1339
2189,2224
2912,1146
1251,3264
2077,1134
1633,36
2669,2786
1645,37
1417,210
87,2215
3054,218
2947,2729
3892,390
1623,3411
3533,156
247,2624
3892,2025
2310,131
292,2663
3790,156
3081,344
1529,427
1332,1349
1639,1342
1367,329
3853,156
1914,23
2400,3977
833,3718
1914,229
210,325
1835,2374
3906,299
3655,3709
353,14
2874,2944
3981,1721
2527,1857
1995,328
2459,833
191,1396
377,1361
3328,3425
1656,1586
2244,2050
3676,3384
3892,2310
1801,1995
278,2854
28,202
302,380
1586,413
3775,188
1731,3767
749,61
2407,188
156,2654
2610,1734
2431,1244
2333,2520
794,3621
1639,2083
570,2176
3752,3839
1544,2138
1464,3079
2215,2083
1398,268
1995,3411
1146,315
2703,202
1711,2057
953,2904
1345,631
1345,1833
1577,1441
2677,21
3286,3977
394,1833
1452,964
1692,1949
1747,3598
1345,3981
1951,1345
202,174
319,2610
2849,2404
2949,1385
2861,149
3813,34
142,67
149,380
246,1645
2885,2544
2192,213
1728,366
2019,2550
1529,363
780,1586
227,215
354,2004
265,749
2036,1542
191,310
2708,2439
3977,2624
394,188
3425,578
162,1923
1733,54
3967,191
2093,317
1678,921
6,2410
2295,1833
120,3793
187,2771
3950,2192
317,3126
349,1134
1963,2440
3640,2224
2998,2186
357,1142
398,2797
1396,111
1662,1555
54,3882
921,1539
220,1645
278,289
1006,255
202,371
578,344
80,1423
682,416
47,2077
3718,238
1923,2007
2057,2536
21,240
3805,244
172,338
1610,3864
3882,1396
3071,424
191,3796
1749,2474
59,353
162,310
1558,131
2550,3116
2876,1645
221,289
2117,2613
63,2180
3977,1253
2556,1542
2093,1630
209,2333
2178,3805
1833,186
182,32
1731,215
2450,223
1563,1395
2797,2410
252,218
2050,3176
2994,321
3919,230
1758,1330
3676,210
51,251
1586,2271
2842,122
299,131
1758,1606
2445,1496
363,184
3126,3117
1585,344
220,1995
54,1518
156,1398
3718,371
3612,787
2729,36
54,3805
1587,2860
1555,2771
961,1780
227,2550
62,213
395,1833
1797,1367
3461,3919
2679,1967
174,964
235,156
187,36
1555,1678
1423,213
2180,3884
2660,2666
190,3612
2791,3116
2797,1555
1580,3514
3379,183
82,420
1749,265
1800,1963
3703,1610
257,3538
2229,2104
1586,2609
1434,245
278,409
2550,2346
1452,2683
202,2255
3870,2103
186,222
2545,1686
1147,3977
3126,34
2053,1356
1586,70
1949,3864
191,3576
1517,2956
1016,965
227,142
1464,111
1831,3906
1048,2190
187,2186
2767,3486
3597,202
3793,899
2904,1345
2664,187
3157,337
120,3938
3052,153
210,1857
304,1584
288,3968
2880,651
1833,1898
162,2318
21,385
1459,2904
1450,1833
2807,304
336,1758
2380,1450
191,406
1006,2765
2379,325
1586,2994
195,34
3249,125
3578,1539
319,3260
191,1527
3881,162
304,82
111,2415
191,2842
2703,3619
54,232
3979,2544
292,327
63,3555
58,2004
312,191
2776,73
1951,2807
229,57
299,2860
1857,1747
2077,1645
2509,3004
1671,1926
2374,147
202,2944
1833,1332
191,2349
2776,75
93,34
202,2410
191,248
1630,220
1140,3326
2117,3096
1521,1509
1403,65
1539,59
1,3718
3126,120
1769,3777
2765,3938
207,36
1396,1639
591,1926
2767,416
1867,2349
2685,1699
2742,344
220,1464
2215,3646
1910,202
170,2405
890,1644
3784,877
102,2187
921,202
3126,286
2057,1514
3882,111
2839,1706
1568,3576
246,184
3248,2491
1644,164
191,3614
2659,263
3971,5
2767,1641
2576,2903
3775,3795
1608,2004
2221,191
3623,2713
3295,2849
2677,125
1671,292
1951,1029
191,871
246,3578
2776,3013
41,191
1831,3954
153,1388
2348,1147
2415,877
2186,1526
2924,268
2909,2947
65,3599
2697,2095
3461,2285
1645,232
34,1590
1633,3564
187,1526
3514,2176
3998,3211
2544,1608
1857,3790
189,2681
2004,1349
3623,1414
2260,82
2600,202
2490,406
1780,1795
33,195
1162,2339
190,34
2016,2215
2709,1857
180,215
2285,890
83,116
2742,2624
2767,3719
2178,2580
389,3326
2333,21
1514,227
3209,3054
222,2816
2234,2186
58,1332
679,162
1414,231
675,2697
1388,1542
2576,3168
65,170
1561,1498
2597,170
174,3122
1517,3775
246,178
191,299
191,1162
230,191
120,290
1706,1586
2181,3488
1645,34
1731,2703
207,2402
2427,3795
3231,1524
1630,2709
3157,2912
1140,1908
1539,34
3013,156
1112,2490
2187,174
37,3126
2569,1857
9,191
156,2853
1043,1835
3270,156
630,1542
2807,170
203,1402
2596,62
2698,1586
34,1671
199,1662
2379,3805
1496,195
3396,1043
1979,49
3555,2849
3424,1749
2415,3388
679,247
218,1744
67,787
1532,2834
1147,1780
57,1428
191,2348
14,1403
70,2077
2938,188
232,2802
1325,3554
3186,87
2924,57
2346,3052
215,3651
1586,14
2994,1639
1,3264
162,2842
1923,63
3186,1532
965,2588
794,2596
70,1587
3884,2703
2643,1349
62,3046
2520,2843
2527,642
1699,2947
232,2643
3578,3126
229,3764
75,3578
2881,2874
3488,156
36,1711
3157,2189
2776,1800
2053,157
191,1630
1686,1147
2077,131
1542,1706
111,3126
1995,122
57,305
49,2550
3186,1671
186,110
1531,1464
191,2938
2774,146
267,1555
416,1325
188,3790
2380,3126
1527,156
2243,2807
2243,3211
106,2668
191,1005
2834,1112
3426,3994
3595,871
227,2077
1140,2527
1642,1524
1162,3731
35,1586
3326,2698
165,186
3175,105
1244,3853
1345,2771
57,169
2243,2944
1587,1514
1332,1555
1632,3595
2577,2415
2264,162
80,1388
2909,156
47,2849
191,3268
406,1029
191,420
896,2412
896,156
97,156
1568,3564
1764,191
124,1342
1632,156
1587,3484
2563,165
3705,3782
3839,1555
3615,34
80,156
34,1532
1542,842
1512,2860
2450,2285
3775,3598
182,63
202,97
182,26
406,102
3838,2849
40,2786
2339,247
60,1458
156,964
1414,3351
3576,1586
3549,1029
2415,93
3578,1744
3326,2025
124,1514
3614,1590
2998,2572
2264,143
1526,331
3775,156
36,1539
3777,2240
3595,3484
268,331
1586,2221
2624,1456
2663,3554
83,162
630,409
3672,36
2774,80
129,630
1509,1641
2949,1645
111,132
1577,187
149,3614
2303,83
3566,41
47,34
2669,1610
3566,106
3122,125
2786,1349
3325,105
1733,36
247,131
344,1923
2709,63
80,3775
1493,2998
1833,3325
1335,3011
95,2880
132,2545
3009,106
82,3126
3555,2881
131,3598
32,2580
66,3615
49,7
3186,331
2402,1610
2663,3615
1512,1414
2849,202
1423,2249
2947,66
36,1586
1395,3325
2569,227
3371,3612
111,896
1335,896
2663,57
2007,20
47,3784
3651,102
3623,2778
1532,3408
63,2427
63,3326
2372,1764
842,1586
1845,125
63,57
33,1901
2658,63
93,3615
319,2402
2264,1927
3554,113
3110,389
207,332
82,2925
3782,63
1251,34
97,3615
93,187
2834,3623
20,3564
115,97
1506,20
122,25
3488,2187
116,80
115,2249
2803,232
2572,1392
5,23
97,9
3549,1339
1800,2596
842,207
3549,54
111,207
120,1342
3186,896
21,247
288,406
3578,122
299,106
63,1349
57,66
331,43
195,1711
187,57
2379,1335
1542,26
2007,2580
1586,1845
80,2057
1675,80
70,2904
2057,1414
2402,73
2834,305
51,3838
1586,2167
172,220
106,2860
3325,2998
2372,2379
59,3718
9,70
1586,54
37,1927
896,3578
3839,33
63,2050
3892,1532
1586,172
121,1699
73,124
591,1066
3211,2909
57,2807
1509,57
73,2249
2956,1461
57,2189
1744,25
1,1514
195,1927
26,247
118,26
2904,3122
124,57
63,6
6,118
299,162
2189,3268
2,3672
111,121
1586,642
32,2569
3211,2303
36,62
164,1461
2998,162
41,14
1414,23
2880,3998
2333,2654
1555,67
2050,1963
3870,1845
3623,106
6,124
3615,1
32,3488
2520,43
57,36
11,842
1414,2025
2956,1586
1699,3379
2520,20
3870,2956
57,220
2050,1345
2303,67
3270,118
3371,36
162,2860
124,2333
2654,3488
11,23
36,33
1733,3371
1493,2643
32,3371
1568,63
61,3623
34,26
2909,25
3784,7
3408,23
2,2880
2880,2057
3379,5
2849,7
3870,3784
3839,14
1699,1532
2643,2807
7,2956
2834,3839
2167,14
2807,842
66,1342
34,2834
842,3615
2834,164
162,2167
3270,6
32,1532
2050,14
1699,7
1532,3839
3126,2249
2249,14
2834,1
2998,5
32,2
3408,5
2187,2249
3126,3555
3408,1
2187,3270
3555,1532
3555,2
3270,1532
