3143,1983
3175,1843
1091,3451
1594,2833
102,2282
385,3275
3448,3358
348,2739
739,481
2108,3698
2588,1720
2862,3271
1071,1511
2112,3154
3844,2039
857,2463
2541,2955
3672,2532
3189,2139
954,211
1845,3631
3363,549
144,2803
2193,1705
688,1824
3276,2556
826,3289
2577,2351
1088,2722
1102,3674
1987,356
3497,645
1371,3509
3940,2891
3534,769
21,3035
665,2964
1057,1810
3173,3246
3358,3920
3420,1927
2318,344
2431,3177
1053,1599
3934,606
2299,3806
824,212
433,1167
3391,3286
3842,2206
981,3936
595,2182
2556,1108
3806,2316
1872,1589
2405,3063
183,240
2049,3937
3433,1564
188,3186
2410,2039
2708,1278
2823,3767
1717,2443
1705,837
2104,1867
1943,603
1087,3224
1299,1316
151,1012
2991,2216
3436,3763
1473,3683
34,1460
3574,3847
1492,2515
2981,3108
1388,3806
2369,3083
76,958
3912,3388
1503,3018
907,1818
653,2183
2604,3227
765,179
810,677
2754,3054
38,3917
746,351
2417,3694
2356,3656
1343,2064
1437,1057
2427,2925
834,3083
3317,3840
1057,3513
579,1679
571,2713
2587,91
1834,484
962,1962
941,1347
2045,3445
1614,2666
2983,3083
2738,1038
9,3199
3765,2330
1216,1709
2913,1306
2738,356
1129,1043
1764,3624
1362,317
1896,2397
2026,3470
3025,1781
2680,342
1545,3753
356,1280
2198,942
3368,3278
2373,3440
2307,779
2292,3175
508,3475
3227,2103
3357,462
1015,3942
836,831
891,1721
2912,1992
1599,2679
2828,3153
660,2296
1449,3534
3635,53
2859,2432
628,2251
222,2239
3037,1403
211,237
1535,476
3965,2228
3157,3285
1244,1749
2966,366
1331,1057
3902,3132
1321,1425
1861,2825
3908,3051
1099,3123
2505,2762
3310,211
1058,2840
2325,2039
507,1972
2566,30
1342,2090
227,902
1555,273
2975,211
2598,3467
3240,1707
3828,611
3463,2907
1057,739
608,1995
2546,327
1523,1357
2568,1992
1561,2937
3907,1964
1457,373
3720,411
737,1071
3364,1331
1276,2405
2599,1415
1874,3905
43,3805
2834,845
3908,2312
1246,969
923,3522
1713,2930
1269,1448
451,115
3007,581
931,1778
1781,2725
796,3849
962,3552
641,2556
2356,2884
3797,3783
1580,356
2562,47
2066,3670
2939,1684
3628,1126
2024,2038
1166,3898
1111,1284
3663,1057
2917,3476
3959,102
2903,1715
3954,244
532,1734
3469,2638
2540,356
3375,2062
1255,1454
705,1677
1102,3472
2407,3102
3430,1470
2881,2017
3723,2159
64,2235
1957,738
3579,3810
3235,174
2171,2436
1895,3983
1853,3629
483,127
3752,539
1185,344
3615,167
1690,2652
1437,2558
2870,3180
3410,3962
2845,1627
3721,3294
2089,2876
1567,1626
3271,3429
954,3731
968,2071
136,2382
3703,2729
1305,2747
939,2969
2934,2459
1753,931
122,3830
2579,1334
2993,1179
504,2582
2042,3663
3737,2016
2213,1443
1839,2
3384,3720
1640,1039
1562,2064
2556,771
2326,2297
3592,3837
804,1198
2517,1182
1606,2095
1910,1942
1424,1434
1671,1676
394,1792
2511,341
3276,2130
1770,404
1973,3191
242,211
550,1100
1962,1230
2255,3990
1781,119
2624,2459
1935,1231
3667,962
2445,1057
909,2556
1101,128
2318,2099
658,1834
1396,741
1554,356
2930,1993
2245,1438
364,3559
190,3259
1437,2395
2782,1332
935,2022
3810,1397
994,3154
3880,3120
1151,65
2996,1936
2979,777
1855,327
2396,2012
1841,3428
2128,1656
962,702
3683,2922
2442,2712
2875,3948
2547,70
3942,1167
1376,1898
3647,371
2680,377
2909,1909
3183,3308
631,1044
586,23
572,746
1102,2838
2349,3250
2919,3856
417,3334
1589,3091
2642,131
1599,2445
159,3764
167,38
3097,607
3533,3010
1076,3454
248,3195
1041,1477
2540,3973
2700,2392
3274,3083
1710,1219
818,3066
2282,891
827,2410
2617,1599
2760,2872
3604,1524
187,2032
2238,3613
2119,2686
2206,3208
1294,3083
362,849
3056,3144
3067,211
3362,3045
2570,3736
3692,319
3897,1320
2546,661
3069,2565
1040,2860
654,2496
350,3222
2468,1314
1105,356
424,3405
1821,3797
581,507
3072,2216
39,843
1749,3326
2319,2351
2829,430
783,2345
3359,1335
2230,2212
873,234
3082,1929
1833,2985
656,3750
2009,2362
1640,2768
1570,1332
3776,331
1944,1813
3758,2769
1084,2369
3395,3724
3069,2793
2669,3772
433,2315
2772,1688
3094,2039
211,3065
130,1102
754,1444
37,1706
1717,3906
1692,395
3897,360
1735,523
1173,3258
546,303
3663,1319
2849,552
2432,1428
600,1146
3126,3816
2000,3076
3083,3501
3274,2311
2174,2071
3385,1874
2335,2229
3239,2757
2862,1858
1675,2393
2273,1071
2835,3617
2052,2779
2746,562
3937,276
2722,3045
746,2030
3562,2724
2617,1603
3830,3509
3735,3081
2153,1980
1284,2760
3448,1640
734,3362
577,3948
972,3806
3095,671
3472,2049
1599,1957
1906,2968
1606,3682
2855,1068
929,207
3900,3652
3083,1354
1012,1286
1781,2074
1495,1164
3193,2178
1642,501
52,54
2773,2066
1599,2534
1852,1430
2480,2872
1472,1589
2369,1344
1267,3608
1376,1035
2582,2613
1832,1678
3357,1251
211,3276
2486,3826
1695,627
1651,2254
1693,177
1020,2580
552,3320
3059,3852
1206,3570
3222,102
2039,3714
1523,1332
3930,2501
593,889
356,2764
279,3074
1402,2754
3326,2404
2441,2589
1954,2822
103,3333
2301,3635
2609,1459
775,211
1893,950
3148,698
2318,3730
3809,680
1210,1057
1365,211
2356,3118
848,2831
3704,730
3448,2522
1705,1020
3215,516
2477,211
1006,1348
1053,255
2652,1332
3231,3191
3276,1247
3031,3932
1874,517
1896,976
1583,1206
1057,2540
1855,323
870,205
2490,3212
2317,2705
1821,734
1284,3592
3645,613
1086,1244
1116,2036
3989,674
3305,3047
2389,1628
2373,1646
3822,2337
1071,1093
1599,3905
3986,3184
456,1898
1725,568
1421,2233
2079,2719
1057,2892
3920,321
2744,692
2023,1135
788,2121
3548,392
3144,2259
2050,2621
3443,279
1901,1993
1418,766
3921,1924
2625,3606
2540,3782
2604,3641
233,2756
508,2207
396,214
1744,2412
2258,3651
1069,1071
2307,2873
92,247
2017,3670
2089,2054
164,777
2948,2344
2926,2360
2356,1673
1991,1341
3700,496
1599,3154
526,897
3033,1057
3734,3461
2309,3585
1035,2028
1554,2956
3413,3002
3752,715
3089,1259
277,2179
1781,3980
1804,1025
2556,124
3612,2275
1458,941
2385,832
3411,3710
1229,795
2598,261
3798,1512
1877,3175
3043,2167
1991,2777
294,2219
671,270
3017,2774
1119,1284
1988,2307
2684,1472
3789,2626
2251,958
327,3560
949,1531
3088,1388
2797,3590
2557,328
1249,1421
1664,356
352,1814
3188,206
3483,3289
1000,1121
2726,3254
3672,1599
819,211
1862,3702
1792,3528
1618,2475
3665,1844
2464,3868
686,1401
477,327
3622,2972
2733,2581
327,2093
301,1896
3900,923
733,656
2924,2272
3610,3475
757,2986
3721,3878
1568,1719
2923,1756
102,2657
1911,2374
579,1602
1579,3220
976,2430
3312,276
3262,2070
3129,231
492,2780
2435,1334
1686,370
265,3630
597,2677
3009,2450
2106,793
2728,52
1151,2442
1835,2017
1053,2646
2415,3668
2086,3266
48,3699
1599,1085
3025,2964
2065,645
37,2314
280,2094
2102,2065
2676,3900
2885,564
2411,688
2556,2269
424,2180
100,1031
2976,3841
2038,2389
594,3113
2580,3822
1550,2519
1308,1071
1212,1028
355,965
3915,518
3259,3877
887,3118
1476,19
3203,63
713,1057
3120,2682
2803,2886
1558,2326
1684,2814
3323,750
3263,546
321,294
1102,2651
1036,385
1057,3452
1816,1547
2430,1885
1781,3703
1819,17
2941,3954
2705,3741
3726,2141
461,3613
3456,1750
3668,2356
3988,836
1427,1780
3289,1853
2232,148
1215,3543
3287,176
1450,468
647,2541
2465,3197
713,271
907,1051
216,2556
307,356
1216,2956
3702,1804
1956,2967
842,1743
962,746
135,784
1653,260
781,1944
2659,1206
3900,1917
2608,1134
3303,1222
1605,585
199,1280
1057,2677
3154,1196
974,3631
2932,2704
1599,2243
677,693
3271,3793
2361,2501
1787,1976
835,284
3562,3814
2962,63
2346,2934
2838,179
3538,3175
3735,1038
3954,3671
3982,3407
1708,1043
3460,520
1240,949
3998,211
1575,1589
2900,3127
1024,3187
1209,2369
199,225
2330,211
2167,1103
1047,2685
211,853
2196,1335
451,1958
1326,3875
3519,3655
2172,1711
2832,1912
1085,899
2425,211
2961,851
1782,3754
1855,2144
1588,3151
1599,3679
22,232
1057,2797
3400,2101
3534,2039
2203,1061
3057,1154
654,2859
2577,3847
830,2494
596,727
1064,1281
246,3188
712,1565
2952,3486
2540,1397
1099,112
3875,1038
2788,349
2426,3215
1868,1877
1965,1721
2485,1857
2806,3757
3477,895
2824,445
2212,764
865,635
1644,1994
1297,3282
962,3159
249,1388
3663,1934
2795,121
496,3729
1651,2481
1409,1738
1092,2880
351,955
2280,2733
611,431
643,3293
3811,3617
801,523
3689,3074
757,3900
518,211
1964,378
3013,1960
3682,2152
905,1983
2838,212
1777,73
2039,238
1507,2327
3183,3005
2205,3864
45,2760
3246,851
909,1286
1797,3645
376,1854
1201,3945
3377,2095
3104,2860
2149,2661
1275,3275
526,3420
3176,487
1057,2500
1069,3678
3634,1699
1150,2945
293,448
3190,2040
1331,873
1380,2361
156,1506
2672,437
283,136
3949,3123
1873,1206
1102,2433
1325,3530
2614,381
1214,1057
1825,2366
2163,3033
414,1411
3122,1192
663,3799
3814,877
2838,840
3271,1751
2095,941
3797,225
3737,1191
2284,310
2235,2922
950,3289
1490,1599
1372,1781
2003,2060
1279,1550
1864,1331
3991,3615
3020,2222
3776,1951
2488,1502
955,2654
1397,1729
3625,1110
1387,3484
1505,3083
938,1983
3759,2160
2580,2654
347,1781
546,2542
3467,3668
3403,3349
2558,1266
1322,3503
2737,3634
385,3328
1919,620
152,3170
535,2715
359,3414
2135,2804
3654,3864
3259,2691
1121,1700
1395,1412
1344,1199
983,1850
168,3298
2453,586
1705,610
227,793
3917,3594
2258,2123
2203,1401
3528,2587
208,213
3837,1170
1456,3767
2956,1440
2556,2027
2413,2792
603,3561
35,356
1629,2378
730,2473
2785,1540
1412,1362
3743,369
3819,2122
327,3546
1558,2740
810,211
2845,1709
3202,1741
2781,1000
3486,1574
175,1875
2095,595
1397,830
207,2003
211,3542
1627,3304
3743,2362
543,3551
3150,533
2246,3615
1213,1420
126,741
211,1286
706,1086
416,2585
148,1563
1535,2728
380,3645
1957,3109
3677,3496
2429,2453
1454,3475
174,327
1640,2353
497,1935
2222,1956
211,780
1063,2646
3809,2318
802,2982
3643,2379
1453,2463
710,602
2459,135
1902,1003
1732,990
3870,1440
2733,211
2577,1057
1667,3790
3414,1206
895,525
1732,2226
1127,3320
1734,2260
3301,2452
1375,477
3241,1959
2131,2388
2287,1864
2912,1102
1964,628
2044,2917
3085,507
2675,3086
3346,2317
2401,1360
2351,1569
505,3068
3878,1215
1097,881
2079,3142
3923,821
2126,2796
2737,1908
3814,1160
664,3759
494,1093
2369,1102
2407,1057
9,2832
3740,173
1872,1705
1333,1278
1826,2756
823,3110
239,2591
2799,941
350,2471
2898,746
2547,1897
155,378
1539,2838
653,1983
1822,3854
2087,454
351,1747
3658,3284
121,2320
901,3882
2160,1960
976,1555
2905,2936
2684,2821
2982,2039
320,3597
2327,3650
2354,2960
1705,2307
2940,41
3284,3567
379,746
2787,1808
1101,2662
3083,3285
818,1332
3040,2084
2874,3362
2977,1327
1388,358
2075,2520
7,2703
2967,2142
3106,2157
356,946
841,2545
2737,2306
227,2909
427,3470
2951,614
2752,2243
606,2103
2109,61
2708,560
1293,2509
2347,2556
393,2980
1696,1931
2956,1286
1599,3958
867,211
3869,2607
1362,1195
2371,824
46,1057
1980,1014
3080,1599
1540,2612
637,1667
3849,3116
796,3806
3390,2580
3571,941
630,2803
2856,1714
2615,2286
2110,3114
3713,599
327,962
1650,3539
3955,101
976,2879
3819,1599
3316,2095
2950,937
1851,2574
3381,3195
602,785
260,2831
941,616
2944,218
391,3022
1768,1631
3597,888
3964,3676
679,544
3809,2580
2039,2562
1295,3995
2540,1334
45,2902
636,3867
3164,1331
169,3409
941,960
211,2653
2479,1181
1038,1286
1148,653
3779,1005
2173,2846
435,3091
1227,1935
3928,3216
1990,1500
293,97
2496,2671
3561,1770
1742,3485
2815,1142
1511,2659
2732,2347
1517,901
1338,3682
1579,1459
2534,3077
2690,3576
3652,97
1961,1501
2307,3195
2689,1741
1595,2755
129,2284
2083,896
436,2459
606,1890
3181,1781
1599,2688
2187,2265
3972,976
211,217
3347,2158
356,962
3903,3397
570,1127
372,1450
1665,2490
3259,145
172,1321
1108,2939
211,1762
1723,458
2560,1703
530,1599
1102,3557
20,213
52,2838
3197,1978
3607,2052
264,3791
2091,217
1313,327
193,803
627,2113
655,142
298,294
1399,2721
976,23
3622,1952
940,2879
2437,244
1008,3242
612,2285
573,3007
1729,1169
1777,2228
2356,1909
1057,409
3622,877
1208,1456
2135,3493
3663,698
2396,3691
1021,159
2270,3136
1250,1900
3900,2592
3274,3082
2832,612
3296,1179
2599,2719
2526,927
2391,3352
358,1952
2981,3489
3787,993
1872,859
931,172
905,1173
3259,447
1446,794
1860,2971
234,2141
2045,811
3251,3210
871,302
1576,4
831,3023
1499,3539
3840,1286
1599,900
1639,2768
2599,209
1552,688
1756,1888
1288,819
3182,2844
736,3763
1322,1624
2275,1666
3787,2899
316,1055
1588,35
941,1506
1884,227
12,977
1235,2339
1145,3593
3338,966
3761,489
626,490
780,2745
2566,367
1309,1332
1760,3910
1930,918
1583,1002
3403,2538
2773,1984
2534,76
1029,2773
3309,3657
3649,1512
2104,888
2027,1531
1282,275
939,2549
3028,2764
109,1137
1632,1963
1892,2785
311,1717
2866,3533
2918,3365
2577,2409
1599,3952
3349,1693
1872,49
513,1634
367,1662
3123,1131
3948,2418
1525,3880
3862,1128
2482,3740
2653,2968
2577,7
2075,3440
356,3806
720,1781
2107,1731
211,2724
3958,1253
12,1565
1334,3783
211,3116
787,771
3486,3317
1523,3175
1140,1171
1443,834
444,3540
211,1832
1892,467
3900,3297
3321,1945
337,3133
211,2888
1599,269
3038,2365
1726,3491
2095,2003
2698,941
1334,3442
2167,94
1599,763
1527,2891
726,1822
3614,3722
3189,1561
2099,2673
465,1545
1359,2156
3064,2095
3688,344
2366,3975
1338,2221
499,3809
3396,1983
2746,1071
3879,2556
3742,2268
2176,3019
2707,2546
3719,33
211,790
638,2927
1,2877
938,960
1787,1592
2075,405
1314,2360
798,1670
15,2117
178,1198
2437,2749
2724,2713
3660,2444
2070,2764
3908,69
3888,313
1339,1209
718,1138
1641,1196
2325,2018
3404,2632
411,82
2079,102
1983,3896
2156,1295
3151,3472
3395,1071
2581,1102
1092,153
1140,1781
2577,1453
2844,2243
3411,1825
3797,1615
3404,1694
738,2016
3160,3261
1082,716
3399,2526
553,2096
1701,3218
2258,3622
1923,1747
2982,2577
266,2447
3326,731
406,1620
1406,3560
3292,1295
2332,609
754,2567
3113,2369
1332,2764
1715,1554
477,2048
3640,528
2313,3441
3166,2982
1619,3364
211,3591
709,854
1754,1799
3826,1599
3733,2894
3777,1727
1370,1102
1266,3163
1944,1622
1835,310
2909,3632
257,2654
2423,1436
356,1303
3596,3694
1882,1968
3289,2625
1342,241
1748,928
468,889
2928,144
837,1845
2620,3054
1057,1881
1628,2049
898,2882
2319,3368
238,1058
1788,2752
207,3011
37,662
438,1790
1979,1354
459,3518
2540,405
1037,873
2556,2995
3008,1058
1388,2764
2833,1057
1587,1508
1848,1252
1413,2812
724,3690
2577,2894
3415,775
1372,746
2421,2540
2089,1359
1996,2354
2070,1982
1324,1424
1790,711
2887,746
2869,1133
2740,3665
1057,3639
67,1599
3774,2035
1293,2936
211,2908
1599,3291
400,920
1248,2564
2731,1495
3179,2391
2475,3614
299,925
955,3516
3355,981
3856,2663
3325,1161
3448,2039
1065,2186
570,2093
696,2258
2459,2026
941,144
1101,2597
108,1302
2571,90
2259,2556
2061,789
1705,2775
3567,1384
904,93
1834,3703
163,1700
3584,831
2449,2768
2039,2012
3684,3977
3718,3696
2114,2797
3450,1304
1914,3421
2681,2120
2758,29
3470,2043
2333,2110
2904,746
3412,3317
2800,363
2936,851
313,3763
2027,1237
1932,791
1311,2708
2049,1866
2307,2351
2924,2982
1518,2687
3384,1428
521,903
3354,1310
327,1368
1957,587
3044,1618
679,1115
2039,183
3560,3933
2914,2906
1448,237
2585,3594
1983,3833
1434,1957
259,2449
3925,78
1781,3463
997,1955
90,327
865,723
1389,1810
1747,3551
1102,3390
1471,3040
1565,3427
3353,2201
2796,2016
120,1946
3251,1502
3060,479
1476,817
3492,328
2795,782
829,630
3208,3286
3705,1564
594,2792
1688,711
1447,2465
1058,2769
211,1016
1746,1970
765,1059
231,2012
1697,1659
575,3253
1009,2039
1129,386
2228,361
2556,3767
2764,1914
3776,2082
211,1536
1883,2080
2896,3949
2337,2794
2448,2483
3287,172
1253,3445
954,1528
1663,3438
3461,2748
3933,200
2283,634
3614,2579
1382,646
231,1307
2909,2122
1784,2434
146,1560
2422,3409
1705,1834
2042,1728
1332,3757
2727,3806
3425,419
3570,748
3466,3138
79,2556
3563,713
1067,1005
962,3473
1372,2357
1904,2805
2529,1217
1694,1733
131,2909
931,2437
102,987
3485,3564
1870,1836
2514,2913
373,3890
211,2163
553,938
337,1674
2379,356
3806,2540
27,931
1815,741
3643,1979
2804,3586
1407,540
2072,3141
1419,2178
3023,3525
379,1009
1332,3919
2982,2122
814,2755
3253,750
1221,1854
1656,2039
1070,162
1570,941
882,2237
292,3718
1491,218
1777,1409
2833,315
59,2459
1249,2515
3433,1696
127,27
3907,277
968,713
505,2039
3839,2219
979,2234
1351,3415
1527,1009
240,971
506,697
1640,3707
3219,2614
1924,1791
3950,3850
1167,233
3657,2102
215,555
257,1407
1206,3497
863,3290
2540,2820
3643,557
3542,3000
2039,1131
2049,3858
3850,3524
872,356
1080,2165
873,1221
3942,2004
732,291
2604,3780
2312,3902
1606,3486
2641,3728
818,1040
3969,402
3868,3673
53,3382
3787,1071
3509,3381
500,3242
1707,2950
1235,662
3848,1781
3549,937
1017,170
2297,1557
741,2331
2382,2758
3701,1974
3285,1799
666,2328
1284,397
312,3572
2922,2104
828,1661
1353,2537
2644,2999
1950,356
1696,2024
1980,3050
601,2391
1794,1501
1020,46
538,1174
2612,3115
3046,2888
2437,1297
1260,2967
2088,2212
1393,2116
2147,2039
2883,1599
1200,1805
3670,3083
1014,1849
1136,921
237,992
3100,839
1091,3868
746,3995
3088,587
96,482
3810,1188
877,3816
2556,1265
536,3608
196,1363
2565,1705
2862,3595
56,839
406,3749
3195,1261
2927,289
1960,746
816,1395
2736,2453
2005,243
2099,2543
407,659
157,3587
3939,1243
1999,3785
1012,1879
3194,529
2152,852
2479,3311
2881,3797
3159,251
193,820
1993,3948
1174,3780
484,3309
3605,1147
3223,599
694,2586
2719,2626
523,1999
3309,634
3940,1032
514,3514
1864,1834
3331,415
1630,489
312,3794
3175,272
3806,518
3942,771
3233,3488
3911,3708
3383,879
3715,52
1058,1599
3973,3928
1952,2548
176,211
2139,3548
3102,267
3834,639
3892,3449
1241,2733
1688,1985
2373,962
1417,1233
1135,3916
3171,2523
3498,24
834,3855
2095,3319
1599,2838
1474,3217
3938,2369
486,1705
211,1205
3670,791
3198,3292
661,560
1542,244
2167,371
1957,1206
2156,1117
623,2223
100,3101
3487,3049
3089,78
824,976
2589,2461
1781,1599
36,3942
1767,2863
274,705
1300,2501
363,2744
1599,2152
2009,3042
3221,2016
2413,2990
1130,3604
211,1396
2764,2698
3608,1317
635,309
504,994
543,3361
1048,303
1207,301
2567,1102
3455,3905
1442,2022
144,1734
553,1962
2552,3127
3570,93
3126,1778
674,1600
1498,1683
3560,3146
2450,1442
390,1091
2909,1934
537,1781
1455,3451
1463,3351
2556,2215
577,394
2207,1543
525,530
713,2565
3775,2122
3676,3899
792,2593
335,3226
3323,1123
1548,2049
2829,2029
3207,1666
3354,1111
3527,2924
169,2315
805,235
1454,3291
2368,3728
1292,1671
384,3352
2805,3175
223,2507
1668,1193
3914,2790
1358,3027
3737,2577
1206,1877
2868,735
470,2369
2863,139
96,2766
1664,1629
172,125
758,617
3463,190
74,1609
2258,1513
1377,2461
3797,2689
2317,3987
3167,678
3741,3478
742,2643
830,1516
2604,429
2318,3812
974,62
3918,3602
969,1546
211,3122
356,1812
263,211
3577,301
216,890
2753,1071
962,3942
3097,1640
2998,598
3131,3518
3403,2898
368,356
1032,345
3904,3405
1307,3824
668,588
2034,2863
1902,2803
1966,3456
3874,901
3935,1489
3581,3474
3629,278
482,2577
2883,3998
3644,869
3895,3321
767,1582
563,830
332,2480
2723,3665
1864,2918
2618,1752
1463,2540
2039,3267
2058,2331
432,3083
1523,3122
3486,3938
3508,1901
3797,3735
2002,3149
2416,1897
1006,745
307,1567
2057,3054
3229,2657
254,2556
3290,3359
2583,3722
1181,291
3090,1840
265,130
2051,72
3289,2121
925,2039
3486,3481
2205,2121
3444,1083
3678,3646
1516,3396
2748,3490
923,1141
3170,1882
2496,2155
1037,3695
356,1705
2598,1504
2933,1798
2963,761
1399,2956
1295,2384
1262,353
1365,3094
2095,1451
1868,3134
1261,2764
3889,162
3626,1501
1865,3422
2257,1946
875,2733
2631,1197
610,1661
250,773
3470,1654
2164,3497
2039,3891
2707,993
3624,2553
2540,2737
1146,1528
3063,2670
1974,2649
1506,2776
462,1016
1525,1571
491,184
3806,3463
1963,2039
627,307
2801,211
3280,1411
2817,2570
762,3859
2759,2106
3576,3111
2817,2771
211,2167
1529,2580
233,197
1356,28
3606,1060
2848,1623
3585,493
1983,2792
1793,2156
2395,771
2909,734
3459,1222
3458,3967
981,3643
113,808
1542,30
1066,994
20,1926
2686,2264
211,3643
2296,815
2841,2401
798,1599
2707,1367
3028,166
1675,2705
2416,1243
2966,11
1781,3504
3039,1237
3906,2332
3514,970
1044,747
340,635
2632,2380
363,2344
3197,2832
3057,684
567,3622
1569,1553
2649,3603
1599,2681
117,1102
668,508
1738,770
1647,924
3990,1814
2970,1780
2459,3113
3397,3594
962,364
1057,1706
3470,1700
2459,2182
1732,1477
3323,1340
2128,3982
758,3712
1852,932
3427,2105
2508,2764
1703,447
3924,709
797,2706
1311,1493
2864,2033
1330,3590
958,621
2676,2220
211,2834
3083,905
2812,3440
97,1819
1004,1372
3182,154
3495,1057
1921,3985
3613,2636
2503,3283
220,1257
2506,1174
515,2495
2577,3689
2540,558
1983,2636
502,898
3170,3874
3755,2341
2971,838
78,1523
2970,1494
3954,1872
2032,2911
1000,2688
1918,1468
3549,2535
1206,1518
839,657
2320,3351
795,3942
3464,962
1599,2678
883,354
3806,746
1482,1768
1734,2889
3133,3453
1640,1068
939,629
3666,1131
3168,1282
774,416
3853,3864
2619,2431
2666,2323
2534,1809
2346,3009
327,3842
728,5
718,2791
2954,2587
2580,2314
1290,2605
104,1450
3860,448
1502,1376
3982,2537
1941,2388
811,556
3865,640
1022,2351
280,2786
1266,1187
146,690
931,3026
1266,2115
984,1597
3611,559
1061,2372
3206,227
3927,3727
1879,3054
3170,3611
211,2120
3695,1766
2464,1864
2847,1047
3672,1957
3333,3044
2307,2088
554,3532
3020,239
1224,2235
765,3795
1039,2406
3623,1710
2070,3615
1112,1046
2330,3152
1530,441
360,3329
1949,2730
1864,545
1206,2604
1584,635
2837,2007
1707,327
759,3182
1521,3083
859,998
2205,523
1057,1851
1102,401
3923,1364
3162,2015
2309,3637
2220,439
2109,3821
3976,44
2704,1360
1846,2518
3075,3806
1989,2057
1766,3511
2704,949
809,1163
2947,2156
2146,2095
3635,3131
1390,3587
3154,745
2067,3809
339,31
3245,1422
3157,211
2169,1891
2707,3461
3257,3675
1983,3778
3275,3304
352,2799
3135,263
1476,3302
1133,2552
2637,2576
624,2295
1102,1265
3643,1348
2308,3458
1781,327
2934,561
1109,2612
3773,573
2258,3546
2925,3145
627,3781
2340,1857
3037,3360
687,1435
2038,2087
1480,588
925,1102
1031,2793
2009,1222
3618,2566
1970,3154
3047,3910
3088,3931
2709,2173
1872,1989
3678,3271
2399,3319
1089,2095
3642,926
87,1056
3949,495
3591,356
1930,1336
3823,357
3867,2163
1363,1225
796,315
2890,2262
3067,1835
1291,1052
1838,1449
3087,2044
362,2751
1327,2183
1592,1907
3920,3447
228,3806
3439,3749
1870,3816
2081,1740
2258,2991
1954,3108
746,4
749,2077
1426,3611
1599,633
2227,1776
2339,1102
970,3882
3382,2797
1820,2569
3795,3388
1435,2756
357,142
3489,889
2481,114
716,3072
976,2015
3986,3713
2136,3154
850,2889
79,2798
3370,3774
211,817
2652,466
3112,854
3349,2012
378,2404
2556,1270
3505,2057
2566,3546
1005,327
852,3519
2878,1577
335,1732
653,1794
2307,2527
546,2516
741,2079
759,102
47,506
95,3723
3896,2478
978,954
1740,1543
3915,1671
547,2194
1760,3706
397,2214
3241,450
2225,3083
3680,3641
1199,3788
220,3085
2162,3972
875,3153
1562,245
1878,2270
1272,44
3929,1332
710,211
2650,2041
2697,1178
2318,356
1629,729
1102,1855
3988,426
3745,2597
3345,2975
586,1132
838,1980
1146,2719
2166,2283
1386,2878
1599,3630
481,3464
2802,976
3454,3515
1316,590
2840,3315
839,346
2255,520
3947,746
2577,1769
324,296
1281,1915
2459,603
1044,241
636,71
1561,2281
1237,2979
3477,1453
3210,605
2932,3643
2424,3127
1171,1953
17,2416
941,178
1217,1352
146,3797
1977,1057
2736,1971
3574,3255
2095,3124
2039,134
123,686
1598,814
275,603
158,3354
3851,3370
1977,1136
776,3426
2022,3038
2730,3295
2961,456
3501,3079
454,3992
1705,119
3429,941
2041,2797
3769,1271
2858,2839
1495,2327
928,3412
1996,1716
2899,2085
1326,316
1174,1139
2489,2951
3416,2235
1255,2159
3981,1082
3931,2445
416,3460
1239,2334
2192,1250
1593,211
3099,2620
854,1749
3006,872
1425,1876
3809,2260
567,2958
2200,211
183,2785
1319,1304
2764,2587
771,2988
1275,3641
2889,1839
542,1911
2010,3156
278,1164
2110,1239
753,3090
3372,801
2432,746
369,2675
1858,958
567,1113
1636,1071
1094,3755
1767,3348
3054,211
976,1480
331,2909
1497,1117
426,1140
3800,3923
381,2182
1591,3577
50,2191
3748,462
1226,2128
3054,2939
3809,3160
760,2345
2638,2952
192,2757
2654,3077
1992,2530
800,1531
2016,287
1795,1239
2137,1283
1285,1211
1767,1632
3512,1446
2956,396
1462,2391
2693,2547
1805,3727
3695,2343
2390,3452
3084,2580
2010,1457
3459,3897
667,3913
2504,247
1948,2463
415,2031
841,3244
3809,2152
2102,3217
3817,3026
2406,2707
1781,1365
356,3437
2540,736
2645,899
1601,3263
2173,300
1968,3600
1796,3630
408,3980
753,278
3797,1548
2797,3526
327,3695
960,2400
2735,561
3318,994
818,1170
1377,327
3773,2750
3083,1110
2674,1225
1995,2577
2667,417
3566,791
3755,3607
3551,2618
415,2439
2661,3175
2982,3525
3281,1034
2095,2222
69,2683
1801,1154
2328,1866
2682,3177
1638,1320
3572,2351
146,1433
211,1983
3510,2314
3879,252
1916,839
2837,2543
1929,1331
3193,2774
566,813
2942,3481
108,2294
93,1956
632,3737
2564,3994
3729,2290
1189,2530
1544,2991
1581,1889
3591,2723
165,1599
2591,211
3847,3744
100,38
715,2555
712,2056
1771,38
3534,1078
677,2175
1152,203
478,2943
920,2609
1798,1871
2971,2593
1596,2764
1102,3692
3522,1806
2540,3841
3339,3115
2213,3863
2123,1352
3094,3083
3308,448
95,3455
82,2930
3353,1906
3020,1749
2832,3147
786,3869
644,2240
2617,326
2285,1057
1265,1063
3213,2298
1133,2815
298,2759
174,2668
2861,819
383,956
3858,62
1798,1487
3459,1834
1890,1607
1283,1921
2577,2509
1840,1726
1304,3217
3663,3130
356,210
1827,186
2043,1523
543,1452
1584,3187
2580,1057
219,211
2951,2540
2116,2170
44,2375
958,756
2578,3774
3495,3054
2195,2540
1360,2234
3894,1292
1872,3256
1997,2666
520,1781
3084,3662
1927,2889
1083,2205
3597,3096
2629,64
3226,1644
1600,3016
3243,3155
3310,1640
2714,3833
560,827
812,3175
522,1580
3332,211
2577,1376
963,2945
3563,665
2426,1515
3545,1557
1983,3912
2285,3926
3506,1398
2351,2940
2853,1286
1280,3446
1779,708
627,1823
2585,3083
3999,3055
1705,1731
1047,703
1648,349
2556,1601
986,1378
2020,2973
2262,3413
755,420
2525,2039
2061,2017
2133,235
959,563
3480,1925
3632,737
3232,974
3100,391
2540,1636
202,251
3550,1057
2224,819
2318,3579
2317,325
204,1736
2418,126
1733,449
1599,2635
3463,1066
65,2290
356,3988
3968,896
2307,2838
2183,3193
1057,3534
3755,293
16,1760
1487,2539
3871,3242
483,2083
3530,1782
1519,3078
255,24
3558,915
2976,3152
2403,1204
965,1846
210,3622
2651,327
1791,171
1249,1559
1134,2561
3328,962
1245,1057
1264,2039
1969,1071
1189,1101
1815,2831
3902,3486
1734,3883
2779,2756
2577,1341
211,2356
2519,2184
3175,2193
2671,3885
2046,2635
2908,1304
2098,477
3036,21
1727,972
1996,1789
138,1764
477,2291
2758,403
1400,2000
2857,1399
3736,1751
1346,686
2573,2451
1898,3052
1406,1615
2977,2218
222,3427
2208,1499
3201,2468
2982,3373
2221,789
3492,3038
1345,1156
1834,3235
583,2030
230,3880
3818,851
776,1929
1670,3497
127,1064
2805,183
2665,2156
1718,2330
696,2838
3087,2054
2370,3007
3121,163
707,3867
3904,2177
1579,3616
2218,1511
3025,3900
1475,1295
2013,729
3270,1939
97,3226
447,2377
2464,798
1815,312
123,3485
2218,1193
3827,1615
1119,3490
1864,1676
1108,3588
551,2884
2801,2951
1899,1620
452,1714
29,2387
1366,2031
582,2375
1781,787
1093,1599
2067,2078
2460,3493
1648,444
20,1705
3474,2640
1468,523
2654,855
3348,2769
3884,3517
1495,154
2051,1993
1504,2431
1633,2578
1599,170
102,471
91,1854
672,3831
2081,1602
700,3217
454,168
1608,2765
238,980
3551,2016
1071,1406
1378,3618
3573,2132
1163,2815
1129,1441
1319,356
3425,3979
1925,2307
3944,3278
2078,1599
2526,627
1018,2414
591,1568
1886,2069
60,3655
28,2064
356,243
1957,2095
1325,1153
1520,2647
2958,1792
2161,3659
117,3513
609,455
2961,2255
2402,1642
1599,494
3663,3054
356,993
3089,886
1572,3153
1256,2011
1300,3900
1477,760
2982,1057
3100,3092
109,211
2222,315
1206,1572
2909,2209
1398,704
402,697
3784,2706
1155,2797
2131,2095
1057,3352
407,3329
2922,97
3865,3829
713,927
2975,356
3083,2261
2734,832
2690,1462
2772,3012
1881,1705
2913,3175
993,2282
2015,3486
2758,356
3988,3701
3334,1334
3494,684
941,3092
1385,291
3756,147
118,791
2430,2039
554,1284
1672,1723
771,1013
1864,2689
3639,49
2853,561
1071,2740
2832,520
1640,3268
1682,2915
27,2752
406,2521
671,2112
768,1574
8,1957
3492,3225
1210,1747
3273,2570
546,2577
2455,211
1781,624
157,1735
2372,2793
569,2966
3201,2539
2952,211
681,3471
1030,3313
2701,2505
97,993
3213,2163
3456,1134
1905,918
511,2458
1918,3916
1835,3639
1888,2571
3000,457
1197,3650
2174,3944
3473,979
1986,2851
413,3216
2930,2678
700,2258
1151,2614
664,553
1924,3391
1946,3302
3627,2233
2639,2463
3161,2877
2864,714
3222,211
31,3558
1980,2086
2957,3693
2155,1384
2279,406
3997,1606
3900,3143
2118,3249
3206,3959
3417,343
2899,2288
1681,500
1872,3572
3233,1061
2258,1286
881,1716
3083,2547
1245,3498
1785,2909
2556,661
1179,1466
3267,1922
2202,3217
556,2480
517,581
1079,3964
1632,3260
3416,1459
2992,1026
2577,899
3288,268
184,1280
2563,986
1133,1781
2150,494
2251,752
1479,1928
2810,1860
1380,1200
1573,3986
2692,3760
1186,1986
530,1909
2356,3993
2833,3607
3689,2045
2594,3799
3840,3296
1803,3271
2556,3553
3021,2607
1947,3054
285,61
2540,2464
3446,2030
1067,211
2047,1627
3389,2453
3551,3955
2068,3013
3307,211
2369,3742
2142,1744
1424,211
1353,1487
2453,3414
2387,1599
2281,3138
160,3803
2593,2421
3738,362
1102,623
467,2336
1331,3743
1126,1503
3914,3053
3240,3470
3803,2445
3282,2988
1012,2727
2798,350
1781,2956
3891,1381
1774,2205
3975,567
1252,1781
1420,1848
725,2909
2192,3747
2247,1978
1947,2394
1296,2368
1481,2246
471,2132
1745,3633
1761,856
2283,3
2457,2116
727,1523
217,518
582,3894
3162,2589
384,1905
1596,999
3420,457
3755,3141
2524,2577
3535,487
2082,3858
3112,222
2369,3361
3716,1327
99,2662
1989,3536
3059,1534
3300,303
3280,3503
917,1878
2562,378
3981,3256
496,1005
2788,3110
2657,2849
1513,3512
3148,1090
1042,116
934,740
1691,84
3341,917
3422,3063
1697,2796
3923,1414
166,862
3177,2673
327,3062
671,947
1760,879
414,883
8,525
3247,1427
746,2838
675,700
3896,1599
442,1057
1606,3070
1987,3967
2348,1601
1322,160
1793,327
3597,1863
39,2994
815,3717
102,3622
3393,272
2956,1228
3384,2452
3738,872
2769,1847
3821,2924
1057,403
3248,3547
2277,2933
3989,1945
3331,396
791,347
1876,206
656,3080
675,817
3643,381
1007,3392
1312,1206
2718,3498
3900,242
2318,2579
305,3369
2552,393
1615,529
1383,1555
996,356
3378,441
1057,341
2250,3414
665,2826
3877,2743
298,3784
3873,758
454,1948
2480,2888
1284,2571
3664,1071
1096,2573
3193,3443
1748,3680
1317,1468
3491,3127
1699,1985
3615,2401
2039,2545
3400,595
555,3806
3623,1549
2093,2838
3512,320
3860,707
3935,1775
3248,1929
3200,462
98,719
3806,2725
1284,1702
2884,1057
1146,3852
2242,1781
82,479
1107,3637
2444,3526
3438,3208
1054,2832
99,993
2894,3530
20,625
380,2463
296,1373
76,871
794,2300
620,3175
1609,779
1757,211
1114,3849
3296,2933
1661,3115
102,652
356,1844
1445,102
506,3011
2307,3973
627,989
1024,1966
3184,707
1508,3573
2507,3707
976,3225
3537,1071
198,603
2151,2489
764,2989
560,1389
1102,3466
2236,1660
2909,2145
2281,2084
356,2988
1781,3782
162,1704
105,782
1972,356
3617,2305
1227,2934
82,1345
211,2540
2734,3748
3161,1824
2342,370
2493,1845
2882,1390
1991,1773
864,3180
3680,1112
3125,2660
1460,3905
2714,995
1499,3258
1534,3591
2870,2229
1536,2735
134,2303
1102,211
1409,380
2351,2892
1827,3988
211,460
2345,1206
3978,1923
1657,2840
1146,1388
174,2248
1599,1202
211,3265
1102,2730
2600,3061
212,958
3817,1097
2376,976
3470,529
211,868
519,1422
418,3657
1940,22
3187,1872
723,211
59,2323
958,3522
211,1864
3450,3323
3330,3525
2176,531
1381,3363
1811,3603
2556,2210
2832,2063
211,1263
3994,393
3727,1816
2202,2320
2594,2095
1947,1264
2709,3333
3156,3895
3824,641
3793,3572
3124,1288
1518,1904
1771,2
3244,534
2869,2806
580,3183
3516,3790
1796,3942
1593,1588
1784,3123
42,1792
746,861
1974,1283
2084,746
3622,2833
3737,2271
4,3243
2851,2171
2944,2464
2443,2808
3528,3824
622,146
306,1361
1506,1146
1411,2316
2528,693
3013,1535
283,1723
903,3154
3471,1711
2919,3209
2095,3216
2510,369
1748,164
902,2263
2962,1022
2722,3806
2019,1971
3251,1339
3953,3788
2699,2340
1643,2577
3331,3527
570,3091
2775,610
3098,3073
2005,3083
2288,1623
816,2388
2002,1138
2319,211
211,2969
2518,1379
1809,2154
1819,3001
1276,1527
3141,627
1471,211
629,2369
1549,621
2438,2434
1823,2282
2487,2453
2463,2203
3641,2055
348,3452
36,3113
1333,3960
557,2934
2448,3866
211,1957
3451,906
1236,2577
2958,3134
356,2757
931,3668
3306,622
2309,1331
2577,3534
1232,2121
1797,976
2882,3906
1936,3942
1594,1057
521,1688
3652,3990
3434,1021
3857,2403
3442,2188
2307,3524
1538,1075
3323,1077
2061,2780
2415,2283
1513,1950
3323,1910
3134,2852
1781,412
3205,746
338,3083
3134,1071
991,2590
3798,2210
1836,2723
3943,1638
1966,2451
2909,2023
2938,753
1782,2580
3948,3054
3260,280
1308,3319
211,1482
2577,2989
3175,1670
2705,1926
1108,1760
3663,872
1763,2010
1102,3851
941,1762
595,1311
3714,1322
2595,746
2596,3350
1884,2351
256,3108
2676,1397
3117,84
2662,1022
631,1807
2800,644
1309,3344
2797,2516
900,3909
2686,3251
3463,437
3806,971
2855,3988
3380,2507
1558,2299
1481,67
3102,1182
134,2401
752,383
1297,1062
2101,1057
2105,1691
2838,1055
2442,370
3406,3351
1342,2690
2409,1944
2204,1701
849,349
732,572
763,2288
963,2531
297,184
3140,870
318,1970
2708,1755
996,3780
2123,2100
2920,1663
2749,1478
3235,2996
2040,3083
682,3048
3458,3680
1060,1599
509,1209
2764,2040
1450,2181
307,2373
2623,1104
2471,1299
746,868
1839,2812
1604,818
920,2378
2162,3190
559,3991
2621,1124
2599,356
3543,2350
1824,2847
2978,1393
359,721
3900,3568
589,988
3486,2090
2383,356
98,356
1691,1781
789,3224
1708,593
2320,3067
3615,3175
3269,3425
315,1655
1061,1195
3288,2261
1505,1755
2214,2991
1902,2790
1057,1234
3349,3028
531,911
2928,1337
1914,1977
706,2459
3096,3729
1966,2594
2176,1705
1573,3176
2340,371
348,1937
3373,996
724,156
2957,1599
413,2862
1092,1143
3616,50
65,127
2074,1931
2769,1689
2120,1269
3989,1765
1218,3311
46,188
2378,2970
1273,101
2946,2553
1833,1599
3386,2031
2134,3245
2520,3154
142,1781
2013,2113
993,98
872,3961
3855,3856
3845,1326
2276,253
3037,3842
934,414
745,948
2717,1599
1388,1342
597,2767
83,238
310,1474
1707,1925
2307,3175
2178,3083
808,2636
1248,2744
2719,2925
273,1918
2744,1587
603,1587
1428,3230
993,2903
519,2975
3757,61
299,953
238,2244
2574,3668
2194,3562
3783,3235
1376,3083
2831,1191
1589,1568
320,1667
3824,3953
3523,1775
1418,2538
2459,1858
285,2879
1433,104
1983,1241
3769,3383
1021,1551
2108,3531
1771,1902
2916,2039
1482,2577
2260,1099
2492,2070
3988,3057
731,1691
3272,2470
3088,673
846,2917
1086,2387
3692,2034
3628,2565
3266,946
2633,3602
2802,1899
671,2097
3299,3175
36,1781
2144,3561
2351,170
2264,11
2090,1449
538,3938
1917,3713
320,3264
2314,3436
211,1631
2222,2802
1618,3497
3202,3055
211,3369
2372,2307
837,2838
140,33
211,1867
3820,2540
377,1569
198,843
3832,1103
3550,783
3661,2024
2008,2472
29,1542
2963,2758
2949,2516
631,3942
1834,2302
2025,102
3099,2982
1334,1646
2500,1079
3619,2892
1947,1519
2888,2199
2556,2999
2848,2459
1281,1353
69,1180
3901,188
797,2336
3305,665
3200,2926
3047,299
3386,2016
2339,717
2571,1895
211,472
2825,3942
2462,741
222,1961
535,1938
3554,1726
2948,1335
856,1573
298,3634
1576,1686
3806,432
584,2622
443,1439
1284,2904
3925,2359
3702,148
2459,2345
1183,964
438,2497
3984,746
655,2897
1001,2175
2167,1631
2183,2329
1828,2439
2729,2145
2138,3592
3261,551
762,1616
1231,3158
2033,3395
3706,2430
2655,2938
3353,3744
3240,2108
3846,337
2377,3403
1306,3454
223,77
3987,1163
2576,2258
593,3755
74,820
1071,3815
2771,356
3219,2018
962,1736
1983,2666
604,3806
3290,2077
1006,1155
2521,702
3752,2298
1930,248
1161,1030
535,327
1399,1115
3521,2012
3314,122
3998,993
3932,3125
2645,1284
1594,1300
3154,3913
1390,952
1913,1821
2519,618
2838,481
173,3180
2984,1843
657,2764
537,822
2497,3614
2387,2636
1533,2508
1302,305
2838,2959
2698,1956
1011,1541
2481,1071
1349,2464
2604,1500
1957,2231
2869,1718
781,541
3544,1420
2854,2727
2095,236
941,3546
3627,3656
1509,1599
1095,993
587,1439
518,23
2517,1769
1071,194
746,2148
1737,1414
3855,1057
1828,1577
2998,18
376,1383
2214,2366
1022,2778
191,702
1654,3595
2889,3325
771,2407
676,958
3139,490
1686,1653
1933,1739
523,1971
149,3017
2217,3010
49,211
1578,1285
1383,611
869,812
463,2012
2039,896
3190,3942
364,1200
2575,2847
1441,1389
3388,2811
2220,681
1447,444
128,2418
2215,705
3468,2759
1599,788
1611,2639
2206,2349
21,1451
3764,3430
833,2487
3500,2555
2873,2784
3908,1016
17,528
637,3591
3437,2277
3778,1201
2877,2838
3845,3080
1057,3445
3641,211
1978,3101
3463,530
3963,2307
269,3867
1366,1183
1613,336
191,312
465,2323
282,3914
3054,1514
1445,3598
3391,2895
2645,1997
2880,3445
2073,805
1375,2933
2722,2629
28,2463
2460,1365
947,2540
1149,1166
302,3177
638,788
1560,488
1392,804
786,1938
3250,2117
3924,3174
1171,2205
150,1587
1640,356
326,1294
21,90
2016,641
2787,754
3327,3114
3568,1514
1842,2923
3746,1385
3554,855
958,1721
2655,2098
2461,796
818,3244
3675,938
1464,1159
1066,767
1206,1599
287,956
1685,1864
2580,1120
3068,2494
3076,2792
913,2731
3079,1526
2415,976
3168,3203
550,2301
50,440
1734,1990
1599,2869
2544,1075
182,1007
1637,3291
68,2360
3425,3011
908,2451
1469,3984
3286,2625
1514,1861
130,679
1860,3788
3794,279
3359,2838
3843,2965
632,1883
1784,2377
3369,2976
2219,234
356,3888
3470,3614
1057,57
2356,2139
3114,1685
1089,3690
3276,410
1964,2984
2310,2023
2927,925
316,3638
1599,778
2142,2151
2258,2780
3175,2140
981,2366
2197,944
1323,1872
2811,3112
128,3398
1927,2039
652,1589
894,2253
3111,3692
3299,2822
531,3679
3073,3121
3254,3579
982,3806
509,2856
2039,2360
3250,85
211,976
1334,1516
3781,1599
1145,2929
553,211
2011,1124
3819,2654
261,352
2449,1540
1158,2258
911,1446
1705,1603
24,3751
3311,1097
3843,3411
2121,2258
1957,111
648,2460
2020,1843
175,1649
2435,3855
962,2472
1286,863
3943,3734
3383,9
1517,2017
2254,3180
2265,3992
1317,1147
853,2380
3134,1455
1627,971
2039,2655
892,1004
2959,155
957,1136
2337,457
204,1655
2029,336
3902,618
2039,3636
419,1206
2181,3073
3809,1397
3171,1955
3299,2307
3734,2076
145,882
1781,958
1450,2566
2256,388
2586,160
72,3675
2596,1400
3049,2824
474,3107
1586,3555
211,1057
3976,1227
1783,424
3704,70
3297,1223
85,2360
1057,3026
2620,3406
3898,1154
3549,3781
410,161
2786,1158
1041,2293
2452,2370
3447,3869
3032,323
1213,3892
771,211
1574,2648
1523,2801
68,245
720,3129
2094,500
211,993
124,3857
1494,3079
874,854
3680,2628
1366,1474
1320,1470
3556,2466
1365,3190
196,2499
3859,3549
342,286
927,3240
239,2697
859,1969
907,3473
2009,3665
124,1055
1102,137
2919,102
3389,523
1348,3203
1288,3061
3060,903
517,574
2307,678
1001,1057
838,2302
2420,2039
1334,393
3885,1420
1279,158
739,2229
87,192
1102,1220
1712,1298
510,3234
1684,1405
2573,1679
1332,62
356,134
3784,1813
12,1350
3628,1442
562,1730
1643,3263
1781,1893
1074,68
2016,1725
1280,2039
2227,2383
2729,1206
2591,1204
1309,1698
3801,2883
2152,78
1200,436
1707,3584
1228,3370
671,1184
3212,511
228,356
2712,1263
3183,727
2152,1510
2034,579
835,3687
3021,2276
2159,2654
3185,576
1387,2361
567,3993
2181,2669
3379,2056
1051,3750
2470,131
3269,1876
990,1137
2487,2665
1104,2334
2088,2042
1859,2459
2762,2577
2707,533
1650,2993
379,2051
2095,778
3082,2556
2279,1587
3815,772
2109,941
3181,1704
1206,642
2459,2108
20,1057
1523,3439
3011,2688
1538,686
1599,933
141,389
3240,666
542,2041
2217,1071
701,778
2380,179
37,787
387,2231
2459,3402
467,3292
3695,2556
356,1547
2588,2070
3761,1102
3090,2343
2781,1467
646,2632
2838,646
1782,2540
897,211
2006,3666
1726,2704
648,3633
3415,2838
2996,3094
1384,3156
462,1331
1281,1220
828,928
3860,3487
196,3112
193,1114
2510,1908
1804,3306
2764,1533
26,3209
2906,3824
627,2039
73,2305
356,643
958,3057
746,1276
390,3854
3600,2098
2226,2614
1374,1200
2294,1501
1026,1759
1723,3551
930,1781
58,3571
3808,1380
2399,1350
2887,1523
3289,3666
392,3456
3610,1739
1151,506
759,1245
704,2307
282,1687
3572,1822
1057,2556
3284,2877
1483,2987
19,1737
1906,1524
2378,3559
3614,2643
3994,298
2009,3822
2828,2119
3543,3958
2735,1280
2915,1154
901,1230
3249,2962
2860,3035
3729,3501
3983,1126
1097,2924
3793,1726
423,1788
123,3196
1102,991
2484,1071
1434,1920
1482,236
2343,178
655,265
1807,1967
3414,1069
1739,2364
2577,2843
2099,1636
2587,2076
1816,3521
3107,3214
898,1589
3745,1781
533,2956
1689,340
1878,1057
1258,2329
2556,1060
194,774
746,1206
1484,744
2162,2258
3350,356
327,3076
2832,3946
2577,2099
3847,2846
1206,2313
2848,3551
2808,482
3279,1666
1768,3819
1367,3589
3764,3811
1280,3706
1057,102
3895,3083
411,3762
458,2034
3762,630
620,3469
469,2324
1057,195
281,2977
2992,1291
3282,2218
2126,1377
3790,3408
1143,3573
3133,246
1143,999
866,3900
2462,1172
3256,3875
2491,1599
592,2148
803,2983
1467,83
3706,2470
1963,3766
1628,2092
143,3970
1610,3556
3049,724
1781,2280
1650,1357
3404,3265
1227,1806
3448,1705
2897,2758
2256,2747
3083,3397
2015,3141
224,3207
1924,1599
1032,2471
3338,1284
147,3790
1497,2016
439,1247
3049,476
1957,998
453,2832
521,1237
307,3255
3704,2838
1781,845
3809,356
1026,2838
3973,249
2006,1894
3223,2503
3394,2324
1997,3479
443,858
3974,53
1320,1703
2830,604
1974,1563
2459,2513
3581,3594
907,2546
3516,1203
2113,3231
3449,3250
706,211
2505,2009
1900,2900
3879,3535
3476,1551
2622,3618
378,452
993,2508
1950,1102
2399,1640
3330,354
256,726
2197,1165
1590,55
2738,2580
1130,962
3622,2931
3497,2577
768,1570
320,2707
2768,3115
2953,2039
2612,1254
1943,732
3344,975
3552,2056
442,1701
2463,1632
3659,1523
1526,3609
2082,2
818,3075
510,2369
2758,2550
119,2577
3007,3742
2430,3328
933,847
3031,2576
1408,2280
2425,1385
3259,3794
2307,3372
2127,1325
562,1102
3098,3141
2247,781
1067,3633
813,1593
3165,2060
1924,366
581,3736
1808,2780
2630,2258
3675,2548
3652,2758
3615,2809
2465,2540
3962,3934
1722,2650
1798,2534
631,3877
3316,2826
1577,314
3168,211
1252,211
356,3761
329,1423
3971,2185
3331,284
826,3598
2268,2916
1596,1872
264,746
203,3062
3819,1592
1725,2451
3873,1330
1347,1623
1657,1936
3735,1206
3059,636
2498,2322
245,2251
275,150
2976,3831
311,3
3422,2764
2942,3635
1512,1282
1536,2600
1752,1872
864,2556
3941,3248
1105,1772
612,3322
1581,3822
29,1421
1284,3083
2077,3957
3519,1102
888,2885
3948,598
3903,2910
1626,3191
3340,2008
2212,2337
406,1646
3375,598
3096,446
2249,211
2223,746
3967,1863
1599,2690
3769,953
3164,884
143,3161
3529,3463
2613,3419
2167,1781
2623,3977
624,3933
1017,20
2556,3439
1995,1071
2307,2704
671,1864
1397,3615
1684,1338
2429,1497
1829,3416
2770,2322
1394,829
3119,3505
302,114
1825,1057
31,962
1765,2919
1262,2566
1160,3034
2049,2499
1920,1640
2865,225
1381,3446
2078,1529
3419,3800
1102,195
152,2956
358,256
1312,1882
750,3433
136,2852
1064,1599
1033,1635
1415,1718
2739,1124
2090,3712
1911,2808
97,3030
1912,2307
2219,902
2832,2139
1211,2616
2097,3306
772,1305
2318,3551
3637,976
2488,1530
210,461
3618,1705
3861,3077
3069,115
1870,3479
409,2081
2533,2116
2211,1035
1599,3486
1057,2941
319,1901
3438,2510
1007,2912
2743,1839
2140,1536
356,3347
2039,2956
709,1691
1334,922
3469,3899
3220,1799
2283,3842
746,2798
3891,3821
1975,588
1837,1959
1530,2534
252,2667
297,3175
973,1284
957,3979
390,2541
2165,685
2151,2949
644,1102
1071,2580
1938,2134
2542,1937
1981,3429
217,3340
1246,701
1076,621
674,1371
1862,1558
746,3277
2269,2323
3259,3900
1872,746
3915,2568
113,1299
3887,3348
3926,1590
3929,2588
1284,3448
1044,803
1861,3603
491,463
2382,2280
3203,3687
2605,227
185,144
3716,68
211,3223
1448,2830
850,205
1520,1973
649,2369
607,3643
3886,3142
887,3919
548,2586
1609,462
3636,1616
3400,580
3455,211
2677,2085
839,2406
24,3936
693,2985
2356,2577
3627,2128
2534,2213
140,3672
1001,2216
2172,943
2494,1990
3923,3684
2505,3252
1368,1010
3115,109
3770,880
1106,3037
1323,2939
852,2827
1244,2021
1850,2614
197,840
1096,1599
1744,3859
147,176
2909,713
1599,519
2284,2046
981,1519
436,1432
440,3328
3425,13
1781,916
2769,2307
903,3695
2315,2073
1241,3087
843,1599
2577,903
1204,1410
3497,3289
3121,915
1142,585
3649,1613
524,1874
958,670
665,1152
2577,3486
2459,3813
553,2475
2759,118
2467,3806
1647,1960
509,1461
2992,1102
3933,3698
2230,3880
1746,3477
1337,627
751,2051
3830,1913
1297,2540
1203,916
3271,3991
67,3430
486,3942
1649,2016
2027,544
38,3936
1327,984
746,3741
2125,1750
3800,2788
1309,211
3636,1105
1386,860
1551,355
356,2838
2022,211
3486,1810
1,1727
1387,1099
1879,2838
1570,1175
3185,1461
1004,3327
80,52
1892,1926
3710,1691
537,3241
3887,576
1104,224
702,1685
155,1125
364,918
701,2049
2099,341
2809,3796
2775,2365
1057,3551
1705,2934
746,858
3394,1941
1084,884
2646,324
1821,1102
3376,2091
167,3904
2673,1924
3911,2156
1289,3927
1284,3507
3861,1170
3646,180
1502,3363
2037,3044
1649,231
392,2906
509,404
431,966
2207,3903
3669,1320
3437,1795
937,261
1680,3722
1242,2928
1273,139
910,2121
3277,3988
122,976
2194,967
1057,1496
3866,436
2956,813
2447,55
3277,1758
2364,615
2807,2816
2611,134
1311,3549
1538,3354
1137,2836
2509,2982
1016,3271
1988,849
2491,516
1158,1731
741,877
3566,1227
224,3831
1955,2838
3948,3661
419,3511
47,180
3804,18
945,1831
1011,1515
2465,3346
552,2307
1057,1637
2443,48
1793,3723
2950,1238
1084,444
2118,3267
3726,941
2662,1461
728,2101
1261,560
3395,1753
1996,1895
2761,3559
982,1612
2008,2621
315,1759
288,1892
737,2956
1087,188
1803,3369
946,2336
2315,3738
1120,2103
592,2499
2488,904
3628,2705
243,3818
2769,1132
2255,211
3949,3893
2274,2513
3920,1736
3327,1985
2318,1004
3644,1030
1759,1057
342,3679
1149,1526
3004,2407
2383,2956
3372,1751
1905,2684
3010,1599
608,46
1765,541
3833,3667
3387,1096
3607,3808
596,99
106,3472
1625,522
1521,2753
1784,3719
3406,2
708,2242
3520,3897
426,3770
3035,1040
356,1508
3694,760
2459,167
3622,1157
3056,3136
511,3027
3137,1639
1046,3599
2200,2106
42,723
2137,2291
3556,624
2885,3560
211,1781
338,1800
2913,746
677,1680
835,1988
2491,3918
963,2550
941,2265
3371,3418
3935,102
1258,2311
1276,1102
3128,1238
1102,2129
891,3183
3605,1095
2347,1058
3305,356
3209,2348
3893,2316
1523,2318
3900,3398
2875,3502
859,1242
1077,3039
201,3366
2745,1489
2577,3956
1064,3601
3050,3654
2189,1983
14,3083
367,3139
2707,3893
2150,745
1388,211
536,273
99,792
1621,3042
700,1773
3825,1457
1887,3622
94,702
1284,3450
665,165
701,3387
211,1681
866,1371
1191,1881
1679,1736
2960,3883
425,1812
3034,3366
6,2663
790,1726
2086,3058
77,3549
1334,3976
1121,1599
527,3575
211,46
3439,1567
1241,2654
2209,2362
30,2205
698,1498
49,304
1373,2240
3433,2178
0,1450
3725,1331
3098,401
2577,1317
3122,1057
3825,187
1523,41
2580,2642
3336,1323
2279,3312
1086,2620
525,2950
651,899
865,3181
2635,1225
1195,3269
3344,2440
2909,3292
70,112
2585,931
1206,2556
1640,3160
1058,2434
1115,921
1915,1534
2432,1246
2039,3541
284,825
1865,3033
3907,702
2448,3175
313,3207
3568,2124
784,2453
2392,3482
1530,1572
818,976
1520,2593
1599,480
1071,3266
1772,1704
220,393
933,1071
1818,3961
166,3470
102,2139
3695,356
3042,2201
1982,1761
2091,863
3199,941
3698,3766
1825,356
3499,2860
773,73
2929,3349
3840,1105
1658,2560
3737,3942
2963,3568
1224,935
1417,2466
941,2034
1370,1580
746,1052
3580,3835
2967,2807
2819,2193
454,407
386,1787
289,2983
164,2201
2415,2916
2026,105
442,3190
1752,3898
2838,1788
2681,1432
2905,2577
2598,2797
706,2434
1741,502
91,2838
2059,2387
2832,1800
318,962
746,2741
943,211
795,1939
3863,321
941,3470
463,2627
2983,2313
1464,678
2385,3045
480,2396
2996,2865
2732,2877
1263,2015
1012,1165
1604,880
3686,2132
1557,1433
2925,2195
319,1416
3218,2563
2039,2164
956,2857
3966,462
2818,2996
2787,790
1102,2801
1210,2638
1019,2419
2387,2978
2163,3580
1599,807
2508,3432
866,3496
1129,2235
3379,3691
1064,3724
941,1420
3756,3054
733,1810
7,2369
3301,97
1332,704
713,628
3853,2429
2556,1742
1228,3789
1433,1550
2121,2814
2305,3330
755,3563
211,2766
3169,3900
184,3547
2724,2473
1983,2513
2812,2342
3197,2552
3154,1162
2104,2154
1921,327
2572,3102
2039,3423
743,3051
2981,1722
1599,2016
3998,3211
2948,3569
702,3455
80,3483
1719,2162
534,708
3806,1764
2240,3710
3527,2896
281,3016
3021,398
286,3780
1419,2527
748,1969
121,2669
2780,2037
2349,209
1331,1332
769,2870
2695,1664
211,3360
1036,1872
1781,3001
3928,2909
3318,815
462,2351
2905,2115
3836,2281
622,194
2509,1764
1761,724
3144,1331
309,404
2640,2537
1362,3795
577,919
2025,100
1277,2577
3780,1647
2579,3308
1697,3691
3204,2972
3214,1130
3216,2023
2859,2601
976,1413
1593,139
3707,966
3009,1198
613,1102
3881,1781
610,806
2107,3862
388,602
1605,2179
3314,503
961,1057
3364,1652
1284,2111
1332,3218
118,1693
26,2577
927,2359
3055,2099
2950,1006
3576,2810
1260,2476
3592,746
2418,2780
3143,3581
26,3942
1781,670
1405,869
2336,427
2385,3198
3307,3987
625,2303
2148,2252
1620,502
3252,2032
1055,744
3950,1626
3653,2974
1076,2422
2954,2894
2176,994
432,713
3714,181
2863,1780
2539,333
2082,3039
1052,3522
3565,515
3687,2307
991,1057
553,868
938,845
569,211
617,2630
604,234
1460,1886
3823,2819
1896,1488
1529,3004
2363,3839
2576,2610
636,107
3513,1851
3903,3914
763,2528
2016,2749
844,583
257,1514
3674,2468
652,2583
1470,3117
1846,1599
3215,2493
1315,1080
1557,2280
578,590
1225,3894
2825,714
383,1612
108,3865
38,3425
2811,1206
2737,2984
391,3138
250,2726
1336,3960
1028,2876
3074,3101
3360,2474
2699,3619
2194,3995
3813,1670
3860,3394
1541,2839
2533,940
729,2421
2544,3465
1811,3083
3301,3933
2146,201
1314,3644
977,2489
3158,1599
1781,699
2459,316
450,906
3824,1448
3083,1274
2556,3156
1832,3476
2961,12
2366,2258
1376,3988
1063,808
3975,291
2924,599
678,2640
46,1321
1634,2460
717,3994
2556,883
688,2470
1796,2310
2158,2666
2095,2695
1537,913
762,2580
306,3768
3392,3778
164,2763
913,3708
3335,2577
725,102
847,1183
3109,2781
1057,2921
3823,3622
2720,3836
1064,3560
2933,1049
3482,958
2554,38
3054,3655
211,1151
1802,1957
1781,1137
3624,89
1431,1806
2483,2577
1540,1683
2644,2909
2004,1995
3349,3372
2348,1637
229,1935
2268,1068
1625,2073
1757,1377
665,3715
1284,2508
1551,914
722,3733
1668,422
3792,149
410,3067
1100,2353
3167,1289
54,1057
649,1282
3516,3253
2507,607
3782,2095
3079,3937
523,103
3569,2459
1511,1373
3215,2186
1335,3481
1284,1705
3542,2415
2478,2517
3820,1781
2705,3897
2534,1608
2955,3467
252,2307
3131,3260
361,3697
2429,1691
1609,2818
2252,3095
2783,2993
2276,2308
995,1705
1645,2808
922,211
1588,3373
3678,206
1284,1455
465,1486
1089,95
2949,274
418,2424
3820,294
2577,2454
81,2476
3310,2097
686,1982
443,3760
2073,1799
3981,3787
2577,3797
1395,3401
2052,2298
1190,1986
1599,2750
1803,2871
526,567
2873,1251
1705,3763
3132,993
1640,3821
1334,1610
3281,1513
1939,2359
1160,3376
2190,3685
3419,3154
2751,2765
2275,2039
2436,1306
1998,1023
3305,3130
2346,3053
322,983
3043,2540
51,912
2627,659
451,1409
3857,3175
2076,1652
731,3166
2012,4
1599,3634
3144,2103
3609,173
1597,1958
485,2476
254,2511
3800,3818
1831,3643
221,1254
2720,3303
2414,211
1333,3101
3263,211
3623,2002
1393,1553
1856,3858
3520,1546
3900,3986
1224,1295
315,2577
3239,3387
2937,1102
578,1146
133,1057
1332,839
1205,3002
802,3940
3797,1906
373,1054
2258,3254
2235,1010
3500,1208
3038,2000
791,3448
894,3404
989,2463
3996,2402
1788,1194
3029,3570
3414,2297
948,962
3743,1984
3514,2050
696,2358
2988,1260
3774,1854
3016,752
3777,971
3997,3010
202,356
1848,2974
15,2041
2741,1725
2261,2070
3740,1617
1334,3174
3024,1363
2795,1599
43,456
964,2070
3620,3262
746,42
1749,2934
656,2293
3564,3797
3318,1102
2795,2892
3642,692
3172,1015
1792,2398
1599,1734
1011,3164
1603,2442
2770,330
2346,48
83,1669
2529,1331
3166,783
3958,612
2103,3861
1767,872
421,1040
431,3903
1898,2878
224,965
958,2743
3669,3104
809,731
2127,2300
353,941
169,575
211,2717
2929,3096
3041,958
1154,211
374,1595
3680,3410
139,1193
1073,2018
2531,3002
1391,100
2970,2318
3574,3686
3901,81
1617,2827
2781,2836
1107,1689
3744,2871
403,1710
2780,1420
2608,3211
2371,3909
3674,2381
3609,976
811,876
1476,3157
219,1063
577,2459
918,209
785,1334
2039,211
2125,566
3942,784
1430,1803
1623,3792
2613,2381
2117,650
1501,747
3259,1842
3148,2874
730,3898
2697,3754
1050,996
1254,2720
489,1072
2634,1592
208,1589
1394,3544
1324,952
1252,3435
717,2925
3537,3107
2450,3174
1887,1791
132,3801
3393,1096
1752,2562
1836,3069
1983,3873
3975,307
761,2607
3832,2577
610,3029
3450,1033
3276,3342
610,2238
957,702
1231,3775
1024,2275
3806,2682
2318,1989
551,2462
1254,1794
1599,1334
1660,691
1243,225
3434,69
1065,1408
1089,410
3281,345
3505,3705
2224,2706
3614,2945
3988,2053
542,2657
331,1599
559,1613
2587,2163
552,2422
1213,1519
3677,2363
1720,2307
2490,619
2423,3349
822,605
1013,722
1544,3643
3415,1645
3001,1370
830,1970
3806,2704
510,3331
1604,2732
1480,95
2894,2758
1600,848
3957,2204
2540,1102
2413,1829
648,3442
286,1945
3154,760
15,2351
1827,2987
1160,2215
211,1943
1001,1448
2569,958
1474,2733
3878,356
1712,397
2162,3333
2555,356
3901,522
122,456
1471,3544
10,3336
508,474
2434,935
799,2498
2842,211
2810,51
2820,2128
734,3366
2958,1164
1377,356
3357,1957
1451,1901
3680,2701
3434,2566
356,2998
1018,3739
3064,1666
3550,269
30,248
629,2577
1951,962
196,3406
3233,2064
605,368
3545,2957
3572,3135
2335,3588
2161,296
826,2672
2504,2882
3868,1057
1833,1146
1864,3213
3825,1756
1936,3209
1662,3958
941,1658
3927,2478
3663,807
2824,3739
1218,3017
211,2809
103,97
2437,1284
3967,2489
3608,313
2125,738
3830,3279
459,497
553,2900
810,1367
1919,2914
3669,2124
3426,3578
3938,1908
669,3269
1284,1675
2371,1593
1373,2642
1697,2687
2199,435
2939,3977
746,1763
2982,991
2727,2195
1589,2315
451,1967
2909,1071
3621,2048
2155,485
211,693
2212,2660
1707,1142
1098,376
1114,2395
3722,2891
3893,2982
3848,198
3333,2464
737,1828
1057,3982
832,3711
1703,1986
356,1678
3898,267
2818,3486
1045,276
372,395
2985,3824
1769,1967
2436,3275
2466,1522
1781,1552
2931,2275
976,3085
2832,2235
513,702
1194,356
1726,990
1412,3595
1802,3942
2674,2954
2009,3551
316,311
3898,3542
1509,3958
2197,3468
983,519
1538,2909
2130,1213
1642,3523
626,3756
2867,2035
732,1182
3429,2531
1789,3888
2012,2698
106,2556
418,3399
1610,356
2563,2793
3145,2540
2459,222
3544,1388
3506,589
2989,1682
840,1599
1111,1113
2241,1935
637,205
23,2946
3493,1719
1706,1492
2021,930
327,2446
2867,1744
3393,1257
474,611
3275,878
1274,1735
1161,2174
2577,2223
1330,1923
941,366
1816,313
210,1058
3623,261
295,3403
2483,327
3182,2832
175,2821
219,1998
3533,1933
2296,948
3929,2939
2168,1492
2484,2701
1071,3041
3206,2531
2916,455
2833,2459
357,3602
2980,3351
792,1532
138,2660
460,452
3441,1103
2165,3343
2753,3385
1302,2540
3386,3237
1981,3376
238,1132
3470,109
1247,2917
3054,1617
3147,1928
2592,1071
2534,842
3826,2711
3479,3467
762,2103
524,38
2395,2093
1790,356
552,2082
2864,2384
327,995
3820,1305
2002,1168
74,1538
536,3643
1965,1057
170,3876
1290,2501
1656,962
1268,2358
189,194
3535,1146
3974,2515
3346,571
1973,3558
771,3633
946,3642
661,1071
1608,3155
610,1202
1891,3385
1664,3985
102,3250
3676,634
1599,1864
960,465
2771,3806
572,1057
1496,1406
959,2721
2266,3101
159,1335
735,1168
3183,3022
110,2979
1510,2651
2307,1394
1102,2190
743,2477
1372,1533
3277,2047
716,1829
214,2847
595,2616
3249,2690
1203,2909
786,3356
689,2890
3732,1145
3421,2438
1090,2172
1102,3672
527,2759
107,1135
2346,862
3425,2437
473,563
81,799
2564,2366
726,727
1291,2905
1057,2375
425,3677
3397,2739
1362,1669
374,361
3259,994
3824,1824
2020,2970
3238,1017
941,1781
1067,20
211,1994
2303,2910
2990,1794
1657,1702
1705,1002
1806,987
271,3378
1054,2095
1776,3349
3328,2309
2909,2160
555,3172
3212,342
2171,2074
2758,2354
2258,238
1403,3443
2103,3423
830,1057
2577,362
7,3572
2577,583
463,539
3662,2934
2972,3371
3673,2566
2590,3414
2554,2528
929,975
76,484
3054,2083
969,2132
3365,3623
2366,335
2670,2528
659,1763
982,2280
3854,2619
3582,3807
3366,602
866,2881
2054,2082
2232,3474
3266,811
338,916
336,1334
1184,3007
1785,2425
3781,3835
3999,3696
3321,3880
1290,2745
3169,1170
3590,2931
3377,1181
545,3817
1599,2201
2804,1133
2041,1822
3554,2943
3421,107
1730,438
3536,3392
1582,1786
182,1103
771,2705
1182,672
1992,1544
154,359
2766,3412
2079,2459
39,115
1509,2647
1523,1546
785,3802
3418,1122
3686,3008
2940,3028
154,1189
1599,3273
458,3922
1791,1479
1910,1527
3651,3860
2186,595
2536,2591
3909,2626
1468,2019
3861,2686
2335,151
3989,1800
2197,1599
2292,3743
3883,783
984,2735
1102,2147
1276,962
1781,528
2133,1366
356,503
862,2978
21,1223
1102,423
3950,1321
2003,941
2153,1144
1869,1735
2548,478
3524,2135
3052,2030
213,3867
886,3872
455,1781
2984,3688
1710,3461
2566,3300
635,1781
1402,3339
2797,1336
3695,1630
2712,2568
3119,2428
3551,2282
1057,3484
3964,2850
3565,3470
1781,1057
1027,59
191,2824
1351,1127
2167,1787
3196,1461
1705,876
1452,509
3231,2550
3124,3871
2956,2069
3968,1450
2000,1525
3421,1310
2909,1709
1494,3846
2851,1108
471,3894
2584,1864
1987,2258
1781,444
263,3899
3392,180
229,2426
2838,3287
1605,3838
3611,797
2577,3301
2125,2910
3305,427
3923,102
2767,2995
1071,258
2177,92
580,3700
1917,1515
3014,3081
2809,2595
2216,2592
2227,2758
3671,1931
3331,3149
694,1844
1156,401
1903,2878
1781,389
1672,1078
3139,201
951,1988
1287,3871
1676,1818
2265,3477
2617,124
1079,3375
1856,1781
61,60
2142,640
2144,3247
2907,341
1332,1401
1057,1206
2947,1278
3656,3849
2455,1071
1024,3470
1838,1423
3486,1324
3620,3627
924,909
423,893
3093,85
906,956
3464,3333
2248,3829
1631,3681
3913,1940
1690,2557
682,1861
343,128
3289,670
1668,3250
3323,671
2432,283
1286,938
1334,2679
129,2221
1659,1737
3053,2445
3799,2354
1680,1729
1027,3233
3336,3831
822,3654
2250,3048
165,244
2956,2302
1541,1934
3278,1493
3496,197
3287,2428
721,2158
1227,1953
2548,1032
2393,2015
3593,923
906,117
1762,3951
41,2974
2273,3551
1146,2433
3230,988
2556,3188
1605,1990
2492,302
1564,993
462,3165
3117,3553
3836,2232
3881,3623
657,1356
665,1485
1020,2816
1869,637
332,2654
1127,1935
1707,2603
356,1946
2315,733
398,641
2262,2619
3198,265
1081,3094
2039,45
1071,3129
2362,2094
1057,2286
2072,1310
3036,2113
2574,3268
3323,2556
3555,2382
1116,1770
159,3463
3431,962
1801,1300
1287,1425
523,3598
3428,129
3259,2497
3507,15
3393,3647
3948,452
1599,1381
1355,2946
2868,1286
781,3013
2705,3716
2244,1337
296,1757
1057,1710
746,2161
3420,3061
3438,3036
2791,2351
322,1977
1057,375
356,2331
616,2515
340,3726
1252,2764
3360,1478
3175,3414
1593,119
298,40
2133,1057
331,1552
2479,2654
3797,2039
3262,589
1329,899
1100,2939
890,921
1189,1332
3031,3293
2001,3621
1264,1440
1077,2827
580,1783
1785,2246
2692,794
320,1047
1045,713
887,3023
1808,1859
1398,2690
766,3081
1920,3983
3486,2145
3615,2794
2995,751
1289,2015
3580,2875
3035,1841
73,1954
2066,1188
1158,2156
3948,3712
2982,1332
2493,1563
910,1561
3153,3075
1850,1133
3553,649
2671,682
2821,1743
3886,1566
254,3737
2167,2459
2587,261
3919,300
1215,3806
1488,2453
567,3572
1242,2909
3323,2838
275,3508
3254,1206
2523,420
2482,436
1691,1334
3281,3615
976,1161
3034,3322
3271,105
3557,2402
2739,211
801,2656
664,3631
3044,3531
2237,3872
777,523
1331,1466
2039,3814
2624,1135
3585,1395
218,3023
450,1217
3104,211
247,601
2964,499
3083,1334
3083,720
1435,2006
2068,2863
2566,3078
1663,3114
1036,3159
2526,1068
2426,3083
2025,2932
2789,2278
211,3541
2137,2518
3912,2527
2678,3762
3239,2656
353,1781
861,1352
2036,327
610,741
908,3538
2758,958
377,3762
1409,2618
2095,758
3578,897
3766,2262
911,2601
651,2909
2704,3486
2883,3666
693,2799
211,625
595,6
64,1331
1500,251
309,2058
3057,615
1599,2812
2905,3843
2408,1483
2062,3122
567,3408
2062,2477
288,885
896,1441
1521,2472
2707,3565
2249,2699
3488,2949
3441,2312
2377,3317
2029,230
2751,3773
1640,2918
439,434
356,143
1071,638
2441,2909
785,3058
2820,3941
2540,2829
3745,962
3162,672
1010,1034
106,2577
884,3687
3525,3491
3102,695
326,2220
1957,3620
3102,2600
1375,1071
1183,1614
1705,2776
967,1715
1898,2095
2999,458
3651,1548
2817,1119
2267,449
2563,2503
2245,699
1418,2736
660,3218
3569,2907
3337,1997
1088,1429
150,2969
761,1962
215,2873
1301,3271
2853,1855
2888,2058
1284,2868
3946,1486
176,3228
1236,356
2094,1504
2449,1889
2185,671
1753,1102
2179,2865
3299,1313
3414,2127
2800,1754
916,948
1758,3265
3248,273
1100,2306
2436,3483
3001,1011
529,1719
1749,844
2459,3657
1645,1952
330,3030
1450,2734
259,1599
1568,2310
962,314
2696,2650
1194,1485
3449,3981
1188,3782
475,2014
148,909
3518,2420
1387,2777
3439,549
1404,228
3098,3827
3236,3966
3626,3094
800,2658
1107,2180
2325,746
1258,2281
1599,741
1259,513
1599,318
962,1496
240,2801
2318,2691
196,1039
3503,234
3809,1162
3958,1559
1485,1673
3932,1599
2866,1750
3264,3751
1218,186
2365,3786
746,1102
337,3324
1479,3970
2305,2764
2899,1705
1781,279
256,1907
3775,3682
941,2811
3533,2369
2551,393
1770,2900
72,1983
3022,263
1361,428
3900,1395
1328,2077
3704,1389
1876,3965
1417,1571
667,2143
2242,931
2059,2100
2934,2046
2872,2125
475,498
168,3815
211,668
1285,1680
3208,1158
2204,125
3671,1450
3806,1594
1900,488
1271,3670
2167,2931
3153,251
682,3395
818,2710
1122,356
3056,2614
1534,2453
3643,3712
315,2921
2580,2095
2069,666
499,2926
2580,2535
3083,2705
671,3298
1893,2588
1019,3937
2641,3726
889,307
3641,1332
2634,2764
893,983
3911,82
1144,129
1201,855
105,2561
211,3479
741,115
38,356
2083,327
3355,1599
1842,163
3737,3121
517,3945
3052,1855
305,3737
1889,2211
3000,3111
2877,3147
2502,3888
415,1598
1819,2339
3178,2167
1284,2845
1861,253
1466,330
3077,1404
3615,2459
1404,1290
2577,1102
58,3536
352,3192
2434,2410
3320,149
1595,2271
384,2540
79,1284
1378,2235
2778,2653
619,899
2838,3559
1095,2332
534,1973
3583,404
1071,2192
177,1599
3900,704
3953,1264
246,1148
3381,2974
2374,102
614,1523
1746,2569
3752,2615
575,2144
1234,1206
1073,2889
3341,3154
985,3122
3958,2629
1722,3560
1066,779
2096,1813
2863,1186
3372,2054
3470,2626
1781,3075
2822,855
3988,3809
3051,3131
658,2257
3923,3376
2486,1639
265,532
3268,1240
3807,3437
699,2960
3545,3323
2860,1102
2648,14
334,289
2155,1599
2821,3587
3588,3045
3548,2128
3478,1831
2884,1983
1642,2363
3086,1808
2258,2577
1933,3680
2953,2946
2121,2948
2189,3305
3072,2862
1222,290
2338,3958
3942,1179
947,1979
2168,1284
162,1316
199,3204
2259,3085
1153,470
1363,3321
997,2126
603,88
2905,1948
3442,1546
3176,2205
3663,2016
3126,3520
2167,1249
211,2057
384,35
560,1102
2367,1864
2163,1150
3403,1552
1775,3762
242,2184
3227,3149
3388,3323
553,1864
1942,2259
2688,1431
2962,1191
3009,2050
2887,406
3587,113
84,2162
3407,556
2849,3809
1491,1368
3150,3157
3932,1494
0,797
3264,1438
847,821
1939,543
3189,1532
58,3773
1165,2934
571,1541
3019,746
2082,2982
821,1599
3258,3180
1098,665
255,2247
320,2538
1599,2230
3923,1575
850,3083
3480,3256
3497,2072
3078,2009
1714,3615
2974,1570
3191,1694
1159,3697
2556,1018
1085,2087
2644,1586
2105,3307
3735,1410
2254,1521
3921,1865
3959,2169
168,828
677,2704
1814,2267
3826,3681
2933,2016
3165,2275
1713,2095
3637,3583
2644,52
2502,2830
2908,3355
3532,3939
1801,3582
640,2531
1528,3806
1411,1931
3506,616
1781,253
1331,356
993,1462
2669,3086
892,728
3324,2434
1837,1579
1587,3769
2175,14
220,3051
3959,3163
685,568
1812,266
919,481
2911,573
1102,2623
2613,1681
3923,1072
3632,846
3,478
3717,391
3045,1650
288,945
3924,356
1612,2202
1450,1640
764,1408
110,1494
126,1151
515,860
2186,2575
3392,3467
1122,3688
112,925
2198,3931
1817,85
2280,3236
1653,1915
327,3567
1016,3188
3721,603
3213,2675
3606,1797
3154,2835
630,2695
2750,3661
936,695
2048,3054
2602,2135
3210,3032
237,31
137,2923
3200,89
2703,2775
893,1599
3985,2063
2089,671
3129,3583
3966,3052
1907,1369
1250,1880
3402,1922
1074,935
3225,1779
1599,2608
1671,1432
3701,3806
70,3890
741,872
3220,2150
3978,1403
2751,3002
1886,2478
1448,1781
884,2822
3575,2584
3605,2737
1286,1125
256,3361
142,1599
2152,1339
2686,1202
211,829
746,1240
1844,2827
1057,2716
2205,3202
945,3590
3478,1016
2990,1681
749,517
2270,2319
3528,1781
321,2187
1332,251
841,775
1800,1563
3811,2356
689,719
1599,2256
3596,2604
2015,2229
2149,3082
346,2103
665,211
2603,1478
3403,2438
1705,2686
1071,2204
2043,1659
2169,960
2292,2566
3030,553
3691,79
127,3798
2497,2697
1802,3874
1360,2503
3835,1062
1071,1715
2110,571
3730,2998
1522,2107
2784,2077
2156,158
856,3809
2012,2119
3150,1408
1221,876
1201,764
1772,977
2943,2710
1132,2618
935,671
1180,604
259,1361
1388,205
769,467
1283,2840
1426,3110
3902,3425
1186,3716
669,356
2235,830
98,190
3071,2959
3980,1980
3158,1781
2708,2506
3495,1230
735,2790
3304,2672
252,89
3520,1318
2705,1452
3780,587
485,2765
1200,3376
1544,1226
137,3439
2582,130
1507,3429
268,3701
1852,3886
199,3606
3240,594
1734,1669
2196,1879
195,725
2495,6
2667,157
3806,1705
1043,3999
211,1776
2082,1861
3955,1279
1111,3801
356,3241
947,3062
1910,2757
2386,2178
2016,2041
791,2597
1057,1188
211,2966
2556,1436
3093,3390
857,211
665,3789
479,2830
3040,3003
2059,3747
1102,1286
2941,454
1836,2036
2272,2483
3760,3883
3889,589
2716,1942
1685,356
3274,734
3715,2310
2311,3622
2971,2556
1527,476
3219,161
3948,303
1448,1162
2001,2714
3933,186
308,356
2369,741
97,3832
1535,1144
2170,523
2066,1303
3083,941
2415,3349
678,298
552,1834
1599,1410
3933,1059
1953,3235
1194,1644
254,2992
2672,2993
1108,2405
2583,388
2351,3030
3770,1663
3178,2855
3884,3900
3796,2838
2554,1057
3845,1206
1680,3137
1057,3494
1005,3335
799,1650
277,1741
2016,1090
934,2508
2233,1785
2983,857
564,3228
2479,999
2789,1396
2138,2307
490,3809
356,212
1581,86
1866,1018
2253,3066
245,2484
3133,671
1304,2658
1358,1034
1206,25
141,3393
3314,890
2587,1657
2517,550
1654,1452
1778,1668
94,510
2529,1427
540,746
2577,2823
1648,2126
652,2425
2519,1624
1726,2258
3236,3278
3807,1071
978,617
1101,1334
2764,1042
1458,309
224,446
1057,3539
2428,2239
1921,202
1274,2628
1107,1388
2375,1599
1781,311
2974,3462
2556,2258
3097,3327
1483,3270
2558,941
929,3755
298,3548
3198,1562
1848,2467
2498,722
1781,1961
963,2039
2236,3876
3824,21
2714,2778
3492,238
3870,1912
2408,2577
180,2290
917,1016
3106,3634
2755,2376
2619,211
1957,894
211,3920
3083,3992
241,2870
205,3819
1312,2815
1429,2942
2709,1660
853,665
143,3973
2303,1218
1807,2504
211,218
3172,2540
2611,1734
2007,319
1169,2033
2491,427
3184,3181
647,484
2333,1024
3509,3258
2572,3524
1883,433
3484,2203
3797,1446
3481,2400
3946,2856
815,356
2630,3815
891,1375
1441,635
3040,1534
1159,1074
3167,38
2016,1705
3945,3785
2997,1837
2289,1555
1781,2534
211,1813
234,2311
524,2691
2370,320
984,1643
1278,3482
3860,365
3751,557
3904,3033
471,266
3942,3791
1048,3054
544,93
445,2577
2261,1988
3172,1525
1914,3305
3519,3012
2564,859
2115,1998
3247,2414
1114,3602
1898,3474
2196,86
619,3245
1078,980
950,3942
1420,3747
1374,2166
2146,2246
203,2039
1200,3457
2398,1818
224,1459
2437,2950
1377,2355
2463,321
1543,1253
553,3968
2744,2950
1999,178
38,211
3948,962
3194,1523
34,3259
1523,2788
3337,3471
16,13
3615,1267
1422,449
3622,2920
3772,233
2844,474
2887,2656
3615,211
3480,2039
2393,3622
152,1248
926,1585
2401,771
2353,3866
3679,978
2018,57
780,1212
2204,1788
2508,1295
3582,519
591,3092
1781,2853
3497,1454
2799,2136
2353,671
2205,3625
947,2838
2577,3656
3731,3359
1168,2812
1042,3793
1284,3305
2684,2766
3083,356
3856,3141
2233,1382
1618,3482
2016,3224
3563,1916
550,1614
3887,3015
2556,1781
128,1391
18,3733
1070,538
1599,3756
3549,1265
2532,3239
2167,3695
1102,1284
356,1217
253,1095
1586,312
3271,3515
2258,2580
411,3559
3690,1551
2014,2485
657,3540
3824,2850
3845,1448
1957,1414
3330,211
3377,2258
3972,2075
2838,1368
962,3724
1109,1781
2893,230
52,3674
3854,2721
2654,2628
1388,697
1599,3720
3900,876
3942,144
1957,3320
18,2379
767,1154
1125,1445
1781,316
2982,321
1180,548
3201,1918
689,553
2456,1924
924,1490
2850,492
2474,1727
1442,2838
1776,1058
834,1057
3246,1085
1235,372
2423,3693
1762,3930
3604,1219
1488,1750
3497,1937
205,1301
457,2896
3822,976
1440,1192
2650,3422
2683,793
993,3414
2511,120
2388,2901
747,1599
261,2554
2568,820
1983,3486
2664,3240
211,1569
3070,3424
2826,2624
1861,3271
552,2556
1271,3309
698,1273
2172,749
1469,2553
2794,2164
2419,1146
600,702
2306,2095
14,250
2148,2956
3624,2039
1116,3369
885,824
1566,760
3048,3643
1781,1117
230,460
211,2238
56,2351
316,2567
2838,346
2540,1947
1887,3632
617,3095
3015,2188
3505,2129
75,446
2459,2383
3868,3641
1526,3403
1234,153
1599,746
740,2351
3270,1102
1871,1822
511,3128
1811,3559
2165,2302
2420,57
5,1019
1102,2083
1190,3099
469,944
1431,1187
1295,975
1707,3076
2797,3324
3615,264
161,1059
424,2696
974,1599
1197,3219
2392,1057
1231,912
3951,976
3643,1811
1873,1453
1521,3643
1318,1957
3820,3401
1417,1489
3512,2745
2158,3221
3584,2832
814,1081
912,2726
3431,2540
308,495
540,1185
3719,2147
1259,2827
2464,2595
746,1106
2468,3605
2797,33
2556,958
353,3805
1125,2597
837,447
2556,2424
1347,3880
1691,3688
2107,1738
2459,3231
1315,2812
3475,3766
2576,1983
2143,64
671,1480
1873,2965
635,2627
2488,3689
749,441
988,676
2043,3942
3323,2911
3342,480
2661,592
712,1774
2590,3363
3559,1649
1929,1071
811,476
211,1119
3866,2862
1883,2578
914,2198
895,2878
3775,2289
743,3251
1407,1932
327,1491
2514,1856
723,1076
2973,2402
211,848
3192,2912
2702,476
2435,3447
2016,902
1936,2484
1807,2249
127,3878
2386,1268
381,3127
1716,555
1110,1560
211,1472
1077,2994
1691,1705
2560,482
3226,2692
497,1765
200,791
1355,2144
1599,3970
2909,3271
2904,1581
268,1919
1400,2838
3103,568
422,1330
3950,1781
3444,2742
3173,937
3306,962
59,2540
2649,2226
2028,3695
3807,3832
1166,2015
3146,1071
1199,3065
3661,3444
2771,3509
242,810
3296,2404
3093,1708
3357,3304
1233,1571
3413,2593
1781,3294
3268,2945
1017,1510
2866,875
2278,3917
2318,2190
1003,1447
3313,2475
91,2077
1857,462
1313,2637
1369,3126
776,1133
1364,419
437,3419
57,2258
2454,2440
2180,3108
1621,2615
1553,565
3792,3264
2099,3482
3423,2572
2885,2237
3622,1102
3401,2318
1867,846
651,1734
728,1958
683,617
211,1177
2535,3091
746,9
2191,3629
2556,1556
2927,3403
2886,639
1108,3670
3444,3397
1781,1417
2273,3136
859,1612
3499,942
3331,3673
2358,2763
3993,65
2291,2074
2660,3232
1903,201
3509,3865
195,3066
3690,1087
610,3027
3448,1118
2079,1726
837,528
1888,3378
117,1881
2577,2540
3559,2104
2185,3737
2236,2854
25,1522
89,3470
3823,498
3867,3717
610,2551
3648,3054
2556,3922
692,943
1280,941
505,2549
705,36
3990,1722
1687,3920
1576,3219
3797,3615
2624,2080
1591,1021
2017,1815
3585,102
102,2159
3175,3078
2171,1113
1599,3229
2741,2043
2300,3896
1618,2275
881,2392
1104,3812
2721,147
1607,3154
1983,2350
1661,642
2860,642
1599,211
3969,1988
857,3137
3812,1809
576,3583
3853,2067
1377,3059
628,1442
1915,3329
2732,998
2649,1486
1539,3909
3942,3494
270,2852
2485,2424
2236,3768
3303,1088
2364,2459
697,1416
3257,2893
2438,1232
3532,3414
3202,2797
588,2448
905,111
3753,1636
2258,2154
2776,1307
1806,2412
2253,229
2864,2629
1110,1456
553,1980
361,809
809,3699
3192,672
2728,993
841,172
501,3468
1235,215
3254,5
327,1033
3739,2597
430,1791
2540,2986
420,108
2047,2577
2952,3435
3806,1123
509,2447
1772,2525
953,2170
3470,3820
80,1423
958,1236
2351,2338
2968,932
2556,952
3659,2652
3516,3543
1687,223
1190,3007
2028,1094
2556,2317
3325,2307
474,3924
552,2609
2517,2890
132,2664
3809,3497
1124,3175
2520,3175
1057,3737
144,1294
2540,3017
904,1049
3872,3923
1889,2267
2580,1995
961,2502
2577,2915
1338,947
1057,3518
3797,1060
2763,2099
2979,3103
224,1515
234,1677
3771,2099
2318,1738
713,3353
2039,1805
211,970
1714,35
1477,2204
735,2850
1,2152
3805,2152
3555,1640
979,2832
3118,1308
3897,1106
1041,3799
3507,2908
1332,1728
346,421
409,3038
2272,3732
958,1911
583,976
3547,3515
1899,3864
935,582
1518,985
1232,968
3812,492
2815,2387
2802,1860
1027,3019
214,2325
2740,2839
926,2551
1492,1057
2290,615
3728,617
24,2782
3871,2328
1122,2935
2611,2454
211,794
3816,3135
3254,2307
1223,3591
1322,2838
2225,2143
1205,1375
1746,915
982,2694
3116,807
3487,1731
428,3622
3676,993
3818,3942
327,1936
3046,2235
2956,2973
1472,791
2764,1543
3418,1286
309,1644
187,1102
305,3569
1101,2033
356,2439
3070,1641
825,1822
3478,501
1607,298
2868,3833
1003,2413
243,769
1017,1336
3391,1524
702,3579
3462,3163
3468,211
135,2930
687,3577
408,2631
626,976
3525,1987
2701,1614
3538,959
677,1705
1343,2012
402,567
1802,605
516,382
1180,3339
1120,3813
1206,2015
3829,1965
102,1842
2939,1517
1216,2342
52,327
3789,936
107,1641
586,1955
3683,2851
3212,2715
3731,120
992,1950
2855,879
2894,1786
2318,417
1518,1442
3178,1057
368,2540
633,221
2956,3336
1523,173
2614,750
3175,317
1157,3839
1635,3286
1236,3865
3809,1284
3316,2490
3593,211
102,1349
665,2189
3275,2411
676,3160
2121,2097
3954,3436
2669,2327
555,102
299,1969
836,2592
1868,1959
3523,2357
620,647
952,1862
572,1442
2909,665
976,3836
1452,2307
1270,1232
1987,2628
3538,2898
3747,412
2417,2687
2726,400
2963,1053
3175,1692
2285,1048
2302,2411
2838,618
893,66
614,2797
2351,537
2136,1071
2307,356
10,211
1348,2431
1650,292
3775,2441
2933,609
563,1658
1967,339
470,2637
3809,2936
1941,3772
2823,2755
2528,2669
3876,514
2667,1351
3105,1872
2700,2577
235,755
2614,3060
2841,3771
2556,3648
2403,1690
3570,2459
870,1090
2630,2295
1417,349
818,434
1589,2039
2456,3396
1733,1418
3387,3803
3323,1549
211,2926
1118,3596
1705,1105
3175,360
2633,2183
884,1139
806,2100
3806,2835
2459,1705
1774,3917
3041,2034
3884,2820
2556,2230
681,922
269,3841
2140,1444
2843,1891
972,3872
181,363
2070,3083
698,389
371,359
211,103
71,801
464,3083
675,3316
3713,2902
462,2700
3409,1360
3728,299
3592,3553
3926,3850
2146,472
2643,3648
1971,719
618,3686
1080,2580
1633,2602
3175,1092
2318,1172
3227,691
3785,156
1277,256
137,134
3489,1284
134,2471
3558,3004
1057,2906
3185,3758
426,211
813,3489
1357,1072
3656,1635
2889,2427
3259,3542
714,1476
2308,3576
3705,2318
3918,1659
894,2903
2960,1049
1154,1532
1602,2504
72,153
1706,512
1968,1407
662,680
2095,3384
3786,307
2889,2182
1855,965
2577,3614
1957,1781
371,216
1922,1176
2970,3837
1216,3192
514,2184
748,3297
306,3146
285,3725
673,1377
541,3467
2439,2280
3039,3936
3941,1913
1036,2664
3727,3111
1781,1759
1112,1835
1983,2542
1823,2909
2654,3094
1705,2446
1141,3897
133,1101
1937,838
3323,3211
2459,276
3755,507
997,3643
1789,1289
418,3595
1337,2594
2612,2105
2801,2208
1880,2068
2351,2016
1465,527
3145,2154
3158,1833
1413,654
3873,596
3232,976
441,754
655,1968
3256,1386
2806,2525
2244,1206
2520,2909
2577,2350
2953,2514
2177,1935
2067,2134
2581,2702
3349,116
3765,3658
1484,2964
1388,1859
3171,2654
3667,3347
491,3440
3526,3872
2890,2024
988,1148
3974,1830
939,2705
211,3117
2167,150
2215,205
2430,3708
2019,3648
1781,771
3806,2417
1907,2195
3342,1375
1286,518
1669,3344
3006,171
3504,304
144,2078
1003,3748
2648,974
290,1212
2307,891
1578,2639
2712,1647
1625,2815
3444,1593
400,3742
2906,2635
3387,2322
912,2398
3767,2485
2001,2815
2540,2932
1940,262
2561,2410
3328,3711
1674,2884
935,3295
1771,2665
2838,3099
2998,34
3827,356
2736,539
2397,1147
2404,140
436,1585
3795,1078
2782,1781
1444,1303
3185,1133
2483,1850
496,610
357,2221
11,1983
1638,1234
2459,1392
1712,3005
80,316
1982,2654
3749,3898
2556,3616
2231,287
1693,2838
2002,2713
3953,1734
3860,1413
3003,828
3632,2924
217,1658
240,3194
1663,412
257,282
258,2453
741,63
1146,2055
512,638
1071,1109
3080,1848
551,1147
267,2110
3207,1566
2459,2860
1329,2742
385,2271
281,957
3662,976
1711,3140
2021,1539
962,1305
123,2020
1641,2352
260,3390
654,3863
32,1781
1417,3058
2317,1934
3502,2472
1604,1621
229,627
3397,2556
2453,857
3537,3778
3903,791
976,3966
2111,816
329,433
2893,3380
3237,211
425,654
1197,1994
3173,140
1976,3229
1333,3615
356,3693
3169,1165
2839,2286
1463,3064
2678,2103
2459,1284
483,3857
501,3897
204,2013
930,556
1599,1267
1072,2819
1257,932
1045,290
578,459
3803,2775
1230,262
1012,1146
3229,2307
3271,746
3367,637
2248,3779
951,168
2642,2263
616,2055
2734,553
1144,171
3804,1108
3870,1031
1929,3604
3646,3901
1730,1382
3900,3196
3003,2315
3956,1781
503,3882
3196,1869
1359,1117
3951,3625
3168,1650
1470,1000
2845,2278
3409,2199
1866,1349
1025,211
1286,780
3051,1046
1548,32
1677,3858
1596,1869
3969,3350
3601,327
3420,2111
1507,3209
1476,211
694,898
3417,3551
1379,3657
2654,1494
3779,1656
3899,645
2758,3106
558,1251
1271,181
2396,1478
2125,1158
285,397
1529,830
2544,2887
1817,1835
1155,3913
2239,958
3012,3806
2365,823
3862,3238
3945,2658
100,1423
1145,3510
941,493
200,2597
491,2173
2039,2332
1046,671
776,2541
2683,552
2335,3948
375,1450
3890,1155
1365,949
422,3349
627,2612
2934,3072
1987,1864
3992,3395
226,128
627,3489
871,2786
1702,2444
1781,3965
1638,2551
431,1394
1878,3863
1575,3549
3987,1773
3721,157
2352,3771
1065,1075
2915,941
1177,1358
281,100
3796,711
1589,3806
1307,1943
3346,1921
2469,2514
3137,315
3872,283
814,2167
2688,1270
3322,1864
362,914
2169,1717
1365,3574
3314,1277
3476,961
3183,1331
1726,2751
2959,2576
247,2351
1619,217
1028,324
671,1630
3474,3255
1296,3615
1672,1545
347,1057
922,3552
2934,1520
1884,356
3359,2001
1151,2928
1680,256
2210,742
42,2623
1241,2694
211,3809
3572,3159
2237,2655
2857,3970
1134,796
998,2512
2748,3964
771,358
3161,1775
951,1334
3539,585
2632,288
2087,1949
2112,623
192,1695
1226,2170
1705,1382
1622,3646
2315,3593
1108,800
2039,2819
81,3183
2654,3122
2762,106
3638,2647
1705,1488
3288,2838
3664,211
746,211
786,3300
1429,3521
3401,1057
2141,2718
1370,663
966,1924
767,3378
2161,3313
768,1080
96,2832
2668,2212
3809,665
3952,3260
3425,3819
3242,1016
2982,3586
3614,235
3571,847
2476,2014
1599,3005
2101,2296
3846,1941
1509,375
3335,3882
2390,1185
2456,82
2580,3935
1269,1286
3000,1062
2292,1496
1983,2573
1255,1146
2566,2459
3599,579
3083,1208
312,1164
3055,1008
707,3853
376,1692
1205,2838
1686,192
798,80
216,2543
3615,3942
171,1139
3897,667
1229,3638
2977,2909
942,3272
1185,421
1750,1728
1052,1511
2040,2469
3439,3819
911,389
3299,2789
1894,2556
3751,228
1885,2606
2528,450
2705,1143
1599,2277
3385,382
2445,2428
3168,616
2540,2305
1976,2542
1057,1102
109,1530
1476,3231
430,1576
1417,2682
211,862
912,1705
643,492
3345,3051
3271,1776
2385,1553
1284,3529
3871,3462
2998,2838
567,417
2509,356
1503,97
1576,646
274,1758
2532,2858
1781,842
3660,673
211,2905
3109,138
277,3862
480,1431
565,3513
3906,1307
211,2974
1349,270
1397,3204
2577,3663
2390,3738
209,1634
2764,3970
38,578
878,2778
3400,3374
645,2338
2747,495
3718,2351
1622,3255
911,3903
3383,3058
2907,2828
3748,1886
2935,2351
1428,77
2253,2909
1504,765
2250,2060
736,3663
2832,3175
871,2123
1864,1292
2654,3647
2884,2328
199,2673
307,333
1195,2199
3275,2875
3965,687
2921,109
671,633
2990,2405
1094,211
2225,1853
1256,1974
253,3393
3140,283
504,1749
468,3106
1034,2909
932,2459
3211,2970
2459,1928
1791,3902
3971,2995
2911,2838
2137,2833
3294,211
2886,1331
1315,870
1168,3809
1547,2326
3402,3910
2528,409
3846,1344
434,1101
3634,2202
1611,714
3029,2704
2646,3024
1139,2683
1975,211
2902,2901
2633,2841
1734,849
1620,1049
292,1312
226,1334
1587,2969
3947,3261
3844,2280
980,3171
2566,3820
2860,3596
2267,1795
2769,2970
2828,3179
1926,2459
207,1206
625,2553
2394,1690
3326,307
3879,2717
327,2939
3828,746
1403,2060
1412,2384
2152,2577
2770,3005
2577,2124
190,1574
2061,3622
746,3813
729,110
2350,3526
22,3749
3654,3457
3923,2718
2222,356
177,3517
1271,3294
498,2352
3566,2764
1101,2533
3382,526
3724,2437
3405,667
1975,2039
2307,211
503,3186
3643,612
2272,3175
3651,1255
3560,3349
3868,2556
2880,2577
527,3545
3662,1599
1371,2858
1959,2958
335,3361
2214,54
2487,50
559,1781
3900,2114
2706,1421
860,757
198,2056
2717,3012
274,1087
3622,332
3472,717
2934,3412
2654,3586
1584,3083
1436,2492
2733,3582
2545,1730
676,2836
2929,2469
1475,2838
3190,3105
408,2909
3844,3235
1082,3645
365,3529
3036,2513
2053,1057
2998,2534
569,3083
208,2610
1599,1890
1355,211
2828,1
1837,280
3890,3897
2956,3980
886,664
3032,3770
2481,1261
298,1321
3217,495
366,3071
2187,3785
3630,2537
2125,1935
976,3549
3900,356
3358,185
2273,683
2349,1332
2699,2556
2509,1042
3430,1037
3893,1179
2488,293
307,3259
211,1318
3026,3601
636,3104
2974,3502
1729,3750
3324,3995
685,2321
3132,2423
3083,782
3802,1169
3386,2085
1781,3482
1025,2895
1120,1286
2435,1365
2886,3892
2704,2854
2288,941
3429,3757
2167,1238
1673,2707
2302,1173
3521,2473
2266,2164
1258,770
544,1928
1949,2934
3407,2417
1781,2036
3132,3612
861,1051
2400,3323
1861,2376
1102,356
1817,1473
211,3416
2577,1742
3119,1118
160,3954
3179,1057
3483,1587
2437,58
3685,3802
16,2817
2250,1545
1826,163
933,56
2144,478
3256,3992
2935,555
1268,2027
3900,3138
3083,882
1788,1438
3663,695
3439,3259
1675,649
3034,746
1476,2035
3119,719
3923,396
1057,2747
2827,1779
251,2367
468,3372
3780,504
3332,1461
1713,880
644,2838
2419,1070
1464,2843
3050,3146
2379,1607
2934,2048
746,1400
3710,594
1167,2458
2545,1025
1634,702
1367,540
718,3600
3927,1627
92,830
2881,2161
2457,1304
680,2641
3174,3673
1285,3283
2638,3101
3684,1420
542,763
3429,3374
1176,3534
2540,1101
1667,2092
328,920
2120,629
2973,938
1075,3500
1365,1878
3605,1263
1524,691
219,3806
132,3460
325,2084
2583,1307
2842,438
1121,3211
2258,1362
2707,2668
1362,2954
827,752
2861,2156
181,494
1845,2688
3899,3379
640,1215
2838,2300
746,1653
1838,2603
1057,2193
2453,205
3486,2877
189,1490
1379,2616
3797,3806
1512,760
3879,3922
3838,1414
2958,2433
221,295
356,2181
398,1599
818,3523
1163,1831
3951,2266
2764,3338
316,557
3189,684
1002,3920
683,365
2753,2577
2693,3643
2139,1106
2837,533
470,3247
3118,2287
487,1476
166,316
2807,118
3696,2506
475,825
1957,2287
1705,3236
548,825
1284,1057
3030,1331
1038,2459
3557,1165
3008,187
2586,3028
558,3709
3663,2039
1781,3930
2765,211
2763,2039
3999,2217
1417,1565
2502,3954
3425,2725
2398,3473
770,2577
3897,2587
1990,2524
405,2680
1343,1284
1599,2007
1102,804
10,746
3860,3737
2082,2577
3962,2453
2063,2664
2896,3858
2079,133
2984,1695
3588,3395
807,38
211,2077
985,2200
1523,2998
2343,3465
1275,2540
3640,1533
3502,1651
208,1102
2580,242
1864,86
502,334
736,2155
2622,2405
1315,3343
3621,3125
2131,3984
2835,941
1641,3411
3490,2086
315,2013
2453,3107
3045,255
1023,3617
1870,942
3907,2235
2071,1456
1207,3962
1598,658
1547,3332
2702,2877
398,2877
2440,423
1491,2584
131,3900
2288,734
1793,3695
2076,1523
1296,493
3681,3377
3031,2752
284,1680
2459,1865
2500,3517
1745,806
727,156
476,301
3219,1591
2334,40
964,1171
739,1908
2828,3909
1157,3671
1662,239
621,121
2034,2540
561,3147
884,715
1204,3979
1429,1599
3632,413
1639,1920
1443,740
2808,2577
2673,2577
3852,2580
808,2643
96,3603
348,130
623,3792
3279,2533
3797,3920
2517,936
997,1206
3209,2525
3720,2709
698,400
2550,2322
2738,2227
1795,973
3897,3026
3211,978
2921,1129
2338,2153
3767,211
430,2986
3921,1758
853,3303
1054,3110
3365,2737
3231,708
1910,2243
2356,802
3988,92
2577,197
1030,1469
1041,3318
3221,2772
356,2430
327,1392
461,2263
3175,674
3491,2009
3230,1081
211,3912
483,1471
3100,1245
1724,1380
2980,2823
2956,2112
2703,1029
1430,1698
549,1232
334,232
193,2157
929,833
1781,1773
2996,2516
3888,2920
2128,2653
1589,315
979,2401
712,2307
2754,2818
1584,1128
1195,3331
3389,3485
365,943
45,422
2860,679
1057,3063
1200,102
3237,368
258,2429
3810,2257
3824,3333
466,1093
2582,2454
238,3470
287,165
1761,874
1694,2307
904,673
1131,3164
817,2167
286,2577
993,327
2486,770
2397,1298
2577,553
1359,453
2994,1341
3740,746
1994,3777
262,1552
3487,1329
2356,1940
3453,1460
2909,2005
2968,2522
647,2128
3745,3103
1101,262
1261,300
940,1261
3504,3462
1537,3806
420,2253
55,1331
2574,3414
327,2522
303,683
1409,462
867,2794
1332,2098
774,1754
1464,3804
1286,993
258,726
3649,1057
3809,1413
383,3249
3549,3555
2245,958
698,2058
2307,3009
1057,3786
648,1357
82,570
3875,3298
312,1243
2218,1214
2997,2039
582,437
775,1871
1924,3885
219,1123
211,314
3755,54
2704,1091
3206,2559
3427,1057
2527,2966
2234,3113
1287,1974
1299,2942
1665,696
627,2787
2895,647
3643,2600
3791,1724
2538,1350
2784,1057
977,1580
3427,2804
1016,3293
524,2188
1346,2940
2934,2786
3889,519
2185,2544
976,2333
2318,1393
3647,3453
2486,211
941,2812
476,2918
3771,3734
136,3922
687,449
1835,367
2849,2069
675,3993
1029,1812
429,1084
2011,3656
313,2206
2742,1724
3315,2446
3881,3900
2053,1875
1101,2462
1332,3834
2092,202
3323,2342
1912,2210
2750,979
1549,3347
2226,2369
2625,601
66,864
756,3152
941,2369
1193,2125
462,1415
2427,2538
3439,1102
2685,3219
1219,3689
1451,800
3929,2095
2534,665
2431,1354
333,1660
109,1954
3250,1024
863,614
2524,2946
469,738
2863,2168
1007,211
1481,473
1949,338
872,2813
2368,539
3998,1331
804,3960
1913,3768
669,1079
1622,1284
34,663
260,3341
3238,2532
1698,2241
2746,1057
606,3367
2710,827
2111,3016
339,2569
3682,1783
2634,161
3006,2790
1885,2838
1146,823
211,3414
2534,3259
2867,2276
521,1206
3503,844
2258,103
844,51
1599,3439
2196,3070
2277,3939
2099,2118
3616,2834
1206,1298
3640,3285
1630,832
3957,1378
768,3200
619,103
2005,325
897,3441
1241,2737
382,56
2733,2934
2540,1267
2556,52
637,560
2357,2800
3707,3664
2208,428
3379,2358
3220,1057
875,1619
1531,211
523,2006
3809,2866
3021,1152
86,1013
3414,1599
3438,1256
3184,3139
2874,3271
3115,250
3486,2758
327,1924
3715,429
2813,2343
567,1855
3947,1779
3513,467
3667,1835
2039,1284
2369,1372
1718,206
2399,2351
3434,3228
512,3375
3175,671
3257,823
2346,2356
3615,3735
774,1261
567,1102
2352,134
532,831
3020,3347
3086,2016
2371,3065
2344,3629
3322,2278
1655,395
2841,2769
1957,2123
1858,3985
2846,1751
1704,1405
2128,101
2852,575
405,1566
1433,1843
1430,2535
2357,1386
414,665
1990,3273
1597,1270
547,138
2827,566
475,1737
1057,2302
304,3943
941,746
2865,308
2070,66
3175,2022
890,2258
3284,3535
3083,1467
1229,2027
1113,3719
1190,1448
1057,1065
3486,3996
3389,1856
1291,3837
1872,214
3517,3175
2351,3560
999,2997
3730,1910
1781,1864
3611,2813
976,3897
613,3919
751,3436
3245,2095
462,211
1790,2811
83,2577
3283,1175
3765,1637
2980,1849
3640,2495
2039,2595
1391,2654
2077,1633
1575,1057
1995,411
3018,3754
3944,387
2307,2128
2716,711
2767,1781
3619,226
351,1781
1279,379
3050,1475
3271,534
2767,334
300,2312
1707,87
883,1118
1176,784
1720,685
1783,3152
3889,2876
3020,976
3405,2231
1517,355
2038,1141
1040,327
1410,2704
3089,969
3426,224
1057,3709
3943,1786
1905,448
792,1057
3768,2944
3925,3677
2565,2179
3151,3457
3802,2584
531,1059
3988,769
28,3276
2917,356
19,3237
2026,1781
2663,3329
818,2764
20,632
211,1083
2691,3426
3705,485
3516,3784
1820,3514
2559,962
1465,910
2516,1728
1843,931
1184,3490
3798,1897
3549,1822
2975,2981
833,1641
144,3731
1599,3443
1384,1284
274,3559
1057,2178
3015,3567
3615,3622
1250,3954
1140,3358
3506,1843
3779,2304
3843,2707
1680,297
259,370
2133,3374
2474,3105
88,77
3467,1128
2512,1991
753,3235
1611,735
1192,2029
2329,1983
3356,979
1138,3313
1402,236
2459,3413
3615,2263
2680,3154
1057,2151
211,3166
1872,3122
1437,2903
1682,155
3399,3685
2707,3048
2781,1014
467,1331
1863,1995
2463,1037
1284,1847
2575,3458
43,1498
3920,1748
2425,1830
2934,103
268,464
3907,964
911,1834
2049,3323
3888,2157
399,3310
662,2117
1753,2467
2730,1640
2002,941
3103,930
445,1069
793,1945
1726,789
1153,1640
1683,3146
2744,3453
3465,2355
867,1602
1272,214
3163,2039
3083,3154
3549,1071
3834,1280
744,47
1286,2838
3669,3271
462,298
1861,3961
2280,1328
1448,944
2518,211
2683,512
141,2842
2118,1972
742,1010
3806,350
2295,2970
3974,756
305,2695
327,88
153,934
1743,332
1070,2972
2249,169
1559,2764
1655,3225
1872,112
1932,3572
616,615
1599,1115
2941,1629
182,1334
973,2289
3876,757
3570,2366
278,50
1754,915
3340,2427
1587,3175
3173,1466
1781,1188
2198,1894
3364,471
2341,327
102,509
976,3753
306,747
976,3726
1105,3019
842,1634
741,3996
2666,1978
2088,1223
1768,2523
1123,977
1918,1429
3575,3150
2009,2645
2074,1567
2582,3801
3210,3009
3509,2540
1505,3736
1177,2347
1500,1397
3337,3380
3295,3276
401,144
3265,2166
1404,2848
2103,995
3238,3797
1574,2677
1444,2877
3702,2539
295,1212
3312,1674
546,1397
2924,1846
3599,3900
976,2288
2095,3514
136,1627
812,24
1777,914
3733,3730
2248,2659
2224,1138
637,3817
2703,211
2982,1157
3829,1599
869,878
3692,2603
3250,2252
3761,3187
771,3394
1303,880
3271,1852
1136,75
1781,3549
2647,1133
325,3530
993,2556
816,3471
3516,970
1589,2812
1644,3825
1392,13
3224,1257
1295,1903
3189,833
665,3367
3976,2453
908,1051
3289,878
256,2601
1614,1990
1754,1377
958,479
111,2157
2083,3597
2530,3933
1391,3029
3933,2359
3600,2704
1781,576
3915,843
2222,3921
1481,1829
2482,3510
3288,1251
2389,627
1595,1570
3018,858
3838,1448
2351,1648
3581,3025
2982,989
2115,1313
553,1503
773,1903
2530,2091
1895,2397
2459,3083
2447,1859
2681,2428
2598,3017
2044,3881
3955,3741
2909,2670
1611,1587
1942,2119
3446,1933
211,3460
2856,2252
3984,25
1056,20
1476,2556
1318,1050
2737,74
3586,2109
1834,3760
320,2606
2280,2760
2842,2713
1110,1192
519,3090
2715,953
2556,2955
3341,297
211,1701
211,3141
2999,900
3709,2832
3511,746
1298,3918
3425,1098
221,1828
2211,2434
292,857
3923,3948
3956,860
1057,2878
2965,2758
3116,1390
46,2271
1774,1332
2673,3349
1130,1769
3120,344
3560,3892
1374,1176
1277,3948
3243,650
2665,3973
1599,554
1583,888
2540,265
3054,408
3725,3271
2351,489
3425,1762
1239,2728
3368,211
2784,3560
1680,1284
1781,1345
1379,545
1412,1897
421,519
962,113
2606,19
3199,537
3717,1819
1105,1489
324,644
1178,285
1256,555
986,3043
1788,2982
3516,1301
798,2934
973,3501
3205,2587
3709,2127
1048,3639
60,1287
3786,3199
2316,3122
1214,3508
2326,1425
3564,3432
2039,684
2035,3054
639,3328
911,1172
2190,3643
1319,2615
3018,373
1755,2557
453,2499
2910,3536
921,3749
636,1817
270,1523
1000,961
432,382
2419,2027
2195,1247
1473,2409
3262,744
958,2947
1347,569
2037,3057
3796,2074
1740,2295
2933,455
627,1150
3897,2450
1057,1023
601,3900
3148,3867
632,2997
1985,236
1351,2343
2042,1628
2711,313
2938,3298
1328,3885
1429,846
1211,2124
2082,746
1951,1166
2540,2045
3217,3339
440,868
2687,2081
2844,3315
610,3408
2188,3934
986,1461
1019,861
1332,61
926,1617
2121,1364
1014,1463
2318,2838
2982,2531
372,1200
1527,2356
1983,742
1938,2982
249,2344
2408,356
746,328
1958,3697
3432,1916
1577,3223
812,3004
627,3973
2167,1635
2011,2566
2409,2522
3365,1791
3997,1709
1521,1198
1510,1815
3653,2053
2367,2529
1919,3626
3368,2083
3806,1599
2885,41
1102,3613
1634,1057
1599,3764
1877,2909
1238,3686
2577,943
2071,5
1672,3493
1585,2987
3299,509
761,3686
722,2531
2556,691
1210,2843
1109,2679
1350,102
613,2957
2307,175
3551,1458
3681,2364
2610,2578
1340,1457
805,772
356,1695
2145,766
2247,2177
1781,2138
3381,1083
1009,3441
1221,1923
2580,1493
3549,1599
2558,2917
3565,179
1932,1888
1840,1211
1465,3093
2894,1720
2923,1206
1608,2244
2070,654
1203,1228
2540,2102
347,644
740,412
1953,1110
2857,1417
3137,2012
3221,3380
1613,2348
3897,2568
517,2457
2631,3055
2192,1599
394,2461
3022,3806
593,2445
2772,271
1699,380
2902,377
2191,3167
936,892
1773,2668
3891,3806
908,2577
1098,1465
3272,399
2274,128
97,2901
3402,272
1582,708
3115,993
1662,2386
1346,858
1699,3142
1071,2897
2055,1983
1073,1467
2009,1589
1434,2301
2041,3850
2743,2444
2085,3282
721,650
2025,168
1353,545
1361,3143
3822,374
2166,3696
659,3852
1705,3614
2367,2180
1439,2567
3175,710
178,214
1440,1556
1015,2280
3653,2266
1081,741
884,1972
474,518
573,1587
1796,2245
3097,756
2556,1925
2039,2607
2512,931
3345,3745
1120,2861
2770,1599
3154,2356
2459,2602
2324,3241
2321,3797
759,2998
2528,1963
1369,2280
1739,2658
2458,1826
390,3334
835,8
2840,2368
3732,2654
1158,2414
2429,3765
3094,2274
1187,1781
2623,17
1645,3525
2500,567
2134,2381
2431,1875
1284,1577
584,1199
2321,2837
211,959
1599,2764
2224,3155
2065,1640
810,962
234,1339
924,2836
2499,1377
2394,1364
881,3746
2390,1442
3087,2718
1577,2744
3808,1599
2096,831
2050,2017
2898,473
928,461
1484,2746
2895,1057
204,3808
464,3777
1537,692
1229,498
211,387
315,3175
2767,3998
2080,568
1070,2523
1849,3435
2477,2671
3014,3689
2249,1177
1315,116
1154,2457
564,3684
1284,872
38,806
1419,2394
3940,1857
3251,53
2129,976
2228,1598
1922,2909
2299,2136
821,211
1756,1599
3095,387
1137,1326
322,1071
2092,2651
2469,2304
1233,1260
392,2873
2399,3032
1665,354
3928,3228
248,1599
865,145
3007,1226
32,3774
856,2446
2917,3860
104,1484
935,1156
2707,3507
2611,2356
2138,3848
771,3071
584,442
2174,515
2715,211
271,3612
941,2258
3610,2065
1280,1705
1590,3819
3758,2685
2289,3370
3414,848
3,746
3663,317
1602,289
929,1981
1331,3259
522,669
454,3274
962,185
3978,317
3457,2874
1455,1589
3176,1804
2555,2341
1921,3330
2838,517
1862,604
2149,386
1599,2696
1692,339
2690,3466
627,3844
1909,2659
413,772
2654,3041
454,3488
266,3872
2120,3232
2238,101
670,660
2370,211
1554,837
2453,1262
3109,2144
2776,771
1640,1614
2692,2785
3877,2316
1248,3502
2063,3759
1599,822
592,660
3343,1827
2587,2914
3128,2302
32,2791
1494,312
3562,2039
3496,962
2612,3280
1272,1015
2905,318
702,22
1146,2535
1935,2363
627,2873
264,3283
600,1058
152,2729
3024,211
402,3500
2044,1599
3931,1579
3988,2812
1388,2577
2986,3996
2306,1874
1665,2307
3744,1743
1045,1705
1781,899
3963,246
3403,1979
1273,2384
1419,980
1890,3024
651,487
1786,1242
547,3828
1781,3551
1039,3714
2077,1064
3252,3105
3939,3244
2324,3261
950,2648
958,2279
1056,3397
1749,1402
1826,3642
929,1486
3978,771
2039,2762
1220,3350
2783,2700
2294,2002
2956,3056
1057,3625
2079,3465
1853,729
3024,1331
1202,2165
2228,1814
1508,2966
2733,3858
3851,558
3809,1534
926,1885
26,3410
1875,2405
658,2826
3972,3689
3175,882
681,3355
1343,3311
232,1483
3124,2854
2213,3783
3340,3014
2096,1422
110,300
1184,3550
3599,388
245,2779
2540,3046
62,2557
422,2258
2240,1396
895,2904
1296,1302
2693,399
1781,2974
2807,2577
465,21
356,211
3957,3243
2814,1834
2002,1705
3680,11
329,3094
3259,2393
1724,2812
1559,3356
1745,66
2114,1599
3498,3094
2372,976
3092,2306
590,2209
820,612
574,3347
3732,694
3589,2459
3418,3811
2956,3046
3650,3660
3098,1280
1585,3149
356,3578
976,1326
3458,987
1356,2914
428,1017
3234,1733
3683,1707
1682,1678
1751,1057
1705,3859
2047,3411
2412,795
3175,1334
3154,1415
1927,3435
3136,2103
3053,2039
3631,1610
967,13
1104,1377
3291,2125
3175,1600
2987,371
128,2777
1802,1432
935,872
3754,2937
2062,3484
1128,3660
3017,2610
3887,1008
394,3552
3205,411
746,1590
200,3045
2510,1110
2581,560
2039,3698
668,1341
962,1840
777,2187
929,1837
1687,574
2601,1721
93,3452
2004,2128
945,2634
2264,1551
2814,799
1778,2694
473,1142
3151,3556
779,626
1820,1522
1523,1316
639,624
609,2483
1394,323
513,3348
3806,3658
2260,3531
1156,386
1984,919
1599,1696
1288,3870
3835,2334
1062,1358
2556,553
1601,369
2935,867
499,395
958,3315
1602,3264
562,3125
3244,2519
2556,2433
2761,636
3254,3983
1057,310
3335,2153
3642,2884
2358,1577
2741,1398
1707,211
3302,199
2605,805
532,2702
3655,3848
993,2495
3145,1498
1745,2511
1398,2411
1458,910
3794,2396
304,40
3656,3557
2566,1352
1012,2944
2737,985
1101,703
3934,1622
158,3991
1976,3464
1646,3356
443,2975
211,3827
39,3054
3711,3978
1219,3898
126,3155
486,2308
3259,2540
1705,2369
1436,215
2099,962
2509,886
60,3699
454,3946
3186,3636
608,3480
1576,2615
3074,3214
1744,1057
2147,1507
3423,2007
689,1781
2622,2867
2649,2341
2950,1391
2167,272
671,3066
1449,677
599,968
2982,2239
1867,44
1057,2140
2129,3497
3650,746
3805,1539
1094,3809
1462,3609
3169,71
3869,3175
1355,2463
2606,743
3504,2150
3598,405
2254,769
3319,21
2782,3797
2540,3083
3252,919
941,3477
1013,3270
2859,2189
734,151
178,1259
2494,3080
710,2508
1781,2761
2716,1621
1162,3997
1307,2905
3700,215
666,3323
55,3424
2270,1599
2838,1487
1880,1744
546,802
2810,2549
1027,2561
3725,1216
967,2812
2508,2965
1493,2307
2034,1652
3042,2143
1170,343
3708,1599
145,2333
2764,2812
564,2355
1830,314
3371,553
3130,2508
2577,536
1274,3791
553,3077
2406,2608
2307,1822
1429,1056
3068,962
2049,3014
2909,1849
1599,1002
1624,3895
3900,1438
2221,2974
3466,1640
2577,2674
3868,3393
1149,1405
2577,290
1344,1572
3280,1988
1576,3969
1626,1599
600,488
703,2758
316,3175
3398,3677
3428,185
1679,607
2095,1868
1904,2016
177,1929
3788,1374
3178,1447
239,3809
1705,730
1884,8
3998,2207
3396,3610
1181,51
1619,702
864,151
3021,1354
1102,3414
1206,1819
3838,1369
2783,1292
2235,2705
2689,3424
584,3008
2307,3305
1599,1838
434,836
598,2467
2876,1975
951,1766
879,283
3589,407
3806,43
1834,1149
2559,627
2452,3968
3697,211
1583,702
1849,2540
2572,3124
1762,2004
211,2274
2156,3658
211,1998
169,944
955,3017
3797,114
2291,1700
1847,2052
3952,3325
1625,2458
2696,2074
1262,606
1253,343
1957,2294
2331,33
1057,2321
505,1899
2455,2293
3057,3971
2551,2536
3367,234
1578,1214
1293,2301
3531,1439
2167,748
624,3374
1334,327
1116,2074
574,3561
778,3926
2702,2232
3275,330
148,1286
1643,2037
917,2287
2637,2211
349,149
1781,1698
720,2028
1284,486
2374,3700
1050,3186
3638,1102
3373,3750
2587,1528
2534,900
962,3961
3459,1705
2095,734
2779,751
3495,1331
2982,548
3620,3295
3337,1074
465,1683
3571,2304
1847,1849
1640,3332
3165,336
1784,2543
874,3427
2774,3759
211,1965
2493,2813
1057,3916
2002,787
356,2512
992,1196
3433,16
2072,2838
535,887
1102,0
3664,2877
3428,326
75,3374
211,1509
2531,2473
3447,1200
3944,399
3387,305
2556,3540
2556,3140
2789,803
3480,1033
3279,1917
3529,2356
2707,671
1476,591
1841,1523
2764,3162
322,1999
3963,3746
1705,2956
2032,186
1261,2059
2577,1951
1169,1851
2008,1781
1861,2496
990,2663
3601,3797
2654,3541
3387,1763
2693,3234
2441,1900
1872,690
2307,3612
2307,2984
3948,374
3620,2577
88,2141
3027,1981
1314,2209
3201,2016
1633,3432
2889,608
2872,3308
2621,308
976,104
1340,3062
721,2459
3253,1716
1755,2459
2985,2474
2602,3858
2596,2675
2871,182
1209,2885
1207,3219
1944,3307
3858,2313
1186,2596
327,538
2685,1929
3130,2640
10,1573
360,3834
2577,3006
454,1586
3135,1172
141,1712
3977,2317
2812,2019
552,596
2432,3068
2405,2677
234,1655
818,1050
1328,153
1550,327
1820,1028
2797,2307
1208,1272
2386,3806
1515,1781
393,2587
2016,979
3541,3115
1702,3577
2559,2383
2031,1830
1220,2920
2560,1324
2012,1916
590,1624
3488,3431
3071,1029
1294,2420
514,3508
241,2834
1880,680
3334,189
3194,1179
1742,2440
3641,2556
1082,1153
981,102
2046,2556
1893,2535
1873,345
678,3482
199,2268
695,435
2587,2463
703,429
327,857
3362,472
403,3257
3903,1057
2018,3060
356,3458
3573,2661
690,1435
2911,1323
2656,1450
3392,3884
3521,1343
3064,3887
2070,2984
3537,1823
3806,635
1674,1713
238,2307
1705,3080
1485,1523
2731,1427
3411,2669
1599,1129
3128,2466
2299,1240
1178,2805
2235,3424
941,2566
2074,2178
3866,1791
2536,2707
3515,1269
3718,327
3910,1016
1652,3566
116,1448
1599,282
1904,2749
523,2264
665,610
1523,947
87,2933
2861,3888
3259,1057
349,356
2878,2100
2838,725
1561,1175
549,3956
63,215
2911,3547
48,1101
2838,1571
1523,782
2298,189
2482,3494
2521,1479
2690,3235
67,2901
1564,1676
3003,1196
1532,436
2673,3626
2293,2331
114,2356
1582,1445
454,2723
3273,3963
3293,323
741,1780
2549,3886
987,2627
1343,2278
1805,2149
2827,3549
71,133
1781,435
1673,382
436,1781
3933,327
634,2506
1599,2340
633,2459
497,2938
1689,3872
2871,3739
1841,3374
3644,213
1073,2010
2880,3408
3589,226
2983,3463
718,2742
132,3026
2421,1614
3204,1356
3634,3045
2725,329
3382,972
1306,232
663,2791
610,1334
2754,1159
3711,2586
356,3916
2517,356
1424,3774
547,3219
2191,2983
2374,349
2556,1577
2284,1154
2168,3205
553,2453
1789,1275
2838,3472
3267,2269
2130,1224
2297,2858
120,135
3851,2408
3234,1651
3511,90
2649,2217
2536,3352
307,2540
440,3797
251,597
3398,3417
2577,2224
3973,2304
1188,40
790,3554
2099,461
3342,155
3431,597
416,885
2376,1578
1516,211
500,1035
2016,3083
1887,1654
3168,1542
2241,3142
125,2934
3797,716
2162,746
3510,622
2905,2604
1708,2686
1108,962
2909,2825
975,345
3693,2528
3559,2521
1252,741
1490,2577
3410,1108
300,1834
3043,466
3685,810
1720,3615
356,1984
2933,1556
989,1556
1832,3026
643,3499
1961,2415
840,1587
3417,425
3580,3047
3084,1241
627,1784
3925,439
2225,356
690,926
1469,3807
3615,2208
327,2198
1023,2796
3445,1473
274,976
956,1331
565,3898
1401,464
2577,2184
2774,3649
3703,845
2909,992
1175,3619
1187,2558
211,2609
3772,3272
1301,2175
2838,3214
3363,1562
2731,3458
1757,456
1691,3497
2808,223
3806,3560
3923,1792
459,2456
2639,2269
3578,1948
2707,585
565,2816
3758,2577
2152,1711
1705,2737
3560,2623
1599,472
2008,2590
872,234
2933,2556
2937,2178
2114,2958
1071,2806
2798,1064
445,2381
3081,2034
3942,2241
2034,709
665,566
2933,3065
2711,859
3369,1534
3911,766
2829,2455
2437,172
1008,340
2223,446
1173,2014
469,3677
3083,1414
1057,1640
2761,2286
2128,311
2710,2679
2258,3486
355,2361
2947,3615
3694,788
20,25
466,1346
2234,3776
1057,3564
3933,1887
3960,267
1930,3179
46,3061
3343,490
2705,2838
3297,3839
3897,3699
1416,699
892,2897
2879,2039
460,859
2280,2989
2498,516
2816,3499
940,2893
2616,6
1497,2575
3657,931
2633,829
1557,2891
941,733
2400,627
1781,2670
3451,2080
3806,3575
2705,2380
3527,3246
1112,356
1450,2589
546,715
3947,885
1141,2950
2001,3584
642,219
1603,2570
2631,3345
2329,2859
2068,2131
3300,1383
3702,1340
2694,1057
1475,1740
224,1416
1599,1026
2860,3941
1207,3971
3347,1031
211,2027
2244,1057
1443,94
27,1646
697,1126
3371,1057
2720,2556
2160,1591
2412,3621
3175,2953
647,541
3532,295
2307,2443
2838,2918
604,2641
2524,874
1797,2827
1599,3828
2492,2676
333,1244
75,211
1426,2258
2577,2832
493,1926
1284,3312
967,2777
3017,2846
2994,2095
1310,3407
211,84
3947,2459
1891,2576
3659,850
2403,0
3469,238
852,2456
2955,3073
773,327
1152,1918
2416,2242
913,125
3753,3290
1749,3643
3858,3790
357,1640
2257,2859
1505,3528
144,1616
2346,2748
453,1809
3230,203
2943,2200
3841,2756
2130,375
2978,3551
474,554
2764,2797
3930,1766
1781,356
1677,1150
1426,826
2106,1293
1268,1871
21,2898
1385,2712
1537,2389
3399,2021
1705,2877
1801,52
1781,152
211,1499
3302,2838
211,2422
3366,3653
755,1616
356,3952
3454,665
591,211
1329,1599
1246,3540
1148,2783
488,1863
3874,1043
2355,1705
2838,3723
1088,111
3338,3083
1071,976
1560,2356
2711,2674
3083,3015
2577,2235
356,327
3809,3083
3979,191
3222,249
148,3084
1894,3746
1678,1178
2797,2773
2470,1599
2838,3923
3120,1535
2139,1233
2956,219
1848,3211
356,3449
2256,650
3080,3868
354,1325
1882,2577
3804,1599
1057,1308
1597,1345
2605,636
