1461,1792
70,3606
1816,1758
1640,3511
2653,249
1242,1728
3039,232
1418,1529
3896,289
38,3321
1852,1821
1715,2540
1258,2016
948,3048
3144,2282
2587,1123
723,1127
1490,2786
1862,1927
255,2006
2037,2062
2187,599
613,1982
1152,1285
1850,1636
684,2265
1208,1102
2880,2858
1125,2463
1501,174
268,3753
1448,2349
3135,22
1254,515
3539,2228
3671,1149
3348,3859
1727,3223
3277,3809
3763,3650
3140,3942
3332,3601
3299,1779
3735,2368
1063,1550
2537,3361
1241,172
1156,1264
3630,1619
459,199
634,3108
1573,1919
1051,1122
2392,3079
340,3305
1654,3679
515,2436
3729,745
3239,3548
121,3919
2269,3894
860,3027
1997,1694
1502,2895
3690,1933
2901,2963
3065,2532
702,1545
3623,2446
3661,2440
2059,2681
2027,3932
1973,1202
1779,339
852,3271
1561,1659
1451,1107
874,218
1186,1013
2603,2241
3177,1394
2011,1382
2811,1398
1424,2988
1551,3568
1557,2726
2262,3123
3074,2852
2156,369
3690,2343
2775,3085
3530,3588
217,2592
2133,1150
2383,1306
3892,3813
419,1951
2313,710
1599,490
2552,3385
2450,2414
1459,792
1580,625
1665,1913
1293,3976
3626,2996
3213,1755
3114,1060
3198,2322
2442,2698
3792,3231
3224,85
3976,2571
823,2420
1,3869
3971,112
1442,1963
746,2130
1065,1418
385,3467
222,2384
1005,1760
3400,2053
15,3226
918,3963
3325,3175
2854,1950
975,3374
3727,782
1065,1904
2790,356
3094,3723
3241,3895
630,2590
893,288
125,2960
2488,715
1792,756
876,2642
1207,1095
2535,3532
1756,766
421,1650
3708,753
2153,3988
3401,1687
370,3992
3611,2529
1097,3436
361,1024
1116,995
1421,957
1270,3980
791,707
539,2358
2734,281
1453,3907
3107,3855
2496,3274
2890,72
396,2867
560,184
3576,3764
897,3246
1510,2693
3526,3852
3621,2412
3930,2082
334,715
1886,1148
3732,67
743,221
3583,1921
543,3033
2142,1433
1323,1758
8,2370
2320,3261
628,3949
1037,3338
1531,1720
1611,3549
1643,1256
3641,2491
1318,70
2202,365
226,2536
3910,3656
1346,2493
17,787
1584,873
2862,3097
2487,132
1452,1109
3780,3248
836,2805
3007,623
1651,3330
1771,3709
1997,725
986,181
3582,1968
2496,615
2288,3537
3116,606
2058,3007
875,1951
2896,3307
1465,781
3937,2319
827,1749
3782,3015
2767,3215
3604,3435
2331,55
2930,3614
2944,3101
3641,381
229,3484
645,488
2541,2712
3051,502
2121,659
2547,2688
1368,867
483,3172
2959,611
3983,2267
2566,764
3987,1172
3718,1857
718,2830
913,228
1075,2775
3916,1129
934,2705
2511,713
1632,3260
3116,3569
2901,2851
3381,857
3106,1808
2937,1772
3675,296
1126,2072
3951,2315
1780,2322
2132,3917
3491,2636
3273,3042
2083,3233
1333,2589
2184,3577
1152,1726
1633,1440
1480,2719
495,759
326,375
3162,3364
2849,3478
88,537
3930,1702
3144,2966
2931,530
2170,1276
755,3585
1918,1660
285,1341
81,854
1513,897
546,916
2123,2700
1593,945
59,1888
451,1768
952,1419
1614,2050
3996,3501
875,3853
1131,2144
838,3826
1858,1906
1641,2758
1198,1775
3890,3739
3737,1984
3143,2120
366,3395
2450,2084
2331,2304
7,3587
3939,2644
3360,2598
3469,879
3371,1985
2717,1594
2175,3754
3370,1371
2003,2227
3611,412
1409,2425
1308,2244
115,927
3557,1971
2828,2119
1658,3540
1267,3326
1724,3329
1918,2503
1398,2184
162,3191
928,2417
2271,2256
3098,677
3767,1200
2795,2452
1604,821
1763,117
612,3080
1548,873
3812,3382
1710,1046
2296,2177
2268,1361
3488,3554
1613,3586
2679,3143
590,2924
1792,906
3980,2998
1851,1782
43,2339
1082,1958
474,2415
3045,3134
550,1269
17,223
1447,2176
3696,1414
3892,3979
1483,89
1238,68
684,1382
1433,3285
2636,1866
3954,912
476,3262
3840,3625
1674,3856
3393,3747
3800,1589
2539,2442
1652,1272
3858,3531
3879,2836
1280,117
3772,3266
260,1911
802,1607
1723,2243
3878,2388
1401,1901
3899,1420
198,3545
1290,3967
600,2740
1597,3926
2163,1508
978,3423
96,30
2512,2784
2844,1748
3734,375
1652,2547
1427,3403
1336,303
312,524
3245,3664
3933,200
1796,1988
245,2444
3829,2332
188,311
3619,2036
3742,120
1180,1042
3913,3705
2409,1250
1925,299
2497,904
2992,2587
3561,1610
1588,86
2043,378
980,2840
1689,1128
862,3046
1575,2596
3768,1540
694,3392
1269,917
1213,2222
1767,1796
1681,1883
3424,1088
1011,3983
2559,3425
1855,1165
514,3113
855,1558
3798,2624
755,899
360,660
767,1867
61,1922
542,3410
3529,3413
2623,623
2522,3629
3398,2217
3847,1001
945,1452
1488,532
3696,3930
790,3775
3242,3318
1940,3873
3330,201
3470,2400
3021,755
1072,332
3708,2173
2323,2898
2925,686
1690,3134
3141,955
3894,634
3391,3876
1149,2095
3851,3753
3241,3557
2244,706
1381,2649
1749,3583
2579,2192
849,2369
1309,2103
1355,3268
1055,292
247,449
1216,2899
3821,330
601,442
1596,726
2954,828
2512,2578
323,692
3072,603
2137,3572
3396,2258
3985,539
3060,655
130,3504
2547,3945
1178,637
3310,2178
2725,1365
2017,2788
584,917
3787,677
945,543
3674,425
634,2498
1525,2071
3799,2462
2148,1946
3750,3443
2521,1100
3815,1757
256,3199
258,627
3760,51
315,3191
2780,2479
3347,3383
3620,1926
1852,1425
2534,2751
2394,2241
2865,3367
2008,641
566,1032
2886,2639
3804,3685
1742,3587
3030,2410
3108,3716
2159,3016
757,2061
2161,3881
1892,2253
1523,3816
3823,2235
1263,1725
2730,3654
2206,211
2030,2357
1468,1444
1071,2631
3243,1390
1237,893
244,945
2640,3731
1754,3174
3059,377
3389,3482
398,2147
2512,3337
1773,311
2340,3972
1869,3949
1403,928
2573,3038
2124,3402
3201,270
1080,910
3232,3211
345,3558
338,3978
1339,277
1257,1344
81,470
2697,2396
2827,2678
3616,3080
2655,3491
88,1731
3636,2163
982,2919
3842,2823
900,1727
1855,701
3236,820
2884,3408
3719,2960
3294,1525
2226,3722
1274,136
1672,469
3138,1126
621,3973
3762,1430
23,3262
2554,1459
721,3091
2433,1287
735,2761
3869,2409
2684,2054
3604,3041
2527,595
2661,2929
805,2333
3495,1220
1916,788
2709,2722
756,3018
1092,2023
3530,3155
2229,1678
483,136
1274,3534
178,761
479,1470
1113,920
3999,1357
773,1909
434,507
1722,1037
1609,2496
3154,3185
1955,3149
2004,1230
1765,587
3230,991
152,155
1221,1916
1664,2445
1197,2247
1791,2240
2205,2978
821,1365
3234,2498
1022,3001
2617,2207
3230,3893
3313,3431
37,1851
925,2910
9,3434
2327,836
1553,3081
3148,1948
2215,2917
2288,3297
1927,3467
886,2929
2771,3687
94,465
2873,514
1141,2223
2412,2449
3771,1146
1687,319
2451,2746
3687,3818
1439,3724
2614,2203
3002,1422
2033,2837
3866,1761
3934,923
2158,104
1905,799
3909,1247
1187,2923
2466,1902
619,809
3250,974
2098,1087
1677,3592
321,3252
2799,1749
3900,390
3006,505
3152,3056
415,1786
66,2279
86,1928
447,1980
1575,1556
2381,2736
1093,3400
3550,3647
3606,2489
2114,3029
614,3201
1605,1185
1962,470
3780,945
1760,1567
401,1867
1750,3141
79,1552
2806,1938
1618,2440
3573,1128
3952,1261
2011,2762
2308,496
3311,345
1837,553
3375,3247
1547,2877
3653,1107
33,2903
1559,2329
548,1903
2623,1031
2818,2680
2510,2260
591,129
931,965
2061,2106
167,2040
1476,1824
3734,3561
1068,1462
1931,902
3666,433
2976,483
1332,2803
641,2686
3605,2233
3136,2239
342,1203
3650,548
3804,3836
3511,2836
3170,3179
2306,3950
563,1969
1722,3789
2306,288
1102,744
3698,1902
198,1241
588,2848
3551,1666
1780,1494
615,3248
3381,1171
3270,3288
3709,2115
3317,392
522,3822
2710,3319
795,1007
1141,2097
2277,3059
1021,3406
2346,1397
2043,2263
338,2222
3645,1207
3065,3241
1490,1769
1183,1111
249,842
2548,439
3558,151
3845,1625
2228,1434
410,808
3607,3136
1709,2274
2874,704
3653,102
1732,123
2260,1294
3402,2986
1709,971
3095,1022
3041,1478
779,1320
2845,3025
3203,2766
1358,3315
426,1690
626,2547
2363,1692
3126,1271
1191,3736
223,3512
2175,2353
2955,1017
3723,1139
3068,1932
2619,1590
179,3521
3638,2867
3694,2273
1922,903
304,2707
3328,538
1765,2245
935,1928
685,3749
492,1301
79,3183
1477,388
1070,804
3830,1120
1778,2422
260,1234
22,8
3725,169
2238,2616
2132,1967
167,1134
2572,2336
559,620
998,3344
3406,2759
1673,1677
2254,428
1180,1935
122,947
806,3309
210,2331
3974,2897
291,508
3189,3973
1714,3232
2096,3459
1799,3287
3119,3019
2066,3328
3461,2866
1979,2854
3770,3480
201,312
3383,1699
3719,1735
2780,1284
3434,113
2605,1031
3597,3742
464,392
1470,2300
456,1204
2387,1586
3870,2932
687,3546
383,2362
2846,3916
689,3759
1770,912
3424,374
3104,3693
3344,1704
3837,3870
791,3250
1073,1634
2259,3102
339,1354
125,1109
3136,2172
3953,3630
284,1874
1581,1861
572,2762
1090,478
3505,3037
412,328
625,477
400,1420
485,1043
1574,326
3289,39
866,3543
1553,85
572,1669
3731,2887
17,371
245,609
3406,3493
3692,2379
1080,1957
3374,1357
741,77
992,1256
1387,3537
336,1586
634,882
913,2802
2682,1673
1179,875
3403,1731
1535,455
2752,3635
3627,936
1090,2691
1347,3420
571,1473
2811,114
909,554
2,2927
657,2529
885,2968
2820,954
2743,3706
3655,226
3076,3602
2558,1611
2198,570
3209,3159
2408,3862
3505,3068
127,237
2891,2134
3734,1871
1544,215
481,2510
737,3258
3426,810
1243,913
334,397
203,3819
1895,2400
2862,3828
1030,581
2942,3048
2803,3807
333,3225
655,2243
46,1058
1663,603
2374,758
2518,430
415,1302
195,1366
2581,1813
2554,331
601,2990
2646,3775
2110,513
2603,428
1577,2918
990,1379
50,2260
1697,3711
815,1422
1734,3815
2467,689
3023,3785
894,981
1070,1966
1077,3702
1738,1670
2038,2997
1433,202
417,3219
3310,1449
2263,1054
2148,2113
3,2452
1466,1349
1582,2343
3421,3155
2475,3148
3581,1791
1706,2169
3462,1499
3129,2828
3374,3004
3140,1234
3079,2227
1473,2652
2075,2530
2380,3127
3462,3464
2352,107
3722,924
1014,2481
2221,1392
99,3952
911,3977
1023,1201
135,3570
2165,3319
3973,1930
157,450
2254,2938
1891,2078
25,2853
508,3537
2083,2316
2131,3387
939,1124
1129,329
1371,981
1025,2534
1450,489
321,564
3398,574
2212,565
1747,2616
3793,2129
1167,3661
2133,2158
2835,3853
1817,2341
643,1591
1281,3371
3727,331
2047,3278
3882,2824
2394,3574
3445,3798
3126,2762
1896,1810
3885,1938
2557,1431
1721,512
652,447
1726,2493
3303,1378
669,2682
1359,2089
1961,3606
3848,810
2460,1954
3607,1838
1583,3709
3341,3083
99,3352
2577,1453
3318,297
59,3947
2340,774
3997,1510
2104,532
2449,593
2866,3308
844,3584
3575,962
1605,3203
1814,2507
3873,1158
192,176
3221,1196
1303,3993
873,1401
1230,83
1531,3185
2953,3273
2242,2270
2613,2677
3076,1560
2737,525
2813,532
3215,496
3062,648
634,2267
901,3514
107,1692
2685,3092
3830,3840
3153,2219
1912,3849
2267,2809
172,3401
1273,1429
3779,1766
670,484
1550,2808
1961,2334
2827,2192
1894,3022
2250,2731
1563,1028
3352,2096
2607,3359
1876,3634
507,3936
2443,2074
3540,2817
216,851
3385,671
3361,2907
2059,101
2109,1641
403,3539
3375,3540
209,1293
2633,1176
1973,3609
2396,276
2454,2835
2966,2236
2397,3940
2769,3597
2221,1593
343,2501
3086,278
2991,2622
554,899
2382,3256
1018,3838
1823,3155
783,2442
1096,3101
1696,3241
3525,2863
135,2305
2259,2552
1834,2713
3440,117
1370,3762
695,945
3315,3680
2664,163
691,2219
1630,960
2600,1372
1205,2397
2067,1151
1015,2782
2520,1770
1077,3863
2633,1127
3184,2826
3724,1351
607,2864
2701,2567
2223,1873
3581,626
2628,422
3700,1315
349,1105
99,3107
1159,3518
2424,2153
945,6
2902,3827
1484,3105
3394,126
3854,3976
2913,793
3084,1630
252,92
490,2733
2309,685
1877,2806
2942,3017
3004,971
136,3301
1689,994
385,2838
290,781
848,3768
465,2521
341,1201
1018,341
1784,3701
2286,1117
2439,605
2359,3477
1041,895
3796,1371
341,3811
3985,3415
1779,469
1982,471
640,539
2895,2373
3078,2116
1067,3583
3593,1165
3602,1597
2457,621
235,3225
644,1062
1548,331
395,1257
1156,940
3418,1565
3273,1153
3689,1275
949,721
1677,956
753,2693
1027,2642
3850,2385
1461,1235
1631,2459
24,986
610,2758
1613,446
2392,1176
3934,2126
1937,2330
2342,3724
2012,918
3014,3175
1210,3161
1269,690
2732,2202
3107,2028
842,2593
361,136
1108,2658
231,777
1960,1571
3021,2964
1323,2102
3748,2968
2715,2893
3484,1785
1491,1755
3703,701
1807,3928
427,3442
2782,331
1667,3212
1802,2310
123,2287
912,1713
2204,2637
1148,2941
3060,1154
2943,2049
1206,1912
101,499
287,1133
3231,1784
3159,3578
2393,1927
2918,304
1578,2580
3907,1192
3192,1856
931,524
3163,3535
1607,52
899,1075
384,1594
3284,1383
1883,1992
751,3186
3986,3918
325,592
2705,2517
388,1900
1992,167
3131,3173
3874,2637
28,3316
3438,1211
476,1406
2469,1260
1541,795
3382,208
183,2360
1650,446
3958,3951
3652,3378
2440,1662
2139,2406
3142,1840
1656,1988
1383,3025
1056,1941
2396,1489
3294,2872
2892,2567
1772,3253
2714,3948
3338,576
742,2680
1512,375
3532,3642
2234,3849
3927,1521
1131,2617
1543,2463
165,1806
3845,261
3147,1204
1717,3599
3903,2982
797,3474
41,3527
1030,1217
236,544
180,1822
1611,105
555,3585
1955,1249
1319,1759
1964,1819
869,3715
1985,3252
1905,2982
2080,427
1575,2215
1226,2201
825,1438
703,392
2013,1241
1947,824
75,2823
2947,634
3102,3371
1758,739
1924,2282
2401,527
2407,4
1497,354
1743,2543
2858,2063
1766,1686
864,545
1053,3288
688,3069
568,3024
2802,3796
1274,2334
1700,1211
1108,535
955,174
1091,167
764,965
1986,315
2530,3703
2295,3906
3805,3746
1821,569
2001,2182
1040,3442
2571,113
570,2831
3580,3174
2051,1859
3998,3227
186,2068
1719,1890
1324,995
3769,3438
634,471
2770,1935
442,1175
143,3788
688,1600
204,1803
3561,646
2481,448
1814,2046
3357,593
390,1437
2547,2399
1957,3337
1483,1854
2630,2759
2994,1950
945,3701
381,3009
3351,2789
3546,438
2920,72
505,1844
1729,3638
1352,2723
3703,2547
2386,3960
2930,2673
1799,3421
1629,3259
1948,3896
3638,3624
2324,1093
2099,2687
2352,3565
2530,483
3008,3532
3987,653
2818,3302
1928,788
3809,1573
2480,915
1063,3233
3377,1681
3316,2939
1465,1375
1389,3440
2768,2428
2836,2670
1601,117
3855,2911
1880,713
344,3258
3074,198
2115,2672
798,1115
2363,534
3150,3429
594,1905
1310,1025
2026,2710
555,1723
1838,318
1311,1345
1625,2437
3685,2682
2772,389
2371,1307
961,263
2257,231
3527,972
2927,785
2913,2400
631,2636
2079,3520
2761,540
3555,2081
1463,2345
3696,2125
3080,2562
3736,1148
1640,1104
3077,3085
3471,1512
94,2348
3936,2234
2164,1965
2112,402
3439,3040
3890,956
62,425
3171,3581
765,1716
1384,1947
1321,3099
2373,3238
1097,3943
3620,2155
790,3880
3384,3947
3795,3109
2091,3707
2512,351
3805,600
3623,694
2923,1908
1717,55
1748,2213
799,3096
2480,2456
2693,749
3050,3865
2712,21
1464,3461
2267,607
517,1807
3456,3679
2229,2214
3206,3485
3459,2718
1832,1190
2520,321
3627,3305
1764,3603
3342,396
2645,2509
3531,108
1621,2794
890,1551
1355,3208
47,278
2826,1491
3188,3358
2907,2621
420,3658
3793,3507
858,3442
3081,2100
3560,3354
1255,1999
1140,1963
1,1028
1232,3567
2716,1235
1396,697
2443,271
19,3738
3951,287
186,3190
2180,2635
3832,3621
2466,642
3970,1591
2665,945
3930,2830
1196,1228
2961,891
3691,835
3306,1247
3081,486
3510,2733
1360,1587
1008,49
2951,1728
1069,2374
2115,2694
940,3338
1314,2340
1074,3914
172,227
509,1162
1292,2169
1408,862
1380,1703
21,1368
945,691
2613,584
1099,893
390,504
1601,1874
2706,1521
1855,897
33,1351
2668,3165
2494,2731
3147,2611
2377,1692
3715,2156
1121,2305
2083,3959
1463,3649
2901,2989
861,3353
2297,1837
2853,1553
394,1445
1732,2249
168,373
785,1549
1208,3745
1242,155
121,871
3186,2647
2470,1610
3500,3999
3302,3867
1745,2717
2806,1702
1786,2031
3590,1325
1312,1977
1384,3035
2058,3903
2281,3314
1733,258
3190,551
110,1047
1206,1305
1714,2265
624,1846
2859,545
2690,2533
1361,690
1708,2023
2662,2868
2708,572
241,278
2095,173
945,1861
3086,917
3711,2560
1265,512
945,5
1684,3256
1311,2077
1622,2429
3720,495
1216,3137
3690,3310
1880,36
3236,85
1639,3991
3544,1305
1320,3332
580,746
1861,874
2509,2619
1367,3120
2106,914
3832,33
738,2047
761,3817
3728,2453
2552,969
2119,3213
3952,2516
2495,3711
134,2607
3831,3388
1471,582
3468,2709
2216,93
1328,1746
108,1608
175,1729
1738,1715
597,2452
2076,2201
3202,1774
1238,6
1626,933
3211,599
2294,2816
3590,724
3286,470
3149,3530
1836,634
3672,2922
1416,3875
262,109
2033,3767
1875,1214
2553,3920
1562,1668
1104,3032
2141,317
1782,213
463,3542
1554,2046
3787,2834
1044,577
2031,1933
926,2745
1248,2821
2721,58
2381,3523
1163,348
3414,1894
3358,2166
1225,1529
1895,3076
1737,3340
1197,371
2764,2980
382,491
1311,2153
2308,380
5,2034
881,3220
2925,3721
3360,93
1983,2427
3670,2055
3356,696
2676,2689
3700,2828
3454,1186
2045,1259
1098,2915
2135,2283
3518,1176
2314,2222
2395,159
2817,2305
390,3609
355,143
1295,2017
1109,1278
601,2521
2040,822
3363,1603
2976,3286
347,1989
286,527
941,1282
546,9
1182,2338
515,2934
78,1789
1637,1225
3384,3029
3269,69
2593,1444
974,902
1046,2532
1467,1650
390,967
773,1374
3461,2703
1161,40
3070,2418
306,831
3638,1492
2248,1818
1541,1246
2561,1326
735,3255
3376,857
2634,48
1898,305
892,3696
3327,1775
2875,3452
1642,3604
1147,3203
2016,1357
163,246
3999,2107
1909,2569
3279,1688
3543,580
2427,1064
56,3143
2774,290
1142,3624
1124,1302
3532,2446
2958,2336
849,2902
2644,597
888,945
3385,3456
377,850
167,2520
3817,1575
1178,1981
939,3855
269,3242
265,2215
491,2916
1001,2975
3234,3663
1499,1800
3063,2879
247,2185
169,3091
1794,3502
2398,1896
2497,314
1002,3122
2385,2025
1523,3368
2556,1193
2317,884
688,1760
0,982
527,897
897,2777
994,922
541,3826
1646,3606
2649,3506
2442,3133
144,3206
2555,1679
700,1202
3966,2995
2757,443
2349,351
1206,2387
976,1706
1133,929
1521,3509
1115,2406
2578,2804
954,2512
3282,638
598,1282
2325,191
517,3795
3017,811
1079,1902
3765,3902
771,830
2519,318
868,1010
1828,1811
1720,809
2741,853
3647,2089
176,1032
231,150
1654,1915
3695,399
2429,507
1320,1374
2235,1795
2539,1548
586,1652
2783,3177
440,11
3589,3532
2406,1072
1544,1171
990,3606
1276,1217
3136,667
1299,1012
868,3924
78,1281
2314,3463
567,192
1916,1782
2906,28
609,3782
2583,2293
2410,3202
1797,983
2128,2175
682,2999
3263,2572
842,2514
363,1659
3551,834
2351,1589
811,1290
1987,356
1892,513
1132,2181
1192,993
618,3484
3636,2093
2353,3892
1839,252
3488,1000
3615,1279
3473,3329
306,1917
3834,839
1687,3448
675,882
1167,1754
2596,3778
3776,3825
3877,1599
2796,3446
2935,1630
2793,2437
584,1743
2602,615
3089,3593
1302,225
1685,6
2297,914
160,2517
2800,2964
1946,291
1961,665
3689,2922
147,2468
2881,1087
416,1930
950,3508
2740,2461
2247,3490
1773,2573
3390,147
839,2477
3533,1229
1016,2344
3532,1705
3847,1271
358,381
2272,314
2090,3518
349,2447
837,3827
3758,1859
945,2644
407,748
861,2144
3063,279
3651,2004
2510,606
409,1171
3055,3771
1013,3636
776,3685
3352,2491
3537,2817
2832,1785
1105,449
2757,2664
18,846
2912,3215
3718,2168
1711,634
3608,2485
1089,3284
1492,3484
443,813
777,2846
1448,3079
1635,2237
1404,2669
2026,3390
3742,2104
3415,2936
1088,3066
1223,1585
3077,608
1294,2371
3891,3317
2590,2634
2670,1684
3971,333
258,2199
1370,3407
1618,3181
2307,1635
2464,2376
3876,2160
2362,205
3411,2505
3517,720
1717,896
3479,2456
3566,2
2039,1932
3301,638
1465,1340
241,1502
1741,1804
2411,384
2996,1556
139,190
1432,2935
1913,400
1377,3560
3643,903
1487,2221
2174,3481
3990,598
3952,1558
1722,1636
3772,2671
654,3346
1360,2888
918,973
1738,2542
3493,3423
3836,614
484,3105
1959,3455
3132,1349
301,3314
892,3823
3416,1764
3988,3115
1822,290
2579,1707
2216,2393
248,1695
1717,1902
3285,1323
320,3317
1925,2361
3417,3688
2415,3067
355,1431
2109,3834
730,2969
813,2358
3589,3535
3698,1548
3935,1193
957,2225
2550,2044
1137,3904
3268,2025
2693,1696
3719,1181
2408,2627
584,1329
1172,1161
1030,3148
1602,849
1954,710
3058,2776
948,3126
2723,1574
2624,2916
118,2701
2217,2169
1664,148
133,858
1684,478
1494,3173
2587,3766
286,2395
2414,2818
2010,2785
3290,1098
2653,2033
519,1422
3569,2081
1028,3000
1333,2109
3841,2450
1853,3874
1718,616
703,2737
1223,1194
2014,1528
3689,903
434,122
2070,2048
3027,2045
939,38
1110,3868
3376,3049
1914,3735
2200,3055
3556,3388
2909,2875
951,3183
3730,3652
548,2511
117,1530
2277,279
3556,1919
1458,2199
1650,631
1123,736
3429,2898
751,2420
2833,1719
3790,1295
414,1865
2360,3375
1163,2462
1340,2492
3908,2753
1696,2101
1618,1215
3244,1423
3435,1373
311,945
2852,118
1232,499
2818,1153
1211,2914
2262,1219
2165,739
3212,2423
1688,3109
740,3537
3279,1168
1464,519
1693,1434
2949,2316
1658,136
1943,3214
480,2051
558,2631
2871,61
2280,2100
2028,1923
3366,1751
3009,3606
2500,2149
2818,3765
3162,1761
3358,3073
411,2861
2223,2062
1161,787
2298,3217
3868,30
3904,594
299,1638
1828,66
862,1156
3510,2545
1213,1151
2880,1136
3843,2471
3255,34
2672,919
2187,3760
3125,3159
58,789
3166,634
793,2628
556,2961
913,1835
1330,422
100,1909
734,3721
2421,2881
2597,2430
89,610
707,448
2529,3298
3469,3674
30,1297
3246,3473
1744,3858
2709,3952
10,2563
1771,172
3667,2053
1200,2402
200,2763
698,3870
3704,3179
2723,3115
673,3156
1456,935
2347,2648
756,3726
73,1614
1310,3450
2583,1348
3887,3850
1032,3310
3129,1876
573,1820
2251,114
2624,3676
3911,1897
2142,2208
3743,1079
1996,1572
1482,2151
588,650
1869,3930
1401,2721
2257,1953
3280,3496
1328,2569
2954,1365
2630,1866
3240,3498
389,1266
1069,3102
3678,3889
1148,231
2999,3260
1359,3444
638,339
3962,3645
3199,2292
869,3124
1481,2254
2989,796
2906,2969
2741,386
2609,268
2820,487
2544,2057
2264,3044
2207,2352
1332,493
1516,3627
262,3863
2382,1613
3532,1428
2999,1802
1648,349
3924,1001
1691,3222
903,1971
883,2244
1962,2878
2778,3961
116,1741
733,3194
2292,1049
1522,2730
1245,1065
801,3121
1428,871
3919,3047
3114,1976
1439,1595
3382,1307
1540,3901
2356,2629
727,119
591,130
2968,827
1266,189
995,3970
2921,2073
3397,3548
2355,20
1865,1860
3103,3319
2190,342
1312,2869
1317,2599
1664,3839
1447,3066
2410,1423
1886,3666
3608,3598
2430,3669
551,2252
302,1539
1498,1145
457,3606
1345,185
2180,3335
3728,3536
957,2576
3988,306
244,3937
1139,3865
3989,3517
288,1480
1530,2507
3537,1647
1713,1381
1604,494
1050,217
866,2005
2668,1114
1647,675
228,3366
3931,429
3606,2409
609,3778
2040,1442
3328,3904
1335,3334
661,179
1227,412
3887,3562
1735,1521
3323,476
3224,520
2422,712
399,3464
859,2279
1309,981
1017,346
3253,2077
3292,3565
3897,2879
3109,1595
1132,1485
3407,1155
2234,3789
2270,1774
777,374
651,3769
2608,1498
1455,3127
353,3888
898,1454
2813,1908
2910,1101
801,893
1831,2643
2742,2092
1098,2797
3485,1747
2295,762
2395,231
2767,2347
2522,3836
2444,1393
2093,3135
2460,2738
790,1381
633,2365
2896,466
2778,2191
1740,3167
639,673
3709,2656
1486,629
2796,2553
2483,1463
1153,528
749,91
3178,25
3020,1829
2757,2603
1464,1398
2397,1884
1749,2162
2088,3087
3600,521
1844,1966
2698,405
2625,1521
2941,3082
367,2755
626,1500
3539,3010
421,915
1791,3456
301,748
3343,3339
1417,1428
1605,3075
71,937
259,361
404,115
1346,3287
668,3668
206,3751
2960,1113
1112,715
2465,3106
3617,500
1806,808
3586,921
1705,2751
2432,1521
178,3826
3078,1107
342,3235
3650,2188
1316,1925
1434,1980
2107,1503
3933,1783
2740,1
975,2246
2460,3946
3788,1152
979,3533
3558,3922
125,3656
795,1675
3503,1287
1870,3373
3456,3582
1304,2122
2927,1878
3886,2326
506,387
368,3637
7,2637
2571,725
2015,2878
586,966
3237,2444
1610,3810
3709,2787
872,206
2333,3900
3646,945
2804,1867
2911,3757
414,2019
3929,1093
1991,1184
3898,3292
1981,1574
2991,3364
1626,1749
2958,1339
3444,476
2952,3771
3169,1701
965,3680
2455,2071
2076,1295
2158,3704
2056,3196
1231,2998
1483,3042
2600,2006
3756,3157
3176,1620
3322,855
3739,3760
1393,2316
750,2875
2013,3282
310,299
483,2208
1370,577
672,1547
3544,1619
560,300
1255,3757
864,3793
292,2847
2719,3014
2424,483
2134,2108
633,2562
907,1628
968,1522
883,431
920,3015
1195,2486
3563,3697
2547,1883
441,2359
2734,1052
3018,1086
1986,160
2512,498
281,3785
672,946
935,1429
2062,1298
2448,1835
3791,2752
3541,1631
2567,1358
658,3168
2247,552
1482,1873
3372,2303
2980,2124
3568,1122
1493,533
1948,71
2324,3695
482,685
2702,3677
2195,2453
3781,2592
2839,2482
2960,2435
3200,786
2811,87
3056,3709
2065,2621
2998,2488
3941,1424
1385,3944
3460,2992
510,3393
129,71
3635,2905
3040,3444
856,1561
1794,913
1752,1918
2483,768
2431,459
187,818
1522,3906
3909,3748
1736,3619
590,2825
685,3098
763,2210
165,731
2049,2970
2597,2798
2892,3020
1815,366
2125,258
561,1283
2926,2388
3220,1290
1797,3033
1354,561
881,20
2632,3794
2198,3299
120,3905
618,2193
1634,1757
3888,1168
1648,2919
2259,3405
3405,1393
3678,809
326,3576
3458,2550
3820,95
2978,1288
953,435
2038,3425
1994,945
2660,64
3599,3700
1231,1467
2820,794
475,2116
1045,2178
2561,3614
2805,2203
648,1471
2133,761
2211,1448
3426,1793
261,760
395,3887
3175,3835
3303,903
1671,420
454,3746
3083,3606
1789,1703
891,3198
68,2880
931,873
1856,2614
164,3272
3894,1864
1590,1006
3893,3042
3875,887
632,1907
2104,1337
1793,1994
722,1859
3761,958
874,57
865,3999
1113,1579
1514,965
1830,2979
3548,2515
2298,3717
1099,2850
3541,2676
274,624
3752,1559
529,2036
1775,633
945,926
3435,1566
3619,2934
2658,2375
668,2077
3547,54
2798,277
271,3476
2486,3212
945,2826
541,2454
2421,173
3171,3916
3229,797
2750,3805
3483,2873
2961,32
2779,1212
3801,2602
3055,1040
1499,2910
1987,2567
246,314
3869,3532
1915,3100
459,1575
1386,3945
37,1348
1157,3156
3703,2300
672,3651
3535,346
1149,3022
3060,2839
3501,1678
15,1857
1052,3776
3469,3611
1884,20
2908,1440
1532,2677
1528,1675
2550,2330
234,545
2641,903
812,1919
2362,3958
945,2738
3852,1008
251,3472
0,3943
3205,704
1215,364
282,634
2831,2763
3709,3106
3941,35
2396,2941
1500,987
239,1336
989,1222
770,1895
401,1167
3765,3200
3244,3229
1015,3048
2512,1166
386,579
3803,266
1506,3709
54,2313
1940,1802
1986,1053
3592,3095
1475,2039
1112,739
145,3843
818,2351
423,780
1082,453
3862,1451
3795,1155
2339,136
1303,180
63,1287
1911,412
2042,3927
3574,2081
3236,3695
2818,3600
636,3066
2023,2187
1077,2121
1745,1416
1694,1599
334,2136
2306,1330
2171,2608
632,2368
2159,1711
331,97
377,743
1289,3196
882,1330
775,2837
2685,3071
256,3447
2586,3706
3298,1626
3696,3087
2715,2838
2645,2442
1247,3064
2843,822
631,2353
3834,991
2703,1314
2174,198
2684,1852
3660,433
96,1076
2835,1187
1670,2354
726,2865
3088,3862
2082,3436
3439,1870
972,2248
3099,1504
3646,894
1646,781
3240,2847
413,3788
3449,3926
2240,3901
2503,2802
927,2615
2461,1973
1488,875
3810,3137
1956,1566
885,1285
3722,3745
3399,2232
1179,1375
1667,3990
1200,2936
1407,1792
2832,3985
121,1399
3002,1970
3427,1143
2589,2974
3146,2130
1730,2968
1435,629
214,2065
926,3223
1068,303
1509,2704
2361,294
3193,2955
852,879
2286,2871
3297,2893
3322,1422
397,890
847,1249
1959,2822
2768,2693
941,3243
17,316
1657,2285
3521,592
793,2487
3274,3682
550,557
3967,446
2009,2902
3084,511
3940,1278
269,959
1632,3774
1965,3016
1965,1609
1188,414
2446,3180
3709,740
765,993
569,2949
1034,3028
1338,717
1242,1061
175,2399
2505,2141
3905,1885
2509,3446
141,2664
3601,2577
3912,251
2669,830
2857,2242
1430,1603
336,2449
2997,3524
829,1649
362,2401
3423,242
2722,95
1298,408
913,3893
1691,1891
2627,2982
3510,356
2895,2544
107,1733
1214,3213
1996,3766
2468,3164
1842,1199
653,1705
595,3725
2129,908
573,2727
960,310
2719,1011
2063,2425
1173,2972
1253,1350
3307,1987
1478,3574
2797,3717
1111,3183
3600,1497
2815,3470
3065,3357
3448,3611
1279,3465
3734,477
2085,914
1011,3644
298,1724
1532,3226
1536,1942
1033,109
2912,309
2393,1998
3411,3532
3997,945
3928,909
12,1962
500,3499
3267,3964
3991,3281
1581,2575
3484,3939
275,3484
2680,2183
2076,378
3829,1469
2918,2738
2915,2747
1117,830
60,458
2929,3166
683,2540
2696,1699
2308,922
3532,3614
1408,17
3942,466
3926,340
1655,1142
1753,3360
727,185
3345,1432
2034,489
3605,2290
1369,1397
923,3905
327,2378
2962,376
3325,2112
1360,2181
2522,209
3669,952
3306,3327
2442,937
401,3486
3102,752
1511,2439
3911,194
1353,3825
2677,2094
2271,1060
817,461
1615,2773
1650,769
805,2662
3959,418
3886,2675
545,262
786,3562
1112,3807
104,3877
3235,825
549,945
2841,2632
3142,1137
3730,2531
1328,3321
554,658
3585,3683
2506,3772
256,3151
3607,1467
2885,1194
3032,359
2785,2110
323,1501
91,2297
2261,3545
3202,89
14,1315
3154,2807
1615,164
1036,1889
2072,108
1136,828
3588,1116
702,2137
3448,2362
124,2090
3019,2589
3744,2744
3925,817
2018,3901
3036,3867
1333,1109
1091,2939
3031,1339
416,1010
1435,2474
1644,2528
3374,2286
699,1694
93,3493
3187,2913
308,530
2230,1413
1027,3258
3163,3061
2728,3898
673,2496
843,706
310,1436
3065,2986
3504,2611
3336,714
133,938
364,3797
2276,1555
3957,132
1221,705
3481,3111
3369,1926
236,146
3978,1559
2012,845
2072,1196
22,855
510,1655
3389,997
3163,2579
614,280
3178,337
1009,1391
850,195
2096,3397
1353,1816
1967,2514
403,2125
1004,3396
1228,3134
1329,1568
1985,3613
913,3465
2631,1366
390,1184
1616,2206
2156,3030
2464,3715
1593,3430
1000,13
2105,222
178,2467
3617,3717
1528,3716
3699,1278
1504,1160
383,571
3280,1453
634,1358
2234,903
3497,1864
1558,3848
529,2408
1068,1067
1143,879
153,161
2466,988
1768,930
2032,1220
2612,1535
83,3243
762,1019
456,2030
2780,209
1449,2965
3286,3205
454,34
3289,1184
2475,3899
776,3743
2815,2490
3496,1050
1013,421
3456,3007
704,708
3992,1419
2517,1142
2739,2135
2105,1164
3924,3046
1293,1218
446,2482
2389,190
772,3649
3895,1823
1046,2063
486,1086
1762,1229
2149,2810
723,1519
3320,257
949,3712
335,2448
1881,2759
898,483
55,1633
3866,2035
385,2736
1063,1534
2434,3633
2166,1486
2144,1067
1347,308
1277,1817
2184,253
2344,3270
2969,602
2236,3300
2636,1118
1863,568
3794,3922
3653,1795
931,185
1975,1826
1756,1306
1118,696
1814,1075
3254,51
3266,1488
1503,292
3797,2629
3791,2745
208,2069
1587,433
2698,1534
3789,754
2318,945
3367,2693
2439,1258
792,1265
3172,276
2249,3048
1923,676
1964,3278
457,2717
3456,3984
1442,3140
3824,3808
345,1519
1872,1482
2568,1006
714,2638
2946,1239
2729,984
814,2612
2818,344
136,830
931,2555
2125,745
1507,2064
3758,1777
2202,2942
3721,2516
443,2351
1721,3528
3431,2323
1954,3313
3227,2730
1950,1111
1680,775
1894,3908
1223,913
3476,1750
2591,3219
2606,2476
2472,1138
1575,636
1412,3662
3976,1871
3952,3632
2581,529
807,3638
944,2347
1875,1943
667,1900
2960,2464
50,773
3665,3113
1885,2351
1267,1079
1993,2563
1688,2365
3340,1748
731,3654
3125,2546
996,3268
1216,2789
1744,1889
2955,814
2365,3957
1634,647
498,1226
1853,533
378,298
2726,1334
1831,3486
3013,2534
1712,218
164,3155
203,2342
2793,2946
3207,2146
1759,3381
3196,1354
1659,2015
1435,2787
3070,281
3183,3422
3992,984
558,1410
2843,3136
3710,1148
1857,1564
2877,1904
3644,1200
3634,2491
2940,196
1953,477
1497,1770
2227,2504
1990,2866
3890,1260
1502,1145
1579,774
1079,2634
1869,3239
1366,1189
568,2756
1583,2002
3270,3418
747,1720
581,2134
2946,2038
1736,3404
3237,3430
2652,581
1683,936
1971,728
530,241
2363,1454
147,3197
1380,767
927,3552
1995,2819
2630,453
2722,254
3400,354
3367,2019
463,1675
0,662
2252,702
1608,525
3096,1002
950,1674
757,998
611,1612
878,2809
985,3028
444,2099
3763,2117
837,2341
3263,1812
2477,945
1809,3481
1224,3019
2302,1181
2014,3364
3280,2442
1527,3815
354,1395
3346,916
1516,3343
2990,866
1706,387
1108,719
12,3611
1495,3003
3456,3370
2620,831
1657,1363
1768,680
3214,3316
1275,2937
604,187
3356,3816
1750,2945
3978,2562
2343,627
3363,1582
727,2833
833,3322
59,1897
3451,1469
3550,3568
2729,3324
562,307
2777,3750
3207,3640
3377,2594
2889,542
3146,1845
1054,483
60,2504
2715,1884
21,2519
2356,1313
2971,678
949,289
537,1547
1827,2187
116,2112
510,3150
75,430
503,3132
2382,2279
693,48
1952,432
455,3813
639,2490
3838,1261
3180,996
2473,3554
3851,2245
1826,2436
3522,2037
3480,3287
1590,2088
3745,3638
801,2425
77,2588
396,1269
754,668
2136,2183
182,1174
217,3734
3370,1079
2003,221
182,2262
2781,2210
3512,3286
2205,3224
1390,294
240,1026
3709,136
2699,3003
2977,799
51,2885
851,2204
3449,1203
2595,1627
637,271
1601,1507
376,3932
2026,3976
1299,3475
1414,665
255,1450
3391,1939
2295,3132
3848,3123
2378,3431
2042,332
2765,1158
1616,769
2716,536
1399,2523
3481,126
1893,1698
2973,2478
1582,2207
990,2066
987,3193
1933,1005
1699,1406
1662,1026
2281,2925
1084,562
1606,2661
945,2648
1477,3538
3264,473
1023,2080
1406,2581
2263,3961
1914,1585
2570,2564
3170,2620
3468,716
3499,3012
2932,506
3603,2505
3026,3498
3100,65
2429,2688
1089,376
2131,3386
3279,2956
2676,779
2224,1734
1960,3713
585,391
3874,2640
2289,3712
3703,3053
1609,637
3674,3736
1542,2695
2536,1474
2024,3064
3373,3951
2636,3359
1154,509
431,3554
1517,1798
2597,1307
622,2838
1083,2908
3469,3857
1898,2105
2527,635
574,2854
1390,2881
2442,1518
3476,1695
1268,3657
199,54
1839,3261
1795,2407
579,3238
1445,802
450,283
3456,1397
538,2444
2805,265
2170,2246
2724,194
2220,2241
3844,3734
3542,3935
3566,1096
2335,2392
897,2233
3606,3921
1237,410
3709,3044
664,1055
83,3082
2273,1671
723,240
1297,2601
961,1256
583,151
2882,3241
3699,3546
619,1557
1166,2164
2726,49
3422,2556
1225,3421
1833,3347
602,3683
358,3582
2073,2791
3420,2048
2457,2231
2792,318
92,3391
2224,3242
1616,3438
171,2530
2773,1205
3640,1439
977,3944
3122,1034
2503,1621
3682,3409
3428,842
1524,1468
2659,2727
1979,3801
897,1745
2358,508
1601,2515
1577,2880
803,1558
3362,1334
3977,2299
2152,2844
2889,461
587,3177
2785,2462
802,2463
1050,3661
2269,2891
770,828
3790,1066
1625,2668
3216,3165
1897,3172
189,2767
2143,3308
2046,3068
569,2052
2827,3507
1602,382
1150,1780
3747,3884
1449,329
3906,196
2596,1946
2646,3603
3881,1021
3684,2325
3522,233
1970,618
2887,134
2656,456
2127,3
2936,1877
127,906
1233,833
1334,1623
3073,2194
1546,2269
771,124
2538,3814
2188,3048
784,2306
452,503
2239,3582
3245,3673
3644,2989
3529,1115
3379,3128
1924,3386
3668,2541
3744,804
1850,212
877,565
3839,3369
3461,687
2620,3074
253,1232
1698,2103
2414,3868
1231,1567
3880,3378
998,2713
156,3252
2965,2593
2973,1157
1024,3365
2540,1564
1004,422
3341,647
1369,1058
51,713
2346,2432
3217,1156
3846,2937
1802,1626
3433,3168
1272,329
623,3918
1394,1917
3392,3072
3232,3028
988,3629
2791,1743
1678,3662
2718,3472
2968,883
1495,2801
2425,1555
1080,2751
3447,2683
3295,3062
2659,2865
2405,575
498,115
516,1704
3393,656
266,540
3974,275
1373,820
58,3610
1056,2994
2585,3359
3501,229
1526,3896
3078,598
285,499
3878,89
1252,3659
2928,1332
3174,2928
2708,2441
1724,698
166,3683
1890,3253
3564,928
1649,3981
1361,709
776,1272
3452,2988
2253,3764
2497,218
647,2582
3194,1081
3249,2431
900,3551
1526,700
574,3644
771,3818
3799,2538
1525,2407
3118,1245
891,3786
1474,138
2122,3613
876,444
63,2745
1491,2953
3548,2458
3408,1103
1680,1059
3644,1935
3053,2085
2420,1666
1819,1921
2444,1012
2196,2500
1628,2842
3728,2933
60,273
3130,3535
38,1510
111,2335
895,2292
2434,57
3121,3770
3977,1536
2609,3715
2310,1865
3635,3567
518,1645
2413,2473
2706,3503
2604,418
2070,340
369,1773
257,1742
3851,2075
84,1513
2595,3456
483,2723
3832,3112
1520,3559
3167,2884
3492,1505
3681,2913
2693,3820
1959,80
2161,3658
2339,409
2784,3057
203,96
632,3637
1337,1731
1484,1515
333,682
3548,1304
3075,718
1849,3709
2413,860
3494,3517
738,496
2367,465
1913,1753
1407,2988
635,1600
220,1138
3606,2693
903,2087
3964,2381
269,2501
3693,2932
413,2138
117,1508
2427,3038
103,3085
74,227
725,407
1380,1388
2600,901
2758,2864
779,2508
3257,2453
3161,2823
3557,307
932,140
3014,1411
1192,3483
348,93
348,3430
1550,432
1845,1053
2788,3871
1026,328
946,2560
3570,3192
2245,2220
1172,3857
1776,1807
2748,3672
2451,2524
552,3814
36,344
3752,2018
3160,1289
1114,3618
2551,970
1020,2806
2558,2945
503,1901
3545,1346
1882,3590
1924,3630
1558,249
3097,2694
750,945
136,817
3175,2017
2513,2781
3274,797
2860,2261
3877,1097
3432,180
2692,2842
3575,2271
1362,1592
615,3849
1007,1493
1861,2383
1336,3217
2541,3996
2278,978
236,1356
1665,1277
934,3532
3202,1477
2984,2749
1660,2997
1422,2084
3322,3191
2747,3507
759,16
405,1163
609,3953
1191,3071
2843,3655
875,1403
317,3000
1331,2754
650,2201
3386,641
2618,15
1848,734
501,2923
2415,73
282,3336
1236,3036
2345,3921
892,3532
2396,482
1243,2066
3029,3516
3088,1187
3459,3348
3749,2850
3304,3450
1651,1739
1281,154
1139,1143
3694,2390
1656,2351
273,1146
3659,1880
3458,3547
3477,676
3497,2723
3884,3141
3735,2521
3553,376
989,103
2186,427
1924,285
3393,456
577,1546
1722,3063
2938,2724
3283,3437
3202,854
2556,3095
307,2396
3919,2230
1935,2912
1661,1672
233,1054
2291,2441
673,836
1949,284
2984,2197
669,675
763,1214
2019,932
2850,1207
900,3413
3803,3157
2681,585
932,811
3938,3954
509,3610
389,2039
1090,3032
1408,1421
1841,823
2951,1416
1762,513
1676,2467
967,2702
2372,2360
3689,1861
1314,954
357,3025
3137,851
2621,2924
183,2940
929,506
2755,1983
302,3768
3813,1039
1592,2469
1248,930
2615,2010
3182,1624
1292,2515
3088,2723
3725,408
3952,3145
863,602
3369,3001
3629,766
3673,2817
2656,3740
2094,1853
2894,1073
2767,3571
2290,3991
406,3037
3515,3769
1734,986
2659,383
1847,1766
1383,3526
2626,1471
2753,3158
1160,975
3579,390
2091,982
250,1803
2818,2113
2090,2673
3998,864
973,3825
1114,1404
3709,3525
826,483
1103,2518
3572,480
3491,230
3373,1229
3201,3078
2770,3392
1049,1910
3986,1698
1250,2859
2855,3963
2147,2724
665,2042
1284,2833
1162,3786
3516,2277
2256,2720
2086,3
3178,1415
1600,609
2576,3272
1624,2880
2547,3612
3281,2132
1841,2696
3487,653
982,1368
259,621
330,1828
3499,1825
3613,3526
1314,2369
1165,243
3453,2089
2908,617
3692,778
945,350
3260,229
425,3284
1576,2163
2666,2178
3047,968
411,2869
2116,1418
854,1671
2274,2746
955,2153
3523,2710
2970,1920
242,3909
3883,3747
769,2718
2868,2869
1004,1945
1195,3069
1565,3456
3874,2592
1518,1868
3176,250
1843,335
367,155
2506,1388
2003,89
1194,2456
455,1280
1314,1085
1899,1496
1910,2993
591,576
850,1078
419,3071
2685,852
267,1653
1035,3018
293,582
2196,2542
2210,1144
2367,2111
951,1386
2756,3335
2122,371
1635,3808
2016,1128
248,1410
1288,322
3642,1131
1887,3900
3822,17
880,1262
3902,214
820,888
680,3187
1660,2189
1338,1076
1296,2868
488,3139
3418,3152
1057,791
2975,1919
483,1655
1020,1856
2931,370
2712,1873
2289,3363
3179,2328
2101,740
3448,3516
2962,2143
84,523
3149,2226
2432,953
845,319
3938,2392
3116,2892
3969,3259
2470,2842
746,219
544,2146
806,1494
382,3450
3592,1869
295,2174
1437,82
1686,1021
3729,1929
3514,3506
2049,248
191,2293
1000,2864
1344,3801
573,2402
778,3396
10,942
583,1972
3860,1993
1640,961
3949,3428
1263,2350
293,1193
2904,3934
463,1233
242,3697
1538,3161
646,1979
1189,2743
41,1707
3254,315
2857,3377
2670,2484
2061,98
2921,3770
575,1810
452,2199
2758,2253
1684,1997
3511,1792
1551,2799
2482,3599
1095,3393
3970,212
324,1015
1302,2685
1083,819
628,3803
40,2088
245,1788
1561,111
3361,3532
479,1135
1701,2016
320,2328
1562,687
350,3677
402,2474
913,2525
66,2981
1402,126
3602,2476
911,2329
9,627
1326,2971
2678,3456
1655,2756
1887,3271
3606,2126
2232,1170
1457,1637
3948,3334
2004,2551
1036,2428
2214,2526
238,2693
2214,2976
2801,1781
951,1312
3968,1735
2140,3943
3416,3671
2337,708
830,2005
521,719
1968,1835
1159,3001
3879,3638
2190,1811
1992,2473
1212,3754
3809,3935
767,3413
2755,649
2543,3166
983,2863
2954,2437
636,2957
2000,481
3775,2844
784,1195
3787,2168
462,720
3372,1878
3850,3782
3550,982
3050,2595
2551,1784
2188,1163
1102,199
3011,1758
253,1920
2584,129
346,921
2518,1364
1376,605
762,146
2649,372
3734,158
1682,1420
866,2148
3477,3241
82,658
1714,2441
323,3648
3792,446
3856,959
1885,146
536,2086
1041,2651
3891,3763
1610,3549
963,1352
792,2348
654,1345
3884,649
3796,1462
2688,1882
794,3133
2985,712
908,2016
77,3138
3267,2095
3407,3898
2502,399
1188,3466
2444,2990
961,2795
599,1221
1104,2748
2995,1324
3639,526
1787,2386
2788,1100
363,2502
2236,2938
2304,2950
1313,207
3083,2783
1213,2967
3362,3112
3185,3037
2900,523
3464,3127
829,982
896,706
2426,2636
3454,2442
3255,1903
1039,1180
69,1466
2492,1014
3251,842
764,3966
1822,3020
510,2447
1888,119
89,743
452,3676
360,2209
3275,2818
2064,2151
3290,2291
877,1565
2601,459
1823,23
2769,549
3731,3440
1719,1798
2855,474
2187,1785
730,3176
1431,1389
3439,1385
716,2727
3582,524
1096,2862
2789,963
1685,3472
1417,2785
2171,2357
189,3658
2899,3038
542,2671
1084,2182
1527,1645
3454,3646
1145,3257
2663,1540
2585,3067
1071,1457
1619,1599
1180,983
840,3114
74,2702
931,2781
3990,711
3965,1515
1441,3354
1333,2086
3981,3513
1651,2342
2193,282
2821,2763
367,2723
547,3326
3806,962
3160,2267
2565,3822
709,2527
1539,1206
2635,3689
1507,3871
565,625
2657,2111
2553,1405
106,3271
3053,831
295,1901
690,2355
3677,2779
2422,1598
1157,87
2661,1839
3087,2631
3686,1043
3412,3690
1325,3237
1762,1074
566,1014
2667,905
184,1511
3773,2557
2729,2152
2274,3739
692,18
3981,2935
2957,1359
2553,1569
972,3407
967,223
2052,780
3247,3994
1989,1546
2307,2135
2653,1313
1438,1990
2233,3502
844,3981
3349,2315
567,3054
1847,1984
3168,3846
604,1200
2195,3062
978,2532
1843,1097
231,660
105,2029
3414,1686
3034,1087
1755,1975
234,2313
3475,3145
2250,1931
2150,2320
2542,316
2696,2154
3300,1952
2513,3979
929,453
3655,1325
1034,1135
1816,2296
3052,3147
3844,3779
1957,3792
3049,1479
330,1423
903,1266
2909,3410
3241,875
1239,3471
732,493
2897,2196
79,3777
1472,1567
2461,1419
274,1129
1219,3295
2771,2094
1943,2423
938,3604
662,3671
3267,3005
1541,2803
1260,1480
3702,2834
1122,2402
3456,3158
322,3033
2396,1338
1648,656
735,2145
2732,2984
2177,670
3596,3531
3365,2376
2863,347
2625,607
926,3568
205,2348
2869,502
216,617
1246,3755
1945,3291
3879,2764
2714,2599
2643,3537
2633,974
3528,3379
3000,3640
158,2078
3195,3181
1607,2607
1352,1941
264,973
3571,681
2840,526
3266,2903
2651,2934
3623,587
1569,128
3753,1209
1978,1830
1672,610
757,1301
3139,1868
1580,457
1639,44
536,3810
1751,1759
2080,3206
1594,1606
906,1831
187,2239
1233,1587
337,3800
3538,305
2328,1066
3537,1866
2948,1016
120,3504
2760,988
18,3837
578,2765
903,2057
1133,1974
3875,2427
3355,1297
833,2632
1571,2417
2455,2114
2350,2905
464,1976
2022,2398
2725,1246
2932,2151
3923,2920
1545,3638
373,2860
865,996
3681,3606
964,27
616,2711
5,1854
540,1238
2996,1653
1319,3092
257,890
772,2684
3889,1568
1125,3912
300,3842
243,3142
3863,1151
2922,2470
3524,3508
3380,2000
3744,1544
2889,3120
560,1479
1342,913
379,624
3659,3522
3710,2364
225,3536
442,967
2418,1531
708,201
3012,812
2068,2771
1088,3857
2064,2149
430,3402
3824,1613
783,3218
394,1074
3689,1682
1148,976
2335,3781
3534,228
2914,1446
3182,3330
365,1169
1164,880
3485,3912
2888,2861
1527,331
3855,445
3835,2773
622,1976
3651,3417
1622,1771
3103,2814
2472,1537
2720,1545
177,2735
60,3897
1939,3626
878,3833
1177,2818
2654,3401
1569,2280
3526,47
1389,1337
1754,2388
1007,2546
2327,1454
2967,1023
3573,694
3546,2640
535,553
2626,3349
2845,620
3040,1476
3951,1762
742,2057
589,2756
2136,3688
1931,1400
3538,1970
1881,1676
1938,313
3753,3197
3555,2108
1407,444
2864,2705
3003,3774
2992,3420
1302,483
3312,267
1009,3678
2606,207
1776,350
168,296
2238,2451
435,2987
2545,2405
2940,3133
3463,1898
2263,2278
3594,449
1542,724
1675,3169
1624,1130
4,895
2416,3358
1739,2880
3357,1689
2706,1595
3173,1203
1479,1244
1132,3891
2692,1876
2051,2839
3478,878
3130,1208
1035,654
2887,2255
736,3031
752,2609
1533,1704
2690,3852
3298,3185
3466,2859
1254,3680
86,2585
3560,3806
2853,3956
1794,2574
438,1826
1382,3092
964,2975
1138,759
3564,1180
3122,2674
2216,1451
2769,3057
362,3441
666,771
2607,2686
1879,3030
3798,1874
2181,480
2980,597
44,132
1206,2011
1173,3681
3311,153
1813,1131
1200,3506
1519,889
2566,730
2418,2412
2890,3210
57,2105
1038,3276
3474,3095
1661,967
2930,123
686,1903
2117,1581
2319,1879
211,3093
2683,1372
1552,227
2404,3495
3579,2675
3515,1436
1282,1684
531,3596
3283,1315
2205,1797
2565,2359
884,904
1884,169
2641,1302
2276,352
1521,3380
3577,893
1422,312
2917,3694
3234,2344
3910,2113
3773,697
1445,61
3300,2900
1486,3087
2021,671
2876,3828
2797,3632
3397,789
838,2073
1377,816
741,3609
3134,3013
2102,3261
1342,1812
1627,136
768,1333
570,1975
1052,1003
3428,3228
3995,3622
2598,357
131,2294
1891,3195
3931,2848
2683,559
1763,3669
1228,931
3221,474
1300,2154
2252,956
2098,4
2598,2898
2526,1661
3004,1327
1732,494
3294,186
976,855
3766,2356
2379,3525
1061,2956
3279,575
1009,3494
3604,2628
2387,1702
2157,2714
3218,2501
3494,1994
1804,3035
2754,3010
2172,680
19,1378
1508,475
2965,1402
1003,1166
1564,3684
3492,3069
2171,2667
2960,1552
3347,2332
137,1257
45,3966
1188,947
3314,220
2494,1733
2069,1606
3468,3306
2811,8
832,2506
1343,3091
1752,437
2317,2914
3886,2543
664,1962
1578,1066
1060,1924
3865,1296
1842,1513
2834,1094
2545,816
3208,2750
1485,3929
2060,3770
2974,1040
1942,487
272,288
2514,3883
2512,1029
233,3628
1524,204
3593,3615
3936,3633
1376,2741
3928,1998
1709,3337
296,481
656,2251
3744,945
1816,2656
1944,2036
822,2717
1185,1769
2022,171
2219,643
2212,630
3121,2225
3795,1834
1708,2264
2648,1450
1851,141
537,114
724,1790
1804,2189
3366,531
3024,2549
1730,960
724,1417
2315,1222
170,3265
1051,2735
2289,210
2743,2530
3628,3082
3751,2213
3631,1929
1690,2610
3222,1487
3213,73
947,3563
3154,1250
1952,1855
168,3730
3553,286
3162,2114
2071,2190
2998,535
124,2319
1584,2570
2979,1264
799,2128
646,1399
2028,748
3861,2507
1460,2728
3483,2539
208,782
1413,3532
544,3783
1474,2679
3056,2176
834,732
510,102
1485,2625
3410,2800
721,2478
2915,652
14,2565
666,1767
3977,1529
3505,3933
1072,3746
11,3918
2027,1379
45,1526
1331,3417
3443,3141
2384,3534
2983,156
3580,1022
930,2627
2372,1818
1224,2396
2909,2416
3441,1318
2533,663
3784,946
3362,2286
531,774
2690,3189
2172,1099
2660,3703
237,3723
451,215
1018,3704
2321,3394
3216,458
1183,1849
609,2900
274,3200
1318,1621
2145,270
3244,952
2764,2617
3117,258
2311,2229
2185,502
2744,64
2157,3036
612,695
1408,1283
2650,2599
3473,2092
3150,1038
920,2810
3426,3649
1990,1585
1825,835
3819,3955
742,824
1064,1136
3861,3697
3594,2157
911,803
3151,3994
2723,3580
1812,1381
685,1348
3971,634
2307,3718
3578,1333
805,304
207,760
104,360
380,1579
1580,1252
1940,1190
2150,3950
2272,3072
970,1130
3090,2825
2963,2891
3946,1341
999,1710
3986,522
826,2231
3006,2814
3322,136
2883,1286
1497,1726
1218,3974
3128,746
204,2555
1821,501
3548,1890
56,2765
2013,1669
2494,1458
1608,3643
3715,2987
2849,1982
1902,3381
2068,497
2312,1825
796,446
495,1058
2695,3708
3785,2486
650,2813
2044,945
1647,2804
1333,1563
2324,3432
2166,2561
2591,2911
2377,1191
3663,2685
3885,76
3395,2580
1937,3565
3272,473
2943,440
3050,3917
1906,2465
101,1351
1795,904
3541,2815
3712,2659
2197,3456
3043,504
53,205
338,925
1106,3082
2201,3563
3818,2137
1400,3873
491,2524
464,3799
2022,2235
1002,1489
3854,3307
273,2958
2610,3061
1244,2671
3210,3989
24,152
3113,2512
863,608
3432,2872
117,553
989,644
1070,423
1212,1126
3605,1262
2155,1570
3164,2655
2193,2693
3011,3802
2045,3467
674,2905
640,162
467,3193
1563,1810
152,2268
2707,3691
3829,2993
606,3259
2302,1083
2110,3513
176,3705
2056,3034
588,3621
682,2200
3922,3322
1947,3368
1680,1182
2962,1027
3556,640
386,964
605,1562
2855,528
1044,3349
3335,2948
3209,3379
111,3694
1116,2084
2748,511
3689,325
667,2995
363,2238
3860,2638
1240,1425
2074,616
2059,2572
3860,979
2512,3802
1426,1781
2554,472
485,1841
1645,2399
3638,980
1333,3449
3821,2218
2616,3289
1249,2312
70,2641
846,1092
2258,3827
1341,2500
504,785
714,244
1610,1524
867,2886
1412,2480
3080,875
644,77
2885,1886
1679,1251
3461,247
843,2143
423,194
2479,2618
993,3804
819,541
2844,1224
3010,2636
145,1008
1144,32
2162,3452
3093,2423
1041,3777
40,1912
1805,991
1542,162
2775,1316
3876,1799
80,2931
681,3929
1081,844
36,1937
1793,3312
1301,3295
1475,999
2957,235
1461,3034
2659,3158
2146,2475
1310,2871
3913,2643
659,1808
90,1964
3250,253
150,3026
2065,1747
3989,1321
3117,3838
3160,305
2375,3925
2657,584
3880,2693
3552,3993
2070,3329
110,846
3913,2665
2015,1217
2921,2014
213,2434
969,100
1512,2284
3776,184
1168,1296
2320,3350
3264,200
3786,438
2,351
43,1850
2623,3138
166,1846
140,2917
2249,2185
3058,409
1349,2747
1400,786
526,997
2610,131
3729,170
2213,2032
3605,1563
1198,3762
753,3942
2687,1173
1372,1889
3341,1939
34,3144
2916,3022
1710,1130
3672,534
705,2952
3293,473
1858,1237
3051,1737
763,1656
1968,2383
1457,3230
3582,639
3662,2008
2547,1308
1373,161
518,1091
1195,2275
2411,987
3830,2368
3321,2074
471,3497
2878,2944
1756,2622
254,800
1987,3103
2369,1534
1100,3998
1832,3486
1358,2666
514,897
142,751
1514,3358
595,3922
2299,2819
252,1725
2041,693
2246,3403
2547,3089
3303,673
962,3415
3239,3628
1024,370
1319,1669
3334,1473
1842,2582
2330,2437
410,2366
2384,2840
3247,3514
3218,2396
2350,2635
1057,3920
1674,847
817,3011
3584,2499
3524,1695
25,3333
733,238
1327,1736
2307,1833
2499,3320
3509,622
2605,1284
3549,651
880,2435
335,3320
2150,1243
3238,942
1179,1322
280,3643
97,2829
1953,1999
3572,3318
3591,744
439,2275
2711,2257
2142,197
2985,1106
733,2667
1210,3829
1178,161
3222,2530
945,766
219,336
3670,2765
1685,1560
190,3044
1291,789
76,1048
1387,2179
179,3339
3967,2165
1908,578
2208,3864
3046,3672
3626,3853
1536,686
3264,2341
3118,1588
1827,982
3567,1663
2256,3047
3350,1716
221,1202
1711,1029
3310,3885
3960,35
1800,634
782,3777
2128,2713
744,3390
46,1216
103,1878
112,437
3475,2127
454,1395
2559,2490
3726,2020
436,2456
3433,1327
3878,2097
2326,2164
1729,3831
534,1033
1460,564
2445,74
1728,2721
3467,285
1270,417
3054,2829
2753,3070
2732,293
135,1584
168,3610
3408,1331
142,1746
2145,1984
3529,1969
1051,132
39,2884
1158,1806
3738,2366
3456,659
3223,2716
1811,1333
1097,3965
2580,2894
1131,2663
151,2138
3411,3336
7,586
1029,2760
1845,1869
1763,2658
795,3552
393,1071
3467,3023
406,437
696,3667
1860,3925
1110,2348
1174,1033
237,909
2535,45
1085,1414
2237,772
1739,799
3111,3755
1951,2829
1411,231
815,3015
3959,2336
2027,3200
72,2662
408,613
1844,2577
109,907
3982,117
1589,1089
3658,224
2417,1530
3961,729
2428,2883
2118,2007
1922,3648
2956,1245
3784,2647
2737,691
2327,3332
1592,593
1718,212
359,750
29,826
3487,2583
903,1347
921,3663
558,364
3716,1073
3940,2118
92,2675
3213,1642
3151,3443
807,1537
910,3460
555,447
2656,119
3586,1057
2373,1385
1496,391
2673,1936
3048,1571
830,435
3474,3489
1182,2016
870,3461
3102,856
2841,2312
1995,1470
2750,596
3380,1530
182,393
1303,1259
1227,2526
1304,2349
1396,2031
2715,1279
2689,3195
2209,3005
1667,1147
816,3601
1329,1681
1117,3598
3723,1408
231,3456
406,2723
1394,2029
3588,2979
1517,2435
961,3235
1967,3228
1036,3045
285,398
2052,3291
127,945
3639,877
2870,2986
1239,1276
1991,1222
2468,214
1232,1133
2309,3691
566,3429
2837,3679
1050,1977
1670,3579
1219,2493
2048,1395
3479,1626
2413,486
3202,254
488,3470
887,747
3251,1183
1840,301
112,2733
2186,346
193,2102
2553,460
2856,2816
154,1998
2594,657
1234,1254
1286,896
2626,2419
1509,2611
3324,3123
2786,701
197,3043
1762,1848
1227,3276
1978,1675
136,3427
424,2613
2701,2590
2933,3447
202,369
3595,3372
398,3184
2306,3301
764,1643
1364,2674
863,2442
758,2323
275,3129
1843,2093
3660,3412
42,602
3922,431
561,2211
3302,2798
3348,2177
1344,543
17,726
2575,3664
1869,1411
1858,1654
1404,770
1781,359
859,2918
144,768
148,3209
3049,2774
2176,674
308,3564
1493,3124
1510,3206
3269,2209
3821,2425
3520,635
3304,2401
2514,42
1824,372
3543,1481
907,2123
2044,1056
970,41
2425,3761
2672,1820
259,2700
1678,1405
1862,3811
1881,2251
2366,1612
2111,794
2818,3750
3008,2824
1721,2874
2025,373
110,2770
2715,3631
1708,3324
2256,985
265,3547
1598,2499
2576,3293
992,737
3841,2977
3355,1801
177,3960
43,2419
3188,783
738,2952
2569,2563
800,272
1181,3153
1523,651
1367,2915
2318,3350
159,2604
734,2906
945,585
3130,3555
684,1335
1317,815
2425,2469
493,1125
3054,417
3344,1436
171,3343
3274,888
594,856
2301,528
663,3351
3542,1701
3620,3652
3995,943
886,2654
2016,3445
102,1576
719,3183
1697,1500
2816,3882
3275,2240
3383,2594
1110,467
2041,1668
3407,2457
3741,741
35,557
2298,2991
3732,78
2860,80
402,1275
3249,1432
3819,1170
2882,2568
3757,1662
2354,3187
1643,3407
2766,1517
2255,3618
134,1911
67,1987
3773,3759
3155,840
1492,2575
188,3741
2016,547
841,2283
3231,3668
3608,853
441,1201
3808,3098
2346,2131
1665,3922
1396,485
814,2436
1050,658
2164,1459
2405,3120
3002,2993
76,1888
140,426
1402,2212
355,2858
3024,2870
847,2861
1093,1039
3883,2230
1121,2154
1518,3962
810,510
2364,1566
2792,881
2812,3453
2390,2586
3624,614
780,285
1847,818
545,935
3275,1623
3080,3409
2002,1273
3738,3016
2777,933
2438,1533
1144,1786
925,697
1830,1391
325,948
2537,16
193,2612
2796,1333
3125,2766
2689,958
2666,47
2511,3684
232,580
945,2444
238,1085
3498,3973
3256,1409
3682,1462
3874,3059
3759,1749
657,3041
1627,2776
2749,2296
2367,1535
2795,1700
3031,472
388,358
2918,2907
3387,1291
1861,3952
792,3686
1765,2660
230,3387
823,1235
283,3587
3624,2465
231,1753
1280,3838
1673,2790
892,3269
2568,1335
3709,52
1801,2098
45,1379
1910,655
3437,75
3608,1106
3633,1134
2970,3105
2419,3969
1533,404
1444,3211
3094,3085
3117,533
3013,3692
2477,1456
2876,3077
272,1220
2173,2280
2140,2692
2523,2474
3257,153
1790,3519
3060,3039
1094,2268
196,3173
3358,1966
276,1921
1555,3714
3308,3462
2853,3263
113,3917
1426,3867
2739,937
3594,1169
1160,1622
2119,1907
137,3872
429,745
3595,3676
3932,3456
658,466
1078,210
1469,1602
2485,1356
1190,2054
487,2391
424,1988
3457,3124
1907,2293
484,1913
2107,1980
664,3633
3806,834
2055,2159
2488,439
1877,2897
295,3368
3492,2574
467,800
90,3513
3703,3373
1684,3097
2015,3458
3006,2442
3419,3096
3104,3791
905,297
1844,3686
2437,1081
603,1300
492,2053
2009,51
352,2266
489,2647
3879,483
1086,1641
2782,97
2663,353
692,3938
945,604
1384,1032
1187,869
2547,2431
1899,3955
1577,1120
747,2138
1669,1472
703,945
357,2167
1978,1076
2933,469
1915,2218
2266,1460
1061,2160
1790,1700
3915,3156
3087,1285
3544,3515
1657,3519
1258,1872
3698,3965
2007,3182
3941,3228
2337,2642
499,2695
1824,2329
2211,328
1251,2691
2275,2614
3099,1637
1712,26
889,3595
807,2338
11,193
519,782
14,3253
1199,2029
3414,556
2903,2100
2060,857
1962,2424
2948,3008
2531,3922
3189,2879
1663,2806
1064,2681
2723,3908
2943,1996
764,3302
3955,2433
1201,3648
158,3753
2678,2285
1119,2471
2338,645
2525,2403
3146,3288
3947,1162
3089,100
2650,3657
799,1438
1761,3283
2768,2799
2354,3422
1863,2841
2294,1919
3327,2445
2103,2120
239,608
1141,1514
3202,1805
2686,2652
3323,2710
1121,583
194,634
2364,889
902,2007
2388,1936
87,3743
407,1248
1177,1683
2549,3035
538,392
3064,2822
468,681
1101,263
2742,3847
3778,3353
3576,2608
1369,1373
3816,717
3084,699
1612,808
848,1175
945,2720
798,966
3722,1263
2332,2807
98,898
3597,1840
1801,1309
3457,324
3482,1443
1981,3356
3331,3419
2651,1808
3309,523
3733,489
870,3399
2403,3872
451,2665
2736,2321
2876,3915
2099,1140
3972,2657
2646,183
497,1279
230,2160
2287,1995
3455,559
1620,441
3086,3831
2263,3467
1169,1273
1815,1286
52,1305
3749,824
231,436
2949,564
941,1632
938,1944
1554,3770
2272,3425
3660,2578
3784,2877
2444,576
3817,3532
2771,2588
2492,662
3631,2546
853,1186
1317,2191
436,177
3652,1405
362,955
2825,3021
1658,2543
3183,3451
3993,298
562,39
303,885
194,289
1537,775
12,3207
2566,1258
174,3872
3262,2604
2054,3373
1929,961
1503,143
3419,2502
971,1703
279,3978
1019,1974
550,1724
2547,765
1977,1778
2082,3864
1989,2638
494,873
717,1490
3326,3975
2037,1277
2108,365
2126,1741
3870,3790
3026,2425
3098,1127
1308,945
2459,1042
1291,3854
2299,557
261,1623
1596,699
2120,1324
2035,2008
3605,2250
1675,3290
3333,3119
2964,2167
335,2704
2774,2508
1875,313
468,3740
3644,1103
2977,211
2732,91
520,3061
707,3638
95,3997
1653,3095
2588,2528
26,141
3823,1446
732,2521
905,752
1288,2389
3654,501
1974,1321
3546,3907
41,1049
3833,2416
2725,1864
3171,749
3714,1837
3312,1159
172,1302
224,2535
997,68
1424,246
3582,2194
170,2404
3277,65
1391,596
165,3733
1803,137
3768,589
1501,2444
678,3954
445,1105
3165,1259
1813,155
1788,1447
2224,138
416,1752
3136,3466
2155,1568
1451,1906
251,3962
1210,1177
2489,841
2827,3110
3045,643
933,446
468,53
2484,3767
243,945
3431,3903
3186,729
2870,2243
837,3075
1263,728
3523,2536
482,144
1343,483
1556,2856
3251,2896
3395,892
1887,563
3164,1025
3696,434
629,2248
32,2613
3983,2380
1764,3948
1868,3914
3964,3984
1572,2378
1153,3048
2380,1038
819,1893
3625,2932
1044,3688
2386,1693
3714,2485
2983,3093
2800,2772
1539,1846
1062,711
3233,3205
671,931
1350,3754
1591,224
2572,1506
2437,2232
460,3394
3532,2002
1037,945
1124,2146
2812,3296
1787,3176
3225,1962
3617,1697
1955,142
872,3461
397,1386
3265,2371
2001,3640
2162,1505
3812,3276
2761,679
380,2966
1484,3811
3005,796
3578,3536
2238,3027
3612,1816
2075,1800
3194,1265
270,876
1549,440
2557,2194
2560,156
2167,1650
34,67
17,2281
130,3502
157,2118
1610,2573
27,2374
1362,3131
1679,2994
277,1927
2944,1723
1620,1019
3188,432
3761,1934
1164,390
784,980
418,3204
813,1306
1926,2476
1713,2691
669,3634
324,666
462,861
62,1455
2140,931
778,3229
1675,2615
3424,954
2404,3828
3573,1437
1669,630
458,1892
149,940
1942,2179
1415,1848
611,2220
3208,3277
56,1963
3521,3478
870,3460
46,2779
1316,149
2006,2430
642,2311
2458,1972
2939,3915
1363,2303
2259,2558
395,215
1196,1636
3800,1466
838,1668
3519,3528
1140,2622
429,2760
1958,3436
2317,197
922,1355
1774,945
2605,3181
2679,1209
2725,2303
612,1443
266,620
3489,1092
963,274
63,887
1631,3975
968,2087
3278,1836
1762,1629
220,2659
497,2538
3846,1666
2524,300
2289,3802
2928,1047
2225,3446
157,3618
3982,711
1570,3591
1364,2101
2204,683
2947,2050
2310,2179
579,551
1639,140
3340,1426
2447,2030
1443,2301
3665,2270
1264,2849
1299,1746
1343,788
747,592
2307,961
678,366
2346,2078
2728,2226
1557,3637
445,2437
676,3931
17,549
1727,3687
2987,2248
2960,758
3958,3333
3753,3445
1154,2549
1209,871
222,390
167,2288
3057,240
1362,29
2848,122
698,2959
2141,1134
2018,2309
2443,985
255,3979
2411,3260
302,3939
661,317
3296,2060
919,3835
3937,2703
3783,1200
1718,695
1111,2901
2699,3167
2200,264
1170,106
642,1588
934,977
1045,2180
2067,1742
2139,194
839,181
1598,2020
3131,2530
2963,1872
3274,34
679,1896
89,3758
2304,1400
159,1300
2792,1204
3755,1809
3749,2899
1554,60
756,3110
3571,1836
798,875
1446,2947
12,3073
2192,2602
3781,2810
3157,3219
1137,3503
27,267
712,600
1608,1649
3664,3612
2047,1491
1767,1863
1520,2656
2442,393
1270,2417
2778,1262
901,44
2300,1972
700,3899
3820,1356
3575,3245
1548,426
424,919
2130,1549
1538,3839
1573,1003
1294,2525
1740,1251
2847,3923
2314,194
1504,1683
2791,1941
1240,674
1367,1497
2570,3641
3342,2950
2311,2286
1146,1778
1740,1927
3009,546
2959,3108
3533,2808
709,2012
1458,2163
2201,3559
231,1006
1576,98
1728,1570
2450,1476
3814,1415
2883,2283
403,2735
3496,1020
825,3170
903,2001
3135,322
1789,2370
2139,3963
1322,372
149,729
1199,2921
2636,188
3365,2606
3161,2277
3089,2426
313,2559
1392,953
2478,1016
13,337
3871,1496
589,1118
746,962
3707,3221
2021,2564
2669,3705
1776,1707
2794,3488
327,994
1682,3090
3605,2619
450,291
1387,3248
1945,1045
173,2079
2629,1078
3715,2754
175,2177
226,2433
3673,3706
3726,3589
3780,661
2276,3951
2618,3859
3658,3616
3145,3265
3512,3638
1617,1932
2471,677
2375,3052
3292,3405
1487,3339
2752,1413
62,2904
2321,2495
1520,737
461,552
1120,1751
1986,392
2981,1498
2708,2097
522,1198
2762,3807
2971,2771
3956,2005
2237,23
754,2784
3110,213
1059,3844
2808,1805
3118,3858
2035,512
3051,977
908,984
3953,3039
2869,3192
1197,1956
1468,3615
2106,2567
2479,1427
2806,2523
1253,1572
1440,1670
1031,843
1855,3487
3281,2009
2528,1614
1194,2264
1870,3984
3843,3240
3309,195
645,2882
2050,3023
3112,1949
3351,2255
3489,1261
1254,1035
2874,502
1693,3090
1427,652
50,1271
2376,225
2483,3707
3296,2845
649,2024
1934,2872
2285,231
391,3111
2454,263
2894,2398
2438,3185
3139,2744
2650,2455
316,1374
1629,821
1495,2265
26,1192
2566,969
3996,3756
1816,3737
1412,3910
479,1322
3841,2639
2787,31
3944,2932
590,3665
3299,3520
2370,634
3331,3354
2032,3640
831,134
2379,81
368,736
1481,3866
3509,2489
1340,3720
1578,2567
720,1969
2092,944
2723,2832
1048,3495
944,1670
2069,490
3794,3089
1455,88
520,683
446,3874
3175,2819
868,390
859,1342
3149,3737
602,319
320,3527
3491,663
2421,2481
1960,3499
3968,1298
924,2357
94,1914
2091,3463
945,1691
1353,3569
3833,3952
2974,2168
3702,235
1084,1388
3950,2584
2830,2536
2821,3559
3584,2790
2864,3783
1777,2056
3795,1333
3389,387
1879,1893
1135,347
1267,3025
571,1817
1818,2904
462,2856
884,2484
139,3043
2284,181
2389,1506
1829,831
3727,835
2734,3388
3304,2024
413,860
3812,3412
1854,1956
3922,3200
327,1189
53,2258
1174,3920
3837,1119
3645,1218
2655,232
2377,394
284,3254
374,2348
3190,1777
1543,1958
3455,3553
812,3067
2857,3577
3153,916
1833,131
418,3199
2117,3227
2574,2438
3101,3052
2564,1810
3667,405
799,517
910,889
526,1838
2699,2981
2273,3845
1232,1425
2197,806
1617,1855
2206,705
845,3282
3451,3345
1638,3156
13,1684
3168,3779
3198,1378
1326,2426
2803,966
2010,3297
1001,3840
1538,10
1646,804
420,1350
1644,2707
3625,2972
2812,1376
1716,3895
2776,3657
1757,239
1944,1772
1878,3752
840,728
3343,2687
2189,3404
1268,2936
1730,578
1882,24
343,2177
832,1798
1725,2786
2983,3453
2888,3457
3128,2067
48,105
2161,716
954,411
1205,1904
500,3842
1375,1147
803,3946
2973,2978
516,2697
2807,1636
3693,2129
3404,2231
28,1094
1283,2290
287,3241
3508,1215
2582,1788
2322,2198
2831,280
684,2372
722,619
2055,3018
2287,1377
1899,1236
84,2846
1628,841
3499,3510
760,1230
478,343
3305,3756
1715,3204
846,2953
3216,3535
3479,3244
3644,3169
2749,660
3141,2697
2851,1715
710,1185
206,3927
505,962
1827,2284
1430,309
31,858
3532,2348
400,250
1452,3622
1638,3491
2496,3616
3559,1155
138,1934
3313,1532
1409,915
1055,1082
264,2123
3888,404
2960,2448
2531,309
3859,3570
1285,2814
3922,1252
865,1047
3713,2926
923,3588
3480,3331
3957,475
567,3639
2487,2519
2301,2217
3398,37
1834,679
116,2765
2203,82
3670,3741
1005,1244
2079,379
648,3094
3100,1422
893,1194
2809,1617
3017,870
268,3983
1505,2985
945,1902
1175,1403
3325,2182
563,1478
2291,2950
1289,2337
163,3675
3864,945
1421,942
2021,3701
1712,23
3656,166
476,2659
959,3456
1123,1644
2886,1292
2154,1902
1268,3713
3409,2261
270,2034
1042,1441
1597,1815
3437,194
516,2893
2591,1737
1059,1043
3291,3152
3622,2062
3994,2302
2458,1626
2195,3861
1642,368
448,1940
3155,3249
2731,136
3982,3353
31,1429
1633,3433
3945,829
3770,689
2127,2898
3882,3416
1410,148
3689,2919
3902,2833
3060,979
1664,2739
1744,3733
2472,832
1583,332
297,499
3647,2794
69,1820
521,1586
2361,3972
872,2325
3180,3197
353,456
3441,950
472,1829
943,3399
3975,3346
2170,3355
16,1240
582,2694
2020,628
1036,1604
2391,49
1993,234
2910,2586
3226,3591
3490,3606
2504,3285
3012,2822
3642,1819
2926,2058
1253,2124
3598,2278
2234,2544
118,693
2516,3666
3210,90
2783,1558
1923,2674
2548,216
3889,1676
1062,3427
1849,2711
2396,3709
617,379
384,3058
1274,1012
3562,1475
2152,3699
3169,3710
875,1917
1787,1511
2326,428
1438,29
3104,3144
2000,160
136,3434
3500,2572
722,65
219,3751
1832,1489
961,2824
685,992
1936,670
294,1119
3856,3119
3482,1983
139,3881
2218,945
3632,2147
1596,2355
999,596
2089,1601
3720,194
2951,2945
2,3740
2085,2318
2873,191
547,3220
3774,1302
3914,3376
1918,1603
1860,3980
1543,1615
260,3384
1610,2266
1809,446
150,931
731,3566
2954,945
460,2654
2793,2693
2924,1783
2242,556
943,1991
1930,1769
1255,1949
128,1452
1900,2801
2548,3987
867,2282
1530,3311
1472,894
2495,2972
1363,3921
64,1830
908,3897
2183,198
1515,19
3246,2700
2391,2508
2228,718
2459,511
3956,1095
3995,3500
2645,2601
1048,3213
3315,3465
2121,2041
2742,3764
2537,133
2191,492
2967,3922
419,3342
2333,1069
3675,525
2385,2693
2087,945
352,2920
3490,886
192,2746
3204,2394
415,2464
848,106
2403,2803
1017,913
2704,924
2533,3378
202,518
2772,3797
3923,2173
1796,2851
2852,2890
483,936
1392,1226
1026,283
1150,1194
1101,3911
3824,2043
1560,3471
1519,1236
1920,3559
1783,2498
2584,958
2334,2513
154,1509
1441,1999
3732,2639
2785,2348
2867,613
3115,787
3345,3748
3759,1456
145,2345
3184,3214
1516,3969
2186,1560
3323,3968
3293,42
1871,128
827,2390
3596,1862
