3743,801
2245,1763
3079,498
2870,2811
1108,1661
2424,199
1355,1052
3855,503
3482,2176
1023,2778
2446,2653
3250,194
1044,3005
2076,2026
3944,346
761,106
177,2646
1772,764
2403,1564
1038,355
2252,1276
3837,1813
3745,1518
1469,1731
941,2495
1613,2183
3120,271
3366,1716
1145,1087
1446,3443
2535,3140
756,2654
1584,3251
2390,1387
1809,3505
3843,2678
3317,3029
2569,2322
1521,2457
2906,3920
3433,682
1885,3902
2083,3826
414,3223
1433,370
1195,3104
1664,3297
3955,1758
2354,1878
1655,1328
987,2059
2020,282
1521,1883
2444,3389
1982,3272
1242,3020
2352,2080
807,1500
3440,3870
2839,476
508,1123
2578,1085
502,3297
129,14
2353,3704
2889,3398
1154,706
504,2646
1952,3401
2872,2270
275,1628
3990,3536
1723,2327
1538,1806
144,1207
1055,1793
3908,804
3353,1546
63,1091
3091,3499
3944,1590
329,615
46,545
510,2574
3819,627
2596,1878
1569,2880
1592,3916
2059,2612
1433,2610
3003,8
3364,253
2382,905
3625,2362
3326,2797
455,2383
3164,1453
1242,327
726,907
353,3617
2206,342
3874,3433
3060,647
1208,2956
1963,3853
3885,3531
796,837
496,1482
1432,3081
3225,1560
3771,3294
2959,3253
3379,3771
2857,3124
3508,2231
669,3017
2732,1371
863,1464
1766,1676
3365,982
3238,2677
438,1751
2758,3433
2924,3187
2304,3773
910,1068
3079,1718
652,2829
3020,3443
2692,2507
986,289
299,1152
2443,1279
1456,1441
1604,1233
2209,2608
2124,1938
3071,3471
2367,703
1288,1401
2970,2782
1761,3016
3377,2624
1076,1951
278,2496
922,3593
3859,528
1480,2656
3219,1102
428,739
843,807
113,1601
3682,297
2273,2775
918,3528
855,459
1261,974
853,3406
1807,1754
2594,761
3770,2324
600,2889
1685,3341
2653,3778
2770,3298
2483,434
3009,1613
2968,2881
2885,2988
965,3048
2516,502
919,2107
3884,1655
582,3273
3719,970
1728,3208
740,1223
771,2338
3043,202
3692,3639
1426,1195
1993,2100
2234,2292
1206,3847
228,3129
1006,2894
2543,437
3954,1414
2700,3282
3297,3514
117,737
2717,3664
2367,504
2650,3992
422,3851
1035,2765
3855,2544
2682,3660
3161,3489
1892,3989
2546,400
843,64
2301,2547
350,1672
1659,1609
2273,550
3959,2757
3448,472
3381,938
1595,2160
14,1403
3182,2814
3015,569
3489,1781
1753,1391
1433,1003
2364,533
2546,1469
3107,1172
300,856
2715,1731
2638,651
14,669
3297,2260
1423,2842
427,1617
3865,775
1405,3405
2747,1131
544,1746
971,105
1599,2436
823,3141
3394,3759
2578,1469
895,951
275,3616
878,1757
2262,3700
2541,3010
1548,561
3378,977
2547,2222
3734,2003
2539,1044
1388,3639
3826,1171
472,1018
2542,2669
1469,1527
1074,2563
3821,1360
1373,1682
2644,3828
3709,1103
2202,2934
907,3249
2543,1885
479,2441
1083,11
1981,1962
2893,1210
992,2497
789,2192
1070,1987
3840,3645
1989,320
983,2836
871,538
2349,593
1378,1069
3765,594
3297,880
1986,1656
1154,3644
2800,1588
2703,1862
2218,2827
204,3207
3800,58
2353,2415
1192,2298
748,1134
1715,3433
336,1033
3464,2040
1468,260
3800,1364
383,984
2877,3290
1122,643
3742,342
914,767
1369,755
2539,2297
64,576
823,852
99,3887
1445,1281
3176,655
86,3821
953,3213
2131,1944
1952,96
684,1878
654,3581
2463,2768
2609,1530
917,42
2065,1268
3161,2323
1695,3239
1252,14
3393,3564
3624,405
1775,2674
2438,2658
2700,1001
2344,1339
2692,3507
1655,112
3676,2533
1124,3297
1970,3818
1914,2773
3794,239
2888,2732
757,2335
2824,1089
240,1399
1894,1703
189,1016
3862,999
387,2714
2632,2030
3649,363
3921,293
3758,1984
2604,2703
1550,1443
1401,1934
1529,84
902,531
2929,1228
1147,1662
2243,3425
2752,3821
1836,2264
1346,2137
952,2375
1321,3002
2393,2862
3242,2042
1470,107
83,3403
260,1216
813,2550
2455,969
3895,2220
1347,3701
3099,1731
3877,847
2613,3063
2113,3109
77,3050
1192,107
1120,3603
2106,3052
2340,872
1828,536
1400,1184
3947,800
1853,3422
1306,714
994,2870
1195,1900
3407,1643
1145,1931
1436,3014
3486,2074
2060,3297
672,216
361,95
3417,970
422,2525
2576,239
2286,3297
2113,3902
2060,1537
3493,460
3311,462
2708,35
988,2114
3346,2132
1970,3594
160,2761
2929,1573
3769,912
946,2774
3436,2792
378,1469
2278,1907
1899,2737
2288,3451
2211,1081
3172,3547
2792,2378
2368,1022
3572,1328
1735,1390
3660,2900
399,218
2666,3706
1612,1490
3893,1833
421,1198
2733,1648
2137,3744
279,3592
3386,3358
3241,2113
2654,652
3660,3356
19,276
3894,656
1008,2661
1517,3922
1941,2460
2670,3559
3988,3840
2680,1954
2967,586
2272,1914
3003,3571
1142,2879
3897,1907
997,127
3322,3891
3692,1755
513,502
229,1725
3901,3848
2342,1861
1378,3756
2622,665
3951,1064
2959,252
3781,1175
1163,3076
3791,3034
1575,3991
2902,1371
1991,404
2785,1989
2455,229
2113,3795
943,3972
2561,2789
3671,2726
1055,1267
3503,606
1209,2740
1746,915
362,3579
352,2281
3557,3868
2178,2153
3297,3400
1176,3199
1905,3665
507,270
3333,2028
3441,1287
1830,1555
3866,2316
1059,2512
1684,1876
1003,3901
2952,515
1721,1413
2123,2945
3348,2280
1216,1898
1287,2879
1147,3387
79,3074
3701,2073
808,1678
200,3662
3046,3756
465,273
2581,3411
2666,642
1373,2488
2386,510
1437,2760
3297,465
3130,3723
2514,2399
2980,632
2805,410
2890,1530
2193,1286
738,3567
1325,3767
242,1046
235,1469
1561,1526
1842,558
2356,2317
1927,1017
3543,635
1794,1206
1917,3127
3630,3585
1542,2111
1785,1966
305,1413
981,1490
3097,327
137,3297
2045,1534
1646,3352
73,2319
2774,3132
2205,2050
1370,137
2672,1198
1605,3703
3341,3297
1378,3494
858,1034
3936,1780
3481,3196
3712,3955
3084,2217
2260,2173
327,2018
3535,3506
258,1007
213,2645
2535,2040
604,1804
1198,1982
2914,1839
2225,3029
2558,1652
2996,3765
3590,3395
3840,796
3297,3863
3145,1866
631,15
3540,1045
3745,606
2869,2614
1743,402
2931,1854
642,3297
31,1635
3430,3798
1205,1603
246,3567
3448,980
1312,539
1612,3314
779,2382
2006,3722
3437,2842
2453,136
403,168
3577,737
3631,2218
482,1316
955,3775
1731,812
2154,3367
3003,2049
3772,1995
2994,994
3978,2121
2988,3150
1890,3964
3470,0
3639,3963
3383,2993
2785,2297
3151,2207
3662,1378
2417,33
1888,1957
1384,2593
3703,3263
1051,1050
2204,1091
3325,647
2346,3227
1450,2013
599,53
705,3464
1624,3027
85,916
3484,3071
479,2312
262,1576
1788,1246
1732,2476
1742,2602
1876,2218
3507,3716
2297,2952
690,3057
829,1587
3297,1396
1661,1036
2253,2976
1308,2113
2072,1613
3084,3671
1768,3332
3602,29
3623,3022
3288,3131
3717,3725
2310,2467
2078,982
1558,1
1392,1042
1965,2229
3082,882
565,2336
3605,1569
2525,3351
3476,942
1687,255
72,3182
1366,458
1035,3864
909,3872
1345,3941
635,1194
1983,2231
3331,3435
2195,3297
1283,1691
169,3276
2309,3684
2045,295
2561,461
1608,3327
3170,1843
1218,135
227,1430
1144,333
1291,2666
3492,523
2827,1010
81,3433
138,1772
994,3471
1685,3433
2581,1822
2889,287
3432,756
655,480
3734,3539
3297,2763
403,3621
2634,2995
898,2962
3970,1775
529,470
1079,1994
2580,1742
2007,1550
2512,3641
3259,2300
2888,7
1464,3603
3417,844
987,2607
391,1591
834,2064
3446,2565
3826,1857
591,3424
1638,2645
359,3877
246,1114
3805,1070
1217,2880
2933,73
3746,3087
408,3518
209,3189
1200,2041
326,500
2516,3354
2386,1526
1267,1858
814,483
501,3365
2884,3595
278,1802
3425,2630
3817,1505
222,2509
441,784
1232,477
2113,2578
3050,379
2494,1060
2946,2848
1648,250
3820,1198
1057,2612
2448,3857
2729,1651
3359,1006
2232,18
1658,412
3872,3162
1174,302
2312,1798
1446,868
747,313
1411,2637
2442,1343
1511,349
2361,575
927,1769
2441,1976
1348,1708
1521,3021
2962,2225
2904,885
95,2163
3661,200
3420,1502
3995,2208
436,3297
893,2546
2069,3440
1062,1043
2165,1975
427,1559
3800,564
50,165
357,323
297,330
2769,2137
1795,2751
1974,1451
2643,3620
942,2953
3297,960
2226,1302
3696,1511
1115,600
2655,3997
3728,1900
319,3554
1856,681
919,2796
2607,2580
2504,1799
555,1671
2501,3356
745,3089
2059,1720
2682,2046
1324,1579
18,3727
3297,2654
2681,1778
2593,3680
3475,3849
132,874
2083,667
3591,3046
1460,1141
3753,3167
1306,1353
167,1452
702,3094
87,3059
73,1920
1996,143
3832,544
2690,2577
1963,1038
3051,3742
2205,3685
2463,1076
746,2881
2684,3272
774,1507
768,1731
2041,1775
327,3969
433,1328
2088,2918
372,1687
3446,3433
840,1478
3102,2053
16,2483
3620,1540
2225,564
3847,991
3426,1727
3612,591
2018,519
2713,765
2904,946
2724,714
881,2539
827,1962
3258,164
1489,3033
345,691
25,3728
2383,2253
1847,2824
3846,1731
2731,3779
3266,3488
2416,2904
3412,923
3973,3721
265,3127
1150,1232
1908,2000
2933,2073
2735,1142
1123,2581
1219,2288
642,2203
3481,727
1496,1643
627,1421
3871,2412
2968,786
2802,338
2706,2564
3890,3894
211,3018
2567,419
3189,2613
104,3692
3943,211
3038,499
335,954
1830,280
1149,3297
1737,999
1170,363
397,2702
3873,2855
1027,2444
3924,1965
2650,1915
1294,3544
493,3655
1183,3403
3598,2755
3159,3988
3723,112
1462,3793
2031,3805
3447,1632
3621,3885
3440,280
1551,2882
2540,3343
1272,2303
3613,1333
1214,349
3165,3010
3970,3418
3691,2946
2438,754
763,2485
686,3305
3503,3358
2548,2057
3380,326
1098,1092
2575,3502
3489,1204
2240,3519
1263,1737
2590,489
1572,1998
1672,2080
362,2357
2334,2459
3606,1247
384,325
3930,63
2721,1497
2197,3268
775,1924
2358,2555
1610,3657
1999,1688
3923,905
1868,3479
3297,3831
3286,1589
469,387
3319,2777
845,548
214,2149
1198,222
3019,2328
3272,3390
2840,3834
3433,3593
1943,2008
3581,2338
2433,3154
703,3428
43,3613
658,39
2486,2559
990,2539
1780,2170
1651,3746
3607,2891
402,1449
2471,270
1468,2741
1757,1584
1206,24
1655,2536
3231,1875
1011,3786
2464,1208
2415,2541
1040,3433
268,3330
854,1063
2402,2050
1112,2344
1037,3433
3363,1818
2346,3927
3683,2188
591,2026
1695,3889
3738,2340
815,3413
2626,1846
1469,369
2001,1431
1405,566
3118,2279
3297,3344
3969,2170
687,102
1677,189
3278,583
3065,2205
2842,3875
3224,1453
3578,3354
1841,3987
828,2150
2265,996
2826,2572
2319,2628
3763,2752
3250,3511
2389,736
1261,1565
3722,1818
2954,2434
754,1331
2133,360
1192,1138
2044,2296
3282,1328
3751,2608
1570,3164
3136,3394
3297,1878
3871,470
3702,3011
1926,3477
1321,2546
3060,3149
3451,131
3060,602
1563,2230
1257,1143
2190,1664
13,728
2437,1436
1692,961
1917,2753
172,794
594,993
1456,3754
2229,296
3220,1986
1192,2405
3657,1293
2522,870
891,3732
1633,2004
1874,1842
3956,1180
1856,37
262,1463
2360,3111
2940,3054
2514,766
1031,670
2906,997
3618,1765
3433,785
2122,3775
2170,53
2876,3471
3290,3827
953,125
1833,2660
1199,2759
113,542
3419,3186
3275,3826
630,1629
1540,877
1912,3869
880,2389
1402,1961
1662,1665
3873,1926
2144,1104
1045,2700
817,3561
2032,995
1260,210
1283,2292
3979,3175
3714,918
824,2129
2027,369
1553,3715
483,1394
697,3696
5,3893
3450,2504
2729,1260
3904,2145
172,581
1585,2903
3784,2600
1738,452
3850,780
3473,2755
659,2954
1852,906
2839,2654
327,3153
1863,2634
3932,3261
2521,496
3229,2001
3697,1654
711,1803
700,2990
1343,2373
839,2840
3689,2189
2134,2934
1192,3489
2270,3205
3539,3566
452,1154
3731,1476
3275,1286
3308,302
1446,1473
885,1795
1792,1158
1379,3492
2829,3370
1731,3940
2401,3277
3490,2094
2765,486
3791,3755
1292,2164
1130,2179
3311,2307
3179,2352
2148,116
379,3881
2274,360
755,3861
3436,2157
3060,293
1397,2517
3765,3175
3433,705
3876,1179
108,3329
613,611
3484,1129
3894,2982
3855,3033
3092,2242
2605,2412
642,3145
1176,1588
3297,3375
2638,1709
206,1241
657,155
1422,3341
2437,1714
2334,2692
3722,1056
939,2102
257,2617
2348,3357
1760,3560
3699,3918
1037,1977
900,3079
2921,1406
3416,75
1619,242
2129,1013
2832,2202
3477,2934
217,928
3117,255
3013,1610
3035,258
2524,290
327,3362
2795,704
809,3252
610,3695
639,2382
1584,545
2177,3958
1773,2642
1049,426
635,1567
2679,1388
3707,3018
2548,864
3884,341
2663,438
1203,2292
2192,3263
3580,2964
5,1124
3581,1250
2552,2261
583,2387
1294,2062
430,327
2475,1022
3048,3336
1392,1207
1958,1854
3260,1725
1650,2849
423,1969
2454,209
234,1622
708,2008
2222,3496
3318,2492
2564,1106
1712,1544
2625,870
19,1689
3055,2585
1241,2625
808,1879
3664,1618
3610,3778
352,134
962,279
2626,3433
3275,223
515,1110
2298,304
2403,3875
3758,1164
2619,1287
728,3221
1677,2259
2745,2524
2422,2474
3712,2426
143,3275
1663,538
3868,3347
69,3489
2009,1086
1731,2144
467,755
3207,919
1241,3134
1905,717
3380,3805
2652,864
3193,2552
2532,3615
1868,1694
1192,3859
1068,3081
195,2277
3805,1867
1554,1792
2654,2656
2837,327
2895,3243
3535,913
1296,142
2638,1533
3429,2768
496,2007
3297,3435
341,848
806,113
3828,2786
2258,905
2377,370
693,1238
3213,1906
3633,1121
1316,1813
1276,188
1226,3700
3012,2184
1960,3057
1469,2207
1674,3488
695,1979
1237,3500
379,910
1312,2938
2810,1637
3235,204
2109,1666
3433,912
3433,3539
2011,2405
3087,1968
3883,3516
3427,720
2136,3931
607,2776
3958,2460
2628,1784
2146,2168
3297,1192
1271,3800
255,251
3539,327
3004,200
3470,3417
294,1789
96,1387
1547,2791
327,3038
2294,3505
3777,2244
3945,3432
3751,557
1665,644
1459,2110
3655,2635
773,2955
860,2572
3959,91
3039,2032
3573,3794
994,2896
3529,832
2035,3061
2675,1512
3718,2281
300,1922
3669,3240
816,2786
1131,635
3609,2851
3855,1212
2868,2902
3824,1351
3068,2440
2213,2368
2983,3026
2377,1864
381,2269
1466,2752
1717,3887
365,3483
595,2113
167,2869
600,1868
580,3671
3964,2048
1241,2880
911,1731
946,2280
1750,756
2333,1214
3805,25
2670,3739
1318,689
2716,1541
1275,3549
2272,1832
3710,358
3921,1129
246,1176
1097,1225
67,3818
2069,2687
2212,461
1891,3433
2502,2794
940,3010
2143,3433
520,1973
3515,1843
3329,799
1183,3040
3297,3681
2109,3337
3024,561
1139,3917
2276,1333
3993,1095
3211,2183
912,1078
1146,3932
1403,2487
1583,3879
1839,597
3244,164
1388,3297
2134,790
774,2528
2872,3297
2350,91
1580,2970
3758,3797
1426,482
3042,640
3960,2375
3297,2304
432,2830
653,1428
1287,2582
1054,2693
1364,3929
3298,3594
2654,610
3378,2996
558,2068
729,3537
3088,2556
3559,1315
1495,3072
2371,3814
2668,160
1988,1608
3090,1886
2554,191
3905,2979
3060,3932
2107,2861
244,3214
3853,2631
409,932
3886,3713
327,2988
2625,667
550,563
334,3297
1338,3392
1352,3933
2385,1496
2243,3611
1600,129
3352,3301
1891,1082
3532,843
3028,2952
2443,2102
3298,1343
771,2802
2847,3509
1151,2958
3521,2570
2594,3003
3199,3437
1375,2545
2993,1634
2531,2012
1152,3160
85,2504
3844,2579
1048,554
466,2732
1147,1476
2292,3205
712,1617
3841,1465
3599,2964
2689,1262
2828,1476
3509,3965
1380,2421
623,2104
1137,57
3972,1126
75,3348
825,589
1648,3478
3825,3997
3428,2960
1381,1029
3944,1493
2110,2648
2077,1100
1446,1538
3991,3666
3628,389
818,2940
1748,3636
259,3352
1712,930
1921,3548
725,27
1858,2562
1251,2280
2125,1248
2337,2268
1404,3396
1769,3603
2985,3882
553,3412
3058,1820
2406,2694
1869,3039
1760,240
2289,3644
1924,3263
782,1900
2574,3255
261,2599
778,1210
1264,1217
269,1707
1734,2710
3586,1060
3792,2813
13,398
3306,1816
769,2018
3362,2412
3327,3059
3777,2822
2579,3297
705,721
2518,3186
1808,3080
9,1369
918,740
1039,3914
1776,2113
1162,59
2417,132
3947,2924
2574,1558
3725,1690
2793,1550
3375,2358
1259,3191
2761,3564
1171,688
2103,3354
3816,1238
1966,2037
2879,3417
2816,1655
898,2085
2761,3432
3485,327
2589,2055
1939,1524
3031,3018
3741,2440
844,2564
250,752
3493,1139
669,1816
1769,3417
475,793
3256,327
493,243
118,2988
8,562
2085,575
3770,1158
1655,111
1880,491
3801,3796
1613,3965
2666,1698
2736,1428
3275,1287
1688,3620
1654,3246
2894,981
620,126
2844,2324
2174,1987
1580,1204
942,2401
3756,970
3255,219
943,110
1524,2865
2169,1435
2386,1193
382,2513
1192,801
116,3439
511,111
1298,3433
498,1951
3884,210
2504,97
2595,950
1264,685
320,505
1162,1378
3470,259
3591,2450
2507,2204
2147,353
3167,3744
1453,2181
167,1260
2311,1422
3079,2075
283,118
1320,1241
36,585
2965,2483
357,1683
27,809
870,3105
2817,2657
1141,2849
2998,1409
1191,2835
1788,3422
1299,2094
1421,1813
343,767
1733,649
2807,3468
1480,3798
704,1731
3364,2933
3565,2944
677,3713
1159,3436
2626,2332
2197,3360
1588,3013
518,1948
3766,1926
2753,1160
3969,2397
3062,881
2757,2997
3539,3378
1868,2897
3867,921
2351,3650
2752,2482
1079,1185
3060,1710
3725,2183
937,433
1223,963
3528,1687
1186,115
3209,1358
920,3283
3365,2530
3223,911
493,3059
522,521
567,2386
165,3899
257,418
3271,284
3224,3582
2470,3934
3785,2063
3299,405
2247,95
3557,3894
720,3321
1508,3821
678,2445
2984,1753
1781,672
3457,3205
1191,900
1899,1516
1451,575
205,3546
895,2810
1898,3568
301,2981
2949,2240
1967,3007
2712,2409
914,1005
3480,3158
3960,271
3034,925
3444,1100
1099,230
1133,2801
833,916
429,3914
2085,436
3334,2745
2246,186
1759,3308
3424,2627
2965,855
2026,3894
328,2866
1741,82
941,1968
1753,59
1128,871
3749,2980
873,1366
2005,3711
994,345
19,1315
3145,2140
385,1961
3449,327
755,1792
1458,3989
1373,2982
2570,2691
2118,1471
3287,24
2561,3676
2171,1465
490,1193
183,3274
1188,955
1231,3826
1749,3455
3565,1525
2585,2598
3768,48
1770,2724
1172,1291
327,3495
917,1567
700,525
3297,3593
3133,2682
310,3103
808,1731
309,2429
110,443
2994,1779
2878,701
527,3256
2559,366
1564,2826
1192,3515
1552,3929
11,2869
2603,559
2588,3297
611,2743
3229,2854
3436,527
78,1829
1089,3700
1396,3084
2903,2505
1575,2374
3654,1148
688,530
1641,2074
1465,3003
1688,3678
3187,3903
607,2013
812,3707
1875,327
1073,3169
2316,2244
56,1663
148,209
3440,832
947,3747
426,2651
455,3987
1455,621
2425,2549
2155,862
3158,3849
1853,3458
3729,2362
2509,28
1890,3574
1796,285
3612,2390
3667,1426
490,521
557,909
46,2423
1518,2108
401,1338
3369,1853
1389,3173
532,2061
3911,3297
3205,47
3649,525
1,3949
594,3894
743,3485
1812,1786
167,934
3650,1078
12,1156
772,811
3861,2705
1114,3800
768,642
3618,77
600,1140
513,2492
3029,808
3460,3266
1531,3148
3688,2226
3838,361
324,2928
3170,448
815,950
2660,1033
3600,413
2480,3762
2243,3036
288,102
1840,1729
3453,575
1637,1495
2101,1190
3869,3187
677,3724
3823,1043
1480,2988
927,1687
1652,3188
1792,3303
1314,2752
42,1155
2122,380
3504,3559
119,2784
3360,1769
3953,631
1592,881
759,953
578,2427
1924,1062
2886,1889
67,1428
3340,134
2726,1022
2722,2036
537,1029
1474,2067
2935,454
1241,135
1323,431
1748,83
3829,253
103,3911
3984,859
3231,591
3216,2529
525,1254
1693,3338
2431,3247
1928,1370
592,118
2618,3451
489,3974
467,327
645,1889
342,1413
1815,3227
1746,1698
3360,1291
2870,3467
2496,2325
1949,2325
2379,2033
3545,1471
879,3451
136,1477
675,2876
335,1989
1535,1866
577,3275
3051,3454
1164,1127
2495,2454
1440,491
3003,3498
2830,95
3484,3477
1307,1192
1065,1077
2206,67
1731,1346
3433,2799
2290,1188
1309,762
1088,1135
3736,550
2438,952
3866,306
389,2926
2615,29
2854,1983
3011,2985
852,3915
586,2614
1351,2826
109,339
2681,3375
2620,1605
3966,3151
641,2624
3610,3707
3805,3963
2742,1774
3874,1798
3403,2958
2388,549
2108,3306
3285,1127
1699,2350
291,2754
3983,1508
3347,1016
3673,2822
3428,327
1192,994
3581,3114
128,3939
3198,1514
251,603
3489,1290
2512,329
2369,3822
1639,90
2161,3976
1849,994
2503,2534
3229,870
3137,2221
3800,3491
289,3326
3119,3692
1677,2474
3345,2404
170,2436
2558,3045
3619,3409
622,1180
1034,148
483,2425
338,2826
2540,1185
3030,2630
2040,181
3297,1116
3619,3360
3102,1661
2737,1849
947,1699
3379,511
3493,2005
966,1577
2414,3490
1213,1615
3836,7
1786,1301
2593,1895
1640,1378
3297,3733
1153,1824
3065,2607
1794,1517
3596,235
3324,719
1592,789
1465,2128
1524,3996
1265,2498
1945,5
2580,1696
1802,3890
136,2603
3722,3605
1295,3602
2269,3708
36,1947
2809,3931
3394,3295
28,3444
1559,2339
1926,2532
120,494
588,854
3868,1978
1596,1246
1320,543
585,2910
3114,2867
3550,1241
3690,1192
2236,2526
2256,2375
3165,3297
2926,3436
1736,855
1194,2212
384,1547
44,513
2654,2101
385,1024
2606,412
1784,964
636,3954
3,714
1359,810
3958,3111
2523,3399
3259,3755
2227,270
3869,433
1433,485
1851,1238
1433,1243
2708,1647
1943,1574
734,938
2072,1325
37,421
3881,902
3976,3207
2546,1328
394,2460
1602,2548
1896,3056
568,2051
2254,803
3986,563
1328,2032
3787,1374
122,1633
790,3033
474,1541
2531,587
743,2662
839,2650
3449,3780
2580,699
142,3998
2024,3380
651,402
1691,1675
813,3530
584,1227
3801,296
3180,1575
1185,28
107,2890
226,2779
2135,3254
2453,3716
1220,2668
196,2865
2763,2472
3244,3177
2409,2832
1058,1681
1378,2317
2433,859
158,1011
2837,130
817,2231
1251,2003
1287,3940
3474,1741
15,2452
3433,1495
1503,2908
3363,188
3489,792
1287,1739
2988,665
3129,2658
3053,2400
373,1097
2971,605
2693,1117
3538,401
2328,1658
2138,3432
2175,3697
1177,884
403,3383
1731,1786
633,710
1083,2282
3311,1629
3774,3066
3297,3801
2219,3954
3688,327
1452,617
2300,3331
994,167
2189,1930
616,530
3809,1581
2664,2087
1433,2320
1677,3048
849,3766
2504,301
1718,1678
1152,3591
3711,2939
1731,837
3338,2246
2588,756
3353,631
2877,1638
2088,1453
3808,833
2498,1445
2299,706
1649,810
3050,308
3307,2583
549,3608
289,1443
1814,2252
513,1181
1391,2232
2050,19
2620,935
3342,1609
2760,1474
1986,1350
1975,3159
56,3436
799,2324
3829,503
31,3544
3330,1725
362,767
3253,2277
777,759
2481,870
3898,2462
3022,1198
2906,1643
1390,1623
848,2729
2366,1754
1221,76
194,830
1378,2977
2304,445
2583,3269
3032,3075
2755,3410
2882,3500
3889,3405
3730,3179
3504,2498
3521,1992
2452,3198
1878,69
2950,3297
3239,2545
2027,2243
1282,2856
2672,1400
2862,3213
2553,384
258,198
1943,3282
238,2947
815,979
68,3587
1523,781
3339,3362
3303,2626
391,2727
397,866
999,2576
1949,3874
3282,1575
3539,737
126,2687
369,1625
2863,289
679,3044
218,870
26,92
3810,3211
3417,1072
2701,1118
1398,2207
531,774
310,49
1421,2604
3941,2243
3179,3944
1790,3888
664,2462
644,1294
173,2407
952,3652
1440,1416
1951,1881
3297,2247
2914,1297
2148,2264
2506,492
3831,210
2095,3553
2473,2363
1335,1090
3379,241
3982,2084
1406,1360
2991,330
3685,31
2566,1318
2771,3061
3335,578
1154,2000
1941,1287
1937,3337
2512,535
347,2890
2508,2262
619,1731
3655,3234
816,544
500,3936
2828,3635
3770,519
3889,2352
2740,462
3083,830
994,624
2676,832
734,2011
2065,2142
3548,1328
3782,3728
2676,1853
3329,3669
3425,1003
3444,1416
1631,3714
2553,2856
1205,1765
752,1633
708,1612
3450,1683
2271,2205
2478,2772
1692,2424
1463,1812
569,1371
1480,1991
684,3117
116,456
3907,3638
471,1168
1205,3433
1800,1910
1413,417
3102,2329
1023,3440
1047,1480
2014,2743
2591,790
2660,3581
127,2127
3636,1339
2984,612
1384,1736
348,2700
657,3045
3708,331
2201,1988
1309,728
2015,1567
375,937
1064,3085
2011,207
1438,448
613,3934
1535,421
1467,2081
2713,1693
1092,2600
794,3313
3096,1411
2216,2204
2039,464
3679,3211
47,186
1701,2179
3743,1006
2053,2274
3367,2980
3276,1236
495,1633
3870,912
582,2727
1363,3501
839,2397
1743,3104
1502,3717
2397,2695
1574,1273
3419,2818
3417,2833
184,1930
1678,3648
2303,1544
1516,3379
1745,1128
2850,450
1701,3097
263,3724
145,2761
1103,165
825,3897
2061,3683
143,1891
3187,2100
2042,30
374,1918
2592,1701
1445,3116
2670,347
3740,1998
1761,2476
2106,891
3291,2565
2026,2409
1401,1054
2234,1751
544,1530
1929,2594
3434,2222
1221,3221
2654,618
1479,3393
3769,211
2270,3981
2834,178
8,350
1349,131
3421,3297
3275,1470
2635,349
184,2931
1027,327
3025,2
1777,2446
485,629
538,885
3152,275
138,2746
357,2418
2651,1211
141,1378
1870,3635
3869,2709
1192,2024
2810,2294
2611,1221
3003,2239
1032,2562
2865,995
1527,2479
1394,2657
2193,1697
211,668
1479,1131
3472,1140
1081,1870
1985,23
376,1396
1809,3952
3340,97
44,3852
2471,2377
2059,1619
3830,3742
3501,780
3580,1016
3171,179
3098,313
55,1769
339,3247
3251,2736
3952,3674
3581,2311
150,831
1621,2844
2458,2438
3900,784
255,688
3526,999
2078,3365
2706,786
1240,824
2469,725
2089,3813
1755,2084
1985,1177
2927,3558
3637,1133
1922,3193
3159,1526
3163,699
2233,1569
3630,2874
1156,1994
1220,1396
2200,3285
1827,2913
3377,1851
3267,637
637,1181
904,3446
3436,3523
495,3689
3452,470
2300,608
2594,327
1319,56
2136,1343
3118,1924
814,414
2172,2606
1826,3912
305,3417
522,2420
2904,1409
1633,2788
200,1439
648,3608
2291,573
2007,1201
2203,3256
1706,3550
2051,1731
1215,1686
1837,1189
1368,1491
823,2504
3197,908
819,3917
3062,2319
1217,3940
3392,861
14,3502
3539,813
2812,3079
524,3569
1817,1318
539,1654
1869,3282
2989,682
3777,179
2963,451
2356,1260
1551,1998
2808,3316
2396,977
3876,3013
2526,1284
1476,1924
331,803
3765,516
3860,2478
1493,3241
2350,2848
1811,311
1543,846
509,3297
798,1381
2355,977
1653,3206
1893,2573
3297,3149
3849,1841
5,1764
3359,3297
125,654
3202,3700
3848,3433
801,3297
1005,3519
11,1833
743,1485
782,191
1547,1683
2551,2733
1515,461
1359,1083
2977,3364
1071,3736
1747,3554
3425,1203
2566,141
2451,1461
715,3040
1169,484
191,74
1999,2634
791,2582
936,381
3690,1759
150,3454
3246,727
2990,1767
1037,160
1594,1227
841,2383
3293,2648
1926,2813
1575,1459
2605,1661
904,2029
86,2712
3008,2310
327,1671
1561,2752
3297,1844
3416,1652
1247,730
354,1104
2621,425
145,1053
1614,3500
13,1450
391,2313
906,2557
901,3926
1601,2727
3232,2922
1572,363
1923,1213
1781,1557
150,3746
3192,1186
3289,3184
1936,3980
608,3387
1206,1878
146,1647
82,3682
3578,933
247,683
2504,3257
3361,3839
1694,2522
3297,1859
3268,2517
3074,2402
1296,3124
3863,3277
2569,630
2868,423
3309,2915
1501,2383
1213,2843
1258,3184
1441,1829
2377,2346
2818,1680
2989,3388
3572,3116
2452,2233
2591,392
2131,1530
2195,994
3536,621
3528,3131
2373,1313
2223,3722
785,1878
1181,2669
2324,1400
1896,2863
123,1198
3075,1270
2508,1077
3205,2302
1843,866
1469,2610
1731,1572
2923,3114
3069,352
2502,1426
1946,3376
568,486
1233,73
1878,2539
2376,2393
3466,1469
2467,313
3297,3894
327,2636
225,1911
2398,2308
3204,2266
2568,3297
1736,1641
1776,3511
135,3782
2309,2988
3280,3170
3421,1541
3837,1050
1847,896
3926,2596
506,1735
3322,2427
2987,2792
156,2034
1453,1839
3339,714
3297,1141
167,860
3048,224
2572,1838
3600,1298
2532,2905
2923,404
881,3984
760,327
2440,3320
2775,3338
3900,3209
140,1447
1302,1443
3482,2082
1241,3677
3614,3538
494,1315
2381,3330
2706,3929
534,81
2878,163
1944,1566
3180,1177
996,3864
2315,702
2120,1575
1972,3433
2027,1585
3706,3555
2973,2733
173,3304
368,247
1105,2654
1604,3104
1253,955
3592,638
3514,168
1260,2449
3546,1178
2895,3415
1082,3919
1552,1409
3910,679
1410,238
1685,237
2024,2846
3708,3185
3859,2365
1905,124
575,3686
3026,192
1657,3195
3306,231
3255,1192
641,1028
915,3524
1625,1546
1450,3004
2784,910
3603,223
775,1192
429,1380
3213,2295
1674,3646
922,1457
1454,3342
617,1175
2269,1355
2565,817
3597,3060
2960,2181
2552,770
571,3406
2278,1420
682,2315
3734,1081
2513,3191
3732,2343
1313,2898
1362,806
3894,2148
3306,2206
1390,604
441,2815
3565,3322
888,1637
3258,2963
3778,1054
1413,327
1361,957
340,1192
3243,2141
3147,3662
684,3961
1482,631
1958,3363
559,2111
3674,14
2690,2707
2900,584
2299,1604
2615,1008
2338,2250
2509,666
3025,2530
1699,2909
1368,3848
1792,1438
2477,757
3192,2536
3361,3016
2367,655
3489,2474
3003,3521
344,791
1235,2979
3702,3794
278,679
1575,1163
1200,1117
3937,2499
3208,3365
77,365
990,1068
2617,2859
566,3308
3832,1417
439,1848
685,3738
3196,2194
2226,3749
865,2539
1556,2472
1137,3585
569,308
186,1211
441,1352
1503,3275
729,3650
3178,1687
3297,3918
1821,2538
1430,1864
1192,865
512,2685
936,1113
2071,1179
1102,2440
3974,3433
285,2178
3431,1252
1018,898
3011,119
3306,1915
2294,2374
1453,3535
3282,2738
2504,2586
2023,1336
3256,2521
557,2994
1961,2280
3082,1554
2366,1860
605,3402
3298,670
1627,151
572,2398
3268,3280
1785,779
1802,2929
2496,3471
1910,3278
2479,3370
657,515
231,673
969,430
303,2567
2139,3258
1460,988
1493,965
327,1848
1792,1350
735,1571
917,649
3682,1357
2307,165
1151,1529
20,3231
3937,476
1861,207
2968,569
1611,1197
2602,3018
1451,968
546,220
3497,3244
1006,2310
3106,2323
3817,2517
2376,2500
3839,3672
671,1305
826,326
1448,3007
1731,1936
782,3433
3172,3218
2487,1638
439,1378
3380,173
967,3469
120,1903
1583,802
1307,3114
310,1833
2469,3333
240,3229
1822,1073
2202,2430
1382,2094
836,3112
3205,3157
955,1880
143,1063
635,1358
2632,3489
1404,2561
524,1414
3033,2074
2425,707
2824,878
3,3340
327,463
1061,508
128,3430
1957,1146
3630,1004
3541,2288
2484,1883
966,3674
2754,3391
1166,2842
1129,1616
3171,3731
1964,763
1536,246
298,1783
3986,3405
3630,1634
3765,2117
860,1741
1212,1515
82,397
3185,2669
1924,3796
3041,2119
2856,794
393,3774
3770,915
299,691
456,3213
374,532
2262,1703
3044,1007
3025,3171
2046,1621
3617,2518
2589,856
173,3939
1431,1556
2190,986
1784,963
3848,2048
1658,2024
2465,459
2389,1844
3513,2965
3283,1274
1786,1628
938,870
182,1803
3192,3354
3316,1099
3046,1370
3560,3289
1467,1635
2,3763
3927,497
424,3451
249,2729
3800,2539
2449,954
1752,3406
3879,1635
66,1101
1591,520
2996,3678
765,2195
3329,60
3609,1830
3592,289
2674,216
2461,410
1438,377
2805,3607
1713,3479
3173,176
1377,1426
3384,2761
3364,1274
2946,1896
2811,3030
3699,1109
2227,2254
34,2833
1520,517
1837,3129
749,560
395,1112
34,2274
1160,364
3693,1097
832,3354
183,586
1259,3970
1410,3983
2875,282
152,3442
288,1987
1859,417
3823,523
1924,2004
1668,2804
3881,85
3281,3268
3045,1241
3539,3429
1417,1198
2152,1654
200,1553
290,3651
3978,2234
2320,1036
788,1384
2727,3039
2813,2816
2133,3053
1066,2476
1889,3613
1271,2739
132,205
2432,2133
892,2453
3391,696
2756,591
2919,2333
1660,658
2724,2882
3920,1203
3179,1283
3168,2513
98,1132
208,1593
3842,1489
3562,419
2743,2887
1191,2310
386,2825
462,3221
3021,2070
394,2236
2703,482
787,1366
736,274
2814,861
1671,801
159,2297
797,3611
1469,3112
2537,829
3513,1573
2505,1419
3044,2243
3563,2069
1536,73
447,3271
1947,2480
3943,873
1233,3622
3723,1448
1265,2340
872,2384
3798,3282
3840,3185
2883,875
1259,2291
667,887
383,3804
3156,3852
2408,3072
111,1277
3785,964
50,1996
3020,1354
2494,1397
2081,994
2489,3207
3062,3297
2021,2238
2343,525
1157,552
241,2696
3874,433
360,1254
1702,2408
1194,1136
3355,1545
2132,3671
2860,3049
1406,1260
24,3495
1514,3220
1829,2846
3425,3858
3297,2879
1549,162
3361,1062
3136,1437
620,423
183,3508
3063,1847
2884,3354
2968,2420
3953,2515
931,3041
3972,3469
3322,521
2571,2841
2167,1429
3901,2622
3406,3502
3810,675
3379,2667
3176,2946
3792,3917
3382,481
1836,1681
2515,1419
2593,3826
3211,1705
26,1629
2310,994
3289,740
3438,1501
1146,642
937,2979
2036,586
2939,1067
449,1793
3765,982
2925,3354
2994,2394
1010,3602
2504,3929
602,1999
2978,3129
89,612
865,1882
2759,880
1898,93
1894,2221
2022,2028
1469,3609
3827,1241
2818,2917
2044,746
3904,3824
554,3396
3765,2402
2330,1007
1212,2896
3028,3486
1043,3366
3918,3358
3064,3297
421,2539
1116,568
683,518
635,3633
1137,3297
3156,534
1153,3788
1669,773
2975,3308
1832,305
3737,2930
2113,200
2693,1425
683,2590
379,1974
317,670
2243,354
3740,2671
952,2761
1147,2413
3857,2160
1169,1016
1693,1148
740,3880
886,857
1438,1383
1954,2511
1255,2091
3308,1241
1065,2837
2364,3451
1275,825
1708,653
116,994
1640,286
239,2969
2702,1238
1402,2726
1912,900
2354,261
2936,1386
3439,2118
699,976
3821,3899
656,498
3178,682
2242,503
3334,2169
1257,342
552,2186
1491,2708
243,628
93,846
3614,3574
810,796
2,1580
3928,27
1814,2243
3297,2346
3725,3295
69,138
197,877
2431,228
1282,2964
1602,1444
3018,3420
1022,1360
3297,2243
2279,1793
1234,3795
2632,1570
3002,781
1618,2237
2805,2579
2654,3284
249,1128
1773,948
3176,1280
150,2006
3239,2431
3102,3119
1378,2811
536,2978
3602,3634
2149,1459
2392,2087
2057,2348
1991,3134
3106,3963
727,980
2665,2223
3971,401
1631,2966
1350,3166
266,3570
1670,3297
1595,829
703,3745
2970,2728
225,2644
2553,3252
2419,1145
3307,2464
2849,1094
1064,870
1744,3860
2998,2017
327,1624
403,1192
1618,1272
380,2866
3297,1575
3110,3455
748,3623
3810,2351
3131,2278
440,3532
1773,154
3593,2420
1873,2594
2990,2585
1260,454
1942,3182
1611,185
3433,2118
2955,2183
1878,487
2638,1921
2176,154
354,3690
1592,3686
2350,2125
729,3019
3965,2440
579,3450
2908,2959
2829,3590
3061,2804
1711,640
3297,968
930,2937
835,3041
3637,2025
156,128
3798,2260
233,128
2351,3518
2788,627
2220,819
2447,3801
1575,3568
3633,3928
1819,1241
3129,2765
757,720
3665,3954
2187,1778
1699,742
1165,3672
2788,1755
1362,49
3799,2287
3959,1328
748,1046
1005,567
1227,179
1469,88
2372,2204
2711,1167
30,2944
1996,731
1932,3027
357,3412
304,301
3098,2838
3070,2080
702,1819
1289,870
395,494
1434,3215
526,1575
414,1379
1704,288
3854,165
3238,2442
2457,1318
2818,1330
1786,3720
2005,1285
3035,1625
1496,2052
1344,3520
3453,3297
1921,3275
1646,1154
1923,3489
3853,3082
696,3053
3090,3724
3397,1455
2434,3471
2660,2033
232,1159
2521,3625
816,3069
962,777
2992,3075
2406,749
1400,3073
1539,3799
2058,3087
140,2784
2586,2692
115,193
1655,2391
1013,745
2756,1138
2645,3366
2038,1591
3135,1731
2768,3099
715,309
886,2380
2458,2875
1353,310
3956,2461
2370,3659
955,2821
1593,501
920,2611
3819,2588
759,2848
1074,2687
3499,1520
1959,3542
333,3501
1949,1030
3924,2431
1478,3297
3489,3764
2752,3555
307,481
2125,3429
994,797
1881,3394
3772,3533
2287,769
387,3944
2919,2349
274,778
2834,2523
2912,2361
446,1835
2379,1747
303,2819
3293,1812
3250,1838
1994,1228
2228,2343
3319,234
1967,850
1752,2098
241,3938
3110,1326
2504,2325
2063,2882
2720,3545
1542,2590
406,3765
1939,3456
1903,1905
1243,1231
3173,1363
1769,3006
3387,3211
1382,3841
1285,571
2402,195
3919,3243
2809,3367
2762,228
3297,829
708,2857
1607,3947
3521,3915
3036,2539
897,178
776,3917
1918,4
3483,2599
1818,1197
1240,3218
1717,3306
866,1449
1350,1980
1084,632
400,1021
634,2008
146,1958
3798,2626
968,377
3704,180
3320,2637
1059,3405
593,542
3108,104
1447,2519
2980,2211
2623,2444
3297,3277
3150,2406
2887,57
3520,1647
2363,125
3018,1796
1922,3560
416,3481
617,3151
3588,1731
2415,995
3268,1862
1323,3035
2544,2790
3771,3222
106,12
392,460
3224,1522
3706,3762
3903,854
5,1252
1644,68
314,1427
1425,1638
2546,3765
3067,3297
2113,3494
2823,3019
1776,1337
1099,3733
1004,2155
1576,1965
2829,3606
3139,1094
3789,3429
1678,2950
182,3340
3658,899
2153,3737
1828,1424
2393,3906
1335,614
2698,1900
30,3729
2687,486
3389,3028
1457,324
1430,2699
758,38
1540,1260
1219,309
958,339
1098,3367
2132,123
32,826
858,2796
218,1268
2459,2172
3442,3377
2129,1201
3781,467
3295,2595
886,3975
2898,817
1200,3784
2265,2458
3461,863
2898,198
2686,2048
1453,1471
3097,2556
938,209
3706,2368
784,590
2629,1099
1481,1992
3932,3206
3351,1744
1924,2739
1253,940
3383,1440
1033,76
3479,2931
1505,682
1654,1087
1511,3842
2467,3639
3198,3196
2189,3557
1192,2748
3622,3848
1698,2812
962,2787
2141,351
1199,475
2305,2559
3994,2311
2395,414
337,985
2738,362
525,2897
3527,184
2138,151
1942,3599
2877,1149
157,1776
2482,577
2949,842
753,964
1020,514
2871,1356
2878,3275
154,3603
3925,1784
1806,246
3387,2688
1417,739
1879,2318
1629,3275
712,3433
2263,383
3828,3303
1925,1804
1668,256
2679,221
2706,2160
1678,1008
41,1594
694,1094
3489,2253
2654,2611
1486,91
2512,540
3407,1420
2387,3435
541,3170
74,1167
2296,496
184,2130
3292,1198
2803,633
542,836
533,990
2200,3186
3632,1426
3124,2892
1993,143
2899,721
1909,3979
2382,2096
507,177
317,1278
858,2809
1140,730
117,2767
1287,783
1942,1113
220,1260
2162,1997
3186,161
3307,1909
1599,2684
245,2080
1214,1986
2076,546
3007,3489
3999,673
1586,327
3306,166
1795,2092
3162,2291
991,1015
3092,3179
1375,3468
55,3489
795,2025
1788,637
1708,770
391,2883
3996,144
3300,2042
2955,2571
3524,699
1639,945
2454,3950
3686,1649
2241,3297
2389,3377
3076,2004
1773,265
3027,3093
1020,686
2665,3619
1607,3409
484,2555
1140,369
1373,1070
2719,98
3164,623
1156,2832
2811,846
1565,1756
1424,1256
2355,2379
3666,3908
2759,2519
3740,1260
501,71
3995,236
2025,3926
323,2138
3330,3797
3531,3986
2486,3681
1092,251
3297,3459
3123,986
2925,1890
354,1529
3897,1625
99,104
3165,3433
3910,2524
169,1494
2089,2951
603,2589
885,913
516,1506
2030,173
1839,1127
548,1991
3876,3675
1167,1403
265,960
1725,804
1545,200
1356,1314
72,789
2530,2256
3598,41
1790,3757
487,1556
1156,1915
2862,2085
3513,267
3485,2730
351,2090
1086,2215
1902,2108
1640,1289
2201,158
2081,1174
1883,162
3551,2709
1239,1241
2348,3882
680,3719
1065,1090
944,3673
1778,1748
1559,3153
1434,3235
322,3526
3275,1241
2587,3788
1105,2905
1832,883
2814,1739
3386,1711
58,899
2974,2372
3490,561
958,1161
3107,3836
2359,2719
1212,3433
624,3072
2769,1115
3451,1901
1818,2882
212,2925
3973,121
52,1484
3297,3599
2775,2295
2904,2072
2766,2101
2579,2410
822,3251
22,2373
2984,3073
2500,3308
3911,326
2175,1127
2542,221
992,2312
616,1751
1561,3501
20,2167
1232,2469
16,1495
1004,3830
1719,2331
3833,2753
1546,2306
1587,1121
48,1031
3551,2557
2180,2353
3539,3786
1342,707
2306,834
3843,2371
383,1849
724,803
3433,926
1144,1814
1731,2500
997,741
565,577
1250,1661
2232,468
284,3046
641,2185
611,2920
3510,1481
2450,1267
3066,3241
3489,1644
2163,3308
295,2641
1456,1924
1579,2159
2920,2767
3373,2115
3992,281
1762,1691
553,1509
1714,2998
2295,417
3228,3816
2233,2276
680,709
3160,3364
1565,2202
3512,1144
1052,682
1493,3836
1769,6
3461,1110
2185,2279
804,934
1498,3469
418,2314
3410,863
2485,514
2771,3872
3245,1716
3863,1112
2332,937
739,2042
910,237
3361,398
3603,3382
2166,1612
1148,3614
2303,1879
954,2761
3089,527
2030,2828
3002,818
2437,3060
2868,2490
855,3662
397,3186
2656,1109
1724,3261
1455,399
3297,2171
2799,1874
1260,2621
928,3060
2566,1564
3433,539
2713,1713
13,1898
1616,885
3222,2597
756,3036
3186,2887
1697,1206
39,442
83,2298
1978,519
731,3722
3804,1376
229,1468
3047,2321
1225,2654
469,2037
356,1069
3313,2576
2129,1339
313,2534
2485,2689
873,625
2454,2512
1110,1114
3122,321
2052,2266
1393,1452
3204,3569
894,1750
2584,2705
435,1786
3713,95
2970,1135
2228,1981
2099,2301
1907,1744
1597,2628
3517,1077
9,375
2150,187
2017,2330
1665,3800
3092,1984
2326,2218
2830,3644
3632,3489
273,340
909,2472
1729,316
1645,598
228,2895
723,3833
1632,2669
1731,2825
2043,673
1815,604
1757,517
3030,2847
3287,2041
2609,2311
2310,1170
100,2451
664,3291
3235,3450
1423,372
1804,3308
3479,646
1469,1062
2779,3752
1765,2064
1715,3081
3884,2899
1260,1166
3891,3607
3160,3913
504,257
3044,1428
2328,1066
20,2466
1102,692
1354,2911
2292,3886
2095,3306
3471,3284
1569,2443
2947,1241
1259,137
1875,2680
395,1219
1750,1805
2920,1825
1794,329
201,2654
3226,2585
1927,3433
1413,1241
598,798
3180,3790
995,1630
391,1342
1399,3240
3948,1934
2891,2295
632,3083
1328,802
1139,2388
3268,1439
2041,582
2659,327
3704,713
3963,2607
2024,1130
47,3310
2197,3866
1009,2807
1959,3805
2095,3066
3094,3210
3829,3989
2486,1751
1575,1810
702,1826
2512,2717
655,2389
2290,2938
373,2539
3902,272
3900,633
1150,3960
2735,3669
1823,678
3222,3417
749,695
1628,1255
667,3417
3155,1531
738,3078
3768,275
1842,3770
12,3092
3791,3800
3550,3517
757,3373
3465,3135
719,314
3891,16
2821,743
1436,3355
1152,1312
736,2874
3272,2989
3789,3262
2793,9
173,2193
1223,2588
3314,1201
3248,3187
3694,2686
2737,3472
445,2918
1406,2867
1902,2836
3636,2919
281,1474
1340,3544
624,1479
327,770
2892,3747
377,71
2403,302
3190,2983
2273,311
2515,1326
3713,1919
2113,3408
833,2024
2666,1938
3433,967
2679,2114
961,2673
3483,3433
1605,411
2041,3522
143,2243
3400,1426
3617,3297
1002,2205
3376,2373
1014,86
510,2988
1191,3304
2825,370
3835,1955
410,1049
528,250
1709,3009
839,3257
2871,180
3270,73
2537,519
2547,3539
107,3140
3760,1934
607,94
3790,870
1722,2554
2584,2406
3489,3143
870,945
3322,3000
3457,2318
1855,1344
2928,2327
1515,2802
3815,1071
3537,2279
1287,1182
2219,3560
3423,994
1239,2245
1863,3215
2772,1884
730,3519
3865,3205
3414,440
985,3894
365,114
3555,1048
655,239
1609,3262
1066,1679
591,1964
1357,3828
3457,3583
434,808
234,1785
1389,1577
46,2799
3831,2255
2286,665
3764,2930
573,967
3438,3977
1198,3478
3370,3023
1495,1575
1,770
4,407
2252,2887
1536,2758
3543,738
900,1848
2412,1769
2826,327
3801,867
88,3270
3043,931
2702,1364
2627,2581
1328,3130
1523,2098
2347,710
3537,3526
1850,1375
1544,1933
1257,571
914,2922
790,2519
88,3263
3212,423
1685,605
1971,2007
1687,590
1365,1469
415,3504
1453,2773
2112,2142
674,76
3588,614
1327,280
1207,2798
1835,1754
3739,436
359,425
1976,1801
2896,3888
1854,551
3146,1661
223,3297
238,1686
2462,1902
52,1097
2107,3104
2463,770
3060,416
1284,788
976,887
1091,2529
3433,3720
476,3807
2456,3770
3303,585
1576,125
2439,3787
3702,3845
1648,3871
2385,770
2744,3462
2891,3111
1990,3679
3297,1610
840,795
2703,1295
3418,1992
582,875
3133,1808
1365,1951
1336,1841
2257,3688
3789,3776
3255,3551
3034,142
1491,3332
239,3471
2323,1469
437,3006
108,1731
3345,3321
3032,3076
3297,1823
1001,2520
1871,3159
935,1532
558,2778
781,2075
2292,480
319,2610
924,1092
72,2246
3095,3301
2211,1771
152,3040
1956,1607
3889,379
3491,3623
3519,70
3886,2691
3009,3542
2292,2077
3509,356
2725,3928
1042,108
1990,291
3060,2568
3137,1428
2525,547
3211,3433
984,2302
2742,1935
1002,3226
480,3174
602,1171
3752,2006
674,379
1298,1663
3615,3434
650,92
1080,1848
2077,1614
1734,1888
634,3627
3553,512
418,1488
2619,3579
211,3234
406,3182
1456,1867
3302,3961
2068,2781
3757,3067
814,3034
133,2825
3715,3160
3479,404
3152,849
726,3935
373,488
3916,3230
1967,2243
1544,2415
3806,3077
3975,2633
3278,3764
2029,2324
1716,2983
1075,1731
1829,3939
1247,1466
2510,1192
3297,3086
2041,1931
3914,3845
400,3805
2089,2761
2421,3819
3561,3407
1072,1220
760,364
1004,1571
2357,1523
277,864
1648,2986
3539,2782
3197,3297
2640,1836
3112,1361
2781,3648
3895,3155
1585,1458
3254,3564
1211,1348
54,3297
3555,2183
1517,3896
2568,904
1609,3373
1246,952
694,967
3503,2886
224,1657
1222,327
2739,959
2820,2128
2503,779
2198,462
527,3995
3347,2031
1957,2061
3213,1832
647,2145
1363,2948
45,3879
3037,1760
2270,2720
3415,178
1389,1709
65,711
2798,2520
185,2407
1697,2320
351,1670
1477,606
3451,3489
1334,3916
1838,2336
3692,1555
2855,3320
2152,3382
583,92
752,1571
1801,899
1432,2886
767,2628
3456,3018
2563,1230
1051,1620
2941,972
3275,709
171,1951
3564,3494
3799,3603
323,2596
2178,217
3547,2130
3285,1751
153,276
3146,1295
3306,976
2814,707
1373,1895
3103,849
2543,321
1995,3265
2314,3609
2616,1107
1487,3297
805,2015
994,491
2992,2234
3336,968
452,3526
654,2943
951,3833
3183,3005
2999,1300
67,1323
469,870
3645,2194
510,870
2584,507
157,2891
2971,3167
3126,1256
3910,3070
1001,3796
1267,315
1463,3496
51,1203
3891,87
1487,1578
1664,2920
2206,265
1670,1246
1885,932
2659,1240
3140,2536
2973,3392
2350,3388
1266,639
3433,3215
634,3611
1948,3100
2244,2411
1305,3331
1096,2929
2093,893
1731,3433
877,2155
629,506
1039,840
1430,993
2198,3108
3820,977
3473,1504
3116,2327
1133,3741
1162,609
1428,3681
1428,3343
1483,2171
1242,3122
2545,473
1575,3144
3693,3966
3100,1561
3355,1573
420,2911
1851,2551
1244,3126
81,2880
327,1504
2725,2627
283,789
2716,287
1025,2537
1600,3455
1311,332
1268,1040
966,1033
282,177
3885,468
2694,985
1218,430
2982,2476
814,1606
1043,3151
883,505
1793,3949
1037,518
453,362
3524,1724
2031,58
1299,2952
888,501
576,3669
1332,919
3364,1740
1960,2813
1683,2780
1714,980
165,2447
3160,2126
2729,1766
1457,2102
1496,1860
90,1513
3977,3122
1586,264
448,2094
3763,3119
2174,3968
1678,892
174,189
2188,163
1562,392
39,2105
1606,2894
1927,1436
2838,505
972,3433
1349,2710
2893,207
3485,2793
1706,770
2841,1799
2860,1543
1797,1803
3433,255
1575,1418
1099,178
3546,2852
3460,1616
884,134
3354,3529
596,2663
2583,2071
3442,1168
2847,407
3417,1173
1849,3791
1632,1636
1635,2150
2976,3833
279,2113
185,3855
3297,371
1786,2309
1539,799
3209,1455
2174,2857
3625,2497
1154,677
1402,372
1120,1617
2591,2009
391,3491
3909,327
2285,1237
1916,1919
2668,277
3748,1731
2535,1302
3582,2962
2457,1789
3278,3297
1764,3946
1680,3297
3216,917
3300,420
2787,2107
3297,648
545,551
2066,3162
2649,1589
129,3529
396,3730
1426,2258
458,2281
2759,1883
1198,2647
2917,1951
109,3131
2700,1181
343,2347
2250,3016
3077,1479
3628,404
3936,1395
3991,3041
2979,3912
744,1769
2049,3531
1549,3538
2624,1490
485,1777
2691,328
7,1525
2814,3297
3783,379
1872,2532
2261,1174
3297,1185
1955,3480
346,3374
1278,2400
328,2429
3745,3583
2877,3765
466,1751
455,256
2729,1774
2594,3441
2047,2275
512,80
1233,1168
1442,327
290,3362
2264,2937
2296,3355
1737,3417
1687,199
537,3324
3543,129
2107,3486
3604,468
1680,929
1326,2549
45,1303
2896,2214
3110,1609
3814,761
1658,2070
139,1899
3914,2981
3606,3980
3811,1760
70,3723
3392,2789
735,1600
581,2325
3409,458
662,3883
3826,1515
3659,3017
2056,2082
1858,3297
497,348
2780,3931
1296,2384
3444,506
2826,3649
2040,3354
2795,2714
3379,3581
3826,1982
2390,1730
1431,133
747,143
2182,2186
1262,2304
3860,3365
2352,3117
1997,3207
1665,2720
2235,2355
2639,969
41,405
3233,87
2374,2427
2587,2121
1897,2104
372,3708
1509,2664
326,3575
1855,3260
1745,660
3275,1790
3106,3692
3213,3365
2074,1419
2054,1669
2423,2019
3297,3433
1108,1224
3445,3211
1794,2688
316,1740
167,464
1552,1206
716,1451
2143,1076
3325,3321
657,850
1383,181
3335,3034
3205,1655
2352,1802
2213,2149
1512,3860
813,432
3447,1603
1464,3072
744,973
3312,3841
887,870
1453,1944
3744,3894
3444,638
1772,3735
3042,2437
2217,2858
175,1821
3770,1469
3391,1644
3933,2914
1471,1128
1855,2617
3030,479
1133,3404
2473,2665
792,644
951,3213
2218,2490
843,2970
2544,848
869,3809
1297,1707
1590,1825
1782,563
3015,3581
2748,1090
930,3907
368,3321
2099,3557
3545,2675
1928,3633
3877,3218
1091,611
2308,2492
190,2901
1413,3018
1780,1583
368,876
2285,2422
3067,3426
2662,1473
1351,1063
1854,1187
1111,1014
1924,3351
1931,1448
3877,3217
61,3297
3796,1855
3871,225
3637,1627
3451,1885
44,379
3378,1199
2582,1244
891,1156
1700,1279
2192,3119
2734,3161
3765,1570
2180,1270
285,1246
3698,2612
575,994
2346,2483
1908,2539
3683,2729
1603,1308
1204,291
2333,85
2133,1078
733,3938
1807,1990
2160,3447
1817,1050
3306,2875
1731,1991
1637,3685
560,3502
390,509
2658,616
2492,477
821,426
3157,1614
2965,3737
3356,3314
1786,986
3773,3083
122,499
2451,2820
3945,395
2713,3915
3141,3512
376,3188
1797,2557
796,1556
856,1731
1771,2740
841,3750
1477,79
3539,1817
1711,3055
2953,2900
3335,3078
3121,3552
220,3707
3949,2841
1299,3274
3434,3368
1365,2744
1779,929
2082,812
432,2844
3956,1991
2723,1088
1184,638
2136,2988
3192,1726
1035,2578
119,1539
1469,351
3208,525
498,3561
3233,3801
2018,2757
676,762
327,948
3207,2539
3765,234
3299,1739
1287,3736
259,3655
1106,1101
370,1598
3610,1933
2666,3780
1950,163
941,2044
40,1927
1193,3685
935,1619
2234,1320
1941,2770
444,3647
378,2814
1756,471
1579,2728
1560,2362
824,1520
2902,3379
570,1418
3649,1130
248,63
2303,1650
3514,1027
3697,2680
3174,2792
1260,2033
3948,2308
499,1967
1874,3762
1831,1413
3709,2534
462,1845
2267,3653
3571,3765
1735,3043
1478,676
3818,433
822,1304
2966,799
2445,2465
312,794
2822,872
3014,3411
733,695
190,483
1597,1892
2113,3201
2982,667
1816,1237
2115,1696
3722,3653
1649,1269
1769,470
339,2153
1220,1169
3644,3746
3167,3985
260,452
3032,3213
1906,1352
3484,286
2418,649
2864,698
697,2294
1991,3396
1590,72
3324,1007
2320,2098
2510,2409
3297,3200
2026,1415
3297,566
3165,1428
43,1019
1911,1956
669,3656
2542,1940
145,795
834,3606
2723,682
206,80
1779,3813
2043,3433
32,2173
3539,3601
837,3901
3907,2439
2941,3195
3993,3165
3008,1617
3656,2608
2876,2060
876,3082
1279,3087
2364,2861
21,1758
3511,3690
3857,1296
261,3492
3736,1726
2943,3018
3678,3785
686,3237
3210,629
924,3061
2660,1277
3612,2649
1025,1042
1690,3672
1469,1547
2042,2322
1743,17
3297,3022
3726,991
1867,2120
1469,1352
3133,3088
277,1731
2930,10
3558,948
2722,2848
1510,1656
1561,1007
1303,1539
1841,463
1649,1442
2741,1514
2194,790
62,388
1119,3581
1694,908
3372,1860
992,2504
1976,3992
38,343
1230,1047
3083,3615
2245,1329
1429,103
998,3450
3676,1460
1071,1964
2760,3047
627,3966
1058,1519
1622,705
433,1634
2959,3982
2475,2699
964,1395
341,3458
3401,3129
2730,1909
1950,3971
764,637
520,1555
3740,2322
351,2729
3479,1102
3974,496
2414,3957
2867,2662
1383,971
2013,3683
2335,2510
1139,1412
3115,3826
3981,1230
3539,2420
2499,838
2107,945
1346,776
3211,2442
1178,1303
3297,597
1243,3923
326,3936
1439,1052
2067,76
628,443
2100,511
1600,2162
1290,3555
377,350
3534,474
2905,3285
1283,609
1825,1722
263,3297
2911,1786
2885,1488
1822,2933
3993,3174
1663,26
966,3127
3717,1412
1067,3844
2461,1342
327,3006
2096,2570
3760,3556
3020,1509
2718,3066
2537,1731
3997,3698
1022,2055
1122,692
2847,960
1228,1946
3425,2025
541,1630
1572,718
1008,197
3950,3661
3443,712
2321,1700
2644,717
266,2562
1991,3651
1823,2045
1116,932
251,2573
1470,3718
1786,226
3202,1190
99,2540
961,2036
1785,1580
936,3240
2156,869
3440,3721
796,2840
1701,983
2102,2601
907,173
994,1810
1786,298
2407,1171
3088,3201
1342,1520
2873,722
1087,3297
1661,1408
2183,1032
1482,1034
1735,1294
1484,1731
2998,3697
694,2630
1157,2326
2704,636
2037,790
424,1535
2093,2901
3867,330
526,2116
2863,2533
3596,821
3348,2356
1710,3198
1322,3443
959,2112
588,1485
1179,851
2336,1689
439,276
1356,1916
2600,3433
3212,326
1342,3434
3410,1696
2275,579
1703,2379
371,768
2481,3847
2326,2014
3297,2276
3045,1048
1317,3570
983,1249
860,3094
1259,2003
2966,1340
1787,2243
2817,3201
690,2683
2884,1878
1308,2016
3252,812
3018,3738
1361,1834
587,455
1098,459
832,548
2647,3648
0,1712
3308,3175
2175,857
3440,635
3080,690
1903,3931
3022,19
2365,1205
3199,1498
3279,2716
2919,2654
3305,1872
1718,3460
2560,2736
3225,3797
3111,346
3980,2127
1357,143
1602,3133
2967,3461
2157,2116
2329,1173
371,3670
786,2767
1999,2242
1523,268
2807,1690
1626,139
3095,2305
1942,3597
2098,125
3556,3065
1698,3482
1051,1046
3452,562
1904,3268
1651,3913
716,1575
1469,743
1313,3812
1989,271
3487,3463
1558,2472
3261,2913
2971,2162
1277,3721
3667,1332
2675,2177
2457,1508
1791,535
2690,1603
2333,1332
422,147
2828,3418
3230,3304
3861,3621
1345,2643
3127,1192
2182,3626
2507,2620
2548,2839
1518,1521
1726,3734
3978,293
1937,2354
3403,3228
50,758
2534,432
1448,3753
3894,1548
1499,3575
1273,2525
2839,3925
2292,1661
1924,3143
2706,3297
1426,3969
3339,124
2024,545
2126,789
604,3210
1861,2231
2597,574
1947,358
878,2246
1469,1186
2039,1407
899,1933
2697,952
3628,3589
2294,458
719,3586
3308,1218
3824,1026
2631,1566
3988,1362
2915,2410
2696,853
1153,3977
3223,942
3759,2044
952,3343
1964,648
2585,2523
3767,1174
3064,2219
805,3944
3590,3097
3355,3834
1796,2822
3467,246
3140,3181
2901,1805
338,1475
3711,2757
2565,382
86,665
327,408
3297,711
1545,2728
300,2266
3840,1328
1211,33
3563,3345
933,3458
3184,435
33,3538
1519,2858
2858,2746
3357,2563
1426,454
2503,1093
3230,2243
1287,3855
1578,3297
3433,264
3751,3232
1239,2265
166,2116
2480,1715
344,2271
3882,3739
2780,992
3556,1322
693,1143
3783,3148
698,1440
2239,106
2838,2133
188,3021
2815,3616
1683,1837
2123,3139
1357,1766
3520,1838
473,415
1719,1527
1695,2380
2678,1348
883,3890
17,1639
2391,3227
1909,537
3858,1012
189,90
2705,1319
2700,3909
2771,3308
95,1874
306,2051
2927,3294
2139,3618
1369,3417
312,1946
2237,2976
146,3849
3474,202
108,1255
3318,3042
3665,2139
784,2991
2512,2844
3158,1430
2037,3275
2963,1285
2546,3190
3433,2060
3679,2997
3136,3571
3250,2682
2117,3069
996,850
2156,245
3584,3190
882,640
1692,974
1914,2227
1967,2284
2113,3699
1002,353
647,3274
451,1474
3279,1287
879,1265
3864,1980
2352,3946
895,3600
1590,2435
3979,2499
1118,1645
2633,2587
344,1254
1925,2456
910,2662
1528,1642
1668,1172
1648,1842
2021,583
232,643
2130,1598
2096,750
3793,1563
1130,2701
1770,771
1242,1897
152,340
2988,3842
913,777
1878,3251
3857,3107
385,2104
290,1398
2781,3949
3177,327
1870,742
1512,3400
1522,2097
2134,3166
3604,3895
3412,605
460,2672
1360,3315
3876,2041
1199,264
2237,2654
2009,3057
1878,1735
429,2028
2528,3821
2224,1256
1673,162
2704,3638
2443,845
1862,327
2867,2033
2961,3413
2983,2823
1698,241
3282,3731
2589,3505
2001,287
3887,2357
3172,2441
1374,1362
1773,1630
223,3358
1786,3766
507,2458
1157,927
3788,2510
1078,668
3265,411
2557,2546
1528,281
3417,3056
3433,687
3284,3001
3792,2069
525,3905
3348,1175
994,3712
1354,231
2681,3778
2445,3597
1800,763
2954,1940
1332,1380
434,3489
3931,564
663,3142
3297,2800
230,856
3627,1469
2038,533
1047,3433
1045,1062
3134,1287
3137,1312
3742,870
1376,1731
1929,3807
1009,682
236,2341
850,3029
1092,229
3746,624
1731,3016
433,2875
2213,2302
1198,3378
2632,2588
3236,2553
2735,1636
1734,2462
534,93
1661,2873
2306,101
2504,958
446,1642
1349,3531
1840,394
2769,266
3420,3905
1489,78
2267,619
1788,3079
2859,1823
2278,3029
3291,3668
1729,1100
2806,2250
2917,1924
1036,2635
206,1865
2255,2722
2791,226
368,2995
443,2752
3202,2545
236,2408
1895,1769
1197,2016
2284,327
166,3643
3315,205
1866,3825
219,51
73,433
141,1633
577,1024
1766,3856
2221,92
1407,689
2936,1620
822,2734
221,266
341,412
2056,747
3817,1092
3054,3352
3822,3358
2954,2547
2556,1720
2545,478
1857,660
3073,3658
758,2654
2588,1285
49,443
1065,455
2216,2013
2701,989
626,2971
2852,1023
1502,723
2432,682
983,2369
469,52
1378,1039
2301,1019
923,1005
1355,3003
2183,992
70,3079
2169,2907
820,543
1786,931
2614,3210
3033,3415
2701,3418
832,2654
2821,1427
2255,2654
3308,1445
1491,1215
3735,852
1017,2778
2686,950
3138,1594
1,1704
3826,2782
2152,1019
3148,2191
3718,399
3346,1160
329,1614
3311,2592
2496,3819
3441,442
2018,3323
2873,3169
316,3459
3277,245
1592,1953
2485,589
1233,1615
622,20
1962,1767
1192,376
1679,2351
828,71
730,3189
433,2024
1852,3282
3550,3678
2615,3003
456,2823
1661,297
1225,2165
1526,3707
936,3915
3753,410
772,3034
1774,3281
1687,2816
1151,1178
216,2936
1115,3866
3705,3837
1551,3992
1825,3622
2746,435
84,2092
193,2762
3374,3609
3621,1961
367,3257
3765,1935
646,2683
1809,3211
3332,2974
2310,696
1924,1180
944,3111
3191,1355
3123,3945
2286,2316
484,2501
599,2917
1566,3258
2991,3809
3079,2287
3238,2790
360,2329
3420,1472
121,481
2378,796
135,2687
366,2838
3745,973
3433,2284
230,2055
2663,2070
819,2243
3656,3164
2126,1380
1269,3306
1606,2387
2717,2494
3642,3466
539,736
2661,1594
347,1869
1723,2382
453,3701
1877,2853
1035,2493
1767,3158
2523,2404
1278,1680
318,2450
340,2483
3540,1390
1317,3142
2962,3878
847,832
324,2210
1877,1453
1918,1457
754,3459
3500,1950
867,144
3052,894
3433,1562
3275,2430
3314,2892
2398,3832
3598,2243
1386,2781
3789,979
1687,3849
487,467
1066,2798
169,3417
3079,261
2071,3049
3539,3229
1481,2493
3615,2442
3493,1908
2383,546
3297,1454
1804,265
3898,227
778,2024
1413,1745
2531,3539
1317,1652
2218,3916
1059,3438
3607,2020
1525,3965
1607,2167
327,567
327,2297
1913,3433
2964,2580
106,3434
2652,752
2419,1738
3536,499
70,2989
486,690
1426,455
1769,3088
1266,2640
2052,3142
3297,2212
941,2067
924,2609
3308,3726
2821,1355
117,2641
1461,2268
1282,2854
3825,3850
1341,1079
2058,1084
3499,3969
3652,3115
3297,327
2642,3308
2293,574
2874,1919
3370,1342
1006,99
2395,400
3048,3575
936,1449
413,2002
2602,3168
2997,531
3854,1911
3385,3698
136,809
1782,2466
3835,2026
396,562
3761,2700
522,2894
724,2688
2671,857
3574,870
748,2159
602,2767
542,910
1766,1178
2631,3930
674,3511
3141,94
1395,1803
3863,1109
3054,1873
456,1947
161,1400
2656,547
3156,3282
2770,2458
22,2251
1679,3458
62,159
547,3556
3783,377
3413,1207
2094,1698
3497,3233
3757,129
2180,1966
2935,36
2301,3753
1687,2120
717,2488
269,668
823,1974
3464,2292
2157,3715
2858,35
3275,2234
2495,2019
2969,2381
2999,1494
1400,2389
2595,3
1051,2989
1606,3967
2166,1543
3433,3445
2874,3923
1885,3287
3530,233
1038,2921
3489,2331
327,658
1659,2654
1941,3051
1751,3749
2989,3994
1582,3935
1959,2682
1150,2712
2789,2528
1886,1621
296,989
1284,472
1305,3249
2495,1732
1163,1728
2813,1769
1140,231
43,1936
322,336
137,1342
3464,1414
2417,298
1083,3379
201,1561
1187,80
1953,1021
1365,2714
1651,2594
2991,2068
2208,16
3822,676
2857,1333
1730,435
2631,901
764,2385
479,3218
3024,3297
2292,2945
3490,256
1537,1627
149,3783
2625,461
1018,1943
3576,1484
206,3038
1771,3029
2527,2148
1751,698
171,1498
3597,1513
3714,3604
2176,24
54,3354
2203,1698
2942,2493
3438,225
2508,2550
679,1977
1929,2616
2559,2315
940,1884
2749,1091
188,3839
3140,3721
651,3204
685,276
601,1399
3667,3201
2612,1359
2995,1210
3093,2799
3768,3894
3772,2750
3280,368
1978,3194
2274,3378
1325,3840
1798,497
381,2655
2165,1821
2554,926
4,84
2558,1582
3990,1690
3589,3205
1633,3489
595,3517
1972,960
171,3629
3368,232
2754,681
1398,2961
65,132
3849,882
1461,827
3553,517
3856,3200
2924,3713
3786,3003
292,621
1898,650
676,495
243,3433
3459,2948
2158,3967
2630,3758
2360,3105
3214,2079
2312,1423
2571,3890
2768,3782
898,597
2488,386
3079,2646
3297,1346
2029,1041
2895,430
3353,2539
764,721
2139,1115
2187,3179
2563,2850
3618,3236
3371,2107
3247,3805
2489,2039
871,2022
3801,3532
127,3649
1831,2234
3017,1258
1408,1675
2882,2722
143,3080
95,1304
994,1276
2519,609
1206,947
840,972
2481,890
327,2416
1107,1791
2799,3221
134,1427
1916,2372
2693,2439
2819,379
163,3489
2700,2783
644,252
715,2506
361,2131
3417,268
651,1258
3331,3806
138,61
1253,2113
1028,599
1682,936
481,3684
1190,1229
2383,2870
3779,2961
2832,3109
3426,465
3581,1075
42,2140
1015,1440
3196,1321
561,1723
1108,423
3015,908
444,509
628,60
1155,3101
3203,3847
1517,991
2126,1132
576,827
1723,1367
3414,2223
2683,623
1709,2743
2224,3291
1786,2110
3157,3167
1800,3239
1662,2892
2016,1289
2678,1989
1111,2208
1882,2833
3057,130
594,1475
3525,3489
3223,364
2378,3433
190,536
1789,1742
1341,2446
3603,2623
3194,1182
911,3372
1408,1245
3501,2910
208,774
2224,3012
1888,3852
3338,811
626,2364
2107,3946
1761,1532
3539,2110
1074,1475
182,2405
3254,298
2223,3296
211,390
955,1056
3966,2350
1877,3026
2524,3482
1082,2744
1406,3792
2433,1738
2703,2964
490,1522
1260,1596
2975,3922
2135,3888
1132,3686
3845,965
3765,3451
3213,2330
1226,2972
320,3654
1287,615
2235,2106
3349,1450
2671,3957
2794,603
3675,1920
663,3867
2136,2556
3695,1731
3634,3355
2652,1537
2484,2124
1146,2227
3748,2396
2035,2904
1648,1902
2157,655
743,2020
1534,1550
3624,542
3944,750
2254,327
2265,3179
3242,2142
2016,3640
952,1742
3135,245
3384,2504
956,848
3795,449
57,3837
3568,2292
1000,2391
2529,1527
3384,1781
1340,3920
3248,3862
423,1499
1241,3815
2948,3647
3228,797
217,2210
3898,2956
109,595
475,3582
3476,1671
1192,2258
940,1198
2618,732
3489,921
3525,929
1341,1696
3476,2521
1575,1980
3548,656
2939,831
2497,994
2086,697
1387,3379
3029,1832
2529,3473
2198,3109
2575,2202
973,1118
2705,2579
151,588
3733,170
790,3144
113,2939
2999,2539
2230,2306
3522,2858
1622,701
2054,3084
3695,1032
1578,2695
3820,1029
2748,2238
1265,3284
974,1686
96,718
1469,2321
1664,327
2618,1467
85,2698
3356,3433
2678,2562
173,1750
2477,3913
3043,1901
170,617
1370,2349
2698,1011
576,1508
1532,3666
2795,3727
161,1430
1000,1820
31,1189
1878,1604
3115,1440
530,3005
2123,3580
1659,3382
3816,2289
3811,2505
3365,2813
203,3510
2807,3967
3155,2657
1290,1462
1338,1163
1347,3402
3480,1056
3668,3730
2275,1720
1627,2002
949,2912
553,192
488,3919
1250,1322
3238,1138
3645,1466
532,2660
835,1025
3768,1747
1852,3334
2214,945
277,3670
709,742
2364,709
517,3148
2745,2184
2943,2154
2076,2623
3014,1786
745,355
2893,3205
1529,2092
3315,3989
1451,421
743,698
1960,2931
1751,800
423,115
144,3787
1295,3930
2341,224
2819,3165
198,1898
3050,958
3297,2242
354,3004
1005,80
1961,888
1865,1126
2512,2865
2820,2289
1894,2113
581,3566
3506,3804
1830,3552
1686,2215
2030,2779
2086,2380
2790,2970
133,1426
410,1401
444,3935
3042,3525
3,2023
3203,3374
3851,140
1755,1213
196,3933
1077,1085
1646,354
912,1567
3378,3430
2546,630
431,1161
1378,1801
3318,2149
3923,890
1458,568
2418,2123
2041,1184
3720,3288
2426,618
1937,3433
2369,2380
713,1668
1648,2988
779,2871
3297,3803
570,807
3003,40
2708,1511
1192,2330
2799,3205
1754,1331
2731,1678
3440,1337
538,3703
2506,2646
292,3371
3761,330
2491,406
3981,738
1894,2696
1074,2764
1307,2091
2243,1101
574,2234
3439,3090
2766,579
177,3707
2115,2908
3207,3739
1228,3344
2471,856
3951,3399
1058,48
2031,1501
114,2520
2753,3433
672,3781
1295,3317
903,1361
2411,2201
2761,1469
1932,3844
2275,3651
3632,3503
3533,3423
293,2432
772,2151
3275,1478
2830,3297
2751,3605
3167,3205
1589,95
2220,2046
182,2554
3093,3228
2749,2031
1202,2396
3850,479
2583,2344
1301,2659
3074,1857
933,3945
835,305
540,2062
2173,3181
1715,371
3765,1337
1699,1231
66,511
2048,3101
2428,2619
2284,1667
1991,3304
3689,2003
1039,3980
1506,2293
39,2241
1494,3919
3541,2142
2079,164
393,1945
2555,1711
1307,3717
1274,2575
3401,676
3213,2539
3225,3627
3640,3882
3854,1355
1435,2826
253,1871
250,1385
2297,1533
3775,3518
2744,200
3185,587
1442,3659
2186,2285
2937,2494
2909,710
3528,1844
2788,1439
3105,508
3601,3054
117,3984
1542,3390
2015,3389
996,1282
2641,2057
1932,2964
2802,3661
3013,3714
3297,1393
3530,2179
1736,2436
3726,3574
285,2307
452,2119
3433,3085
3599,818
1400,900
2347,2641
1072,3181
3539,3428
1787,3232
798,327
2144,1703
769,3617
580,1930
3172,3297
2957,3480
2124,1684
3363,2222
3527,1378
2237,10
2988,2338
2209,1573
2422,2700
3219,2651
3144,687
1243,294
2094,2029
3381,2161
1611,282
1022,3776
1655,1731
1411,890
3150,260
1578,3764
2146,3154
3173,1012
1501,518
1856,1224
3108,335
2782,3323
1875,1762
1234,3545
1581,3952
1528,3352
892,1720
3183,3060
3463,810
3666,3074
924,2114
590,2971
1762,646
3554,3021
89,1095
800,3702
212,3527
608,978
3095,2199
1971,1336
1558,3629
3450,3262
2777,3368
1486,3315
1433,625
2371,2260
2900,1973
1389,2166
3539,1048
1316,3297
100,2883
295,1581
847,2508
457,3436
192,2576
3213,1934
1859,1519
3237,2066
3381,1836
724,3802
368,1660
2197,3803
3423,2861
3433,853
2053,1189
1498,3473
2479,642
1906,962
606,681
912,450
394,2766
3433,1292
2657,2047
2071,1912
747,1342
2780,3896
1786,3070
3507,670
2251,3155
1333,143
1085,3495
3305,1731
3797,3451
29,1420
3286,2159
3012,939
2654,1424
438,1236
3449,704
985,2681
2572,17
3630,1018
1233,3658
213,3350
1734,48
1090,2733
149,2105
2526,551
2689,1807
273,2866
2697,3906
2093,445
3456,1525
1311,2860
1061,2317
2141,3073
1575,2196
795,874
889,2111
3451,2062
3986,3417
1857,992
1622,1194
2615,744
3433,3671
2510,2989
2967,3264
1559,1727
241,2912
241,1117
1812,2571
1112,1615
1268,1280
2458,3489
2012,2808
3064,3067
1787,3204
2805,1827
1531,2776
1582,1775
2834,3653
3572,1177
282,2784
22,2884
2942,3078
1034,766
1170,3507
3637,1892
1764,3200
1323,2467
302,1797
3142,232
3598,1297
1249,3985
3813,2290
2969,409
3122,2623
3640,2719
1586,1167
3067,3788
1260,711
3407,3245
1115,2773
51,3477
688,197
870,3673
2515,415
2893,863
1574,1469
1644,1786
1163,3433
956,1896
3385,482
1655,3080
60,2738
2073,69
2829,204
2957,598
3962,2668
1426,2916
2499,38
1257,490
2346,2552
1488,509
184,959
3323,3089
1806,2400
3969,1219
2181,2132
518,327
2026,1893
3178,3972
2988,2254
3465,447
1073,3497
2095,420
3411,1565
2439,2282
3407,2532
1961,419
3427,1287
120,2063
2350,2872
2575,671
988,2004
1069,780
2746,1560
3261,2953
2785,1251
1951,3169
1142,149
1850,3626
2248,49
3355,2621
692,867
2541,3055
1320,1047
900,122
2202,2327
1279,783
2395,3400
3663,3591
9,2358
936,155
1105,879
1678,3596
3022,3067
3667,1795
570,3727
193,781
2698,921
1417,3776
1193,3186
332,3346
696,246
3369,1621
3259,819
1727,3357
388,2735
3643,3506
2469,2621
1202,2941
325,3459
2813,3581
3275,3307
861,1328
2918,122
2787,1050
910,1756
949,1764
2981,1103
462,2273
1609,3163
1408,2654
1382,3404
3940,3299
2464,925
3235,662
3638,1268
3573,3498
724,1604
2448,1309
1329,2725
629,1536
1933,1263
2388,2298
2413,1964
1410,2230
1368,3414
2748,1880
540,873
2823,2271
2875,2958
2972,3652
2729,735
1226,1997
2097,1639
2436,628
3807,167
2407,2387
897,1345
1845,1752
514,3459
2525,728
1799,1250
147,1179
3815,1944
2120,1225
3078,2397
802,1141
1879,3457
3478,3264
3657,2000
124,3219
3001,1184
139,269
903,2314
2034,3214
3180,1603
359,1535
1948,1865
2550,2334
2105,1988
112,1166
2864,3619
3973,1409
1814,3707
3990,1458
2026,193
390,1882
3297,3677
1872,869
3634,3146
2603,916
348,21
3761,3721
1952,3567
1903,1756
3101,1687
1353,3743
984,2387
3957,800
666,1093
3351,2402
241,3998
2147,3055
3750,2119
796,1460
1932,1425
3749,1287
1682,1510
1232,777
2151,1035
3763,2121
623,599
3728,3431
1608,2928
466,299
3942,726
1502,7
203,323
579,208
2801,1834
3145,2087
3629,3146
851,1197
1769,3029
2425,246
2599,1266
3194,925
3108,1674
370,3141
3089,2469
1014,1044
2740,2119
3297,1308
2337,2108
2456,3587
3959,3870
792,751
1420,3952
3848,2398
3902,3721
3670,2608
40,3563
3433,852
2743,3403
2187,1395
1626,3653
3250,358
1840,870
3341,3623
3419,2332
3063,2184
292,1264
2117,2176
963,3300
3075,1929
2268,128
3489,341
410,32
2056,3103
1819,1768
180,2091
1119,1648
1458,1659
1490,2327
2481,2538
1872,2765
6,3151
1588,2415
3000,1295
3090,2808
1924,1630
1576,1584
551,3471
1816,407
2801,1289
1769,1987
2268,3781
2215,2381
3448,2667
2378,1946
3705,1597
1109,3359
3843,2453
3987,1657
1328,3249
3332,184
2356,23
2953,3752
681,3716
2836,247
2202,3297
127,523
3735,133
485,1182
3687,1328
3399,1154
1014,238
1483,552
1394,1028
3961,1327
3976,542
1269,3649
3887,227
2028,337
3197,3603
3784,1012
2974,46
10,1093
2558,2323
1331,2177
911,2762
2329,3961
3844,207
292,455
3816,2870
820,3153
3730,222
2478,1568
1878,1061
10,885
1391,524
1892,258
820,3220
1499,3567
2528,1596
2560,885
427,273
1115,312
2950,957
975,40
301,3173
3711,1192
1995,1293
569,1638
367,450
3948,683
541,3831
630,3440
909,1712
1640,311
1066,1386
2535,2587
1005,3408
3376,1173
451,402
3743,3703
2642,2600
723,3194
1103,2717
3253,1655
303,3197
1507,1355
3290,3514
2878,1485
2006,1273
248,90
91,2
2925,156
3576,1317
1406,1287
2264,882
2899,2770
3654,615
2720,2470
2335,2392
612,389
6,3953
2725,3179
455,870
2212,870
3076,2118
2190,1867
2624,2617
38,1504
2608,1824
2882,1626
3622,3134
3404,249
1381,3892
3908,1451
2776,1704
1172,3494
365,995
3897,1407
770,2491
2026,2796
1136,3225
44,708
2961,1595
76,2977
471,3417
327,2327
1661,2011
102,2864
3767,2728
3230,3211
3297,1657
2930,3588
1430,1727
2064,1546
2639,2712
1783,3126
766,2516
1780,2827
3531,3960
2244,3403
3440,1129
74,859
1262,2236
1374,2009
3618,1380
2292,3962
84,938
2654,2786
607,3385
5,1993
572,3297
1331,68
2950,1692
3215,421
405,1593
322,851
1190,478
3157,198
2209,2075
1275,1791
1427,1462
1157,3659
2504,3676
3497,1330
741,2375
3856,3087
3171,1363
35,2318
3974,2042
2192,3476
3273,2843
2147,98
388,2399
3059,2008
2249,1373
2392,3951
2052,1210
2510,2985
1136,2577
2602,407
3176,1851
3823,2989
304,3232
3297,3047
1676,2350
3200,233
450,2951
428,1940
314,2654
2859,1942
1808,664
375,3282
2715,2986
1702,603
3554,1519
1273,3305
3014,3645
1758,3808
3357,3790
3449,1225
1542,45
3269,3453
1727,3267
3297,3942
1394,1883
1275,2165
1708,3588
615,3794
502,725
62,2163
2816,1422
441,129
1248,2546
2223,2212
503,1166
2672,3491
1140,1198
2171,900
2551,3333
525,785
947,3732
2721,2324
2629,2327
314,2216
3459,2973
3737,1453
112,123
242,870
606,830
1355,2956
2776,2904
3209,3297
140,34
636,2988
3414,2112
3162,3436
3199,3719
2551,2928
3393,3664
1595,3999
2830,880
473,662
219,923
1403,3073
343,2975
1299,1953
1769,58
556,1426
1917,828
3598,744
3893,2745
993,1792
3724,1678
2790,2636
1233,3008
1514,2201
1449,2636
324,1056
732,418
3310,3694
2613,3440
1507,3498
754,2113
1300,3183
2530,1977
3539,3642
2915,2986
1047,2392
2555,2806
524,3903
869,1221
1003,381
1348,1123
3976,572
1533,1255
2747,2974
700,2105
1534,3566
952,896
1334,1638
1678,552
1957,1183
1070,3755
3911,1849
60,1326
658,1959
1731,2786
96,3389
1995,3451
1366,1382
36,655
1718,2711
3750,3488
2117,1225
388,2751
1731,523
3069,3466
998,1598
1955,2921
2101,1587
3660,3765
2909,2497
2695,3968
2272,2999
2401,743
1107,334
3880,3741
1777,272
906,282
1265,792
3296,2175
187,1769
50,1233
110,3072
1922,1288
2619,3349
439,3073
1591,3035
1786,3343
2477,2640
3684,1959
2613,2115
2188,1328
1880,2987
3826,213
1164,3417
3003,3151
2071,1774
2221,215
1769,3974
2078,2598
1976,3031
2266,1141
1495,3611
908,526
3632,3867
595,3227
2697,1730
3955,664
1388,3956
3275,380
1773,1831
1731,896
2364,295
2174,802
1209,1666
0,350
1942,994
1961,1956
2620,3729
3741,1871
673,3953
2709,2208
1094,1481
1776,440
3275,2847
944,934
3095,936
1428,2396
675,2367
157,2155
2639,826
1653,2529
895,406
1731,3773
3805,1835
2400,2771
806,3531
2853,3969
3328,362
3215,655
1241,3912
1260,2564
3594,2766
1673,3398
474,3421
3868,32
1315,1931
3392,3732
3855,3155
2263,1441
1001,2518
1277,2801
2292,2487
3896,1263
2831,468
1762,2714
327,858
3023,957
2217,2616
2240,2643
1828,3630
434,2997
237,3087
259,1919
431,2012
3903,2592
3689,1234
1570,3946
2853,3630
3350,543
1970,3641
2067,428
1820,34
2009,190
753,2539
1327,981
3024,2089
374,1906
1165,2676
31,2466
2598,448
1568,3894
2938,1482
2232,613
1964,1568
2223,1979
1419,1012
682,691
864,3941
3492,76
2479,3511
3610,2795
3885,1021
1960,2161
19,2422
2158,3710
148,926
2880,927
2212,1260
635,1334
3145,2653
2028,2332
1149,3526
3815,101
2810,1704
1314,1924
970,143
944,3529
1390,3398
464,1229
3226,3465
3548,596
1376,789
635,2276
865,1773
299,750
1887,529
2425,1260
3309,2797
174,2752
3000,1727
2645,2942
2876,401
1991,973
1864,2651
258,2963
1676,3124
2091,2066
210,918
2750,910
1845,2539
3165,1578
3471,3266
2711,1146
634,2011
256,2633
2960,1779
1229,3297
1060,1772
3279,3308
1797,1131
3694,195
720,3336
1483,3692
1398,839
3079,1164
2233,3138
1385,2546
769,1863
2216,2437
1211,3814
2793,3296
3878,1264
3938,1717
1592,1389
2949,1489
692,2783
3904,3559
3206,3890
114,317
2191,2078
3543,3510
352,2700
3769,1393
3462,3802
1973,1817
635,2466
3839,2533
1359,2147
2088,1316
412,1053
1145,2960
3100,1647
2688,825
1643,2752
2787,1325
425,399
3367,3250
3726,722
771,3188
631,1249
327,2999
3906,2504
2579,3848
3823,2228
453,1660
3153,272
262,2932
788,2791
2853,533
3449,3793
1475,386
786,1800
1625,3342
2162,3750
580,1030
3461,885
3337,2749
1865,659
3719,2703
2866,1978
1428,2484
1984,1483
638,1010
3951,1681
2685,3462
3094,1610
1385,3273
1121,3582
2577,215
349,1222
2113,3692
1104,3177
1098,2128
2189,1749
3266,1236
2745,227
1991,2151
3203,1767
3589,2798
1412,526
2235,3269
1572,3037
2212,3113
2339,2342
3779,2370
1601,2345
37,2750
1928,2525
3297,3126
2731,334
625,3402
2345,1497
2125,1445
3008,1379
3834,933
200,3212
782,2043
986,1123
2022,1850
3106,686
272,3371
1430,1187
2416,288
1787,3687
422,2001
1216,1030
1592,907
3693,3663
1938,3851
3213,184
2364,3594
2100,1429
2841,661
3289,1911
1921,663
2518,3139
442,1706
2196,2217
3851,3006
2794,31
1642,59
593,2372
3942,836
951,1786
2321,3401
1125,888
3488,3522
2573,890
3775,1757
3433,3376
3422,1592
1137,3498
3923,1400
2417,2150
994,3297
534,2484
3223,3163
3839,731
158,3530
3722,1193
493,2079
2401,1998
3433,2023
331,1952
2886,2835
3454,346
3411,2471
219,2829
2269,3506
2560,1045
1113,3684
1189,1719
3578,1373
1140,3130
1731,1954
1293,3064
1815,2000
3657,876
3449,2034
3860,3270
1972,2923
3894,1387
249,2402
2596,2427
2864,3297
2752,2232
2088,3276
3867,2103
916,1899
1568,2070
3433,3027
3894,59
3687,3023
886,1670
2456,1149
102,1404
3643,1057
317,3938
2644,3584
202,2489
3226,109
647,1697
3024,2124
987,2238
773,3297
3535,770
3814,3135
2191,1011
1620,1813
1432,1981
3433,1786
2694,3308
437,1918
919,1837
344,3625
3090,1929
2403,1248
1422,1202
3654,1669
365,2988
2653,531
1053,2845
1749,936
2901,2604
174,1087
619,1720
2819,696
1610,580
1241,3354
2511,2711
3132,1204
811,3271
559,3049
446,2616
377,2049
1140,327
3909,2172
258,3692
3618,3908
1122,2633
1084,63
2394,3175
3830,1553
245,1693
2488,103
811,2909
2622,866
2451,1375
1195,1271
2550,3269
1682,361
1256,3433
1372,3000
1086,2584
1062,1655
3756,1188
943,2081
1786,875
2811,3435
3878,2109
1140,2460
124,2545
2506,3595
1557,1513
1824,1032
2141,3463
687,250
2478,2509
2568,1060
1787,199
1241,2198
661,633
1866,765
3663,2343
587,1378
3302,2066
3835,3253
529,889
2134,3892
3058,1372
3562,3079
2098,2925
276,2319
671,155
3608,3246
558,1306
3111,3386
3003,2582
2143,821
3988,2609
1073,475
3181,119
2687,1216
592,1155
1052,994
491,3297
2361,1446
1705,2948
3207,1753
2064,3924
1161,100
2045,2843
3800,2685
1158,2335
871,2975
2512,1492
3349,263
565,1808
2021,3843
3010,287
3505,2863
2441,2410
3433,1418
315,2159
547,2679
70,899
1844,2655
1241,716
2588,2413
78,2267
62,3670
831,639
1175,2549
1777,3079
2202,2429
1088,276
3379,2570
1904,1809
2024,1091
1566,3184
1469,1235
3013,427
2336,2410
2504,2342
409,3994
2047,901
1327,23
3894,3219
1815,3123
2022,2501
2590,575
3029,2592
2987,3337
363,1222
2996,1678
3985,41
203,2068
2384,3631
3892,3007
993,2661
2185,1140
3681,1805
3345,2599
1935,3570
3634,3288
2752,1473
2932,1245
3993,2907
88,693
3244,1229
3349,2293
2291,1225
2177,2086
2140,1206
40,3234
2210,3608
512,3956
2428,790
269,556
2200,3065
3417,1667
1909,1811
226,876
1422,2851
3894,620
2636,650
1955,3468
1741,2113
252,1106
270,3249
466,1985
3800,2916
2926,3297
2109,462
957,833
841,3520
2799,2084
2079,1951
3334,841
101,1061
713,2097
1727,3297
163,417
995,1358
2760,3539
640,3802
877,1428
1031,2337
1611,1991
3899,3368
3009,2889
3697,641
311,2587
3300,2640
176,3294
3297,550
2448,218
1650,3379
2937,3962
2984,677
3845,978
3365,1541
3853,1860
2493,901
3905,3312
775,1691
3408,1846
1655,3956
3489,573
274,3581
3275,3286
2522,3005
1678,2524
3136,1400
751,697
1656,1924
1950,2491
3487,2913
3579,3152
2542,3168
3301,3922
2,2239
1223,2677
903,1811
3326,3123
1467,169
2361,3463
682,3097
327,2448
1146,2203
2144,2421
2635,2744
162,2831
2957,2154
25,2658
2483,2888
2549,3019
1088,845
1846,2259
2674,1653
3015,3927
212,678
2127,1763
1585,2247
1959,3436
2566,186
1000,1378
2103,2218
596,2459
1732,2292
3498,1367
2774,3523
1082,3012
376,3799
30,2957
1505,1019
3997,2647
75,2736
3471,904
1020,746
3675,2605
1411,1464
2245,2334
2502,1413
3440,3430
1707,2458
1444,3537
3818,3705
3154,29
717,1616
1577,726
205,3583
2706,1342
3762,2956
1304,2987
1391,743
678,798
928,3297
2288,1092
2769,1731
1914,3098
3113,3680
3933,2250
147,892
3979,1623
3466,3260
1807,1353
3865,364
1810,3207
1192,1392
2850,2289
1801,3746
1749,1638
1811,2695
3067,2423
2627,2677
3349,3701
3433,2311
77,555
541,1106
1287,3121
2694,3385
621,2299
2078,1786
114,21
368,788
2335,2755
3562,1602
1162,3105
2047,2588
3423,3143
2381,1962
1469,806
2835,2305
3120,2927
2054,1557
1400,337
1675,1695
2248,3883
1454,790
2897,2462
3950,3417
3275,961
3710,2057
1917,3910
1354,1005
753,1636
1224,926
201,1336
3297,903
2507,2370
1020,3780
3900,3961
3496,3601
1562,2414
2684,2803
1648,1051
2819,1773
2009,308
2331,1786
3372,2205
3442,3017
1431,1623
2465,1721
2667,3208
1624,2164
2340,1226
750,561
844,3316
3416,3091
3646,689
3388,3679
3173,3899
875,668
1186,192
3190,3565
156,1586
3674,2709
1376,2699
952,1769
1158,2181
2061,147
3437,2693
3680,1101
1824,2126
94,389
2281,2099
214,139
3817,2687
851,2883
3125,74
1698,3137
3125,1805
3236,2855
1342,3489
2046,3653
3212,3113
262,3431
675,1423
3093,3536
2906,2035
2707,3282
1674,3870
3070,2664
3906,2219
2455,1030
1301,1282
1272,2322
85,3840
701,3297
1676,3399
296,3937
2121,2978
392,3616
3031,3652
3888,2741
3312,2371
1148,2858
3245,3934
727,3896
2474,1689
1538,1733
477,272
2896,3881
2988,393
1192,1522
894,525
3128,457
3840,984
1000,1752
1072,1373
3558,537
1689,2154
464,1173
1662,3516
199,2232
2362,3404
1858,2283
2468,770
2706,3472
2313,2094
693,261
449,2880
2097,1469
1619,3085
3915,3575
793,1116
1291,353
2674,2362
1577,2447
3145,1561
1537,3319
1407,1532
3812,3787
689,2516
998,2642
3297,2752
2307,3760
2513,2310
759,148
2539,2533
1971,1342
2131,2078
3395,1466
1007,23
2723,3516
2473,1859
1910,230
613,2734
222,3971
3216,1192
2327,505
1681,1981
3262,3237
2191,1599
721,3462
3581,2399
1731,327
1702,2109
1134,671
1850,857
384,3297
3982,770
327,1660
971,3742
2017,2800
2369,94
2113,2699
3922,3193
2096,2363
2700,578
770,2296
684,3433
3549,3297
2447,581
1377,1295
3715,2470
555,2851
1548,143
1335,279
298,2738
3264,1597
540,552
471,3769
12,3522
758,1290
438,3079
1244,1939
2486,610
307,1913
1929,3862
997,1469
2673,837
1465,2505
3745,1125
2283,1969
2913,3879
1413,2021
3023,1916
2190,3207
18,2
3918,3193
3200,446
3471,2468
3328,1679
215,3051
1434,2800
1788,3259
2936,3858
1901,3687
1554,631
2137,2972
2885,3260
2111,979
2302,2220
3547,2345
2257,720
3504,1322
2794,327
3928,2958
71,2424
3359,585
2910,1669
932,879
766,2718
3475,3297
1503,1435
354,2833
622,2597
3459,1469
377,492
318,2490
2459,2888
2888,952
1367,160
1187,2370
2527,175
497,3859
2459,2837
3275,1005
3838,3947
2127,327
3961,1989
359,589
2196,3698
1486,680
1262,2017
722,175
1330,1404
2263,1886
3707,2947
1951,1888
2743,1924
2783,1432
2514,3984
1771,3408
26,3295
3517,3100
2899,3642
429,157
591,2500
1310,2845
1684,2391
1864,3761
1887,2752
3132,1840
3862,3118
1224,3647
131,3297
3793,1310
1908,824
366,1485
3824,200
3802,428
455,1788
3820,3211
2408,1945
1286,1442
1165,1248
734,3672
3184,3240
2852,1994
2426,3223
1529,592
3691,1768
3568,1543
385,222
327,1349
3596,2277
345,1782
815,3350
1538,264
3111,254
1969,2649
3327,2292
2299,3397
3026,3616
2065,920
157,939
2469,2249
715,1416
2514,3168
1782,3471
155,2184
1154,3202
2689,3022
3296,284
153,1991
196,1141
3561,2604
1084,2230
555,312
569,2763
3587,1188
1067,3101
1444,3339
1589,590
3661,3589
3336,1334
1013,3883
1261,3447
2261,3696
3031,3440
3154,2903
2772,3128
1428,1856
241,859
787,3016
3694,327
2586,1986
2300,2897
2927,2723
1410,1717
3173,1963
3808,1884
1887,3691
2307,309
2985,826
3921,3490
3347,1468
2467,2870
3646,2817
3471,713
1787,2411
3241,18
1716,489
2339,3217
182,1759
3780,931
3825,3214
3577,233
1081,3968
3489,3649
281,1234
1961,2362
2618,1180
2921,2510
1887,3433
3712,125
398,3384
1014,718
3604,2747
1985,3068
68,753
1890,620
988,648
694,1091
3827,2405
168,3912
17,1747
327,2506
3222,3265
1080,733
3378,2805
1770,382
459,2282
3754,104
1930,1645
183,3268
1731,2158
240,3471
345,3087
1305,3809
3894,1274
2225,254
336,3813
3969,3297
1582,2243
1044,807
3071,1486
3371,1719
3379,1631
2252,315
1347,3523
2945,701
606,3626
3642,3918
2591,2018
1022,191
1533,2783
184,457
1583,900
3431,1786
3372,554
3738,1368
367,1309
3325,2113
655,241
2272,2390
3894,1231
1413,3709
3774,1434
464,616
3705,1025
2019,660
3375,286
1923,874
1199,2153
3386,3971
47,3237
910,436
1730,3509
1009,1648
1983,2455
2520,3691
3222,593
294,2353
1560,54
2077,3373
3130,1126
1270,492
2450,2569
2504,2114
923,97
1968,1549
1091,3155
2741,3519
2140,3964
2461,487
1435,729
2999,622
3571,1051
897,3449
2421,2970
1980,1548
1997,1249
3245,411
3417,3424
2506,532
2589,2490
2286,2168
3695,2195
3840,1702
3433,854
2637,1017
3578,1201
2210,1399
3544,3264
614,2754
3922,751
2715,674
2487,3297
3527,1938
1791,1244
2988,1119
3176,327
1380,3302
2903,1618
304,776
1415,2874
2566,1013
1834,2707
1768,2428
337,994
2751,1757
1924,3110
1337,861
3409,108
1120,3970
3364,868
3725,1200
1241,1936
2840,2243
1724,3459
2715,3518
1124,1469
3424,2812
2259,2173
347,1096
2605,793
3968,3147
2062,3795
2944,2693
3294,2529
1876,1301
3213,654
165,212
799,723
831,3276
2435,3569
935,172
1700,3894
2285,3894
2434,1253
3083,355
3333,3393
3631,3886
79,840
3028,3696
3766,1488
2257,862
762,1340
2964,2935
3552,65
267,194
333,2194
731,1732
1769,2469
1871,351
2726,319
1521,2226
2360,1722
2038,3576
1236,2122
3313,1935
3834,1093
3693,1881
3757,1554
1117,1579
1026,3803
1126,947
1086,204
1845,1310
3471,716
2785,897
3627,2773
766,929
549,3138
477,846
2831,1350
1324,331
3471,804
159,3743
772,3342
706,1993
1118,2348
1534,2935
3063,1105
87,2761
3991,1041
1437,2098
2673,1886
1095,1377
560,3458
3417,1142
2988,2594
1713,2135
3549,2316
1121,1739
766,1344
3771,1443
3765,2175
462,1731
535,3553
1025,3483
2885,2830
1218,2415
2436,488
1563,254
1759,1266
3846,3922
2241,2835
1441,3995
2358,3056
1733,294
838,1979
2702,197
588,1881
2854,45
1706,556
1656,2752
3077,3558
208,1136
2128,3808
3037,2213
1364,663
618,3166
2034,2538
2434,2850
1700,3995
2721,2368
1391,1155
1687,1051
243,2860
1904,43
572,2145
1319,2416
2634,1469
1196,2056
915,566
1745,115
2718,719
3856,952
2881,1593
1358,3688
2890,1055
2969,1948
488,2180
2712,1415
2346,1303
870,1540
2313,3297
1579,2465
1153,3193
3125,3807
1160,3453
952,739
2359,785
143,2376
974,83
956,463
2536,2452
3601,1835
2026,1492
658,1977
3806,2075
1862,1135
333,267
3353,367
3454,3852
1300,245
145,876
3427,425
2601,2182
1298,55
168,187
3531,1975
801,2073
1949,3806
1421,654
1397,1891
902,778
2947,3072
2310,2172
3894,286
946,2730
2752,2502
3586,348
2235,1452
767,202
3067,2654
1272,3811
589,2424
3213,3836
737,3489
3585,830
1698,3379
516,2827
1412,704
883,3481
103,3983
3646,2031
325,8
3154,3445
118,2588
3144,185
2916,2188
1304,1263
1575,1494
3539,3849
3776,2428
3128,2739
1740,320
1468,1615
3223,842
720,356
3754,1605
2313,1371
645,1222
2193,2347
2993,760
963,2071
1990,3815
1196,1014
2540,3805
3546,3395
131,3468
938,3293
2636,1372
1223,3656
1509,1280
3765,768
2826,3772
3978,952
1445,3613
2659,1202
1071,925
1920,64
2707,1426
2274,1339
3169,3735
2468,584
3417,244
253,953
998,1551
867,3299
3731,1694
3650,1596
1528,649
3982,2258
1810,2532
3079,549
1240,375
2072,2383
1245,2504
318,2677
2546,2748
2734,3416
3675,2277
2143,1852
3572,2737
2223,64
3759,2028
2907,1010
2673,3138
1146,1650
685,3643
1176,494
972,37
1026,1047
3964,327
1413,2611
3265,3566
1345,2691
3268,180
3242,2710
3898,442
3281,3267
767,2995
1281,3573
890,2169
1877,2132
187,3472
3641,327
95,868
3456,268
3086,849
805,625
2664,1968
1876,3773
2654,2803
1111,1114
845,3846
3195,3440
3716,667
2346,899
3751,3032
2341,1878
887,3297
1834,3437
437,906
3292,3539
338,3379
2546,2395
2182,2949
2092,1923
2236,2146
3365,1975
416,563
3052,3178
2074,325
1247,488
274,2778
3213,2574
2026,2815
3878,2594
3156,1692
636,2161
2014,1310
1827,2349
473,3580
3680,390
1076,3892
1789,3058
914,1954
1497,3748
2215,3433
2112,528
1599,1067
3165,3962
774,78
2538,2902
1907,2667
2293,1015
1040,2915
938,1255
3600,1311
3379,1727
2573,3297
516,1347
2402,656
79,224
1961,3465
3998,3433
3118,465
1028,2422
578,393
1208,1057
2430,3542
2613,3072
3109,975
97,89
1495,3283
3397,560
3526,2318
3439,3969
3201,3113
650,3999
2002,3433
2888,548
0,3779
3234,2643
504,2687
452,2990
478,956
3189,11
3091,2504
1472,1324
2852,1796
500,3880
1827,3013
1958,3217
3415,1369
3630,2721
1330,2414
1091,1746
1731,1059
3297,542
2805,1344
770,3726
3275,236
2130,3930
1895,272
3312,2951
1235,1182
315,1143
2812,760
1328,3152
3595,3765
1297,318
2078,1989
1329,2512
564,3149
2218,762
2945,1843
3440,2544
2992,2817
3640,391
1269,1689
2649,3551
3433,1497
1425,1524
56,2464
2251,3096
3534,818
2684,3629
874,3534
1104,1356
161,2976
3486,1237
3115,1469
2256,1798
332,1826
3297,2292
2010,2243
3349,1484
2803,2446
453,1068
1820,1208
3515,1950
2098,2491
939,3512
3297,233
3829,1624
1384,3444
2423,3354
3539,3325
1107,2087
3246,3915
75,3275
386,1100
1545,2247
221,2019
478,2846
2829,2704
3641,598
619,3397
1783,1161
3921,1970
3937,378
827,3510
321,2824
3279,3540
1418,1415
3489,1373
22,2546
562,661
3018,462
755,896
793,1287
159,3458
2922,1124
52,899
2082,3004
3850,3421
2241,3722
3803,3433
1292,1720
2411,2459
2742,1641
1507,1192
2594,3002
2577,2065
1713,553
3893,3895
1508,3539
1873,567
2146,1151
3086,3068
2426,3729
3391,3628
1108,3452
2522,1473
2255,1500
3733,3872
111,2729
1454,1787
3215,3301
2671,1135
3417,828
3250,354
3614,3448
2966,3297
1329,3083
1241,2432
3875,1909
543,3433
1125,3143
2729,987
3579,1287
3478,570
3433,2468
895,2477
3638,2372
2543,2170
3292,181
2178,1196
3213,1959
3001,2440
3435,1769
3302,171
3846,797
2730,3364
2314,2202
3950,2614
1414,66
1666,3587
1015,3309
749,3390
1196,3752
1223,452
856,3855
3534,1714
2164,105
659,3275
123,1516
1969,2104
2859,1738
1149,2718
2896,2383
3624,3595
1393,3909
1424,3620
3060,2836
3920,1666
3402,2828
3894,3236
2116,626
1472,822
3120,3755
2873,408
3635,3071
3916,652
1437,1064
378,1444
3990,773
1620,3033
899,601
424,3436
3297,3188
3873,2394
2845,682
431,1749
105,3467
129,3830
373,1740
3366,1748
207,1132
1847,783
1735,89
2307,658
3710,643
1626,2488
374,33
3996,3422
536,1377
597,1367
520,842
549,3068
2297,1049
3806,2168
2070,3956
1386,2259
3252,2973
1150,2791
1769,3125
81,1882
3326,3605
2445,3653
921,2418
2463,2149
1159,3744
220,3849
3531,1144
1805,1321
825,242
3317,3581
3446,2731
3743,3470
2239,2063
2846,2122
3116,2164
1045,2473
2199,982
3941,1230
3704,3016
451,2601
3297,1373
1873,1089
1198,291
2026,1233
856,488
3297,3981
2686,682
57,2526
3890,2328
1324,2218
449,1226
790,3975
626,3112
3096,1945
1023,2419
1724,3487
3388,176
2165,2196
2937,789
1379,2103
2253,1113
1963,327
1953,152
3851,645
1495,3562
676,1841
1054,3283
2527,1049
2868,2399
3777,3875
2986,1381
3155,82
2912,254
155,1026
216,1469
2038,1335
2923,2797
3062,1707
612,836
2229,3047
790,3003
2758,981
2567,2123
873,55
3246,3761
1549,2337
2951,3419
2404,3943
618,2389
3088,3139
3379,766
356,172
1673,2918
2806,1642
943,930
1506,1095
2710,2
535,3494
3159,1031
1991,3994
3825,946
787,351
1861,722
1499,1562
2652,3539
1261,179
2151,1513
3804,283
3381,1492
816,2187
413,3040
2603,2756
2305,884
3631,3395
1096,2014
1055,3532
2376,2359
2680,3904
3297,776
2567,2435
241,2685
1338,735
1254,3533
591,1729
796,2263
2932,3319
3121,2871
1786,2629
1385,3584
2058,3512
2742,2261
2777,919
642,1672
872,3103
2700,3374
2475,868
2385,2256
994,2023
1280,725
3835,989
3323,308
1241,667
529,387
1631,2978
1170,1743
2756,645
3297,1354
278,3547
934,920
1447,3864
1215,672
2082,3664
3433,2601
805,2359
1276,3287
2697,2028
3022,2093
1354,3099
1837,1675
382,53
2218,3213
3474,3163
54,2683
2732,1775
196,2932
1341,3080
1646,1149
3761,978
247,6
2482,3778
1080,2869
1024,53
66,244
948,601
1392,201
166,2020
574,2260
913,2655
646,1510
3248,722
2764,3687
1311,641
130,151
2199,1195
783,3297
1191,2058
1062,3267
2874,3344
3563,3460
2944,3925
452,928
1426,3471
1786,761
787,3508
1477,1036
1574,745
900,105
3539,3499
584,1154
610,413
2317,3254
2797,362
1904,2224
3037,1973
2043,3827
642,1592
2156,369
1744,457
3837,676
2676,609
2433,1869
1383,3663
3281,1783
3576,1928
3328,3018
1223,2594
2211,2050
3810,3233
2872,1897
3542,838
3935,1075
1245,3907
2804,2622
3668,1731
2341,3709
3433,237
307,2009
1688,954
3317,1944
3747,1239
3838,2402
2489,3668
2199,1314
2292,1979
3441,980
3455,2940
3516,2238
248,1400
2664,1125
327,1069
170,3318
61,976
1180,1684
1057,870
1225,2113
1461,746
1063,153
2145,2229
463,3166
1731,408
1041,1623
252,1487
1002,1075
2541,1087
1313,835
2470,1915
2010,320
1041,2808
2654,1722
3531,3085
573,2135
2955,950
3489,204
3297,1492
759,1749
307,3410
3150,181
3297,1021
3489,3967
1022,1910
21,2580
2360,3626
2214,2209
1306,3383
3257,2758
1673,3806
1808,415
25,3832
614,2764
2054,1805
1751,878
1472,3541
3720,2967
1429,3956
2366,3533
2639,396
1601,2363
3849,1053
3023,3519
3943,1111
322,1893
3025,710
2654,990
3471,530
2546,2904
2207,2719
1608,2924
1770,2311
321,2031
3583,1564
2696,27
3320,1198
2815,3426
3350,1168
1085,691
3998,2152
98,1399
3297,3759
1992,1482
3996,3552
1342,306
1400,2015
2747,1761
2308,2647
2342,1024
1258,1402
2027,2716
2761,271
975,335
3286,3211
1924,2762
1252,391
3224,1099
334,1698
506,3682
2910,3524
2522,1672
3149,1728
2861,2934
2357,1040
235,3297
2076,1655
2598,1790
359,3316
3260,935
891,643
194,3243
2350,3001
2228,3985
2267,2106
1217,3826
1159,2922
70,3569
3306,2834
1692,2573
2761,2404
2789,231
2326,1860
3508,3038
154,3117
214,280
3973,521
1728,1841
3975,732
1012,419
2200,3469
922,680
3398,1974
1516,2282
808,1328
3880,3586
844,1763
3099,862
893,1374
1447,2186
3396,1653
146,1251
1901,3585
3231,790
365,1598
2388,3217
3744,2606
3927,1822
2988,712
2993,3098
1227,2419
1096,3121
2942,138
2977,1819
3216,3290
1413,3328
3083,2661
3111,653
2364,832
3369,1445
2327,2032
327,3788
1710,3242
666,110
440,3335
3147,1292
3699,2806
3049,3942
2745,175
460,2539
820,2099
1260,1645
120,1120
1553,949
3665,303
2055,3577
2531,1555
3539,1198
2292,3747
2240,3270
2319,3390
608,213
3093,3858
2690,3439
3128,328
2094,1967
594,1503
3310,565
2384,1089
528,3433
3487,1982
426,327
732,1799
3525,215
3926,3784
416,3433
2663,380
2629,2084
1169,2436
3648,759
2855,1017
969,489
1091,1763
1504,3924
1091,2185
2648,2849
355,430
3246,515
2413,2637
2425,2665
2498,592
1433,233
734,2262
3256,3956
216,3765
3183,780
3821,332
70,2910
472,3541
214,420
2799,1293
1080,1939
3444,208
700,3079
2309,3651
695,1390
596,2881
2430,978
409,809
3344,1623
153,3297
3346,3206
3147,3475
733,1372
2214,126
3086,3588
1698,2724
1925,3248
3969,3308
1996,306
707,1215
894,2249
3774,1893
2365,1988
1019,484
1705,2083
2517,2345
2123,272
3934,3195
2158,1500
1749,3842
2039,3297
821,3570
922,3058
1241,3570
975,3727
141,1925
2138,1627
3452,718
1089,2772
500,2972
2094,2140
2339,770
2010,571
706,2036
2113,3211
1956,3308
2831,3539
203,61
3036,327
3313,3577
965,3925
121,1870
1235,3812
1912,2950
1469,3913
3539,1510
1009,666
3515,2905
1831,143
2648,3177
1667,245
3417,3635
3677,244
2483,1463
884,3458
2704,2283
1655,3160
267,2287
14,889
1405,454
1705,3107
3427,1721
989,476
742,3077
3647,1405
1453,2569
1134,1046
3161,945
3584,1959
455,1378
3297,319
3096,2205
1737,366
1983,2251
130,424
1776,662
284,3039
3474,2475
3612,1506
2167,938
3053,3120
2595,2597
1110,2179
1965,444
2907,2532
2511,3081
847,2606
771,2002
3174,2501
433,3417
2051,2586
703,358
3767,2248
1721,1571
2238,100
217,3955
1552,994
1884,1122
3854,1288
2843,3671
2483,1908
2779,1587
659,2283
1632,2626
1270,3624
2086,3636
480,1518
3999,1401
949,832
2331,3782
2165,1500
149,1906
2856,176
2862,15
3052,1470
2315,2851
3865,70
3280,1469
1765,1416
2053,632
1731,885
3581,327
3297,557
2654,336
1733,2774
3841,3011
1119,556
3754,1778
3977,142
2094,2035
174,1984
300,3297
790,2752
1192,1913
235,971
3987,2503
257,93
2449,3894
1165,2005
3445,2344
2610,263
862,834
2366,3948
3215,2943
3603,2799
1183,1951
1641,3609
2435,3966
1027,283
2090,327
445,3109
791,3220
3433,3129
3490,1378
2394,2775
2010,3091
741,121
3467,3495
2031,1924
1828,3983
3275,2012
1138,3057
1281,2804
3419,1889
1209,2083
2249,2360
1288,49
1029,3873
455,2752
3812,351
1563,2370
1319,2290
3673,3154
164,28
885,3056
2820,2607
3581,2049
936,3369
1300,3748
1287,2560
639,1726
1758,2094
2970,1628
398,741
2914,2898
660,3840
3760,316
3786,2393
1092,905
1400,3440
2429,3958
1459,803
2206,248
2916,2796
1920,546
1005,1333
1487,2449
1042,514
1821,3333
289,2750
751,763
765,1876
2670,3327
3492,2763
1683,2355
653,2482
750,2090
241,2870
3274,2650
2271,1975
3297,1209
35,3540
3990,158
3590,3440
1972,1698
3293,1971
1116,601
3496,1913
1581,3811
1302,447
297,195
3297,143
447,652
2926,889
3132,1034
1286,1908
51,2374
2392,1143
750,9
3273,1531
2970,2911
1091,3785
1397,2777
1634,853
2168,1636
3838,3413
3247,462
902,1505
1284,2257
2675,1134
495,1863
3523,2365
3894,3018
552,3939
1058,2248
3191,3309
525,2908
326,2992
2764,642
1206,492
3513,1550
554,3549
1806,474
838,3592
2090,1045
2362,522
959,3475
893,65
1682,2941
1214,2981
3489,3573
1806,3677
1007,883
3288,2354
1462,1982
1512,1557
2156,2940
15,1826
1426,1846
2444,2243
3433,3292
2809,3701
3435,3658
42,2511
641,3060
661,1710
3822,745
3658,3790
3271,3861
1079,1278
396,327
1426,2480
1937,1772
559,1966
2845,2166
207,1667
994,2504
1351,1271
411,791
508,3957
876,1897
1426,2527
1281,1206
3718,3310
1940,3894
2938,126
1038,979
3922,130
3324,2163
4,2749
3203,842
1898,1960
3855,101
