983,3853
2184,3039
1198,3885
2069,2600
2780,538
1651,3932
2128,3517
2040,2151
2614,652
1191,2252
1095,1942
2534,305
2124,2720
3611,2059
2920,692
3898,2655
2563,1056
2835,2717
369,1852
3691,402
3442,490
2425,2224
3010,3255
1057,3795
206,2529
1037,3833
1123,3387
2288,2963
3142,2692
375,1930
3036,2332
1171,1272
884,1956
2495,2630
1458,1750
3250,1032
1487,2775
1794,399
313,3640
3928,2665
2952,164
2468,2309
898,635
131,2558
601,764
3958,3531
3732,3121
3348,457
1109,1686
3655,2053
2880,3084
618,2785
3609,326
2583,3403
596,2692
2850,2472
2571,1266
1743,3223
3394,2653
1327,3031
2211,2237
3428,1920
393,1762
413,2169
1799,2001
1382,1225
3890,178
3918,7
2774,2757
1184,2426
699,955
1359,37
163,2294
2120,513
3900,3060
3636,3082
1324,3429
1329,1474
3329,2617
2872,2861
3275,1036
1494,3514
1366,1988
1483,3970
3005,2611
1745,944
258,685
3986,2315
83,54
1860,2500
2554,1264
318,2915
1402,2647
2588,2708
304,245
2861,904
1610,1705
3527,2733
3415,3158
2583,1264
3432,1056
643,941
2092,132
3706,60
3492,187
2580,1346
1210,467
853,3440
684,804
2417,1589
3893,2898
515,3713
2391,1367
3174,2440
1593,3749
2655,1127
416,1356
649,3033
210,3618
2066,3637
1674,274
2619,1819
664,2720
1755,1081
3572,3286
35,3883
3771,494
2153,313
215,77
1061,2318
2557,1543
348,1087
3607,2868
341,150
3196,552
2531,1216
34,1570
2561,206
3869,3320
11,3341
3570,2120
315,3092
426,1751
3102,2542
2774,2408
2599,2140
1502,2127
2860,361
2903,2978
912,790
3745,664
2479,3315
1325,557
3238,600
2259,373
1684,922
3057,3880
3677,2339
1487,2844
1084,1767
2448,1389
908,370
2087,35
3001,2419
402,3675
881,1428
2624,1384
1524,3112
2978,2532
641,3729
3014,1125
3454,3383
2223,3718
1924,3244
404,2453
1456,3473
1272,662
1889,2317
61,2480
2363,1452
987,1777
1706,2744
2867,3188
2694,815
2237,1392
565,2948
167,2092
3436,369
3801,393
3365,526
3754,3658
769,179
3436,3958
2292,112
3141,726
3865,3528
2662,3233
3044,2681
2422,3617
1362,1235
1923,646
1739,423
318,3893
191,3048
104,112
3903,65
227,3
2929,2760
3052,3466
3779,1552
990,3125
3002,3436
1635,3388
1942,2714
1132,3598
3602,2133
1227,1170
3876,998
3394,421
655,592
1173,1893
677,3893
3379,3568
2128,203
964,3535
313,3402
3797,2298
1963,523
1447,336
3843,3008
2002,2293
168,1000
3894,1372
1397,639
3097,240
739,1905
451,3170
794,2313
2698,3940
3180,790
3433,2864
1034,3217
2079,2296
65,645
3524,1007
3146,466
1967,2789
1398,3290
3542,1827
557,2747
3122,2117
720,1568
1657,1169
23,1995
1376,2695
1571,3852
1661,36
156,533
2256,1226
1094,435
1070,2880
1967,985
128,3523
2711,840
843,1153
3050,1412
259,924
1603,3490
1215,333
2016,2566
2130,919
1658,1268
2604,791
2952,517
2328,853
1814,1155
1725,782
318,3090
1817,1407
2337,1878
1112,3188
3013,565
1539,50
3738,2903
2340,2317
880,419
874,320
917,3247
3399,3465
3897,1363
3266,787
2083,698
1346,110
3994,760
2815,2406
1567,2822
2094,306
2777,598
498,136
2569,2841
3736,737
1812,1444
669,2514
1337,2202
2194,3244
1353,3071
2607,3375
1978,3746
3948,2845
139,1892
1422,511
719,98
2338,1395
2240,359
1175,2503
1432,3416
1474,3534
55,1345
3823,367
2839,1281
2337,2042
2788,1962
377,731
3999,3629
1476,599
1625,95
2834,330
1874,2143
1280,407
991,2906
3331,1883
3172,3065
3105,885
2501,678
1690,476
867,2181
3406,752
282,2788
173,3434
1723,2481
542,2616
3206,1879
3735,1436
1410,1219
3532,405
3912,1349
3073,760
2137,3518
2304,1498
1564,262
2022,3989
3957,1833
1234,3566
261,2805
2486,2115
3663,2686
2955,527
1292,975
3033,2377
1366,1607
726,3970
1982,2014
3627,980
1339,321
1729,2044
113,2820
1,248
1907,1989
748,2274
2427,735
1400,2040
526,1655
165,2523
1901,3055
3138,2011
1370,2698
3523,3916
801,1884
3430,3026
3047,2110
769,3279
1120,615
1796,3907
3957,3166
2677,3500
2757,465
3143,3968
781,1302
2427,745
3366,14
1678,269
576,806
2128,95
707,1358
829,447
464,2385
3448,3249
2865,1501
3738,2072
3146,2263
1789,3811
571,3787
104,775
1525,2582
1264,971
3161,478
2431,514
3986,2485
3350,3513
3709,2884
2756,2277
1935,3111
513,3930
3343,1217
3513,1482
2867,266
3033,3296
3650,1812
513,1904
1692,1269
2018,2970
361,2829
2595,3988
1066,3765
2509,1908
3875,1877
654,712
551,107
690,3667
1237,2721
3515,2341
2161,2273
1645,1847
3373,2014
1214,318
658,1638
3667,152
3416,1289
2506,28
2747,956
3923,972
5,2086
2311,3639
3013,657
82,324
3757,1382
2760,2580
177,1098
3755,966
1596,3734
412,2435
1801,508
3137,1509
1301,1534
2664,1028
1785,137
2133,549
33,2464
811,763
1109,1663
2153,1082
2278,1951
2674,30
1633,1700
1118,2370
2660,3145
2624,577
1684,749
2201,2197
2988,1990
2301,3412
1617,2147
274,1580
3460,1863
1845,3312
121,1482
44,847
1854,1706
3392,626
1815,609
571,3211
253,355
2639,3224
1196,3951
1760,106
2292,1611
2266,3151
2300,1649
2935,2177
1482,480
257,3808
2958,2240
63,3828
808,49
2587,307
3159,3280
3585,3508
397,2328
1144,400
3701,1515
961,144
1550,3229
851,2249
367,561
2449,1609
1611,3807
3856,1440
1520,513
2076,1803
3862,3364
1126,1133
2382,228
3011,1490
2073,3611
9,3321
2125,2409
3092,2375
1930,253
558,458
3751,1772
3609,3977
52,1587
826,940
678,1094
2545,1141
3640,827
1897,1848
2073,1099
2848,2781
3220,835
2976,470
681,2782
1499,1268
1586,1669
1756,3895
1566,1095
3539,2494
2510,3295
2931,1713
3776,768
586,3791
499,3046
2085,294
750,2048
126,3426
3369,1394
3809,3519
958,1602
277,694
985,3670
899,2901
3544,791
3041,2576
2455,2375
1561,1456
2813,1596
3912,2030
2203,1177
122,373
207,1731
1708,2788
60,3696
2239,2577
263,745
826,880
2183,3044
3085,2664
1600,1613
250,1467
1269,1465
2995,3049
3114,1894
547,2126
1982,3891
443,989
385,2382
844,3792
3619,2189
3329,2914
1801,2331
3241,1177
1035,260
2158,641
988,2576
3462,305
3937,3071
3830,1388
3144,2298
1087,1336
3360,1068
2601,2356
1640,771
1213,1071
421,789
1415,2559
1983,2753
83,1841
2362,763
3593,973
1782,2246
951,118
875,3004
736,1690
3627,2543
761,2391
1992,1885
3224,2592
220,680
3203,1692
203,3454
377,3827
224,323
1221,2985
653,528
2771,1085
2891,840
3484,901
2556,1090
2810,3212
984,221
3237,3424
3853,344
3777,1138
3726,2036
2252,505
1733,3340
3432,2731
3342,1823
1521,2063
3576,1048
1674,1347
1288,3736
541,592
2184,3355
743,886
1846,3820
2459,2916
2065,346
3089,497
1464,1772
3671,3007
1747,502
3866,383
629,3090
3325,2894
772,960
1256,877
1122,2072
3005,2089
1323,1673
1118,1393
251,3151
313,2547
2299,3218
1080,594
1948,2564
2134,3198
1322,3697
393,2772
488,3884
3483,1243
3758,2716
1609,2710
1980,2957
742,734
1354,2317
2188,2591
237,1798
2757,134
1627,3282
3306,3198
271,3470
2542,85
3913,352
162,3513
2346,3863
1651,49
3835,1573
1311,495
2824,1333
1817,2807
1221,3038
644,2769
648,2420
3948,3180
3845,2528
3656,1945
381,884
3991,442
908,2481
2147,2180
793,340
1162,1556
1413,2759
2683,126
168,287
2899,322
3485,2555
56,2327
2457,1060
2655,679
3565,3681
592,2405
3564,1463
361,750
178,2118
1810,3944
128,1949
1085,2430
971,1623
1142,2927
3596,3969
3481,3235
2867,906
2913,3807
2960,2421
1522,1822
1468,428
1664,1056
1783,1126
2348,2171
3605,509
2858,1699
2212,918
2476,1176
1309,1237
3086,1880
906,1016
2667,182
2597,3758
3354,1938
3239,1182
3678,3285
1431,2187
790,3439
3125,1070
180,3204
1013,312
3341,2038
1000,198
387,668
734,1848
2283,320
2255,3356
246,3147
1987,3475
2362,92
3886,554
3425,3159
751,264
3678,2872
2223,2349
88,3168
136,239
2045,2742
1258,2429
1946,1331
631,2698
2454,2439
1779,349
3811,800
2286,1431
2180,2684
3815,1041
1407,2141
56,1409
2381,2285
636,3966
991,1112
3027,1603
2209,200
3235,2308
1254,3901
2546,3282
3565,3559
3522,153
2351,520
3426,3718
3566,3599
3761,743
991,2218
842,1052
2905,641
2478,497
2602,3692
3350,789
3907,2848
2062,3763
3924,3139
2822,1350
395,1994
3849,3816
1087,2685
2732,1659
1257,3257
1972,1009
3518,2397
1038,116
934,700
3847,285
3893,240
327,3615
3642,2730
2736,170
1126,3943
712,1821
319,2728
3453,3864
1072,1681
2226,1287
3331,2197
1299,3606
1012,3285
538,3059
3828,3768
408,746
3306,1876
1650,2882
1838,615
2129,3476
3233,3038
2877,3672
2222,2181
2629,667
337,3330
3057,2782
2696,1373
2563,1953
3128,1825
1965,397
1202,1813
3111,652
3599,335
226,405
982,3618
587,173
2074,2515
3084,813
3129,3975
3087,2750
1496,3911
1961,2065
2872,2605
1319,3470
482,3272
2471,3680
1541,3263
2353,3452
2321,1773
3911,2164
2981,3725
1335,1832
1511,2441
3245,2515
395,2296
1645,2309
2068,3015
1110,1532
3851,3894
2892,162
3391,3886
1122,436
202,1430
3590,3276
695,3813
288,971
2347,1804
484,3632
1634,3458
829,3303
3304,3755
2418,701
2620,3070
2821,1215
2507,2862
3944,49
1901,2674
2461,2376
2359,2694
1037,122
761,1357
1081,3803
3310,3721
2404,3208
1220,1063
3928,2875
2565,2038
3172,1552
2934,2361
2645,3735
3234,2016
878,59
2451,3888
377,197
501,2688
1189,2325
32,1014
1452,463
857,919
1266,2691
3767,911
2104,16
1248,3023
2052,3478
2689,3946
1242,2783
1529,301
2806,3243
1927,3809
2167,2600
237,220
21,556
3092,2276
713,2832
84,1266
697,1167
1281,2581
2203,1920
2302,2435
1258,3746
3752,27
2051,3704
1119,3383
2423,3973
3710,3558
619,2168
3539,197
2242,1821
998,1390
2338,1428
2811,2548
2410,1338
2193,2200
1332,2612
3760,2262
3241,957
703,3705
2936,3947
3420,2375
1937,2272
2459,3140
512,803
3084,2863
3587,1190
1437,1514
852,2409
1275,1428
3960,3692
494,1161
2483,2755
2171,849
2488,1805
776,1916
3863,3285
1807,3801
3257,26
2278,3781
666,3014
3457,1917
2930,642
1046,704
370,3167
3283,1419
787,3088
110,1410
485,3265
3664,3509
3699,1158
2005,639
2194,3894
2080,772
590,33
2304,1478
3749,2487
2394,2142
2097,1244
768,385
2836,3194
3236,1988
1804,699
2667,3118
576,1767
1191,2389
3023,2671
3140,543
3620,1531
2654,1145
2700,2931
3318,3536
1491,117
3546,3844
3141,5
2827,3992
3909,3868
1516,628
2327,298
3644,892
3509,2387
3120,1033
3612,2895
3101,3191
2848,3671
3622,928
2927,2365
3927,2588
1594,2351
3305,3307
1501,3189
1911,2118
3819,2839
308,3698
702,3688
1748,931
1065,583
2243,3876
776,1795
386,300
3090,2915
2854,1595
3919,3287
3984,3986
1657,435
2418,3157
3705,553
3469,2780
854,3560
966,3954
2095,1027
3256,1783
3058,1180
1503,3716
181,2802
2310,3139
3021,930
2797,952
3202,956
1495,1153
1039,611
3417,3221
77,1630
1975,1137
608,1216
3961,1365
3254,3374
2830,2092
1329,1620
1320,1707
1149,816
1513,2592
2139,1171
61,1569
272,916
130,3432
2247,2413
1453,2513
1423,164
887,343
370,549
1606,2570
2902,727
722,35
1496,2324
1275,1871
2137,2015
1467,3116
178,1988
2586,899
3907,3915
3414,656
1938,124
2439,939
2428,1116
1401,3396
1158,2781
3594,832
732,3750
1002,1388
283,1541
40,2605
2142,1315
3448,360
2376,1110
2219,2570
2948,618
3427,3706
2531,3110
1558,597
3322,170
2866,2872
1648,3021
3512,337
3582,366
3832,957
607,171
3979,2409
1493,438
2562,767
1959,214
3407,3248
3081,1814
3107,1166
496,1389
2613,737
1454,551
971,120
659,67
2232,1003
3574,1472
3900,3739
1687,2109
253,782
637,151
189,2610
805,1893
3730,280
2637,971
3751,513
3424,1644
3192,530
3230,588
1608,2267
36,3908
2663,614
3666,3713
1640,1643
870,3068
3815,2737
1841,3999
1799,1854
335,3390
418,593
913,799
2651,140
615,1044
2036,3730
1809,135
541,182
247,2249
395,2423
3664,1284
3656,2352
2256,588
1431,696
660,306
1409,2524
212,1725
2229,898
2283,2624
3545,2473
2965,1160
1692,1029
3055,2143
2141,52
1354,2009
3198,2273
3285,638
2640,2627
3199,2456
1916,1179
1439,1204
2865,2860
1310,2199
2771,1753
625,1378
3407,740
21,1444
2002,154
1028,332
967,2569
3000,1683
998,2188
1574,3661
1824,382
2568,2100
2613,2828
2743,3987
1931,377
560,2508
299,3652
1077,1735
1983,3109
3561,3581
3499,1264
336,1872
2519,2461
1083,431
2334,2284
160,2155
3950,2793
2721,2078
1504,3349
2135,3381
401,568
1697,1742
1694,3155
15,3632
2060,472
3100,2201
2433,2537
1579,2633
3128,352
2710,1985
3892,956
2637,488
71,1711
1260,228
2725,2796
3138,2101
78,2437
3740,1785
3208,3446
3226,781
2334,1453
481,792
3632,2093
3001,3126
2722,2148
3164,601
892,971
1785,332
3106,341
2208,2709
391,884
1533,570
2956,2889
125,1482
3840,3617
1125,3251
2299,1024
2324,762
3149,2300
691,3142
572,3137
2306,3807
70,1632
1546,798
904,3485
2155,744
3936,2451
209,1517
2127,1014
2673,2375
2247,624
2831,3010
25,1591
2420,708
697,143
1055,309
763,1154
561,292
1973,3491
2520,1079
1149,2096
1929,1713
2840,3759
3390,2784
3719,748
1375,3025
2524,1495
2611,3658
1305,3780
3221,403
3918,99
3085,2925
1377,1905
1976,3525
123,3906
2978,3444
1604,3606
439,1860
3594,3868
3878,837
1276,783
224,545
1998,1914
2272,766
1821,3213
934,2889
772,2407
2765,1137
2754,2219
3007,3842
1495,62
562,1843
1391,1663
473,3069
2123,1313
471,3129
2475,1582
2491,1150
3462,1180
804,562
1007,1959
2137,3776
3854,1912
3550,3676
432,497
252,2056
850,1329
3647,1245
3695,2740
599,1718
454,2235
1897,634
1732,1040
3480,3764
3209,3558
1817,882
676,1295
960,1870
298,76
1245,722
1833,2720
343,1238
1189,2540
2329,2876
1532,1788
1675,776
748,2004
3011,2520
1006,3160
2941,1188
443,2207
2034,736
3674,3146
319,82
68,87
831,3597
1355,51
2324,1876
1283,3156
1301,539
3046,3356
2892,3427
3666,296
415,2975
3485,586
2585,2407
2722,1709
2675,2217
552,690
3564,343
2035,2837
2764,2577
3200,2696
1046,3826
813,315
2438,3145
1497,1057
127,2618
835,3140
1513,1865
2080,1168
395,1909
1907,350
2227,1407
2064,2412
1023,2942
1455,2811
1730,818
1940,2616
3499,3775
3445,2472
1458,351
2917,3183
3321,3493
725,314
3784,154
1655,2622
3064,1348
3190,2458
2521,1948
3254,770
2721,478
1278,2862
2060,2159
1598,489
1235,1691
3750,2222
3079,2319
1658,3484
2511,39
3124,3837
645,2697
3647,2898
371,1260
2328,3291
346,29
932,2918
2242,3921
483,2039
2437,466
1330,3177
2098,3627
3974,266
2111,1189
1338,310
2067,2950
3315,1284
886,1471
1553,3400
1270,1592
680,3742
3677,860
2535,3532
2412,3809
2722,2113
252,1787
1508,2223
2457,2210
1373,3481
1499,1916
510,3689
3107,3961
620,1580
3945,1812
61,163
2997,3536
838,2263
1678,345
1550,229
2900,1174
300,896
1328,233
2007,2893
2009,1886
1566,2819
3852,3609
3444,1614
2082,1786
968,201
1709,2421
3108,3360
760,2778
431,3786
1753,998
814,2591
1837,2472
3362,266
1462,3228
836,569
2977,2010
6,3887
3035,44
3055,1149
141,570
1467,2132
3928,1488
3526,3693
2308,505
3201,3865
2874,3306
1835,688
3076,3831
861,109
2286,2073
1645,3403
2004,15
2227,3841
2077,845
2356,1855
2896,3030
2322,1751
3781,278
2448,1621
3575,3785
1784,1315
2113,435
1018,3525
3453,142
3641,2795
13,3765
3722,1761
3461,3774
1168,313
3095,2853
486,3016
3977,2204
2108,3384
534,414
3971,3578
3340,1378
3341,939
3086,2567
58,462
1763,2005
1379,2794
3910,3207
2906,420
3067,280
1079,2153
587,2131
407,2064
1706,3475
3322,3084
2945,2884
297,2517
698,1340
1609,2352
3154,2529
2445,2741
3427,1616
218,967
350,1546
2357,3376
3892,1861
3821,377
2022,1852
3501,1708
3330,2623
3451,430
2812,355
2215,891
151,2488
282,2897
1311,612
2860,2693
1674,3297
1991,3126
2237,902
3398,2763
540,158
3101,3835
1155,1124
3791,2232
1486,2856
137,2355
242,1746
738,3562
3746,2427
2915,1933
2029,3658
2227,789
830,3892
1956,3827
1935,2158
1628,1671
467,134
3052,1012
1505,1344
3982,1383
3899,2462
1639,162
938,1956
1830,238
2553,2177
2271,393
3452,644
2848,950
3286,3592
3641,1991
225,424
2292,3028
2905,1861
2683,1253
2077,2264
885,758
454,1497
503,2290
1546,294
1872,697
804,3490
641,1549
3283,3701
2702,1634
2597,3844
2698,3043
1347,3694
3922,1314
1704,2002
3405,1508
3967,2672
3523,3555
287,2326
3307,2910
2414,1825
3818,1241
411,2875
1194,3853
3225,2469
3881,2066
2067,1188
2678,3205
1185,424
3460,2043
3589,3779
3996,1324
3181,792
3527,1280
168,3370
3505,3960
2560,263
1575,3873
995,3369
2487,237
3825,47
359,26
229,3158
2589,2701
3754,2514
1140,3468
3697,3538
1748,1246
172,1272
3720,3050
2895,152
1962,1969
198,591
3668,2430
650,459
2821,2442
3251,742
2181,3508
765,2409
1471,1091
3392,1075
3865,940
2093,3990
1382,3831
3065,2059
3136,3062
3302,3709
3984,3197
116,2913
2940,1375
1889,666
2039,61
1502,3650
1949,1952
2615,1494
827,561
910,2462
3587,2179
1076,3914
1802,2686
3108,1964
258,2413
2492,3867
456,441
2233,1395
2699,2647
1136,2467
1004,1720
2383,2319
1164,985
3002,1382
2779,3020
3362,2559
869,417
3571,2879
425,2650
2603,971
2032,261
3883,2926
1420,631
798,3094
1101,929
612,1910
3349,481
3899,507
965,2953
2783,3707
265,1605
3472,2344
3402,1707
757,3728
2006,3989
3091,1820
3270,1515
2294,1715
1076,2804
2267,1146
893,1224
114,3755
1171,545
665,2277
2617,2016
98,1271
281,2041
1824,1293
1964,1030
2565,1040
3940,2989
1915,1617
3098,3610
3639,2290
3030,3079
86,3524
471,109
995,1386
3712,3229
683,987
3795,235
2861,3309
3935,3442
2228,3508
3611,3058
1932,2997
1527,3106
1624,3779
1822,3779
1138,829
1680,1008
3008,3991
1496,78
3192,2980
3972,1026
788,2559
1995,2261
2766,1483
3020,3607
499,3188
3567,1666
3335,3251
2801,2471
1236,1390
1679,3173
3932,277
3987,3153
982,1183
1743,2913
3372,3635
2370,3014
3684,1789
1190,3925
1175,1986
1382,3977
1716,1573
1441,1238
2053,529
966,2919
3438,2688
2388,3471
806,2803
1667,3546
603,2650
2612,2108
1335,385
2870,485
2925,487
1284,667
1250,1019
232,3770
811,16
493,857
3031,3362
3541,2224
2089,32
661,3716
786,2149
2883,3635
3911,1311
729,2733
1043,3242
3531,1269
1726,332
236,1384
3170,1556
2000,3428
3812,369
323,1415
1670,2160
717,3209
3063,823
1894,926
216,3585
2614,8
3636,2258
463,3929
142,707
1509,591
3352,1396
1730,2074
1008,2380
3488,1156
1223,3988
2538,1199
270,802
3440,2895
1637,219
3783,3484
3742,742
894,2582
2715,3947
218,511
1295,1345
3745,1159
1527,477
658,3371
1061,3809
2371,2887
3128,2463
1818,2788
2522,1308
3053,2746
3431,2268
290,1757
2864,843
3850,2157
1199,1481
1849,2167
1747,946
531,1057
184,487
2592,1969
1424,192
2525,3769
2335,2917
61,1445
2420,3250
3642,1490
3421,241
480,356
535,994
2752,3591
397,2735
1633,1237
1875,2524
838,3946
1259,1862
2024,448
3017,1681
3120,1206
206,2874
3410,888
439,396
3831,2805
2999,3485
1496,2700
443,462
2633,696
3176,2819
1369,2839
2620,1239
3588,2221
2569,2103
2912,453
2751,1272
527,3153
3553,3347
1714,2297
3637,2830
1345,3923
630,2532
2249,3219
731,1699
3881,3540
2191,3995
1342,149
1737,2127
3168,597
20,3226
913,838
509,1379
3761,2492
3366,3065
2099,1769
3448,2800
1326,97
711,2166
3799,2097
3105,757
2373,135
859,3871
1636,2786
1250,2381
1803,3986
1574,3298
3772,1506
2358,3927
3689,764
2973,801
2205,3992
3711,3842
947,2203
218,3288
1726,1571
798,2841
945,817
2506,2749
1329,3511
2512,1534
2368,2453
3506,2042
1369,268
3842,1439
3206,16
3521,641
1417,2608
2207,3394
1568,3449
3027,2117
1365,2553
1929,1684
1903,1284
3805,174
2656,1920
231,1091
1024,3870
3082,383
2748,3127
2885,2340
1895,3360
1577,2404
440,3064
3334,3807
3632,80
1479,994
3914,1904
59,2812
3377,3801
2627,2271
230,2941
1359,3998
2320,784
3442,1270
2723,2168
3322,3221
358,2272
3020,1730
3327,2969
3085,2015
2321,820
2642,1114
694,3809
2235,3055
2944,1558
2954,600
1752,2445
1326,1150
3175,102
3089,2668
3477,2322
699,1731
832,1990
2646,1836
1894,847
733,2229
3907,2122
796,1134
2528,1490
2411,3204
3653,500
3409,1632
2537,3564
1624,2550
3818,3439
1605,2742
1785,1084
2399,183
2148,2193
2009,3596
3860,3626
3280,3638
453,1880
1140,1922
2173,3104
107,3726
279,3764
1780,689
3045,3193
754,47
348,3896
766,1844
1303,2553
3313,2502
3034,1696
788,3687
1051,795
168,2826
491,364
3313,943
3170,107
1385,1610
2586,392
1578,3859
1994,627
3834,129
3719,3058
3860,738
2462,933
694,1847
3950,818
2761,685
2991,690
1372,2714
740,657
1405,1660
3704,187
1687,3239
1597,600
2810,3108
3812,260
2939,3431
1355,1001
2928,3118
956,56
1723,3153
3610,927
2516,1291
2758,3624
1086,2781
2035,3824
121,2004
389,2076
2589,1775
2111,1072
959,126
3355,3846
1935,1928
728,2354
3064,150
1698,2811
437,2804
1268,219
795,3918
3390,2082
1456,2336
3109,2211
3601,2632
1180,1999
1614,2612
1579,2157
2019,199
3192,3049
3459,3745
515,1559
2362,3503
225,2549
2140,1671
1552,671
2503,1730
3911,3569
84,2434
3301,3524
868,1693
2895,1574
2202,437
2425,1392
3277,2256
1013,400
2775,204
809,1329
3800,1847
621,156
840,2493
1471,2931
1739,2619
2186,185
71,2489
1904,2922
3315,3051
2355,2547
1992,3870
1787,3114
929,304
1869,3717
3363,460
764,3960
1902,590
853,37
1722,2903
1721,2003
1219,3976
1465,3120
3146,2255
1146,2231
2130,596
1908,3622
45,416
1977,2069
587,3060
2963,2552
1489,2508
1979,2301
654,3077
477,1032
1388,2574
3728,1680
3926,1331
2691,3391
3754,937
2346,99
1030,1220
127,3814
2209,3181
181,1146
2939,3423
216,3402
3078,1077
3883,3086
1794,3816
534,273
3435,1577
1396,2
757,3399
1948,692
3023,2043
2879,1412
3192,3696
576,169
971,1693
1921,3996
410,3809
2593,2643
325,1336
2325,3621
411,1474
290,1287
3660,1262
3187,204
2433,347
3043,2331
3586,3060
3354,2799
2953,1855
2121,186
649,3546
3498,2685
932,2151
2434,3807
3766,2777
2177,13
1045,858
2776,2234
2703,1865
1010,815
3877,3282
520,1143
1466,3719
1335,3214
3921,3992
2116,919
34,2263
623,844
3880,2923
721,1523
2220,3702
386,303
2639,3075
2745,717
1487,1328
1561,2482
2675,2789
3301,329
2926,2400
839,684
532,965
608,2927
2138,785
1724,2244
3599,2067
3166,598
296,3903
3363,2202
2328,1155
2256,1660
39,3159
1654,48
1673,3571
3794,3172
3045,3673
3405,1132
1323,1712
2996,557
1940,398
1788,3317
2261,2392
1227,587
1879,1742
6,2778
3231,606
734,2021
3525,1226
2197,569
2770,3685
3983,355
2982,1636
1840,2070
2584,3222
730,60
3963,609
629,1528
1694,3655
3907,2574
334,2716
457,3578
2141,2468
1965,1062
2837,3290
1828,3441
3526,141
169,3073
2564,875
1528,674
2938,332
3628,1607
2937,768
3778,2787
72,2848
1838,1006
3168,2458
1817,594
3292,3556
1999,2123
74,915
573,319
3081,2628
3549,1741
3724,3961
423,3613
3423,636
3920,1308
2182,2964
1826,2327
1953,2513
2354,2847
1229,632
2243,3952
2234,2716
2884,3324
161,2293
3134,1329
1927,2550
3202,2851
2917,2754
973,3146
2236,1934
3547,724
1923,1263
330,2108
1270,3249
353,1910
558,3155
3608,3722
1708,931
1068,2087
2946,1764
1222,3594
3279,1098
194,3506
3614,1720
1257,2165
119,3437
516,3380
3735,3882
738,662
1455,2367
1051,1984
3069,326
3024,119
1238,1651
3403,1209
1178,1842
2274,382
2816,888
1334,2341
3492,3695
2537,1598
382,3716
2098,1798
2986,2024
2464,1738
2350,1442
1023,1077
1888,1352
2672,3456
3121,2218
3166,3163
602,3629
1076,2063
3052,1091
2106,3520
2947,2717
1529,2814
3638,853
2575,3681
2117,3861
1043,1505
2749,2785
356,2930
609,2120
1689,2796
3107,3842
1960,3826
2071,1692
588,1136
1636,1926
3541,2075
3823,1760
2172,1211
1875,258
317,3386
3777,3867
343,828
1676,3671
1457,3045
3067,3202
2620,3872
114,893
2201,3161
3215,534
1012,3099
885,3314
574,3705
2107,2939
1364,2364
1932,2156
1899,179
2670,3685
1381,1424
2879,1258
1677,685
2737,185
515,327
3501,1119
3100,541
1411,2812
1469,884
3722,3715
3492,3225
75,1928
518,1151
2302,2124
1977,802
3690,1170
1464,3559
1093,624
2650,2216
2849,2365
1687,1176
53,739
1190,779
2752,167
482,2185
1530,3183
2422,1900
965,1462
1040,140
2660,1717
3347,501
3713,1122
1356,1394
2058,3744
669,3804
3429,346
3182,596
921,2042
52,170
2815,1964
54,3113
1368,1762
3480,2964
1176,1419
1216,2478
208,2617
2699,1759
77,725
1074,1427
3313,2028
841,1780
1104,2384
107,1662
848,1991
77,2107
3674,1102
1218,3690
1392,3016
979,1255
728,1402
3266,1417
988,2983
3282,688
2541,2916
233,1917
1768,1972
1038,828
2402,3515
651,1174
3596,2772
831,2507
3441,736
2070,41
1859,2358
123,3542
160,3881
2825,464
1001,612
1239,3306
1565,1741
2911,2987
1540,3472
2538,3774
3482,2554
2950,1976
3461,621
193,101
470,1242
2908,145
2392,843
845,3664
1037,3195
646,3468
340,1434
3505,2472
3935,2347
3237,1768
2748,347
3509,1635
2630,2976
217,289
155,1706
789,2624
2290,3899
2652,3236
1082,1834
2826,2955
2473,982
3263,2930
3443,1733
3130,3363
2017,3235
497,1396
3619,1766
127,2385
2442,1581
2282,3807
232,3489
3650,306
1744,3327
3511,3344
811,50
2394,3304
3196,2478
3426,3435
1533,3954
1514,3200
341,381
1347,1009
1315,3143
2366,403
1376,387
870,1867
388,1995
1265,1293
2287,2859
1159,919
2357,7
2998,1825
2119,513
1233,3842
2140,2469
616,2761
3365,2378
108,3146
2166,802
125,2194
777,3619
1157,39
1106,3710
1082,1421
1599,611
2608,1823
3195,1681
89,2965
2914,1968
1562,1596
864,145
938,3393
1798,2314
3091,1813
1454,868
2874,3581
254,3846
1936,1506
2111,181
883,3657
838,171
2021,1413
444,1472
3173,495
799,2805
642,657
2555,610
1067,1364
2415,868
1203,1199
3985,377
2030,3655
984,1251
3345,3158
724,2975
55,1943
2653,1941
159,3012
3041,2879
1491,2453
3420,3135
3748,1881
1451,1949
2494,3576
771,438
523,202
1560,3073
1956,1597
1203,1076
887,898
310,2745
2871,961
3660,204
2138,2965
1422,1506
2263,542
312,3482
1766,945
279,1101
1619,574
3103,3377
3862,1459
211,3933
2474,1462
993,391
3694,3817
1851,2620
2406,519
3869,1212
3774,1649
3542,2535
3835,2746
1998,2006
1236,1475
924,1797
2343,420
155,696
3204,429
1524,1532
3719,952
2886,1444
3268,509
3096,2883
3914,408
3891,2844
3238,1927
718,2812
297,751
3885,1906
3551,1024
1970,368
3814,2938
2999,2982
2958,2868
384,3438
360,642
30,1066
3924,67
1207,4
2478,895
3601,2607
1400,702
24,2070
673,1775
2077,1858
3361,244
1259,1005
1130,3866
3635,3952
3034,1351
1719,2565
2400,2431
983,1195
2307,965
1247,1251
3000,2859
2765,519
3469,3714
1777,3769
1617,2045
1669,2481
2873,1039
2637,3151
2789,2609
2257,2763
2344,2531
3086,964
729,3616
3793,2596
1770,3103
1820,3349
1317,1485
1064,157
2020,3514
613,86
3438,1099
103,966
822,1867
808,298
3863,3764
1705,1035
2150,2527
533,3745
3672,834
3496,589
2962,1651
1868,2434
2991,818
2744,1263
324,1809
3500,71
2400,3920
48,3682
3217,852
3454,365
2050,1433
745,2255
1198,275
154,567
2934,422
3413,1223
1299,3732
2307,1798
3230,168
2987,3334
704,979
2842,3083
3781,1210
2668,525
2350,1314
3221,412
153,1261
3820,986
2805,894
819,179
379,3882
2448,2032
1410,18
1958,1970
1480,722
3812,2254
1868,1737
2079,1536
3431,138
852,3666
3729,3507
504,3436
3640,347
849,2823
442,846
1888,1460
2555,2780
1866,3654
1922,1977
2115,230
2110,627
1766,2614
2571,3854
2773,3473
553,2290
2103,2132
1568,2545
878,2268
132,1988
617,2962
1051,241
3294,2679
2771,3568
89,375
3802,1322
430,3261
871,2172
1698,656
3432,291
1736,2802
2638,2093
2403,1247
3415,3700
3249,103
935,839
3037,3593
2726,3310
372,3618
2054,2291
978,390
3350,1385
3829,1915
3692,1078
1499,2455
2465,2456
2680,2162
1933,3588
2419,782
3027,813
1399,1560
3193,1489
1857,859
3251,3889
3370,1406
2664,2311
2987,449
3868,3002
733,1240
1714,1966
1060,2567
2220,933
1204,3230
2846,1033
99,1820
3159,139
342,1786
1791,1913
198,1520
1290,2456
682,1202
2199,2696
1619,3319
3809,1750
1574,1712
2415,1485
2833,304
3918,589
861,2066
3890,1476
364,3197
3746,3235
3393,3006
427,3372
2438,586
1660,1015
959,2518
2769,2108
690,3216
2561,1206
3056,2595
459,2811
1542,1104
1950,254
3533,3097
2378,2734
2260,2794
1759,371
970,3297
2855,1724
3161,1081
111,2567
1606,3218
2505,2893
544,2926
834,3088
3700,2187
123,1701
2741,750
1462,25
1500,3894
2123,199
943,1226
635,192
1449,2661
3411,2590
3303,662
318,3440
2119,3879
1832,3150
1403,527
484,1978
2773,3733
3956,2452
2209,2634
2648,2624
3387,933
2996,1343
1692,1808
3093,860
3965,3832
1828,414
3048,693
2315,3311
1993,2157
2153,2061
747,1457
3447,2745
2050,2530
2974,304
1853,1140
1246,257
823,780
2553,3318
1754,445
300,3610
1342,436
683,3986
3831,3448
9,710
1312,1640
2093,2105
3003,290
3799,445
1214,2379
1990,2334
2516,3766
1343,1147
567,2966
572,2413
122,45
1062,2262
347,1979
318,3265
337,1827
3583,3714
3999,3314
1662,2420
3277,2307
1405,2474
999,1913
3739,2032
3862,867
856,46
2699,34
2518,1789
2517,744
2758,2587
1642,199
1747,3516
2344,667
3776,3424
925,3024
171,1113
3299,611
2919,1969
2234,3626
245,3577
996,2968
1525,2949
1281,2679
991,3942
2972,1568
1236,2449
1332,2927
1446,1888
1621,159
3469,2380
1592,1034
1655,843
810,2687
2932,2888
2534,2947
559,1242
3185,3161
180,1997
1848,2916
2330,2390
1513,1914
223,537
3727,890
119,1921
2539,2173
2794,2770
918,1292
2057,1250
3062,1968
1274,3298
1622,2311
2499,576
2607,3241
909,320
1690,3828
971,580
3902,3781
3931,1779
2992,1389
2383,1313
2186,3320
3384,1052
1756,3902
2775,1047
2765,1180
1520,2136
1381,2342
3368,1427
1806,1754
3654,374
218,1930
3307,2981
2690,2877
2410,1840
1737,896
2493,537
132,2881
3130,1901
3575,3178
1185,1603
3579,1745
1528,1618
2279,3022
1195,245
365,3515
1240,3387
1070,1619
2623,2861
3836,715
372,1201
3738,1139
3026,1733
1763,2923
357,3264
792,1855
3665,3859
3031,1819
1028,1391
2834,2603
1823,581
3643,1211
1582,1654
3128,3455
3438,1169
2863,2183
2534,500
3031,273
3696,941
521,2865
2976,3805
3825,433
3873,3398
2129,1728
3862,680
1831,1777
1135,2920
2597,2816
1011,3679
3112,270
2172,593
2646,2247
2222,3988
3110,1262
625,3527
3561,1796
1497,3388
970,2350
2622,3717
3529,1561
3719,2261
2587,3584
3006,1983
1543,159
1497,3350
85,1462
2668,3430
453,2644
1582,2532
390,2557
3232,2106
1339,1022
378,2725
2876,34
1707,2738
1945,1313
41,3940
1652,3878
2576,3837
2587,2806
2130,3457
3557,819
585,2285
2078,74
2889,1774
3090,2791
3888,2719
1431,2845
2652,1711
120,3522
3746,2544
568,364
345,491
2273,313
247,282
94,335
1071,3554
536,2068
2332,1450
2179,3779
2842,568
3567,990
2482,2468
1668,2504
2649,3629
3531,2475
1581,2449
2327,2299
232,3219
983,3938
2977,1219
709,3122
872,677
2582,3271
1534,1505
2992,3223
3695,148
1977,3314
1029,456
1348,3113
3187,2914
1635,3584
645,2365
2808,1825
1052,2475
2538,3392
1205,2003
1020,2875
338,2936
1633,3991
506,1906
1267,3989
474,296
1512,2214
2618,1270
2419,3079
1545,2757
1380,3651
1492,1740
155,2997
2921,2257
3467,526
2131,2882
3337,2791
2596,900
889,1984
3720,3991
2358,104
3478,141
3790,1856
3981,68
972,3744
3546,2919
1612,1799
2401,359
1647,1862
1759,1664
2094,2671
1273,251
711,3505
3773,3551
1443,3487
651,11
903,3417
2565,702
3228,2838
467,3933
1282,120
2129,623
1186,2247
2343,1452
3793,1859
164,3740
2849,3174
673,1287
3556,120
2130,2990
1745,1659
1190,2500
221,759
3450,2583
3481,220
2849,2511
434,3338
3515,2741
3554,560
1931,1324
3169,1366
3817,975
2690,3694
2216,3046
2369,1320
1154,1784
3249,299
3598,2814
2144,434
513,1197
1840,256
2489,3110
987,3532
3553,556
2834,2010
43,1099
1286,1256
2160,660
3731,2090
2363,1860
2990,2718
2406,1688
207,62
3678,1115
1475,1796
133,540
2296,3520
399,3814
966,3990
753,1945
3816,1172
1466,665
3376,3371
1919,1332
2959,1020
3680,3290
2293,2351
3759,1292
833,1958
845,769
1003,873
1787,173
997,1363
2950,2173
230,1722
2804,1696
1121,1294
3697,2026
1963,2744
3500,701
749,3420
2841,1406
1388,431
3732,2037
951,1656
3832,2068
1648,857
3428,1457
2491,175
3455,2309
2248,1817
2189,3339
2083,2883
3286,3258
2795,2918
851,3192
1803,959
3357,2159
1186,3499
502,2102
3769,2818
719,431
2806,2440
90,3520
377,1156
971,1565
26,439
2654,2734
3354,479
1840,1330
2698,2122
1690,1808
3179,819
2935,3812
1626,2390
2768,2487
445,2766
1933,504
786,1884
1729,281
484,754
3025,1086
333,582
3316,2275
3934,1994
2935,2700
3474,92
51,2908
2909,752
2284,1656
2942,3697
1885,53
240,2951
2291,2635
94,2980
298,3250
2770,3788
3850,2071
1760,1371
2818,602
905,312
1997,374
1561,2834
3195,2210
668,3222
498,1627
1806,3422
3408,516
1342,2768
1450,2152
1727,2131
2396,1895
1338,3694
1377,3085
80,552
2551,3304
3080,1273
1055,633
1016,1583
377,1559
2717,1646
3437,585
122,2828
806,419
2056,2595
888,375
462,1331
3922,3467
2848,2452
85,3654
3406,3856
2877,3175
3707,894
2445,404
2663,2870
1650,3245
29,895
949,3146
2659,1254
3993,2235
466,506
544,1827
2352,1957
1607,926
1240,2683
629,940
3227,1662
1526,325
2049,1197
3637,3806
1247,2526
1131,249
3275,3063
38,381
2090,1405
3744,1710
3252,11
525,3332
2056,2818
1995,2932
3449,2629
351,244
1672,2619
3196,2902
2083,3979
3844,3071
3396,1905
2870,747
729,1265
1086,1361
3597,1229
3255,3887
713,2871
1418,2970
2513,2289
6,843
3546,37
1101,2321
1220,259
1450,2797
1121,2065
2803,29
1510,143
581,3780
159,1080
1542,964
1023,2238
1961,2731
1447,1015
1508,1062
2986,3809
1307,974
766,1317
2150,752
136,1422
2162,2538
1746,3050
299,3256
3134,635
1898,391
3009,3751
2885,727
2817,3269
1555,872
961,2740
377,1633
3997,3248
475,76
1388,1658
2496,2767
3136,291
256,2114
3505,2801
3669,325
2032,2960
1845,1989
2260,2407
2185,626
1846,601
2896,581
1808,3646
69,3311
3847,2689
274,2866
1285,443
528,3993
2495,1469
2894,848
1978,2651
425,3022
1267,3906
597,3429
3410,415
1661,2805
3876,1780
3317,12
3147,2562
2477,1959
211,1538
1279,1626
2533,3326
2143,3201
2878,151
2927,1885
545,670
2002,3625
3594,146
1560,354
2578,3909
249,1836
2936,1011
3684,2897
2713,31
1426,3738
791,3984
3067,1111
2364,481
3106,2501
1720,1218
2620,2112
378,1926
196,1452
3459,480
3423,643
3032,705
3194,2301
1711,3288
3371,3676
2765,3159
2371,3116
248,2015
2997,1293
2669,663
508,1871
909,3464
2041,2459
2626,2450
22,396
1876,3566
1902,3006
2615,558
1643,3407
719,756
1848,2012
2835,2339
990,568
1770,1549
3645,2378
2581,2807
146,2604
2467,3649
2157,3018
3156,3414
1070,3873
2175,2799
3963,311
1628,828
785,3633
1315,157
1478,3495
1352,2708
2458,1890
2633,1172
3521,807
1017,3877
2642,352
907,3729
1647,2037
2333,589
1264,223
2673,3058
2907,3269
1176,3733
2454,3837
1545,3605
1744,1425
1818,1850
2281,2543
1404,3755
1526,3628
194,3206
1685,3323
1938,1043
646,2817
620,1604
1427,3665
921,2491
875,2269
3061,1463
2865,698
1982,2658
3247,1829
1264,2302
2695,1289
91,3125
2010,531
2146,2754
1364,646
1538,1366
3539,1134
3906,3817
1460,26
902,511
3184,2828
2347,1541
3673,69
2196,2631
2484,3476
3916,3837
843,458
2992,3559
807,2908
1646,3669
372,741
3225,515
2460,3930
2312,915
3161,1401
1220,455
3993,561
2721,3049
1362,2147
3910,2047
1957,1613
322,746
1288,1554
1461,1946
689,2109
1306,1774
1276,2336
1322,743
548,318
3401,3771
747,302
3466,1264
1832,2577
3669,1252
663,2144
2890,3569
364,686
268,3132
3571,589
218,2267
2073,1670
999,2755
1025,912
2476,2663
2028,1891
527,550
1155,1327
3466,630
504,3843
3802,1746
3743,1729
2031,3475
315,3392
1782,1468
2514,3408
3894,2732
971,932
3495,3934
669,743
843,3308
3309,2165
2577,628
1442,345
3807,2934
2918,3696
3650,3842
64,3712
3535,1992
1864,1858
2393,3913
3191,3238
1139,3533
2002,2148
3848,1794
1530,1390
639,3725
447,731
2061,3445
3655,3336
3446,2550
775,3263
3097,1849
81,3029
3443,3784
2366,121
105,1119
2284,3532
3248,3976
243,3326
1996,876
1936,3871
1049,3465
1680,177
131,1063
96,2280
771,1918
785,1484
3595,3775
2777,2703
1291,1433
2720,3529
1815,3972
2482,3528
1272,83
790,867
1531,324
1126,559
1548,2138
1973,1246
881,1637
1448,3939
474,2054
2783,2824
1390,3296
436,2680
2762,3621
2115,3618
326,749
1026,2881
672,2068
1060,493
3413,2324
2873,433
3047,2615
377,3117
1424,584
2920,1539
1547,2792
3405,2639
3879,731
3293,621
2284,3072
2211,810
2717,3668
2706,1048
196,325
3688,554
3497,737
1190,2373
2416,2886
1442,3588
523,2878
3358,1473
1192,1489
3109,2964
3907,2462
3391,2791
3516,37
1584,2006
818,2398
2705,626
1065,2052
2866,674
3004,2972
3833,2907
1186,3661
430,3026
1533,323
1092,1411
2052,2762
3156,1838
708,322
2964,2823
1383,1677
2854,1942
3573,403
260,1498
1130,3146
1132,1290
3851,1150
354,1784
607,2533
1246,111
872,3332
3066,64
1704,3506
3715,502
1117,3811
485,1129
1088,1222
3203,3919
42,3789
1053,2951
3827,3555
2385,2411
432,1399
3440,846
1321,2422
3510,2483
3117,1484
3767,3842
1527,2589
3629,2569
1021,41
1595,3335
2829,2346
2145,465
2080,2840
745,575
1481,1652
469,2087
2879,3148
742,3581
367,2971
1511,2647
1773,1540
3566,2359
26,417
933,2647
2658,1360
2522,1022
3190,92
3630,3839
3125,229
1493,2714
3614,1144
3279,2034
3012,3162
2979,812
2480,3437
551,3977
3326,2745
935,2657
963,2934
899,3937
301,2813
1576,1996
1379,1870
3216,2497
2018,168
1348,3719
3129,3268
3464,108
3946,797
2093,3752
2948,2566
111,3284
1274,1467
3978,1400
2251,2796
3409,36
991,3713
3980,3579
496,2769
1622,2275
3639,945
3894,1586
138,3472
622,959
3943,3116
2632,1190
1980,1974
1980,1750
1811,197
253,2305
2771,2790
117,1702
720,1470
2788,1612
236,517
74,167
1652,1737
1504,81
2222,1360
785,1999
3272,2884
1744,3535
253,3479
3246,3662
1044,1344
3000,2476
1430,3870
1121,3896
3615,3986
3423,837
3431,144
3836,779
1781,663
288,1219
1113,2180
2679,2782
3391,390
464,3522
1324,17
1918,3237
2013,3964
563,1300
3149,1921
1317,3794
3042,1372
1,2748
1681,3334
3901,951
2246,8
3703,186
706,3123
3785,2737
962,854
1897,1771
2602,2313
213,2526
3121,901
3550,712
3615,1971
1626,2809
686,252
2734,2996
2714,1516
1913,245
3585,512
2549,254
1105,3424
280,484
1064,3603
678,859
3144,3129
1979,1977
3840,3227
1248,184
2789,1886
468,472
1002,8
595,3343
3359,1477
2637,1772
2446,3908
3207,3653
1942,3421
1228,2003
2182,2993
2973,3971
1449,1637
3078,979
1612,3751
916,1859
824,2466
384,1985
10,3838
2686,3377
38,928
846,1900
2027,792
3789,1453
2410,3404
1721,313
2799,2994
836,3054
2437,3904
1735,1727
986,1058
211,973
1354,3777
280,3144
2175,2942
603,3826
2866,3539
3306,1143
1470,516
194,1755
1426,12
2424,3146
1828,2258
1249,799
269,478
3510,2568
1329,2125
378,3157
329,1082
2640,2998
736,1653
2939,2344
2778,2537
1714,3392
1276,1347
468,189
404,1411
1936,3763
3840,256
2970,3183
1850,513
1998,753
2425,3121
1608,3841
3169,3873
3711,1165
2905,1510
2909,3965
2136,246
1241,840
3644,1150
3018,1089
2719,303
1402,2512
234,1502
1195,2418
1749,1421
3516,3434
1647,3569
3968,462
2162,3319
3435,1344
1710,862
2147,1643
2900,2601
2869,2192
1067,444
3050,3498
138,1738
3631,1131
1318,1550
2724,777
3748,1740
3701,2936
2103,1869
1074,3860
1734,2993
1590,2670
1305,3487
1234,3255
2936,226
1474,1322
3934,2826
2926,2113
3030,1865
1705,2790
2161,314
1952,3474
3905,1850
2747,2675
1622,1278
2817,2776
209,2719
2042,3161
3147,2210
270,2492
683,1267
2495,3264
859,755
2159,1451
969,1075
620,2717
2112,3453
597,546
3876,1160
3338,2235
3158,1277
1651,2123
1140,2681
1989,565
1256,2463
1544,3414
3969,1552
2605,3858
2337,3081
2243,1670
839,2033
214,1224
1904,2141
2728,469
2083,276
753,3592
1171,2295
3432,734
458,2724
1084,3316
219,3162
75,2769
2519,2244
1446,653
1301,1062
3218,787
2252,429
758,735
1427,3091
3563,1266
2055,487
3346,1005
353,18
3169,3278
3357,2385
3280,3762
3072,3529
22,3909
1648,3267
1142,1944
2282,1783
3364,3473
263,3803
264,2099
809,2898
938,765
1797,2164
2584,1164
3675,3699
3490,3829
3457,3929
2639,1343
1162,3666
2889,834
3273,2261
1936,3614
903,1518
139,66
625,1728
14,2809
3098,1236
313,1123
305,820
1214,3010
1629,2165
2683,920
3060,1658
3822,1059
1304,1587
399,746
1691,2525
3032,1718
3921,3933
278,3652
112,579
3603,3729
1564,2270
595,2877
1937,569
2904,45
1710,3138
2943,26
469,464
3875,2914
1648,2589
2623,1188
308,103
3501,3807
3025,1592
2471,2701
634,3655
2488,3953
3074,12
1537,425
1421,2619
1761,3571
1624,3419
2624,2323
383,3072
2508,1753
1101,289
2503,23
3407,3152
2755,2955
1252,1962
1658,2151
2218,470
236,803
2205,446
917,21
223,3770
3356,2031
2171,1974
815,3263
926,2650
253,2909
2780,3410
3343,3422
1621,1818
1062,1633
1156,2695
1928,1594
2475,2091
90,1206
916,1005
3990,3760
525,2357
664,2703
1743,3512
2972,165
2163,1277
1164,2266
1567,1955
2122,1093
1464,2241
1677,1346
3061,2578
38,2505
3722,1004
877,449
3620,3597
3939,2473
1468,234
3822,2629
2638,1816
944,1386
2669,1466
1657,2857
997,901
3944,1549
3734,1678
91,2307
1238,183
2249,2165
762,2673
1967,2039
1435,3213
3164,2742
3591,3460
2186,201
3580,1767
3488,890
1196,740
3316,3536
1473,1728
2573,513
3413,3797
2444,3094
2023,2764
3819,2354
1014,3310
1244,3220
2635,3386
1255,625
1579,1173
1257,2445
194,3666
1569,1325
2854,1323
3653,3285
3193,2028
3364,2049
178,975
3265,2889
1181,595
3964,1032
574,2163
1793,2893
2153,2632
1314,2757
278,2744
1371,1002
456,409
880,1441
3758,2196
2661,3187
585,2101
3642,459
683,2196
3080,3610
1364,797
214,1326
3370,2054
3507,3154
617,2288
1710,2232
1376,538
86,274
1445,2404
1996,213
3802,1353
2287,22
3381,3543
3728,2447
80,3451
1891,2136
1587,2711
1642,3133
2839,3974
3520,172
2520,2946
442,2009
2621,3161
2862,2424
3000,307
2470,1135
723,2020
1776,1757
2459,2702
3349,1606
1461,1922
2145,1523
3291,2521
3589,874
1659,638
1490,578
2411,1880
1658,3861
2471,1544
543,46
2219,2509
2203,1393
1035,2687
1758,1623
1459,2961
3446,1971
3596,3966
1017,2692
1447,2516
2484,1576
2008,1841
268,3807
446,406
3778,3804
3406,2078
24,1067
3047,342
3889,747
3922,2776
193,2929
1305,1753
145,1437
1570,2436
1507,180
2044,680
1617,1185
2257,2971
2231,231
3730,422
3477,613
1167,1916
3512,3798
1090,2105
1265,1889
2297,3783
3358,1818
2091,1841
3772,891
2981,3135
2727,2943
3368,1790
730,3955
907,2779
910,1725
900,3234
1569,171
1807,2942
1415,592
253,228
1212,2208
3358,425
848,1349
2523,2486
969,1254
705,1375
1045,2797
3663,2369
3873,329
3367,19
2956,3430
3184,1741
150,93
1202,1042
535,2260
913,1732
3679,3146
3161,3026
1548,897
3788,427
333,3943
1389,3018
1932,3223
1224,1671
175,3616
2898,2983
380,2863
2851,2224
3285,2097
1254,147
110,3992
3779,1516
1080,1158
285,1768
149,2085
3077,2085
1638,659
582,2283
1167,2956
2603,1259
2038,3719
866,3370
392,100
2487,1698
3146,3732
1701,2768
2510,176
1027,1507
3102,1237
900,1814
1539,2100
836,3333
3127,1350
825,2041
1272,774
3149,295
1731,3419
3130,2118
989,412
2119,3352
568,1902
2024,2834
207,3926
3912,407
2666,3965
2215,361
2707,2028
1187,492
1616,2286
452,2485
1697,1559
382,2973
1983,2541
3488,3621
2178,3931
1145,3953
3692,1326
693,265
971,1558
3035,832
2887,2107
3226,798
2901,1958
3313,169
2428,3281
963,750
2735,2437
1304,1414
2657,483
707,3280
2467,102
3888,245
1613,2064
1197,1018
439,3353
1640,3530
2607,1609
2187,2739
2989,2395
750,414
2504,3731
3408,913
3443,3926
3719,1695
1628,889
1327,1974
837,2713
920,974
2403,3174
3861,1536
904,2916
2095,3346
1976,2447
3722,3675
3319,3241
803,257
2135,1133
436,2125
3623,2798
73,2630
1374,363
3608,2257
2367,3359
1937,1050
3763,2170
3417,3588
3003,2152
40,3674
246,2220
1566,3185
483,2427
1719,2372
1927,3952
2558,2648
3628,1924
821,3180
3535,922
406,64
2364,604
3218,1987
451,1248
1691,2632
579,3789
994,1282
3939,584
3898,652
1316,2315
3658,3223
2623,2451
3317,3358
1610,175
794,2208
3098,1971
493,3206
2536,741
2340,3626
1175,226
989,2910
507,2025
3931,1587
1585,906
1003,2719
2072,3660
3128,2228
2784,3884
1779,3329
2106,3330
957,3656
2624,3281
2496,3901
3551,2120
3418,565
313,133
1895,3270
461,1406
249,2651
689,308
2729,405
3101,2265
874,324
2508,1352
3015,2024
1047,2179
3273,87
1639,1702
1100,3516
2968,3057
1716,44
638,3872
3032,2303
1148,3262
473,2625
113,3209
2612,2876
554,2298
1477,453
2546,3763
1601,3260
3962,629
2397,1173
3924,286
725,3108
37,3949
2450,1352
1529,3461
1872,3902
3143,441
3743,374
2211,215
2829,3336
2986,284
1042,26
3511,300
461,2432
700,1522
3917,773
464,1221
1046,3832
1774,2156
1517,3792
3598,1271
3047,1954
2447,3039
1276,2510
2933,3608
3331,2731
1435,993
3092,1709
1802,3072
2289,638
3302,560
2191,2062
3769,2715
3179,62
3777,653
3779,1852
1702,927
3724,3943
2888,3623
1163,3868
264,676
3962,3412
536,3167
1020,1659
817,3980
3281,2490
3385,3586
73,1519
3171,3631
3161,548
11,2848
1116,2940
2314,224
3790,279
1298,3303
3856,2426
2622,3024
227,3502
426,3007
1770,647
3531,836
43,3842
3228,3247
2954,2046
2464,503
2924,3494
2625,1772
1484,1557
3420,567
1835,2819
903,3080
3676,3536
3497,2630
1416,10
3344,406
3845,53
1243,1846
3332,1717
3880,556
255,2779
1787,3171
1200,2605
3691,1412
3524,2133
226,3954
1503,158
3956,2643
825,547
238,1805
142,880
3612,2260
3426,2635
2874,3657
109,2366
1802,609
3363,1345
908,3971
3384,1372
1128,2896
672,342
1512,176
1285,2003
3711,3116
436,793
819,1728
3478,1374
1898,869
3066,3753
647,309
2094,3604
1588,663
695,1762
3774,2088
482,1139
777,3210
1471,96
2711,1243
3215,8
1678,3703
676,3094
1489,2863
936,2857
641,1919
2245,3998
1970,3574
3181,3427
115,1792
158,3762
1997,3816
2317,2847
2858,3667
808,548
987,1398
2373,2992
764,1289
455,2253
1835,761
3305,2981
3872,3740
1676,1104
3782,3748
3693,3199
996,3214
3348,3009
2377,3845
1455,752
2694,3915
95,3298
3393,2566
2969,3401
3686,2819
2196,3787
1612,280
2207,2821
3311,167
1316,3013
313,966
2343,3706
156,3714
157,3433
2908,2380
2033,3600
3782,1530
1715,2519
3028,3809
3113,1925
496,1390
3171,3354
2182,2197
3818,778
2013,1681
3246,3678
2572,1831
1565,2166
3917,3506
3727,1039
3582,744
2506,2737
2497,3379
3109,3375
2699,3602
450,2855
2852,42
3044,3581
158,313
3255,3186
2265,454
141,741
2767,2329
2984,1395
1140,1785
2226,3018
3889,2624
2863,3051
2240,3675
2168,83
1480,2096
96,3664
3210,1271
1451,3545
3237,2677
3792,3782
1006,2670
2001,2819
2134,2168
2823,2045
3059,3380
2018,3519
1614,3659
3954,2236
2150,468
3937,2924
3554,3713
210,2236
2609,2920
204,3812
1334,3552
2890,2402
3321,3847
3805,2540
3271,2033
2592,2562
2708,1273
1966,2023
3343,1502
1160,632
2460,979
2061,3709
1461,3734
2190,2774
3176,1570
1773,961
968,2345
3964,3584
189,1408
1344,2485
952,275
2961,3795
3744,2504
1128,3398
807,3188
3039,526
3109,1416
1811,2276
3150,504
174,1009
2322,3915
1827,2444
1628,1015
2624,408
3380,2736
3625,3174
1720,1092
2638,3555
3024,3553
1460,1121
3737,100
3345,3859
2930,2386
49,368
1621,1672
3422,1449
1809,713
1055,3935
1990,1434
1653,2807
3363,149
1224,3838
1579,3760
1444,1144
2053,2408
773,3659
1337,3890
3591,58
825,2238
2090,3152
2466,905
2549,3035
1962,2985
1055,318
769,615
277,99
3538,3591
1409,256
2433,1374
2829,1134
2604,2330
3544,555
258,2355
681,1572
1790,2938
1154,2118
1638,3301
3172,1623
2460,1454
553,2436
1889,917
3087,3768
68,63
156,2854
1778,626
2814,2596
1644,1091
1679,3624
3701,2798
3662,1172
1508,3609
2095,2399
1764,3253
3294,1436
2843,767
564,732
556,2432
2304,3381
3969,1953
623,1473
229,2900
2244,1419
3106,3648
559,3135
3413,921
2536,1509
1109,2390
2037,1148
394,808
507,1880
2317,3933
24,3526
2643,3286
3676,2522
3213,238
3276,2470
1418,2739
3803,2949
3513,2755
2772,2425
41,3289
2626,309
2733,2764
2927,1461
469,3666
835,2739
2337,2189
269,704
3698,3298
3270,1151
2701,3231
2417,2298
671,3035
3712,720
3907,594
200,3288
873,3412
966,3682
1231,788
3719,1974
1339,47
2224,445
3240,732
54,1411
1653,889
609,720
3719,212
3574,2321
810,1320
2349,1917
3523,881
1593,2429
21,3034
3512,1395
2916,2986
3975,433
3107,207
2387,871
1870,879
1961,1735
2835,2733
2387,3498
710,1613
632,1988
958,1038
1309,1545
1131,1137
1583,903
2384,3977
2778,3599
3979,1321
513,3563
2488,997
1885,1418
2326,3188
1847,2503
212,2291
591,385
1521,491
2109,53
3925,2135
1183,1449
3036,2250
824,3324
3205,2291
2225,756
1642,2707
4,3398
3456,2052
3586,3844
2046,661
2932,1196
433,3790
1946,3541
2717,3806
3044,3295
2594,2230
2902,2026
2341,3790
1674,2815
3234,984
1845,3146
510,2302
3028,2690
797,2570
401,2989
2357,1107
1958,946
2018,2386
217,3481
1078,3502
996,2656
3947,584
1093,3899
942,1141
2110,2528
2058,3464
2641,2921
3013,76
2061,3615
2207,1887
3938,1897
2339,674
2853,548
3743,566
992,2115
2912,40
2610,3546
835,1664
3463,3432
1900,200
384,3269
3001,1319
801,3082
649,2112
1620,3359
2966,3299
1142,1152
3277,1156
3971,2155
3938,2096
3583,2684
3109,1775
1162,3900
682,67
2278,3830
1634,2286
978,2756
1062,1321
916,312
1302,3405
3580,871
2226,486
3328,3567
567,3668
868,283
3404,291
2670,870
2154,2160
1257,2762
2832,1822
3452,1217
797,1324
3274,292
3978,2239
479,941
1367,2151
436,1116
2215,3491
1517,3987
1123,1756
708,161
3936,118
839,1001
333,1654
915,1432
3927,3229
50,3388
1793,3563
1555,467
2573,1358
3017,3789
1458,3075
993,1829
2764,1420
3930,1207
970,3840
3537,202
1877,2153
3936,3767
450,2931
2451,1766
2570,759
1972,3459
1867,2295
3212,3551
1882,3746
3728,700
3257,2910
74,1256
191,2791
204,980
2891,87
2086,1733
3643,3083
1208,2552
1252,3560
960,1343
2847,2543
78,3352
984,3721
375,1810
1721,1095
3747,2732
3502,1184
3808,796
2316,1062
677,339
2139,2950
713,2634
3068,3548
817,2899
1518,3932
3747,3633
843,1115
2236,413
2477,1623
2772,2880
962,3863
2241,1124
1748,2697
655,2606
2709,2821
2340,3573
758,2809
3004,1385
2465,2512
2871,1560
784,349
2712,930
843,2156
1426,2869
1797,3123
3434,259
3097,2813
1250,2327
1575,2491
3381,1703
1736,2696
1853,1666
524,778
2065,1433
3318,3190
3903,3385
783,1361
3617,1429
2892,3540
3773,2621
352,3570
2662,492
3849,1277
3337,3479
3524,3975
1107,2212
2305,3332
3517,1175
2850,3165
882,2175
1696,1734
3686,2924
3040,2959
314,1417
3994,3380
2759,3688
4,0
2187,1308
3820,97
325,714
2353,2667
3962,3167
2563,2858
3747,3292
1892,236
2231,368
1785,875
1286,2578
1615,1762
1631,2023
3355,3404
1504,1866
989,3258
2124,1903
3994,1405
1795,2651
3220,1600
1882,302
10,2974
3451,3846
2213,2295
3176,2977
1869,3336
1590,2738
3638,3209
2744,2199
1660,1855
864,3978
1386,251
2154,879
1399,1019
3388,1810
3723,1168
3053,439
2403,498
2672,866
190,891
3686,2962
1188,2214
3110,2669
2305,1667
0,2422
891,3041
2795,1882
1732,2984
2728,1153
3328,547
1618,2590
2250,1049
1069,3703
437,1149
2174,1633
3960,2251
1001,2195
19,3627
826,1156
1200,2466
2136,1260
681,521
1307,3917
813,93
72,705
323,2790
3623,2183
1035,2892
2439,942
3163,2649
2949,1190
1993,2188
1088,1250
3259,2280
3570,563
1191,2836
3215,1448
3054,450
3908,1450
817,2161
3255,1181
1418,2795
1486,2560
3555,1618
2766,682
3300,65
3826,1833
706,430
2574,1157
126,1811
2436,787
416,2271
947,1261
3777,640
363,2474
683,242
3806,696
1062,1428
1716,115
1839,2819
55,3595
1295,3753
265,756
3785,2572
1696,2237
2602,3707
614,2303
759,2993
2597,1272
1288,2584
271,2624
2484,1910
232,1157
2197,960
3761,2087
1896,2525
1357,2137
2102,3905
2279,2201
2393,1404
1475,2521
3645,923
3511,2661
485,1667
3720,113
721,602
451,1184
3117,2264
3274,3786
182,3540
129,1924
2057,3277
420,2636
717,1083
3337,3022
619,3408
3066,628
1201,2190
2606,571
95,3942
658,3095
3004,3386
2116,2727
1844,1200
262,971
3240,414
3046,1179
3874,2566
3000,1063
2827,3541
2363,3557
2196,276
877,1448
161,427
3132,63
1527,865
2031,3285
1294,2855
1792,3132
3798,315
1677,366
2761,3450
2636,439
2610,3645
330,1581
1340,608
673,495
2149,101
30,1890
411,3059
3789,348
2598,3164
243,1154
1739,281
2388,3431
1325,1123
2490,3174
2483,3777
3471,3796
3534,1163
718,3133
1061,1304
3941,2942
406,3552
1810,814
1900,3409
3573,2416
3851,98
1324,1166
2922,1107
3024,3556
263,2618
3907,1755
1012,750
1421,3568
3533,2998
2112,3641
2284,447
1759,3671
2626,2853
1460,3383
2594,762
3106,3986
31,967
3351,943
552,2813
3998,2556
2910,647
7,3869
2659,3663
3829,2368
918,3378
1943,3919
931,3471
1600,3165
3710,3634
358,117
2544,1611
1097,2507
332,881
1760,1025
1184,2416
2291,1557
2582,3759
1531,2618
975,3124
3029,2185
1152,147
932,3152
55,3023
1139,3315
2640,1457
1384,1001
3115,2949
3796,2749
128,2708
2959,339
937,1987
1225,1673
3451,3238
3021,3504
1302,3683
974,2319
2396,2455
2935,1353
2852,890
1174,1049
336,3313
3672,1228
1199,2355
2897,1073
3758,2296
1072,2968
2838,3155
3040,3918
123,1187
2938,3119
3668,241
1198,2069
2685,518
3291,606
493,3550
3888,1556
262,748
1625,979
2479,3042
1094,2676
1859,3367
1828,200
390,856
3426,366
2511,1205
1577,3577
2979,651
3061,475
1564,3833
3269,1712
744,942
106,1210
3041,2586
2748,1589
3834,2200
3662,3963
1862,2368
3612,3308
1542,3802
834,257
3836,1138
3371,2604
3202,1310
2277,2426
490,2369
1291,267
528,2312
2941,2214
3642,3895
191,1053
538,3328
1814,3182
2306,310
2794,982
387,1700
2254,616
2701,1350
1062,2379
1233,2712
3978,2689
1925,3227
2808,1909
2266,1814
820,3120
2362,247
436,3737
232,3896
1303,1321
2444,3967
1098,1275
239,878
842,355
2275,2799
1100,3825
2230,2076
377,2529
3698,3341
2383,2851
1202,658
1001,3268
3431,2891
1404,1106
416,1886
3807,919
129,583
699,3083
2332,1223
1445,419
613,1470
3965,3502
51,489
2121,1843
3373,726
2258,2626
914,2480
2744,2005
3367,3560
1917,3374
2338,143
3624,684
3918,3672
1697,1365
3155,3057
3029,2317
2031,3154
271,935
2845,3821
328,647
3325,94
1816,2579
2884,2463
3173,597
1758,3056
670,69
1577,1703
1271,871
401,1227
1380,3659
3639,1058
3866,148
1965,667
1932,749
520,235
3048,384
666,2509
3649,3874
3855,3102
773,3661
3210,3508
230,1383
995,2273
1440,3807
976,1979
32,573
1784,684
2803,2149
3274,988
130,2134
1331,3475
1397,3021
897,1529
873,3897
3095,2712
3526,3272
3189,3644
3834,2081
2423,1485
2676,1298
3693,950
966,246
1059,449
1410,303
905,3038
14,1282
336,950
2082,3497
2609,804
3365,953
1475,1163
1128,205
3133,2297
2352,651
1357,3385
2672,3616
2671,185
2515,1398
3211,3959
3497,3600
1877,3214
2047,3677
1722,607
3503,580
1851,3254
353,3496
2729,1127
1791,1402
541,1785
2709,1737
2295,655
102,1790
1800,1025
3997,267
976,37
2268,737
780,2353
2625,429
709,188
446,647
3517,2343
109,1275
3804,3414
924,600
2469,709
3855,546
20,3104
1073,2801
1592,1656
1377,939
1938,2972
2671,376
168,1957
3798,3657
174,1161
3959,2421
2996,3130
1850,81
1030,1094
3207,939
2359,925
2969,3766
1310,3592
652,3228
3989,2946
66,2890
1187,613
2464,3244
1993,1371
3538,2436
3634,1221
771,909
1975,1048
1951,1732
1834,1205
1006,2233
3152,3095
3160,2489
423,2283
1333,2513
3955,2163
135,2580
318,2097
1353,3297
1792,3679
240,3742
1061,3161
2443,550
3941,976
1853,610
2846,3558
1715,1746
879,3604
2746,3142
3770,3646
460,2735
3693,1011
2262,3493
3471,3148
2533,2712
1563,57
2443,685
583,3941
575,831
1018,1264
461,3612
693,3266
3977,3542
2398,3488
833,2374
2050,2682
3689,591
2348,609
981,582
2674,379
3319,2952
809,3496
3592,1133
2953,164
822,1673
2907,1781
2544,3690
3054,1250
3756,465
48,2372
60,3214
3042,1330
2677,919
3421,3051
2176,2994
550,3081
3132,418
2868,2945
3250,775
26,1050
2412,3934
3469,866
270,3028
216,1165
3483,3930
1382,1992
1414,1525
3722,82
3725,1800
2008,3755
512,1147
3361,3096
2043,3009
1837,1905
3613,895
1668,2922
3841,1298
3363,2541
3317,1521
2213,2384
448,1708
1802,1836
1212,2117
812,2315
1985,1285
1264,2698
2119,289
26,2557
3945,2537
3777,3625
1837,1024
3889,296
26,2957
1777,2502
417,1495
765,470
2662,215
1523,253
2154,533
2649,2572
941,3239
3598,441
3878,428
105,2888
1229,517
1407,3726
434,1027
2687,3723
1227,1440
3953,2982
2753,1442
1002,2167
1641,2169
1312,3797
2071,2399
1985,1924
668,3651
3514,2287
778,1251
2446,1903
3197,2936
1045,926
1061,1001
3626,3087
1387,1754
567,377
397,1545
3426,2929
950,3698
3882,2551
2746,1403
2954,3519
781,2564
842,3765
3063,2381
3664,1181
706,2128
568,2195
321,1679
3532,628
2220,3521
1433,2393
1041,426
291,1984
595,308
3839,268
3504,1208
54,3768
1048,980
234,3547
3357,707
3648,2199
2833,1558
3607,630
1368,103
1666,814
244,1063
3839,250
1108,1701
2880,2609
3601,61
1807,0
3524,1019
1349,434
1233,487
3852,1079
1385,2382
1672,17
3808,338
3397,1665
1337,3087
1021,3983
940,3500
3961,2993
918,1430
1524,2654
3177,317
1515,955
1122,1879
524,796
1982,549
1585,3784
3974,84
3687,786
2233,2800
149,1
28,3772
2253,754
1370,1979
2873,2923
575,2081
2410,289
2967,3118
2288,3395
3708,1323
2093,1304
821,1724
805,3042
3115,3563
2822,1906
3955,1939
3177,2969
2959,294
605,188
3999,1608
3912,3021
617,506
1756,2913
3579,758
2740,2017
3746,3841
2878,3293
590,367
3819,293
1494,3719
2158,1051
1111,500
1225,2576
1575,2787
2905,2027
2958,318
1995,3968
349,3959
3931,2899
1565,2434
517,1426
1788,1307
239,3111
1272,1194
2034,2571
3175,1892
2903,3736
847,1115
96,2445
3416,472
3897,1635
143,3543
701,3477
1854,1477
402,1313
3532,3949
3482,2473
2928,1773
1625,1232
3617,1264
3741,2272
3981,1262
1534,1700
2435,2218
882,3444
2529,1063
1819,1578
2477,1627
2862,2628
2267,3822
2367,2966
121,536
3950,531
882,243
1234,1087
131,1934
783,3194
1890,1420
2767,2552
2470,624
1572,284
2783,455
2515,3524
1293,1703
1563,552
3966,999
1954,2339
1290,3009
3184,2429
1151,2796
166,3564
2323,1587
388,2345
2535,855
831,411
910,2179
3331,2102
727,2718
3919,1596
2197,1401
1550,2172
1851,1611
2516,2878
645,3860
1639,1991
2228,1060
3002,189
1765,3242
2038,1649
2786,2706
1242,3040
1286,1393
1178,2719
1675,1644
705,2517
23,2837
1368,36
119,2265
671,598
2631,3972
2825,3428
716,1727
3561,1890
1544,2347
2013,2156
612,3642
3834,325
3203,3822
1190,1033
3679,1072
115,659
2574,2848
261,476
1941,3824
3421,360
1457,578
2256,765
3447,1064
782,2693
1097,3834
1258,1887
1662,2398
1843,1279
2562,2477
2580,1758
1108,165
1731,924
2335,3267
276,3722
791,977
1866,3622
1005,1653
2786,896
124,3967
2415,3830
3452,3833
325,2750
861,3669
3458,2318
2810,153
1594,1503
3655,2219
730,779
209,3606
1065,319
2634,474
549,1576
3507,2942
1769,338
3344,2458
2301,2842
1079,3116
2786,3869
2058,876
3433,1333
3476,2981
2033,3188
1477,1528
864,3002
2198,1287
1736,81
321,3432
1741,1453
2154,1422
1616,3853
2628,54
1102,2469
1687,1308
3153,830
1423,1947
2547,1485
2884,904
3425,2254
3411,3602
2405,718
2960,1947
3165,1864
634,816
1494,1499
948,1341
2952,1129
2682,2718
1532,436
1201,3364
633,244
858,1676
2548,2588
1631,1178
400,1763
1751,2992
16,2446
1090,106
2370,2678
3813,1563
2401,1664
3761,2978
339,1425
0,3037
1665,1995
670,2711
1089,3146
3525,641
1551,3486
1183,3305
3604,3323
1780,3548
2686,1787
755,3683
219,2831
1692,1647
3045,3463
1394,911
3788,1914
594,441
2763,2800
1097,58
1404,3948
1911,2126
2382,2418
2767,2044
3392,917
3552,2669
3415,3699
3232,1236
2048,3449
356,1790
150,108
1880,2239
1511,2548
1161,66
3775,1283
2251,2011
3947,3014
115,1306
1806,32
490,789
3468,3300
3914,1360
3895,3419
427,496
1960,1893
1233,1682
1098,2520
1319,2032
144,3489
2184,1785
2676,3389
3128,3093
3043,3580
1914,1107
346,2215
786,1891
2536,3256
3786,3357
1367,213
3800,3663
2995,1211
1208,3885
1907,2312
3110,1333
2885,2
477,440
2360,2536
976,135
801,2629
2376,3258
3210,1881
1169,3102
3112,1938
1675,2212
2352,3925
1031,1015
436,1362
606,1909
1018,3197
3094,3395
1729,3935
1016,1437
1000,2665
1045,3885
1096,489
1203,2646
2360,2705
2282,1786
3688,1403
97,2359
3970,931
3683,828
2416,2040
225,1084
2526,1980
33,2682
1571,2573
1118,3345
1225,2540
2389,1210
3958,3182
3337,3351
2138,358
489,1439
287,3665
3797,146
2864,1103
1604,2174
2209,3757
1244,1243
3439,3271
448,1699
1585,2172
2325,1127
1444,2217
3864,686
2041,2440
12,1961
671,1795
2349,190
1986,3142
484,735
3514,1382
1776,525
2901,1544
2598,2388
3306,892
105,3809
2627,1291
29,389
484,868
1500,505
1505,2406
1599,3922
303,1204
1749,1652
3915,2745
815,3733
2579,2751
1049,1883
2268,147
2084,2980
1530,948
1911,3740
1119,3089
1146,3342
484,2700
864,2837
2959,1162
3993,2304
1059,1408
3104,3646
1406,2760
3891,616
2561,3938
2879,841
3845,255
1630,1481
3150,2389
2579,3784
2997,273
3014,3805
1232,2870
285,2429
200,2863
805,1856
1355,2345
1500,2762
1102,2453
1807,1919
3948,3731
235,3201
3864,2421
883,928
1117,3276
3036,3080
2575,3858
1090,1960
1068,2600
1782,721
1742,3359
936,2098
914,605
728,200
869,837
286,2093
1240,79
2059,128
2439,1959
714,996
3966,854
3403,794
1557,1382
3871,2593
564,2288
883,25
912,1538
1416,1182
2442,2743
2074,3136
2424,1451
1960,3809
3772,1986
368,3879
911,3652
3431,1925
3849,2361
723,3338
3179,626
2704,3382
3014,2736
644,1128
3126,3577
2706,3908
2695,861
1799,1947
1147,3764
250,1995
1341,223
3818,1056
687,2030
3673,509
2008,2213
2092,1263
794,1204
2379,532
1250,1944
921,916
1268,1325
534,3917
1588,66
2928,3486
2885,108
102,1632
3890,562
2066,750
355,2677
2556,958
3412,1207
811,1299
614,1908
690,2548
2127,845
2716,106
619,1183
620,2990
341,2718
3333,1912
24,3252
2086,692
1763,3586
978,1878
3227,2624
733,1106
3096,2988
3974,3666
2542,2125
2015,148
2922,1215
3470,211
1805,1873
451,697
709,820
2045,2530
2228,1295
1714,3898
3996,1438
1481,1718
2100,3708
682,1629
995,1088
3308,3776
3859,3684
2225,633
927,1216
640,3231
2869,1480
1067,3530
2100,3347
2925,2648
3717,1030
2353,1764
2547,1716
665,889
1683,610
3723,3434
3517,2705
506,2961
2342,2174
2310,1492
2803,694
1976,1906
2527,3154
185,47
2435,2562
419,2658
3648,1177
357,2167
98,3838
2581,96
2318,389
1386,1111
2560,895
1050,3033
1479,1686
2808,503
2016,3648
1896,1300
2132,1170
3897,3855
2444,1817
1911,3995
1196,2152
3757,1665
1680,2777
3708,3663
1105,777
1014,966
1522,1945
3268,3301
3122,1455
2069,1839
2827,3980
3248,2675
3695,1519
1174,1146
1245,350
2081,1187
2858,2759
2615,1010
3323,91
1458,1206
135,2594
3404,883
3982,2479
3100,2906
3909,2381
1063,1003
1868,1193
2967,1474
3376,2640
3887,3810
1852,2197
1086,2875
690,490
5,3721
2242,533
2793,992
842,1939
2063,3285
2888,377
944,3372
1192,3077
2893,1975
1813,2485
80,1829
3900,205
2705,1054
1535,3774
2121,3491
3273,2715
1228,3793
2303,953
3548,3484
1832,2729
134,38
1230,2532
347,929
2007,3800
1698,1577
2738,2975
1646,2105
9,1297
1778,2776
768,1661
480,3685
2269,1215
3040,1073
1509,1021
196,3979
1029,3637
2951,3737
929,1860
3605,643
1198,1066
1340,563
3656,1668
2707,2181
552,2623
1926,3835
2020,1269
3199,3115
3006,555
1590,2666
3601,878
1778,2666
2240,377
3998,199
1929,2970
2868,1975
3346,3524
3386,421
3843,1044
1074,262
3469,2335
3984,1920
3795,763
2836,1441
1541,1726
2019,3641
860,2743
3464,522
1168,2790
2371,54
1239,3383
2687,2158
2221,3327
3687,2159
1601,3128
1253,3735
1102,3226
1294,3625
486,1865
1081,2773
716,3929
1445,1682
1251,2116
2326,3823
3465,2921
422,1058
3787,1501
962,3262
2055,3421
1957,358
3683,210
383,2973
3959,2465
1554,687
3284,2170
936,3078
2103,1796
3603,1103
1963,1370
2599,408
2022,3182
3400,3115
3376,3069
586,2666
68,1165
3375,62
2392,1599
3871,3487
3465,2838
3771,3396
3267,357
1518,702
518,3322
3230,311
3719,3962
253,1966
3185,3685
1096,1400
2560,302
3722,3305
3378,1141
2225,3495
3246,1412
1686,2543
3071,2842
3091,1793
3696,2461
2859,1419
3162,3640
1173,869
388,513
133,1439
2192,3825
499,3951
439,2277
1913,342
2884,946
1971,2022
3054,3976
130,2077
1315,2329
1093,1867
2954,2822
1340,2412
3643,260
1536,1498
3379,2027
2641,234
3981,3894
3882,183
1589,2414
3216,3479
474,1228
3534,1231
1454,2904
3217,3964
3572,2479
3299,840
3128,263
3543,2404
1900,2931
2245,1001
1200,3522
3145,3477
812,166
714,1619
1324,2414
2710,96
3554,282
2955,1387
1536,1488
906,2818
2206,1761
277,3537
3368,3415
3335,316
178,446
2879,3037
2170,1567
1808,2820
887,309
435,603
2800,969
488,2248
1656,1826
1225,2843
3926,2150
1937,79
1057,605
3225,444
3851,3143
2982,570
1721,27
3771,2185
2999,142
1264,3369
1616,2377
2194,2982
3714,863
2985,2411
2452,2175
1826,3259
331,755
1562,1488
1779,2007
1670,1303
3719,1589
948,1715
501,3262
618,1166
3807,1810
242,1016
5,2871
717,2697
2614,35
3494,1587
3710,1401
1297,1940
2198,3973
2661,3725
3894,3827
1328,3081
535,1652
72,2234
2784,334
3828,3857
3691,778
245,1167
3745,1453
375,2736
1624,326
1408,3620
708,486
3334,2747
502,3741
947,3186
2196,2374
897,2937
1506,536
3169,295
239,3850
2035,3362
90,2738
2258,402
892,3278
3306,72
2944,2817
2352,1879
3956,1931
1578,3205
456,2620
2078,1695
6,3161
972,809
2316,944
1694,195
2350,2046
3320,721
2361,1454
3363,200
3397,2323
1614,2438
1114,2501
1159,450
2551,1688
844,3942
2443,2643
2454,1610
3462,3665
1296,2316
1027,2274
2318,2442
3750,678
379,3183
1518,1786
2438,3660
2171,2023
830,76
514,1572
545,1894
2363,1514
3836,2902
1513,2992
1488,902
588,3532
2043,934
2846,3321
3750,1702
2507,3351
196,37
1273,3260
1194,1993
829,1847
3220,3020
1195,1120
2386,1249
286,1320
3593,405
1915,978
740,3654
2253,3015
3338,87
3949,3777
1339,1523
93,224
2506,2369
1946,2
345,418
1106,2579
3719,3131
388,2976
1871,521
1193,3376
1526,971
3846,1346
447,3037
297,3968
2665,1298
3373,2528
3730,363
3902,2396
1142,3727
179,1935
398,691
654,850
3576,2743
1533,2983
3537,2585
3791,1600
2807,3165
3558,2007
688,1718
2460,3300
1820,439
3852,1567
1556,1685
1781,3024
2849,1657
3348,3083
3499,160
3233,3228
3621,1806
1883,1915
2313,222
70,1547
3562,2096
3100,2274
1292,2833
1226,344
1478,796
1255,140
191,2612
394,3810
1113,3762
1348,2267
3053,1140
494,43
1950,3951
1602,1531
2403,3437
436,3325
3702,719
2556,3504
420,3342
3848,1571
348,2947
3765,3320
3236,3290
2091,1022
2025,640
1217,701
3918,2916
1159,369
18,691
3306,3259
2592,1222
3905,3480
2835,3339
2367,3560
569,510
3613,1370
334,317
1062,673
2000,354
452,2189
650,2104
61,708
2779,3181
264,2545
1873,2974
305,2467
2863,2942
675,360
1675,1336
1075,1434
2906,2431
3589,2166
166,195
97,2751
3958,2398
581,3116
1064,1486
770,3444
1512,301
135,2230
366,2944
1248,854
2608,2226
3397,1636
2828,1693
562,2086
2007,2500
2599,2354
3731,2833
2785,331
1712,1026
2904,564
15,1378
627,1580
1021,1895
381,3751
3274,1776
3227,1074
3368,1186
1212,2673
942,622
1008,3442
1201,3461
954,23
313,841
1944,598
2432,2728
2395,851
88,1278
387,1347
1205,3382
39,3175
2395,3421
985,3435
1663,2563
3670,476
3329,2057
379,3430
1365,3453
1804,1538
2713,981
908,922
19,655
3261,82
1041,2959
1941,3490
3224,1001
1519,2815
3874,1701
3619,2450
524,622
1466,1230
2623,1750
2415,1443
423,1010
2501,1288
3937,2869
2414,914
2085,86
1646,1839
2145,2544
101,27
2432,30
863,2221
2499,990
3468,3378
3160,3901
3340,2628
275,3196
1436,2013
3635,1669
3891,1156
3127,3324
3326,2850
3411,3289
1877,1317
2982,2402
2897,1668
118,2698
636,452
2003,267
3929,3861
1672,3253
666,1437
756,3839
3413,2404
3532,1408
1843,2660
2792,1655
2549,822
2957,3570
61,2497
508,3714
573,1861
3773,1824
1236,231
1050,1040
2248,3803
3875,101
1382,1307
2852,766
2775,3351
2193,2730
1029,3076
3003,2330
3413,1359
1973,3794
2652,3820
61,2161
1874,130
3870,3406
3312,2281
3501,767
2463,3567
3299,192
1125,3324
529,416
1046,73
815,730
1900,3450
664,1811
2730,415
2049,898
1234,3913
3330,630
1785,3393
1842,816
3577,2345
1066,564
977,3099
2514,902
3913,1522
57,3798
147,1936
897,3547
2190,1816
176,1837
3369,770
2051,1332
1367,2341
1573,482
2711,2455
1351,2971
3178,2198
17,1740
195,2146
3804,3374
2879,2392
726,1114
227,3651
2525,2142
1059,3088
1765,2613
3185,3373
2977,30
1036,1283
1479,3906
3677,351
3957,2055
2702,3003
1209,424
572,3447
2205,1800
3552,2397
1166,1232
3340,3587
1629,3392
1145,3017
432,3039
44,3457
2840,1503
1318,647
2596,1685
3307,874
362,1583
3187,2562
1429,2114
3582,2365
362,89
614,3842
3487,3309
1995,2662
1209,1312
2518,1862
3799,1416
3715,272
1584,1413
2102,1360
3613,1689
681,177
2656,3261
339,999
91,1264
3240,937
2546,2498
1344,28
316,3674
1591,3292
1054,2034
1172,947
2111,753
2216,530
3017,3306
1034,1789
824,380
2894,2428
3190,85
2810,3292
3673,157
2279,2095
2452,2546
3284,3473
559,1363
3957,2882
3059,484
879,2770
2863,3389
2891,632
2417,3236
2139,3467
2804,2428
422,1247
3400,774
2792,2446
2048,1111
1092,2144
1910,2901
2308,2595
3167,1951
1625,3770
2857,1178
1335,2019
1078,2739
242,1874
821,3016
461,1809
907,1891
1193,263
807,3445
1966,2088
711,8
3195,1468
1908,2075
3361,1736
578,2454
3945,1811
2511,2542
3336,1754
510,850
3674,2482
849,2745
2407,3138
1811,1615
2400,3854
2011,3104
3113,2554
546,3916
540,1824
637,206
1842,578
188,3608
1557,2512
370,1510
1438,3005
2879,182
3850,2241
1767,3806
3019,2846
2691,1968
190,1341
1007,969
2056,3809
479,1235
3449,1689
1930,392
2294,1476
2259,2163
2329,1369
1604,2176
677,3162
936,3141
2510,2894
1013,1580
3288,1380
2590,3179
2648,530
1615,487
376,1774
288,1707
3382,1161
2104,2558
977,114
3433,610
1403,2657
2971,711
2,3289
235,3204
255,3953
2636,3008
1622,2918
2693,3161
3593,1922
3503,3985
2188,3783
583,3455
1263,648
3078,2907
13,2172
1535,3996
1319,2206
2285,124
851,1617
2300,566
2019,3788
3494,3644
103,2798
1124,513
3711,317
3189,937
463,2709
1334,3796
472,2378
2349,1277
294,1952
3855,2725
328,2223
1940,1261
2055,3441
2303,2205
378,2306
1274,2873
1165,3865
2399,3228
2810,409
1747,3616
3245,633
2947,3161
2616,1170
1964,2606
619,597
473,602
3572,2424
3985,3589
2593,2025
3119,2004
631,1517
3306,1713
1486,1000
3983,1782
2968,1435
3062,2025
574,605
403,3510
3413,1232
1272,20
514,3631
823,1795
2449,3233
1665,715
3276,3076
2217,2037
1667,3486
3438,2088
1739,2231
3565,953
759,1217
1902,1432
464,1643
2975,2834
1771,3176
1207,3239
3049,1181
1899,928
1515,516
37,2848
1575,1839
3702,1476
2431,3105
579,1849
3054,3287
1857,2831
650,3256
2526,1491
2558,2361
3355,2251
3829,3419
495,1318
2280,2107
2572,1137
40,767
1239,1100
634,1631
3323,26
3411,3904
3161,823
2387,2500
3019,298
2143,1096
1836,1146
535,2816
2094,3886
78,3681
3987,59
3741,524
3064,1778
2402,2585
14,973
2080,2608
233,1095
2280,1583
2658,1939
1033,2735
3657,3489
2649,3550
1110,3757
1861,3545
1383,2114
1249,2101
893,65
1554,668
3752,2571
2661,3709
3264,1907
1440,3027
64,1584
1644,2401
173,3607
2551,2946
1089,2884
1113,3745
3318,297
3480,213
28,3287
3675,1354
1765,1866
3647,468
793,1664
94,1540
2295,1608
2675,2036
2326,725
706,404
233,1213
2474,3979
1996,1305
1705,1463
1779,930
3456,3254
265,812
2692,1912
2825,2146
2559,1312
520,795
380,3163
2568,1775
2844,2787
2697,417
795,800
79,862
3199,1748
1602,2909
2020,166
2979,124
1831,2244
3572,15
3252,2502
1555,935
1757,710
2734,58
148,876
1382,3848
208,1776
2911,481
399,3043
1125,601
2967,3749
1038,1318
1898,2269
513,1764
2936,2583
1892,571
134,1526
3778,2527
1641,3019
530,3257
1138,3372
703,2585
3417,3258
3879,1881
714,328
3462,3246
1630,2534
3622,2305
1368,703
3682,3544
3790,1115
331,407
3119,751
1688,660
2541,2173
321,3684
727,1626
1008,2924
2495,1893
2330,193
2656,1300
265,2940
1004,92
2192,3773
700,800
479,1274
1931,2450
2060,137
2774,3126
848,214
2070,1817
1981,1989
90,340
3866,635
3216,2417
2633,279
1078,127
330,1718
475,1582
1834,3222
3280,3674
503,2937
3661,2844
100,3030
1028,751
3602,2517
2164,3
2470,276
1572,2204
3723,2645
2346,3129
2194,2894
1363,362
2840,2564
2602,3807
3569,1193
894,3578
3481,1768
1791,1817
637,3159
1556,968
716,249
1182,1630
449,1469
350,2730
2911,1296
1087,3815
3348,1112
288,3700
746,595
1606,161
3188,3838
2797,2370
1417,1459
2008,2984
2704,2883
858,1688
3070,3722
735,1854
1920,1053
981,2743
1923,670
1222,3180
3449,2886
2177,2522
373,3759
3670,1453
281,3737
1050,3813
1132,2624
2457,716
2448,2384
1088,2310
245,248
3416,593
2062,1845
3518,669
544,3945
3647,3103
1047,3219
3389,1548
2808,2333
1283,1758
3631,856
2180,3636
1496,566
138,263
69,437
306,955
2397,221
186,2688
568,1719
1182,2262
2312,1590
1730,1022
3920,3178
1717,2284
3303,2356
3726,3842
2380,1179
566,1341
2911,3807
3146,3495
1623,1255
579,46
88,2848
460,934
1650,1001
1377,1007
2645,1493
2948,1925
117,2659
1692,1972
2912,2160
3312,3941
2726,577
2539,855
42,3025
3743,3401
611,1197
773,357
3270,3053
3036,1858
1979,2834
1955,2253
539,3611
48,3949
1684,2988
3382,653
2164,2960
2314,1378
3910,2116
2106,1955
3633,1586
2144,205
3275,2266
590,3507
914,3910
1704,3584
3157,577
440,1842
75,2827
724,687
344,252
2674,2613
3801,1338
498,595
2114,292
1391,2040
3849,2616
63,3583
1180,54
2498,146
2230,1813
1453,1723
3595,618
3439,61
2169,1595
3245,2484
2084,1104
257,1249
1100,2732
3969,1934
222,703
3418,3814
1311,2823
3445,2200
1642,2276
1230,2026
170,2524
2017,3983
3303,2967
2539,272
3168,3302
1164,1042
3898,2573
2660,907
3718,1520
112,2561
1358,2644
2963,675
863,3261
1103,3281
3418,2793
3775,2456
522,195
1310,2221
244,1994
2071,365
2099,3396
2099,3247
2129,971
3140,522
3186,2557
3538,3736
1654,3940
2533,1853
2944,3401
1068,3096
1816,2832
1537,2846
3848,2953
2400,2933
1900,2851
971,912
3532,1145
2320,865
373,3830
1080,3528
3884,2255
2586,3150
1553,2281
2741,1681
1364,3145
2430,87
2132,1231
543,2060
397,1140
1351,603
2622,1134
623,2145
624,2472
2682,3212
3038,109
2225,2360
3379,269
3069,2239
3717,1260
2229,1833
1899,3360
923,3314
1769,2824
561,1430
2281,2923
3208,3098
3224,70
1441,2391
1043,1594
1607,1480
833,3779
846,1871
2050,2005
3791,3523
286,2915
3521,2174
528,2076
1771,1835
3051,3700
3719,2991
582,814
2319,3817
2688,1962
1108,531
2441,1603
3605,964
1303,3259
3309,3131
687,1429
519,2831
1127,1981
1381,3186
1929,3727
203,3425
2505,1551
3304,3681
660,1245
3262,2007
1235,2366
3492,2172
3469,865
2657,2172
154,2887
3724,1415
487,1140
1492,1953
862,2752
1928,409
3191,1130
1849,3988
238,1577
3980,3741
2259,2000
2481,3760
1941,1666
2899,3311
2787,1605
537,2568
1593,3267
3146,3077
1294,2631
772,3117
247,410
948,1507
192,3231
866,1487
3568,876
1542,2641
1695,1726
2995,2584
386,1231
3131,3275
3967,962
1878,2602
3787,3271
2610,3780
2278,3105
3921,3082
2578,2269
2465,871
2562,465
3815,398
237,3785
302,2260
2206,2932
994,2812
1034,3510
1886,689
2867,1919
639,3867
2983,380
2250,1899
2924,2883
2807,3293
1272,1329
2974,2694
1698,3633
3630,3706
1241,1872
3375,2753
2206,1435
2270,3634
3612,825
3243,3170
2270,2342
3807,3579
1514,3088
1306,1042
1278,1470
3106,2170
1857,1875
1192,3719
550,1598
3548,3600
348,2291
3460,2032
2306,3643
1933,2394
22,3134
3076,3242
2979,3000
331,2814
1955,43
75,3875
2391,1354
2710,290
514,2191
3016,2634
2957,273
3062,3645
2504,3345
3600,2655
1926,580
410,1615
3297,1387
1211,788
552,2833
428,3982
1803,3178
1290,2668
2212,1085
3164,1133
1031,3151
2929,2335
1374,2853
699,3779
573,3205
2036,3892
1620,1023
1826,396
1864,2598
2423,2966
217,3777
105,1771
2581,621
3279,1881
2850,2204
3363,59
2843,2183
844,1811
3995,3312
3747,2724
1463,501
1169,552
2408,3925
2523,695
1396,1543
945,2184
2289,1397
1153,1863
3141,2750
2360,827
284,874
2264,3079
116,1327
1547,3879
3193,3674
1189,3478
19,2857
1191,1973
855,1995
1296,2832
3534,293
476,1703
557,1819
2592,2089
2372,3221
1223,3670
284,2642
3753,554
3575,2191
1639,172
3234,2333
2779,392
1510,1230
865,3201
1864,2990
2530,2838
3578,3876
783,2855
377,3699
932,2793
2678,1627
220,2294
2965,3903
2754,1120
307,230
1356,2740
1689,1004
3479,2309
2550,175
2646,584
887,155
2749,3483
193,198
905,1413
3823,2590
857,1884
1516,2358
248,448
353,3942
3422,2390
910,2941
3687,1711
3649,2075
3395,494
394,84
3927,927
627,648
2090,1351
1593,1797
3353,413
50,2155
1237,1049
3029,2299
1314,3766
3557,3327
2322,2760
1117,2051
1114,3287
3512,1815
3163,2084
2492,2275
2887,2860
2782,2441
957,507
1209,1075
2945,1358
1507,1704
386,3739
3646,2987
2466,1013
2943,3356
2591,1011
844,2724
3171,3189
2759,2665
3007,2654
862,2676
3963,722
70,1259
826,1634
285,1694
2783,3857
3019,1851
3353,3779
3134,1743
4,644
1823,1757
17,925
3973,3389
3756,3443
2830,2101
335,3819
2441,412
377,2227
3463,1785
1031,183
1792,1131
2785,2921
374,604
1830,2011
3842,3328
2591,2540
1272,3956
1493,3474
2490,3213
2611,1315
216,51
3544,2980
2336,3667
641,3932
698,1940
93,217
2882,2308
1821,511
311,2000
537,1874
1999,136
1830,691
3114,3951
3450,1765
2758,2320
1788,2194
2285,2945
261,2480
2135,3034
3114,3997
2756,3001
3653,2832
397,522
3783,2612
2204,2017
2733,2091
2904,2124
20,1387
3950,114
2310,741
3547,1361
1588,3200
2806,871
954,3052
2332,2401
532,3721
757,2732
1479,371
563,699
287,1398
1432,867
3243,283
3535,2029
2509,2644
1464,327
2635,1185
1218,3628
1724,37
3976,974
3207,320
599,3486
2241,3906
3503,1521
1213,222
481,1052
2047,3253
1394,2483
2991,1781
2264,1598
3749,1896
2246,2490
2133,3810
139,442
2499,1547
1641,1414
3937,1141
3583,483
2496,1465
253,2713
1262,540
2696,197
2271,477
2064,3946
168,3061
2860,3075
1447,1483
1695,2518
3125,2297
3011,1641
1584,3139
1194,3395
2706,3493
954,617
3024,1244
1036,1822
3973,299
2193,295
222,1210
3156,111
1241,1709
986,1297
2940,295
1734,2411
1103,2684
2051,531
3127,3533
2496,1856
3809,3975
2169,1108
3672,732
3295,200
3920,1968
873,3474
2494,1376
1472,181
1751,3159
2531,2713
943,2287
2131,505
1379,1272
915,1898
855,251
3470,3118
2707,1682
144,303
186,3264
958,3981
3719,188
3105,1878
3070,1601
2961,2035
2761,3753
1492,2681
3603,1967
1723,3590
1944,3877
2723,3066
2443,2248
165,362
3928,648
2374,1752
2704,729
7,1498
1551,2792
2419,67
1599,2371
2374,1685
2539,1071
1812,946
201,3576
2394,2751
307,3585
283,1562
1097,622
1846,2368
3682,1588
2994,2664
2010,1025
2433,152
3103,616
2807,2763
518,877
3574,1267
2722,1438
2863,1551
1361,466
3285,2766
1873,3675
557,160
1151,1554
3123,577
523,3905
263,152
3629,57
3149,2879
519,1800
1887,2104
492,2601
793,227
539,1083
2088,2972
1868,3455
1896,1179
3864,337
3397,1734
172,1887
255,356
3821,2999
3559,3786
2250,1316
3756,3109
3022,3549
1555,3504
2363,1054
2801,774
3540,1124
162,3686
3878,2644
3924,1954
738,2784
429,2802
3135,860
3907,1986
2858,2084
986,785
2896,2006
1297,1804
57,784
2063,1984
2379,3137
225,3390
2311,2836
1987,3494
640,708
1573,1535
3144,657
1309,1443
2798,920
245,1469
3399,1749
254,900
1537,1564
471,607
3200,1483
3847,2727
293,2530
2186,26
3133,3754
3148,1300
932,3909
2995,3652
2062,1965
2812,2486
116,3810
2919,710
3366,3884
761,1448
1740,2178
3767,3523
3561,899
3047,2679
661,3734
1105,1977
3529,2210
2054,1112
1391,1099
3359,3377
2089,1350
2781,1697
3297,372
3857,1157
508,1951
1203,850
3068,1605
421,3111
349,890
1177,400
365,2327
3455,1071
2863,1371
1559,359
1918,1328
2685,3108
1834,2047
2498,1210
1355,3455
3724,376
1041,2541
2726,3587
3739,3339
2519,1974
784,151
484,2342
3032,203
3800,2217
2593,3712
2110,3278
418,2825
662,3212
951,3518
409,1313
2351,2753
3857,840
992,2001
1749,3278
1136,340
1017,3944
2879,2521
1719,3378
3662,3366
1261,410
3353,2202
1118,1563
2727,3606
3346,1213
966,285
1969,3402
1359,2072
3160,401
2894,2481
145,1192
2555,3689
201,2601
3099,3339
949,920
3636,3447
805,3562
125,280
3896,391
2943,2039
3872,2542
50,3113
1208,2535
2606,953
580,73
1569,3075
1423,3491
1083,2190
775,3063
3573,672
3074,2238
1923,413
184,2331
3409,1562
394,3342
560,1539
2900,3352
3208,131
79,3266
3562,522
3595,3580
2012,844
210,553
3365,3157
428,512
3313,3131
1783,2176
1054,2214
3519,649
2773,3279
2617,781
2684,3904
1073,2845
967,2021
1981,1330
739,3642
2396,3240
2830,3081
3139,2229
1080,371
3335,2653
1260,532
1116,2200
231,1472
3691,133
292,1620
802,2951
2843,3794
2859,2998
954,3537
1147,3813
56,1597
2242,1289
2320,3067
3623,2152
2659,1020
1062,2146
499,1950
847,3039
555,1160
3916,2126
1164,250
754,893
668,1429
3972,2726
1553,2313
1602,1129
2012,459
1478,3014
3472,180
1986,1384
3272,3752
2519,3203
3651,2493
3812,471
1152,328
1130,3994
3719,3634
1120,3
3748,816
2809,832
3483,1253
1158,426
1425,1265
1785,2802
1769,3659
215,2333
3070,3093
3418,3549
1791,316
542,1681
1356,3458
265,3985
3400,2599
1473,3476
137,1794
2486,1745
2122,89
679,2636
1144,2026
3243,1117
1301,547
1456,762
593,2627
3733,1546
558,3704
779,2552
1253,2725
2905,1260
1943,1883
1888,3469
2440,377
3881,2243
529,2731
1047,695
1143,1870
347,2075
2314,3886
2447,1801
2121,3384
3184,3191
668,1829
1085,2494
693,2338
2499,3716
2021,3308
656,2917
983,1334
2625,1805
202,1282
3914,12
163,457
3543,2300
1717,3604
3821,3530
3136,3065
2864,2909
3142,3585
259,1549
1844,2334
363,1830
2316,3242
1424,1629
2323,1663
3385,2468
1691,692
2876,2723
3704,3708
1096,2541
3095,1280
1279,424
3361,570
1484,1793
3803,110
3597,2413
1686,3843
1725,699
2856,2014
2505,944
2621,782
2195,3333
2933,3296
1895,1954
3459,1679
174,3939
989,1693
981,3990
241,3089
1026,3909
949,3410
2195,841
575,1397
454,1373
3316,2325
460,153
1661,104
46,3068
679,2376
1578,2925
2756,3347
679,1069
2621,1978
896,1637
3482,473
3142,161
991,521
1738,659
2317,329
3305,3012
656,1713
1683,3755
3122,1306
1373,1700
2162,3333
3166,2405
1756,419
968,208
3854,113
3952,2170
1031,2182
2994,993
608,2575
3620,1869
2691,37
2594,31
3824,1742
799,2067
2356,2989
3229,3906
3793,3799
3296,2377
1683,3909
1309,3858
2564,88
3742,3002
1291,886
3198,396
724,2703
2252,1036
1645,2461
3936,2271
3310,539
988,3894
1831,2246
3252,2652
301,3493
3302,2393
780,1148
1357,3147
2879,1952
2881,2056
3824,1037
3489,2680
3441,2058
3217,3616
863,322
2768,650
1918,739
2457,2667
351,3325
2889,1140
3363,1921
760,1650
1380,3295
3418,1032
3703,1218
1758,2098
2489,3458
2216,3630
2476,672
1044,2245
2048,2542
272,2984
1001,1934
1186,856
492,3880
2082,3074
970,2405
2545,1676
3877,3294
642,1844
1336,599
3463,1943
830,1737
3387,1446
3012,1920
3011,888
3108,1136
432,3146
145,2348
1876,1329
500,1459
2498,1299
2289,3883
243,2265
2198,2713
1465,3048
3498,938
2245,631
1997,1770
209,1392
3530,1856
3294,822
3219,542
1229,3624
377,2937
228,2276
3527,1077
3796,849
1595,909
3792,457
450,2153
1631,190
715,3112
2293,1838
488,2197
2001,271
3124,3970
2742,1135
3575,177
1649,1947
2933,1540
1501,3762
1420,3307
13,1105
3005,1393
3707,1519
3284,676
922,1281
824,444
1362,354
1752,3367
1632,3271
2139,3690
3073,3363
338,3782
2641,3904
491,870
2330,1249
1092,1143
513,310
3556,1399
2527,3528
2816,2134
1423,930
52,2715
1017,3614
803,604
733,2011
2972,2279
1190,1548
42,184
1581,806
675,2642
3680,2178
3227,3923
1814,1054
2256,2963
3496,3253
285,955
604,3225
1109,992
2254,2079
551,1553
3630,1280
3768,1950
2856,1009
320,2029
2012,3545
3306,245
3590,3456
872,1988
1135,3582
2988,1286
221,3173
2603,267
3244,2702
3215,3056
1901,963
949,1597
3425,1884
1882,2952
1543,833
3565,2389
3718,458
3590,2502
1496,977
774,2834
3874,555
1524,596
2373,1873
810,208
3715,3895
2015,2027
1285,438
1986,712
1470,728
1912,3982
1682,885
187,2841
1313,2386
1948,3116
18,3722
3211,2336
2723,1880
344,2408
3232,3283
161,2600
1511,1761
2746,438
848,2678
1316,2208
1669,840
2886,1816
2680,2099
3371,169
1981,546
2847,1434
1586,852
543,3137
2348,3719
2631,3705
9,311
375,3285
2758,327
723,3856
3293,398
3890,2523
3371,2562
163,1720
2813,1329
572,3374
475,2057
100,3446
2388,3523
2729,1722
313,1817
2292,2232
2958,2497
1730,31
661,392
3467,3995
2653,997
2826,972
145,1342
176,1446
187,3638
314,2046
2852,2962
1525,3462
1347,2890
3056,440
1755,3300
1264,2928
205,2881
2824,3260
637,10
1959,980
1585,1939
3177,2554
1500,33
770,2624
1110,925
1570,3394
2430,1491
3,2820
1369,2178
1671,3997
3123,2176
376,1279
3780,478
3429,318
3344,3291
2493,3260
1039,3808
1296,2985
3093,3194
2049,1409
2732,1438
1504,3462
2059,3074
266,3649
585,2226
1148,463
984,2611
212,3557
27,3232
2081,1927
1019,2029
3675,1863
2192,3549
3466,923
1801,3955
686,2282
952,1727
1225,2074
567,2408
3289,3148
2079,2044
665,1752
2291,2383
1699,675
3008,3858
2014,2331
3283,3211
529,2820
780,858
1857,1638
800,1069
3454,1863
1065,275
125,2259
544,1618
2109,3585
455,2610
3099,636
26,2105
347,25
3867,963
1163,1875
2567,1436
1,2426
1443,3553
132,129
3509,2690
3119,45
1414,3809
3363,3124
1537,755
1576,949
2645,2126
1129,2689
1858,2663
2588,3101
1535,1152
994,923
3680,2752
1591,1349
1512,1029
715,1089
1738,2142
2912,1425
415,2792
2113,2148
886,2372
1566,1815
643,3756
3713,1986
71,103
688,3923
901,1963
1381,3730
1909,2238
1252,3010
1744,2270
1053,821
3222,84
2213,1970
723,2598
2704,1375
2575,2402
2140,1949
606,2638
718,3887
334,275
827,1591
1062,140
3273,1735
278,3015
674,3074
776,1903
316,1974
1998,1337
389,452
1010,704
2149,3779
3702,3265
1004,2364
118,3811
2030,2856
2395,911
2693,2956
3720,1302
1214,2713
293,2681
2003,567
2233,1069
3778,654
3469,2053
1601,2750
3399,1058
