998,367
2928,3650
1427,1301
3700,2234
3023,3225
179,2508
501,1815
1572,3539
650,3182
430,1359
3281,3295
1427,51
947,2537
257,3603
380,1442
3416,2661
2717,3539
3847,820
2834,2904
2017,1908
2609,1578
3539,656
3101,3130
1608,2209
1452,1659
2333,3155
566,3718
2140,2097
361,2076
2359,511
1908,996
3496,2652
972,1400
3172,202
1129,1106
3459,2482
791,3293
1636,3083
3489,1832
3253,352
3591,1229
885,2028
1742,1430
3058,3539
1288,1232
807,589
2063,2618
2320,2549
292,477
2118,1918
196,3257
1992,2151
2077,509
3654,1425
1299,236
1981,2737
927,508
796,3639
1371,3817
1513,2431
3774,2272
335,2351
3793,885
1027,706
1328,377
2746,2761
2472,2282
1693,3430
3952,1761
3449,511
269,2668
2008,705
157,2823
1802,3539
3539,2120
3371,1713
518,2217
2710,564
657,3525
2149,685
524,411
1482,3282
2274,3346
316,368
342,1823
3872,29
1785,1831
2485,1981
117,107
1065,3010
1376,1041
710,2870
54,3615
3539,2389
524,2482
1956,2211
2402,1572
3192,3928
357,1944
3065,223
3539,3882
1814,57
1830,313
480,377
705,2891
3690,3338
2757,542
2561,3560
1094,705
3996,1147
3529,3430
451,2355
693,183
82,938
1887,1586
28,2076
2414,3795
3539,3572
2602,2567
520,2797
3779,245
2609,654
3152,2156
3512,2801
2501,3815
280,1893
1448,1991
2217,1710
373,388
2241,3694
1583,2897
1877,1548
2822,3539
29,3668
2971,796
2711,3727
883,3697
2915,1554
2345,815
757,2766
586,3211
1693,2539
3189,465
3978,1235
2028,496
2417,1407
236,1503
2771,3439
945,1764
3539,3925
3053,3639
3789,1904
526,131
453,2618
699,3659
1714,488
3663,1801
1588,3882
1586,1091
3100,1526
3614,3023
1648,2811
2419,618
131,522
2425,3129
2435,3037
2802,2549
2389,444
2063,1243
1681,951
2205,3862
1934,969
1578,2618
460,1719
2618,3343
2832,3539
681,37
341,3245
1018,1387
3691,2934
3175,2358
2858,2984
2604,3490
507,2217
872,2039
561,2965
2737,3539
1199,3199
3539,752
3495,3539
2355,2381
335,245
1621,3796
255,2307
3625,351
2356,3000
2737,3866
1441,3203
124,3786
2034,2800
3367,2078
786,3815
3615,852
525,3795
126,3908
12,3268
2373,2127
1380,1839
899,3209
3364,3267
3539,2306
3185,1495
3294,90
1764,1177
2683,2065
3423,1434
879,3815
427,656
117,3425
2220,2397
559,1372
3735,3258
2135,2416
1594,1026
2599,2660
1575,3965
691,272
3837,3539
2507,1887
285,1813
524,3877
2617,873
2265,3535
2334,2340
1489,1926
1639,1668
2975,850
2633,1049
3351,2472
3866,468
617,2766
2387,375
208,1668
3798,1941
3880,1380
535,2509
2995,2122
3410,1446
3767,1421
684,1880
1888,1700
1834,2056
1902,2675
755,791
1772,1604
922,3755
1800,1523
3963,3088
2859,1120
521,2220
2162,677
73,3376
3072,3211
1804,1678
2537,3242
3378,3733
2051,3212
739,2205
2115,705
2642,1086
3892,2356
1873,3608
2656,1753
347,843
1026,2192
1028,3796
3539,1707
1731,3711
99,3242
3778,3675
3348,2507
3516,2835
3139,1729
97,2351
2737,2949
2972,892
789,3206
2839,2895
2987,81
2165,1221
1734,3539
3653,3023
2461,3513
147,791
1220,873
3039,3448
1168,1677
1233,3660
160,3795
761,3785
1715,2596
695,291
386,1126
1679,2743
3369,3539
310,3465
547,279
3200,3697
2500,3697
2850,1055
1404,3559
2826,903
791,87
551,547
151,1113
3734,2834
1139,123
327,1381
2550,2253
3033,2847
1536,3410
2837,1531
2217,2035
1764,2285
1768,3537
3430,790
1848,3248
2175,1577
2087,31
1722,2161
2345,1965
230,258
3401,98
3393,2251
893,2590
2185,3056
2737,3046
2520,3329
455,3753
2008,1699
1471,1249
2397,2946
2162,3754
2514,2981
302,2589
3589,3087
20,3866
2425,1292
305,41
3539,2093
3539,3923
141,1523
3539,1571
2213,1430
3754,3816
2814,490
2560,2386
1295,3176
1022,2326
3092,507
101,3774
103,3475
953,3741
3496,2242
2220,1319
708,2400
2307,1981
3634,1662
3527,3478
3249,3539
2924,427
95,803
2702,1178
3463,1562
296,1924
2779,3870
2828,95
2017,2707
616,3229
1882,3539
1608,342
3893,2835
3782,477
1269,3804
3754,3434
2380,119
1768,465
3746,2761
2889,353
2496,2798
794,2335
1705,3071
3696,3229
1040,2657
167,1355
3195,342
1792,3969
1192,2145
3590,2889
3795,409
2737,2557
3090,117
341,2669
908,2273
3805,2955
2951,2258
2920,2981
477,2619
335,2936
773,143
1226,937
2956,3808
3227,2209
572,3184
2591,402
2216,3550
3461,2737
646,3963
848,3134
1297,3121
3420,80
2350,1183
1945,1630
3211,2800
838,1583
716,2475
1499,3461
1486,2486
686,3719
3568,3539
82,3463
1056,318
3625,3255
3675,654
2491,791
2709,2423
2924,2596
3344,1656
2128,570
2039,2478
3678,3132
1625,2682
1415,1323
1301,3664
1493,1135
3289,1145
1838,3830
2737,2215
474,450
802,2137
2835,2280
1948,1770
1847,660
2765,3758
2941,3190
198,3539
1762,2901
1834,934
525,2016
914,3588
3539,2318
3539,2895
2930,2893
2737,579
2620,2540
3379,616
3697,1272
592,3287
2158,3610
3539,1164
465,1211
1815,414
212,3160
2737,3256
3607,3539
591,153
2889,3401
1663,3089
2617,2624
52,1810
375,3322
3338,1058
2126,2321
3539,2456
3319,507
1612,1570
3,1315
217,3015
1402,3674
3576,3433
3610,2877
1205,1641
2696,857
3539,2659
1266,2091
225,2634
189,1624
2156,244
3032,2366
1866,2737
2418,2148
3743,1450
2968,2468
2681,152
2926,2217
1628,2062
507,3427
1486,2943
2690,2622
423,523
891,3804
1467,1981
2984,3539
1702,3360
2894,3389
2936,3390
381,1210
315,2778
2697,1417
1283,3285
427,3211
3565,2261
1432,538
2184,289
3539,1254
1668,1272
1308,1883
1160,1907
2468,1196
1010,3731
2737,592
3695,3562
3534,3935
3632,75
321,2168
97,1668
1843,3882
2737,999
3559,2220
2525,3515
2835,911
1069,3931
2211,891
1636,3120
2955,3253
2387,439
705,2243
2556,3844
2679,2448
1724,680
2624,1937
680,877
741,2738
2971,595
2249,396
3222,1829
1711,1904
2524,3812
689,164
2862,1034
3344,3539
1622,2259
589,3517
2217,694
1747,472
2725,1210
2171,371
2603,3474
919,3313
2114,2607
2718,3212
2163,683
1032,3479
2367,2282
639,2147
2734,1293
1915,2736
2470,3478
3617,3631
1377,3223
2266,3344
1049,1670
2274,465
1340,3306
91,3625
1012,1070
3549,3605
1835,3255
2025,1139
939,1172
3185,1536
3923,3430
202,1333
2829,76
2932,2377
2310,230
1295,2376
1853,2369
2857,50
2696,2889
3383,3516
2914,1008
3632,173
3116,1525
579,1147
922,1714
3427,1562
3605,728
2768,3811
3384,2958
2611,3747
2067,995
3539,2387
2671,3128
1517,881
2123,2806
1573,2737
2377,2988
2770,889
2829,444
334,3662
1294,2233
1868,1790
1674,874
2651,2221
1975,647
1169,2660
2934,1093
3198,1880
3325,3678
1921,3223
1536,417
3012,246
2961,2038
964,1595
3490,3862
2350,3352
1652,3945
2318,2748
758,3057
234,879
3386,3381
1197,312
2389,3210
1272,1745
2751,1668
3848,3560
3834,592
768,843
2721,1694
2321,1498
933,667
2340,3429
2333,2764
3539,3021
371,1843
2943,2430
1862,3096
1355,3358
91,3319
2217,3626
2618,2590
2133,1262
1231,2097
530,3452
3004,223
3775,2530
3966,3591
1823,1811
978,3527
3614,1222
2115,791
1301,1980
791,1926
351,3931
3021,3890
2214,3390
2549,1488
3096,2737
3211,355
2208,3796
3013,2631
3059,492
2605,3941
1761,342
2048,3539
75,3580
395,2318
2610,3018
2135,2835
2387,2472
781,1116
1985,2209
3734,3183
1554,3272
3056,2090
1736,1081
2641,2501
3421,3876
3793,2319
2553,1936
1489,3205
1396,2957
1184,300
3488,542
1085,3599
652,2333
483,3100
3978,2549
2431,3089
3041,3351
3467,1724
699,2250
1272,3296
2660,1590
3172,3151
791,2787
1789,31
3539,341
2737,2765
426,1545
2213,873
3527,1448
3319,3944
2275,2639
1952,2187
1684,2732
2310,3489
2486,3539
444,2096
2966,2017
1507,1860
793,2995
2472,1625
3309,135
2071,1386
1391,669
3539,3793
657,2503
616,1764
2470,592
2155,1515
3098,2158
752,3950
2844,2611
3783,2334
194,2887
975,778
2333,595
1836,3193
3227,3269
1646,3517
3055,3720
2576,797
525,2141
993,1950
832,1614
761,1860
2158,2704
2373,2609
1199,2110
204,3502
1489,292
730,2835
547,2994
3518,3968
705,1272
1488,3539
1752,376
2949,2942
2749,2607
3683,3660
1359,1053
2312,1981
834,3517
2832,2593
3236,2887
2737,446
2637,1866
3517,3946
3346,2603
449,1380
3171,2313
2119,2217
3816,2104
3442,322
984,2493
3539,3379
2796,755
2581,2436
3712,1940
2006,3539
2402,2737
2659,1800
560,1994
2453,2209
1665,383
2167,3539
175,1985
3032,2965
1718,2056
3213,204
1499,2043
1692,1841
1830,1777
356,2360
1699,1231
3810,2702
2997,260
3589,341
3031,2775
2117,2644
3539,410
897,1729
1275,3482
1605,1668
2088,1713
3754,240
3478,816
413,1631
3539,566
910,3824
1314,1516
3168,2760
885,1399
831,1106
1459,2323
3700,2038
1065,2743
3096,1147
2865,3522
1618,2737
583,3237
2967,2245
2910,57
2564,3609
3963,2117
1141,1466
2895,3799
222,2307
2430,1023
2577,3362
3939,2993
841,3539
3747,3905
677,1305
305,575
3539,3499
1304,3986
1029,1476
2589,3190
69,1684
1306,3217
3539,2897
179,3039
2338,1762
3539,1291
2398,1840
3516,3575
2045,3925
516,1178
2610,725
2333,2473
250,1134
2261,405
95,3100
3145,55
892,2126
1888,3885
126,2531
2984,2266
1857,3539
3048,2921
870,3539
3145,56
2399,3430
1129,2866
3371,3314
2438,3421
1466,2321
2244,663
3016,2965
1037,3768
2336,184
3740,668
2074,3584
580,39
1341,3057
3433,1338
128,2519
980,2997
2941,3816
3429,3010
307,1611
2435,1764
3071,477
2504,2243
2213,984
1402,64
1873,471
2737,3731
1157,3211
1895,414
972,2245
3913,3405
2928,1541
2644,2122
341,1489
2156,3861
2014,3091
1046,2675
2079,465
2215,3646
1715,524
2118,2837
2230,943
3397,3948
995,2942
3959,3071
1143,1196
2041,3530
3216,1488
2949,752
883,632
2783,3999
1693,443
2865,997
3369,264
3539,2047
797,82
3104,3553
380,3501
3646,1630
3580,1467
727,3256
1618,888
2333,3667
3722,1674
1699,2850
306,1982
2735,3697
2865,2445
3862,1014
3719,720
961,905
3168,2137
2971,2624
855,1981
796,3539
2323,1306
2618,1497
3646,3591
2003,2539
2957,3122
2487,3048
2308,2558
2780,1799
3758,3539
2246,2658
1890,2704
2933,3515
706,974
2504,2595
2497,3175
1638,371
1483,1886
2472,2249
1660,2524
2332,2893
1349,1667
1894,1221
1262,1626
2278,302
3110,472
2028,3997
2576,941
1603,1686
2275,182
2216,3677
1668,2618
3815,2517
83,2749
2829,3948
2923,2629
3831,3872
3430,3453
3539,3280
2713,1844
2428,2662
3105,1160
681,972
1495,1291
2868,3643
1439,95
3096,3117
3211,1791
2031,3611
2097,1495
785,2473
1399,1185
1236,95
295,2056
2617,2447
3079,1753
353,2737
1901,17
258,2143
2188,1674
3010,1150
2655,1348
2794,756
1044,3738
1740,3539
3032,3525
3475,3280
2275,3010
289,68
1625,970
2548,3961
2987,2936
646,3149
3539,242
2461,3691
2230,24
2609,3412
1091,2797
3539,923
1958,1668
1936,1489
293,3607
3498,2756
1938,1981
1874,2456
520,3838
2215,1914
3255,1572
1594,1619
1819,853
1798,3325
1766,3203
592,3197
3327,2145
2525,2301
2078,1631
467,2136
2270,988
1640,616
2611,1061
896,2311
1604,616
1264,1809
1150,2187
3539,2898
465,1015
3105,342
3394,2969
2087,1322
3301,3188
193,2701
3346,579
3986,3420
2546,321
3539,1171
2828,3061
2632,1939
241,2607
3906,3290
771,3539
2737,494
2506,3463
1524,414
1158,2073
2371,551
3461,581
2995,3067
3393,3866
1603,2168
412,2326
2850,3539
3291,174
1749,131
1517,2310
558,1775
2737,3961
3175,2052
1032,3705
310,1828
3537,3010
2747,1625
1886,1290
1902,3645
360,2962
3134,2379
3697,3659
1091,1967
545,60
3539,1645
2067,2419
3488,2923
3683,507
665,2216
1668,94
212,2968
1494,2719
3697,1235
3539,1816
2038,602
3485,1684
2759,1855
2448,265
3393,3297
2702,468
525,1126
117,1272
3731,3143
1288,1812
3557,132
2577,1574
1106,2580
3378,279
3513,3021
3325,1477
2580,3626
2688,3818
3430,3338
2193,2126
1500,3137
1094,465
3515,3211
891,3539
2820,1505
531,3253
1696,639
1932,3405
2874,668
2729,3148
1115,566
2378,2826
2310,2181
2540,405
264,2783
3069,617
2389,2916
341,2685
2338,24
3211,3196
2895,3517
1935,2300
3599,1726
2568,1864
3164,2610
828,2476
2530,2965
1354,592
528,3866
3306,3626
2275,1335
2440,474
363,3755
3278,92
1870,3056
593,2823
3504,3913
2643,1886
1662,524
2338,3533
616,2773
2220,2603
1234,1857
1855,3282
3348,2169
2737,1446
3697,615
2565,2728
2769,2109
999,3460
272,1831
3838,2737
1871,3539
2605,2834
3697,132
483,2921
1727,2638
543,999
1991,3697
1214,1725
579,3284
2109,2048
1041,3128
2988,2439
2702,783
341,1255
1675,1294
3150,3193
3068,2097
2702,2625
3925,341
50,2310
2557,1687
3629,2520
2253,1173
3794,2737
3430,174
996,1849
2389,2717
3227,1578
70,3419
3539,3815
1738,3307
3416,1867
2878,27
3411,2831
2770,2324
78,2487
1391,1981
2502,1837
1726,3311
3387,3539
1719,548
2756,3792
2802,28
2405,1211
3743,3170
298,2834
2099,2303
2232,3606
1839,2012
2737,2622
2771,414
3211,3925
1619,3719
480,1418
1259,3992
3227,3030
3601,181
1111,2804
1829,2086
1106,3119
2473,2228
2737,3793
3100,307
235,2785
792,1208
788,3906
2835,1300
2943,1924
3205,3041
168,3423
3415,1827
2392,3147
2466,1043
2050,2042
646,1497
70,3071
3101,1432
2188,3988
599,3539
2611,846
3108,211
2058,616
2173,790
2737,1650
2217,201
1763,2841
2737,2595
2217,1041
1490,3697
2277,1383
3566,3499
3314,3211
265,1789
3925,3874
2609,511
890,1824
1116,2252
10,2628
3539,2560
2559,2494
859,1770
2675,783
802,3941
3021,3261
1673,2087
3539,3228
3089,3643
1390,3996
1338,870
2584,616
2737,1555
1320,2644
186,3264
457,548
3553,2471
1657,631
2769,2737
1169,2501
1743,2118
3474,3849
1570,3544
2180,1688
997,1013
3907,2011
2254,300
1857,1578
2984,193
3539,1986
1270,2503
851,832
919,1791
909,1985
367,123
683,3238
3805,3246
2818,1286
3024,835
1106,2809
851,3352
3071,2688
999,3021
1777,978
3539,3104
3211,592
3298,3378
2757,1446
2737,1872
3381,3929
2021,3065
2092,2552
1625,566
3281,2424
2472,2739
2533,2983
213,2767
1593,2175
3450,956
2243,1867
2456,282
3880,3638
1649,58
298,84
2309,3010
558,1909
2117,3015
3403,3622
1612,564
2982,3217
50,465
2757,2737
2834,2379
1410,3539
2050,2301
8,2569
2140,3582
2493,2310
1198,3294
2204,3796
1622,2050
1076,3516
2969,2238
2739,1781
2785,972
3295,1210
3131,592
1739,3825
1845,1859
927,3793
3817,2603
729,135
3033,1936
3211,432
592,1053
3239,3047
2866,3539
2472,1845
2991,2941
1594,2750
54,2573
2149,1344
3606,2419
1841,3715
1768,3925
1901,2001
2994,2961
2638,3192
852,3071
90,3336
2633,1383
885,1996
2599,3472
1698,1989
2642,463
2578,2355
3451,1414
3900,1974
2837,1018
168,2601
3539,3408
2595,3715
1918,3354
3612,354
2915,260
2618,2475
146,2177
3051,1830
870,3679
3410,3211
3240,2390
3014,2326
3049,13
2983,892
3539,2420
341,1677
1190,598
3056,2780
1674,1489
1832,1681
439,2659
1335,2002
2621,3539
119,1578
3010,3731
662,525
3539,1792
1116,3236
1365,3213
3542,2855
90,3517
1382,1554
1764,1489
2267,2187
393,2268
95,2324
3173,1442
2954,119
1684,3364
1485,1884
2301,1775
999,3022
2458,3185
1489,3674
1000,2737
2355,3107
2624,3683
1593,1858
3047,2489
55,1160
369,2701
3279,2467
3136,2858
3105,2073
2633,1535
1301,1883
1981,86
2532,1556
1053,3584
2642,594
256,2179
3848,3539
2872,1918
3539,1587
336,1009
1236,2520
1235,1356
3059,3539
773,2598
65,2671
856,2125
3346,1793
169,1160
2863,2786
1047,3625
2106,2487
1046,2470
3584,434
394,3793
1569,1860
1564,3022
982,3350
2836,2799
2333,979
557,2651
483,788
738,2048
403,2003
1719,498
1944,167
3539,1698
2632,2172
525,1830
1200,2148
3362,3521
3539,2661
1134,1668
1996,1159
1444,622
259,3231
2949,2217
1523,3238
3490,1057
2676,3539
3426,3748
1980,1599
2401,3294
1202,2621
3373,354
1936,2826
1975,1582
1567,396
2742,3349
1444,1674
2008,356
2632,186
1684,1677
3934,2633
73,3258
3280,3405
455,1652
2618,1736
3675,3736
3532,2392
148,2216
1053,1811
3959,2603
265,1684
1348,2135
2799,2826
2698,3539
1981,2884
2716,108
732,2581
198,1696
1705,1178
339,2737
2093,3032
2829,92
3012,158
2329,2429
3544,1759
1993,1682
260,2067
2456,3144
1764,2319
2358,2751
2261,2068
2564,3279
791,1259
3145,3537
3009,3404
1852,2878
2287,2576
3793,1182
780,1641
833,1674
3236,1761
571,572
2910,1817
958,206
3546,2477
3366,162
3575,3752
3435,2737
59,3322
1536,3571
2912,2192
2614,3932
3027,137
1668,2669
2577,1646
480,3539
2217,2490
2456,2829
2984,803
3782,2955
2644,3516
2576,1854
260,1593
1465,2140
1871,2537
579,1336
1594,1990
2834,1798
3842,3587
2389,981
2509,2818
3692,715
3512,3925
1553,443
2857,2125
1445,3539
3539,2747
595,2046
1523,3819
1510,3605
2829,2389
2021,1759
3195,564
1764,58
1121,3253
2509,1016
569,2217
2389,3347
3331,1031
3282,19
3035,1689
3069,1981
356,95
3274,3625
3672,1372
3998,3990
2237,786
206,2906
3917,3539
2070,1736
2071,2495
2504,1636
167,2939
3085,2330
2307,2117
1699,2053
2818,3441
3040,1269
241,249
2291,1190
2467,2403
2318,89
1668,3668
2670,1029
2106,2711
3539,2333
2800,1537
800,2886
196,3052
3060,3849
1654,81
3705,2606
756,2800
2949,2945
1763,1447
1598,2209
3653,2889
404,1575
2037,2144
2382,1897
2303,2404
2643,3229
324,518
749,2836
2588,1674
705,1739
3871,3211
311,1654
1259,3143
1766,2543
3458,2075
2233,2580
2091,2275
3116,2166
2944,3252
265,3594
2627,2202
840,2589
2873,571
127,2611
2058,1808
2316,1908
3211,2895
2811,2753
480,2084
2504,2220
3254,2515
2230,147
1373,3539
1881,579
541,2142
1625,2501
2299,2508
1504,2379
295,1688
2587,2204
2522,3041
6,2932
2946,3912
2109,725
1947,1103
3907,3343
2955,1224
2718,387
1674,2747
1773,3386
3470,1684
366,3722
2737,3224
1334,2222
2353,3461
3403,2568
579,3539
2114,1969
1322,3354
2311,1563
2770,2128
2485,1763
2598,1028
790,2778
3836,3223
358,3372
680,3539
2323,2337
450,3282
1169,1550
19,1610
3083,2640
3866,2486
2212,1795
1564,1385
2680,3227
1026,2456
3096,853
1981,2241
2158,2461
3435,2581
2538,3270
2565,1049
1555,2310
3646,3157
1803,3539
1137,1106
2766,3267
981,2175
1897,3539
3374,1865
3976,252
3984,106
1899,2206
3539,1142
3364,2856
2112,1046
2462,547
2415,2098
3611,2316
2141,2091
2617,1297
2389,2398
3098,3023
2459,1532
800,890
2454,1602
562,1929
2687,1533
2283,722
1497,2762
2624,2287
733,2762
1978,2379
2537,2154
2104,1762
54,1448
2767,1689
2318,1832
946,1552
2116,2414
1568,2815
434,3197
854,3405
2005,1251
1480,1825
2107,3506
2829,2625
1351,2583
356,2845
1085,2735
2525,2723
2310,2737
3539,2680
3540,1825
2644,1876
3160,1981
2311,3150
919,1386
3104,3016
3516,3485
2175,3312
2148,1767
2696,2818
3525,3408
245,1129
940,2309
2301,2693
1768,2544
265,2591
2611,298
3021,1589
2703,834
1124,3206
2094,2587
2848,2750
1148,2053
3394,3539
2396,1785
3772,3959
2210,624
2907,902
1283,25
3176,378
2404,1709
2629,2376
3032,2815
2009,3032
1903,2382
2070,2238
3874,3539
2971,1677
1381,1438
3667,1968
1910,2525
3277,1633
931,2535
3045,2435
3539,270
1335,2405
282,115
2934,893
2622,3223
2577,2960
1939,654
665,2494
2515,1048
1315,2588
3449,3071
3482,213
2737,1825
2437,1574
2133,656
3132,2411
2952,2725
587,2708
3392,1558
2046,1583
2984,3829
2310,2097
1851,3148
3537,3959
1056,2683
1795,181
884,3539
3553,1928
3564,2533
2737,3229
3344,2923
198,2955
2482,2072
1824,253
1235,3669
2097,272
3493,1681
2812,853
1746,3672
171,1966
2033,754
3432,3266
1083,1460
2531,1867
3539,3470
842,295
2241,2599
2718,281
272,1190
3374,199
2216,2761
741,421
1110,1906
2812,1132
3012,2725
2576,1801
3538,877
2814,2215
1589,2318
2743,3845
791,3250
2794,1984
1674,524
3881,3637
366,2669
132,1596
407,1729
1316,958
3175,1668
3207,2318
3013,3746
3924,535
878,2127
1981,2834
761,874
3128,2525
2633,1674
3552,2025
2382,1675
2183,566
2675,2992
2428,2789
2772,1291
2195,1168
2075,250
55,1437
1763,1578
2604,3665
3978,95
25,2603
2275,448
3240,2597
2971,336
1665,3423
2869,2455
1823,2633
26,2495
3539,132
1844,2926
1573,2919
1774,16
2586,3319
1686,99
1885,2046
2323,1678
1473,3653
2286,1210
1439,2280
785,488
1674,2530
2515,2249
3042,2603
3796,2577
1046,1644
269,1765
108,3694
2612,1753
2844,2360
2375,3720
2593,1707
1648,1815
3775,2505
1730,2289
2537,2876
1473,194
3553,760
3539,62
257,2626
1225,1509
192,2813
482,1329
1583,564
1949,2617
1455,1631
2046,1506
3378,3668
249,791
2333,851
2593,447
3539,2232
97,313
3463,313
962,1169
3274,3028
2532,3273
1653,465
1674,1925
1615,2142
2503,2642
2228,1485
1674,2389
1470,1055
2878,2551
547,2756
2764,2078
2920,1674
1115,3929
2525,1674
3515,2111
3665,28
1784,1674
1571,593
2015,1605
3408,3871
2916,3539
1049,2075
2284,2992
885,2633
891,2603
2885,2594
1864,2347
1761,1590
3915,298
2094,2297
575,1234
903,2737
3461,3242
2812,1291
1876,2688
3793,2563
2662,1813
948,853
3818,1455
2728,1446
1618,1196
1582,1718
592,1677
2168,2955
55,2873
1063,3378
459,2326
2842,382
1046,2465
1318,1299
609,1506
2987,2220
770,2439
3168,1727
76,2158
3106,3058
543,63
3002,682
3977,2703
2027,57
2273,1934
3539,3405
1106,3960
3793,3297
595,2415
1761,465
3549,3579
2044,2759
2416,2433
2491,2041
2374,2272
1777,2084
1433,3901
2092,2563
1029,2874
3921,2515
3133,2117
2166,3241
2909,847
2987,3539
3019,2255
1660,2737
3461,971
1625,2728
430,2701
2464,1986
222,2617
1885,1063
1800,1295
3289,2090
654,1892
414,3883
358,3293
903,3539
1360,1304
840,1893
566,3527
2049,2216
343,3770
1869,113
3805,1617
3254,131
1668,2407
3697,860
1281,1220
854,1430
2563,225
1314,2405
3305,387
1172,3387
3539,2700
2815,2025
2310,3539
1785,1591
3845,1213
2893,3282
2233,1911
477,2264
2301,571
2734,667
2785,2962
2643,1304
942,1426
1265,1090
3048,1588
3695,3682
1950,483
1610,3880
463,1888
412,3778
78,1970
1520,2132
2731,423
1880,1981
506,2430
3187,2337
1739,2217
2562,2236
2293,1979
2962,3224
2389,2934
2509,2800
1495,3433
440,2256
1938,2068
660,2778
2901,1463
2967,807
1838,1898
2046,3040
1384,2943
3954,1611
2520,2842
2035,723
760,1844
3781,1981
2971,1439
2503,1555
1478,3253
766,223
1641,660
3978,1084
1585,1157
3382,2415
3796,654
3678,1914
1825,2270
465,1929
3216,2009
2343,3998
1660,2736
2345,1201
3096,3829
3236,3558
1827,2055
2943,1591
2748,2603
2737,2088
2791,2285
3431,3543
646,3697
2557,1536
270,2383
1495,1764
2736,1764
1680,2759
3675,415
3379,2867
405,3568
2689,3715
2337,1851
1951,1931
1764,3539
2828,3539
1573,2430
1231,3343
2955,2905
8,1624
168,1608
2197,2587
2603,1653
1331,2031
2841,1179
3034,2257
2499,1579
3517,3539
2828,1816
3691,3539
2331,1146
1041,3021
3500,1123
3517,2737
298,465
3340,2511
3955,1708
1483,656
1708,1574
3104,1914
368,2524
819,1852
1971,543
3430,655
3330,2694
3650,2733
937,1760
752,2721
52,2676
259,2970
456,1175
1821,2893
2025,2170
2177,58
489,2746
3717,3369
3166,936
2865,2708
2799,2513
3747,1139
2533,1862
307,1551
1637,1895
3625,2779
1830,1835
635,1940
2372,2793
525,1115
3913,2909
579,1681
119,1634
2342,1455
78,1830
2703,2627
2504,1684
2018,1272
3141,600
1322,1989
2342,2577
976,3539
2169,3344
2280,2771
2049,1712
1374,2618
1982,1783
938,2680
1934,2250
2737,1589
3192,535
1340,1778
1701,2178
2580,212
1415,1081
1281,465
1875,977
3539,1314
1281,2737
946,178
1626,2314
3010,54
3333,1241
1768,1951
2385,1463
2165,1669
1777,2080
766,592
1325,1887
1740,2569
972,3316
3937,2407
2518,2954
123,1674
303,2638
1962,1592
3564,1845
1950,2737
1536,2985
505,1844
2605,2485
944,2339
1022,303
1714,757
3244,2661
1801,1684
934,2097
3165,1537
3731,2514
3394,2737
2184,1544
2963,3591
1715,376
223,668
1986,1981
1684,3043
1674,2078
3380,3539
2028,1539
2768,3486
1585,1807
2084,2175
2812,2884
2379,2556
1822,3977
524,186
2038,1633
3517,1565
2089,1582
1918,3430
465,1748
2886,1573
2632,3515
2402,1722
1737,2738
1910,592
1861,2341
2220,2022
3204,2702
3673,3539
2580,420
1633,1837
3539,706
2985,2499
1763,2764
1673,1737
2695,1577
1048,1567
2755,3718
430,2310
2361,3004
579,3387
3387,663
482,2275
1349,1312
2180,2333
2220,1796
447,2311
3786,2636
2292,3796
2622,3539
288,2186
2660,2269
2370,1912
2689,2956
3108,2472
977,1835
3947,2738
1665,1739
1677,1726
2564,1853
3538,2209
2238,3683
2310,43
2729,1536
1360,3188
1258,1090
1637,2026
0,1981
3071,2275
1771,1677
1934,1777
2829,3894
2073,2829
1885,3539
2310,310
2557,843
1240,562
2185,2116
2217,3204
3395,90
1478,1106
2403,2120
3682,1998
1360,2053
2158,2010
2217,273
2299,2279
1995,3059
2097,972
1790,1782
2363,1992
2715,2541
2158,2106
1770,3553
3050,2152
3539,72
3100,2707
2472,3405
2122,3505
1918,1764
3240,3682
753,2627
1202,3705
50,1702
1579,1509
1078,1205
3915,3715
3007,1206
1876,242
2217,1573
2028,680
2119,1831
2098,1854
282,1836
2158,1457
2500,2497
556,903
1564,495
1836,2542
3539,770
2795,2198
3997,2549
3925,934
1553,281
3223,1687
533,2698
1223,49
2316,2160
3523,3668
3770,3430
2433,2737
393,2232
1855,2469
725,3282
450,3793
1115,3435
90,2298
570,1684
2123,2049
1431,1633
2292,2527
1722,1811
2655,104
2737,1551
1586,2904
1780,1981
2486,522
1453,444
111,2404
2392,2674
2347,2016
1446,2415
2715,2057
3106,2097
3088,396
2201,1724
2318,2119
2133,2366
3237,1063
1160,2791
1769,903
2092,1304
766,1568
2224,3921
3572,1594
1548,3171
1158,1604
2987,2544
2444,3475
911,2771
1784,2544
1618,2835
2233,628
1830,3758
2028,186
2669,1119
3304,2421
1489,465
1646,3002
2439,1840
3621,1748
167,3527
3384,1584
395,143
1530,3095
2309,2871
1877,3717
1715,1764
2132,3234
2663,3572
2502,2332
1668,1674
2225,3539
1108,3430
1295,1175
3220,1495
2083,3211
1589,2493
2348,1331
1911,2402
771,2619
2389,3461
2213,1698
90,1375
575,2207
2323,142
324,2716
2485,2112
1714,1706
735,871
95,2336
1258,2494
1835,182
1066,1638
1647,2194
3223,2681
1883,2145
1430,3539
2147,200
2124,3011
2439,3192
2225,1157
3366,2366
1706,2629
3660,469
2027,1276
2229,1578
3539,1955
2710,1169
3168,430
1236,2488
1983,2981
1585,3168
2886,1764
1493,380
2472,2439
3539,1676
1626,283
3295,3226
2206,3358
2022,468
2478,3050
18,1129
781,2693
2508,92
1403,2095
1625,3631
2668,1756
1504,3143
1781,1736
2585,1803
2617,1275
1834,3171
3668,3896
1597,2791
3282,1950
2312,2668
49,1895
2057,2995
3642,1648
3683,2075
1345,2445
2026,3327
2621,2087
1981,2642
2536,361
3840,1793
2109,1160
445,3038
2525,3212
1854,2650
1952,2879
2597,153
2220,2656
3798,2204
3796,2090
2598,2772
1090,1611
2041,2737
1835,936
633,2123
1960,1962
248,2651
2237,2019
2771,735
1010,3331
3793,1668
59,1939
1799,1575
419,1984
3697,341
1592,723
1139,2123
2340,2925
2901,3213
155,2076
3147,3227
8,2158
1799,2109
1571,1289
2294,1684
1223,1970
1048,2323
1901,3032
3185,70
2760,525
3360,291
1603,2560
1336,1041
3433,2760
2113,1561
18,3669
341,546
65,2787
2024,3110
2705,2618
2523,3637
2070,1674
2751,2927
342,2140
775,2451
2140,619
3430,1936
3066,1537
3616,3539
2834,2804
3463,1752
1741,2140
1815,2241
3741,355
1320,1335
3955,1800
3010,3774
1957,1981
1395,1631
2799,1758
307,995
1376,435
2243,1866
2528,534
1847,2638
3990,127
3478,1555
2329,2838
2539,1629
1169,1032
3324,3691
2249,520
2662,144
1983,2211
1880,52
2580,2489
2669,1286
2108,341
2617,3364
2306,1838
2668,1492
1421,2179
667,2003
2958,3966
3113,2048
3015,3364
2489,2177
3433,2159
3890,2092
1718,1811
2333,2043
3405,1640
1867,2857
2269,3765
3564,2322
407,3430
2272,3486
2097,334
2444,3113
2709,3157
2565,2352
2440,2981
236,2060
2243,2127
3010,513
3401,2531
3543,972
362,1080
2291,2576
3718,2318
1809,169
1748,2493
2472,2742
3010,2834
3463,3880
2004,2873
3539,2692
1889,320
1781,135
1968,2492
2585,2690
568,2018
2246,1928
1480,3112
1701,3539
60,2456
1900,2220
2120,1418
535,638
3765,2675
2478,2603
1768,235
2227,2472
1981,241
1869,3968
1668,1908
1907,3119
1197,1569
12,1848
3281,3697
3231,3373
3433,3430
2785,2549
2510,3539
2404,1716
176,1186
2158,3705
3796,3669
2443,1241
2274,2737
2683,2081
225,2964
3539,1980
1028,2492
1929,13
1898,95
2140,272
341,1978
95,3042
2020,1895
1026,252
3558,2441
1934,3539
2850,2218
1587,1674
1760,2472
3539,1856
573,1817
257,1493
2135,1215
2031,1781
3100,150
3359,2647
2575,2995
2014,135
2582,556
2562,3512
2033,2153
480,1962
1008,2863
2578,1674
2366,2333
380,1632
2225,2232
1234,2309
3549,3713
516,1908
488,466
2160,2111
2888,1295
1347,2323
3717,1065
2008,3341
2522,2726
1281,3727
1693,3697
1585,352
3058,288
907,2040
1764,161
2315,1749
1078,2857
2031,1727
3072,2237
72,3901
1878,1594
2216,2175
1886,1522
1857,467
2257,1389
566,2562
289,532
1672,1606
3267,2142
1611,2336
1687,2069
1971,1489
2522,1231
1972,781
3423,1945
126,766
2210,2171
1783,1366
1294,2695
2911,942
2042,3504
2822,2747
206,532
2470,2065
2369,1751
3539,2090
2253,2686
3796,2513
483,936
1536,1816
2301,1205
1313,146
547,1633
1793,1506
1684,2597
3937,3539
3539,3289
2945,3508
1988,311
2557,2640
2323,2332
1981,3072
2756,2621
1301,812
2905,1123
1281,580
621,3605
592,441
1158,279
2389,938
1883,3874
3868,289
2086,1138
2764,2889
3897,2121
1298,1511
500,2236
1206,1513
2721,421
3133,1877
1606,2981
1860,1571
2313,187
3078,1241
1115,2812
3021,2732
3571,3032
907,1433
2963,2822
382,944
1660,996
319,2329
2036,2316
3248,2789
1684,2221
2063,2367
3539,1830
2737,1550
2083,304
1431,3125
1654,3236
212,2454
2643,2453
2155,2572
3539,3201
1641,1820
1622,1674
2767,1702
3690,1661
1715,1536
195,2834
2737,148
2336,19
2158,2227
1834,2709
1795,236
934,2092
12,3671
3591,1681
1599,323
1457,2628
396,1786
3539,2744
2025,1884
833,1643
1763,3713
3048,374
3527,1886
1661,2956
1478,1467
1282,2981
1594,2639
282,2868
1828,2703
2775,1818
2763,1830
1929,223
2630,392
1668,3403
258,456
123,1981
2168,3432
1532,2613
3193,3887
1668,157
2733,324
2198,3386
2027,2518
506,3168
1586,2760
2304,95
1593,3903
2437,1674
3121,1859
95,2126
1937,3849
1645,1668
210,2588
1917,1568
1677,2563
616,2624
2651,3423
2458,266
2508,297
2080,1605
1981,1995
3897,1495
2991,1255
1749,2054
1958,2967
2934,3462
1380,1820
1433,2389
322,2571
1910,2658
2744,408
2497,1215
3719,420
1936,3029
1576,2061
2949,505
2319,1483
1485,1419
2715,2544
3756,553
92,2027
2531,2991
2721,2691
1744,2596
1721,1788
1967,519
1971,1536
1613,453
660,1848
3539,3230
1621,3705
2755,2795
3539,1159
2620,1213
510,1735
1883,292
390,1957
3825,2021
3297,1970
3484,1805
341,413
1505,2795
2946,3145
1579,1698
2222,3434
129,2622
2490,1331
2525,1291
2736,1628
1948,1719
194,2268
3539,173
1466,2254
2781,3430
2018,319
1668,58
2967,2695
1660,1465
1740,3790
2265,91
3511,182
259,1653
2195,196
3539,3258
268,2743
2079,937
1752,3386
1847,1397
1835,2488
2275,2137
82,560
2721,341
1292,1252
1452,1721
1492,1745
3539,3546
1872,2304
3416,328
864,3737
1571,1402
1335,1028
1755,3273
3015,2016
3403,1657
2308,1737
403,1298
123,1754
3929,1878
310,2737
3766,2677
2565,1815
483,2988
3419,1642
1416,2047
1597,1687
746,2715
589,169
2027,2122
309,3064
1537,465
2503,2018
1844,2097
2056,504
571,3002
1459,1794
3136,1347
819,8
45,1797
1081,939
2995,1670
1757,945
3539,1838
1649,3325
2012,2128
1952,3267
3366,1196
532,2412
452,2224
1674,960
3010,407
1966,3210
1988,3010
3619,1123
3106,3237
1780,1621
3539,1684
1952,3799
2472,2690
465,1684
1674,1744
3798,1695
1835,3849
757,448
1730,1291
1697,1465
3362,1674
53,3736
3743,3021
1722,3805
2800,467
3430,1674
1952,1758
3157,3829
2453,1692
1683,223
2796,3539
2399,1829
2333,1003
2196,3939
3786,1590
2420,2709
2719,241
1478,2458
1951,2271
95,1967
404,450
3249,2220
3539,1823
3523,2180
2145,2737
1708,2170
2276,660
1248,2027
791,2747
1728,1933
2499,97
2589,2737
3147,1698
3100,3021
2293,2969
2571,82
3402,525
2424,1535
3033,3744
469,1522
3619,1795
3881,1915
3377,354
1489,2732
3906,2087
2860,3691
3539,3855
1426,3506
1748,1736
3010,3508
1578,2028
2388,2124
1594,1913
1880,2159
2586,1620
131,1671
1572,1551
3001,1743
1828,571
1139,2089
414,2928
1395,2676
1654,2088
1754,1402
3897,2934
3096,2851
3148,2067
1697,1764
94,1592
128,531
3394,2525
2018,1022
3897,3366
153,2958
1777,1964
756,1990
3120,2617
115,2063
3527,132
958,1353
893,297
2097,1754
2132,2513
1566,1252
2915,2956
2027,1227
1492,1348
1433,1606
1948,2140
1779,1331
2871,2552
1593,1829
3465,3044
1169,2624
508,389
441,3467
1634,2430
3752,465
3105,2190
1476,545
87,2721
3253,1681
3752,1674
3546,1994
1564,2860
2835,477
3433,405
2886,2605
1594,2323
1614,1749
2200,3805
95,1010
300,2472
525,3403
1672,2559
902,3527
309,304
2424,3674
511,1453
2477,1587
2405,1855
487,3512
506,2117
2275,2835
1886,2318
2010,3539
3516,230
3539,426
2434,1892
2,2508
1798,3671
1766,2303
3782,3405
1494,1929
1489,1258
391,194
2943,2310
1696,2610
1829,535
2461,92
1645,2505
2264,3999
1043,1716
812,2670
781,978
1599,95
1665,343
1645,1215
3907,245
571,902
3195,1633
1671,2629
3009,871
905,1671
2400,1123
2851,648
1769,2445
52,2097
2949,1594
2120,1764
3486,2328
1525,2572
12,3384
2310,2124
2618,1389
599,2477
1655,2773
1743,2670
259,126
3122,2803
3793,1966
3168,1783
1789,1278
472,2902
3125,168
1497,3841
553,1545
3028,1544
2564,1637
958,1633
2330,3511
41,2981
3617,523
3697,3539
2159,545
2868,3631
3293,1029
1046,984
1473,2142
2499,1202
2,3560
1406,2719
948,1618
309,1674
1777,1659
1957,1497
3024,3125
1840,407
2323,3405
3,2442
3010,1648
2268,2649
2618,2737
1684,1668
2056,271
2151,3037
3778,2747
1976,1767
3282,1241
2638,1722
2275,1886
1820,1076
87,2333
1603,4
1599,2134
799,1920
3969,3539
3319,2018
1847,2649
781,3486
2224,1871
1222,3793
2618,2004
1992,1698
2617,3489
3990,375
1586,3467
2412,791
3993,1142
3862,434
2295,1576
3593,1906
1141,564
1371,548
3941,8
1764,1576
1419,3
2930,1625
1677,198
284,2510
3515,1522
1930,2240
2930,1743
1726,264
2335,2611
2412,3430
3322,1301
2491,2575
1749,1587
1997,3845
3022,1448
2329,885
3188,2503
2120,2421
1730,1169
2278,1241
2404,261
1846,2443
1879,2737
2820,2473
1619,3527
3072,3868
1920,3407
1537,1542
3668,1563
378,2207
1847,1026
3539,2388
1668,1565
504,2301
2254,2415
1699,2624
2140,51
1641,1760
3223,113
1453,1941
3212,2053
2137,527
2988,3539
2325,2923
1987,1023
2923,2012
291,2356
551,3244
1929,477
1594,1522
3012,2182
1106,3897
1788,1535
2621,3304
1172,198
1108,2477
1100,2333
1463,3071
1946,1574
2066,2638
3743,592
1844,477
3758,518
1594,279
3862,1657
2385,1780
2646,1876
2343,1246
135,1554
2392,1654
3871,1945
1586,1582
1200,1518
1997,2715
3539,1233
1975,489
1669,92
2589,1623
3589,382
261,1731
1761,1334
1736,3013
2205,1596
341,2100
3230,2127
1974,516
1830,2249
2060,348
3176,3096
1291,1937
158,2765
2818,1846
301,1427
2326,3643
3306,3270
150,1684
2248,3758
195,415
1682,698
951,3539
3028,396
2412,444
1827,2082
2027,2695
3929,1729
566,1816
2152,1102
2749,1593
1724,2141
1735,1495
3334,2190
2091,3113
1673,1983
751,1215
1686,3028
2850,3580
2640,2596
2456,132
3705,3057
507,3684
3032,3461
1594,3539
781,2039
3969,1656
2333,3571
1597,3454
1448,360
1641,2617
1026,1830
1668,3733
2850,1678
2737,3993
2310,382
3136,1939
959,2707
2737,1220
1489,2178
1296,3539
3514,3282
754,381
3391,53
649,3539
460,1617
451,2058
1485,2027
518,1731
1761,3705
1799,2456
3533,144
3112,2644
3324,1674
1783,929
81,3492
525,1049
2027,2737
3675,2333
1674,2416
2499,3546
3831,2140
2620,1767
55,3020
1675,2313
2859,3829
1961,1234
2079,3849
1849,2265
2737,1659
2762,3829
1596,3421
594,2217
45,2004
2000,2889
3211,2799
1028,128
3131,3477
3405,3537
2644,1246
2104,2148
3837,3379
508,3430
1272,357
336,132
3346,2097
1907,1294
3541,300
1215,1028
2864,2086
1674,1349
3232,515
2153,1492
1584,3512
1101,1551
983,1764
2200,1212
2829,1255
1569,2087
1654,1336
2726,2266
1240,3650
2113,1675
2261,2850
1499,389
2895,2508
159,1797
1567,2759
476,3539
3837,3029
1219,1347
2176,3407
2159,1018
360,2675
1844,2454
1575,1052
3539,2129
2443,382
1662,275
225,1400
2669,2831
238,2503
2946,1737
415,579
50,1578
2912,3781
2068,2018
445,465
1677,3048
3770,1721
60,2737
3539,3885
1830,3732
1984,1403
2159,1594
1158,3001
363,310
2499,206
1830,282
2437,3539
1572,1076
3892,2656
1997,1674
3358,1003
2132,3921
1481,1835
2759,2065
58,2669
275,3430
1621,1077
1783,2265
2834,1605
781,3430
37,2104
1103,2578
3285,1596
3569,2860
754,3394
1093,3109
2372,2376
537,1246
1973,2022
3668,2618
324,1775
1018,3449
2687,2343
3216,1340
2124,2487
1655,2839
2028,1725
1576,547
2202,2871
1834,1872
1677,2665
1159,1578
2006,3147
3073,266
902,3024
415,2028
383,1627
2097,678
2376,3727
1347,434
2477,2395
1981,525
1674,3829
3405,547
3372,2037
2969,2036
1870,508
2037,1911
2473,3517
60,352
948,2958
2473,1869
3866,2753
1976,3033
885,3369
37,206
1925,499
2818,1631
2336,1967
1106,2719
3525,3718
2125,3335
3047,1684
428,1213
1596,187
2256,2160
3423,3756
2539,1478
2069,126
3539,1608
92,291
1991,2689
1937,1159
2503,3423
2981,856
278,3605
298,3152
1163,3279
3947,2463
1566,1043
1593,2036
1026,483
2107,3192
2260,2032
1665,2613
2611,1121
1565,1536
1215,1119
1815,1489
1627,2281
1723,844
2525,1936
2257,575
1139,53
1616,1850
3539,2395
2449,2344
1654,1382
3705,144
1032,1931
2580,2838
3630,579
3539,101
1826,223
1777,1323
355,3572
361,2140
1272,1646
3883,1206
2571,3539
2758,2845
2961,1668
1830,3607
3020,2372
2472,3262
2241,1652
1944,1652
2638,2185
157,1076
1301,4
2525,1397
2876,1495
1951,3697
2111,2428
1240,1447
870,3052
383,905
2456,328
1463,159
3539,3216
1985,1427
28,408
1870,444
2639,2182
1951,1366
2835,1353
2207,2618
2140,2973
2932,2436
3372,1240
2434,525
1845,3539
2282,3110
2641,592
2895,1037
1700,3571
361,1794
452,412
2145,1994
1679,1828
1729,1416
3539,2254
2707,2231
1731,483
1578,2742
2946,1489
2708,3462
3572,1697
500,12
2305,2683
1761,1164
937,2850
2675,213
1566,2958
3539,427
1780,2995
1612,746
1668,389
370,2995
2618,2666
1645,2496
407,3854
1542,371
13,2395
2101,289
3539,2649
170,2617
342,2639
3024,3263
2517,592
2876,3319
3796,2617
1835,3071
639,1936
1453,3976
3461,3370
2145,1878
324,3530
1143,1577
1676,2708
1364,1785
3481,2200
1808,223
1535,2160
3675,2261
1771,173
3997,3095
435,439
2961,3071
1872,3015
1918,1597
348,1259
3430,3462
3055,1746
3180,2276
1712,2131
1506,3539
1638,357
1966,2567
72,2867
1946,3939
1282,3073
2087,1705
566,2698
223,2800
3071,1981
1674,1863
1918,3147
3929,13
268,2960
557,32
1870,3617
2844,2669
1081,2774
2413,3539
598,3486
430,1565
2505,383
1906,3897
1602,1942
1234,987
1179,3901
2810,2316
1684,3794
2087,579
1763,1579
3744,3539
631,2196
1064,3431
3560,548
2737,2934
3539,1602
1463,999
1298,2756
13,2423
2517,2087
2483,2674
2416,2439
1091,309
310,2291
517,2658
2581,304
1869,2449
147,2957
1733,431
2765,3423
2491,466
2737,1713
2176,2796
3831,2672
701,3697
1919,800
1202,2855
3539,1984
2463,1584
1951,1757
3897,92
368,339
2580,1704
2850,3546
3630,799
2787,1509
1765,476
2978,2193
322,224
2369,2014
3925,3617
452,2472
2800,1641
1560,1624
2342,1781
1594,1554
2119,3611
1123,3739
2741,101
513,3009
1951,60
2956,1744
1720,1252
3045,2051
885,355
1764,2596
2472,1704
443,1764
234,2272
396,3074
1938,1238
1830,93
1304,1690
2557,1979
505,1564
388,2969
1863,2984
89,1506
1224,3697
988,3364
1656,3031
2791,1236
1962,1764
1948,2111
3410,90
2369,357
3818,101
1023,2216
134,656
2725,3831
3731,1389
3838,3952
1464,128
1046,3014
3849,2923
1985,2027
1003,3697
55,2633
2787,1660
3845,2494
2567,458
1478,3808
1586,1123
3324,543
1077,443
132,477
3241,1712
3716,1726
3455,1730
333,1594
2352,3192
1160,936
2465,507
881,1967
448,2907
2309,3230
2941,2934
275,2240
488,2453
3243,930
3192,937
2893,1160
370,53
1294,3697
1454,95
3697,1768
2901,3319
1857,1097
2174,2322
356,3913
2333,3690
2719,1965
289,1099
2154,1231
781,649
1347,187
2217,58
3181,2508
1750,320
1148,1863
1569,3539
1687,3793
1102,1578
654,3539
1366,761
3768,328
2830,3461
2886,2800
3539,2428
2969,1839
2759,3224
2694,999
1219,95
1981,300
3685,507
1974,1302
231,1348
2153,439
3881,1688
1495,3342
977,3611
174,2081
1710,2465
464,2580
525,355
95,1745
2915,157
1777,1132
1872,1497
2482,1589
2687,2973
1010,277
1745,2472
1628,2037
3697,2524
2168,816
2145,1026
1762,1938
2902,3474
72,649
1055,2396
3410,1929
1231,2581
1535,3176
1835,3300
3838,1938
1616,1684
92,2369
1255,1665
746,91
298,3433
508,2737
1668,571
978,3697
2475,3539
1081,505
3145,2303
206,2193
3737,1174
2018,3525
2491,903
2093,1314
2221,32
1704,336
239,2352
2097,2737
1880,3832
2816,1578
1353,2494
439,2249
2395,2399
2270,2426
1121,1119
2687,2174
1907,1594
1997,1536
2142,2372
1404,3313
341,3429
1827,1598
342,1953
3756,448
51,3098
2947,3000
2800,1572
92,3989
1576,678
2747,3678
1240,2131
380,2460
1115,839
291,3837
2081,2282
1895,3756
3637,1840
370,153
2525,3032
2975,2624
2766,2878
377,2492
2318,1693
3880,3461
417,3657
3720,2737
3043,956
3285,1704
1830,2901
376,384
1294,28
1301,1049
2311,3539
3173,1675
2116,518
1622,1507
3100,464
1393,1906
3716,1411
2475,689
3043,2781
1608,1710
239,319
3175,646
298,167
1674,2901
2759,2052
72,1638
2487,83
3880,3300
374,1132
3793,1868
2627,3697
1927,1463
3907,2018
860,2789
2000,1778
342,978
2451,3876
46,3078
281,487
1956,472
2394,1962
3210,2638
3342,2893
427,1240
2996,2863
1691,3071
2604,2474
3461,2644
2959,2472
1684,3433
3,1879
754,2308
2109,467
564,2960
94,3720
72,2221
135,585
3071,2403
3052,974
1701,3009
1507,58
118,1769
2148,2670
2271,2424
113,2482
1668,2418
3845,534
2073,2107
517,2133
3125,3341
844,2172
2789,3611
533,384
3832,342
1952,3539
390,2258
19,1872
3940,948
1816,3546
2698,1227
746,3939
1961,1774
2719,2021
2275,2503
1505,3120
2655,1168
3697,2115
2849,1270
2796,3010
3984,2206
1313,2140
2403,2472
2984,126
341,2352
1911,267
2456,1672
2701,2048
8,2649
2280,1667
304,3380
2573,1489
3457,2044
864,313
2781,1614
2691,450
1738,551
3632,2218
3087,1746
2751,3525
2687,259
1890,2683
1957,60
2736,465
2107,1216
2054,450
2492,1946
404,1413
2241,2525
273,1581
976,3995
1628,3727
2676,852
43,1981
3053,1651
1693,50
2116,2737
3100,2588
1708,525
737,2265
1557,2281
2298,2959
3697,1577
342,2737
310,3564
2955,2816
2737,8
125,406
1872,465
3002,1869
1560,3564
1830,519
3304,2042
357,3539
2926,978
1576,1967
638,3697
258,89
1085,2981
2282,1278
2165,2339
2053,30
524,1066
3887,2491
3538,546
2737,1720
2747,3131
3295,3537
3740,3462
3100,1416
3106,2844
1100,223
1764,2580
3334,1158
3242,3022
2105,1936
3253,1551
2220,230
2369,1638
1586,1624
28,1628
3195,1010
3147,2491
1240,128
3616,2311
1661,3539
2369,1691
3462,2581
1393,59
259,2116
2097,1815
2301,3268
1674,1248
469,336
2316,3157
2815,2018
60,3120
72,1578
2633,95
3319,958
3783,580
1830,302
3594,1952
310,0
2939,235
3501,2220
2027,1096
2744,367
135,746
558,2495
2000,2708
2369,2337
1953,3430
1430,92
2773,1572
1034,2820
3805,2857
2487,2207
525,3159
2416,357
312,2189
3366,2876
2482,3613
412,3143
1957,1625
3242,2172
572,428
3037,366
2083,2814
260,2434
3106,1680
2737,3811
3256,2086
1163,3756
2023,1729
2955,2737
1545,1906
169,2434
95,3793
815,1794
3032,168
1678,292
1674,3227
2492,3866
77,81
1199,0
2503,2596
616,3734
1845,1199
173,1411
2640,2812
1630,3572
2137,2098
730,2417
2719,2030
2161,1897
515,1730
2876,2026
821,3319
1729,1638
3391,174
2508,2029
30,3569
2382,2318
2908,579
1601,2901
2217,459
905,2751
438,1022
1535,2221
1478,1850
2901,2308
3010,2759
2337,2241
543,3608
2815,3360
1682,2503
1713,1815
376,1794
528,3343
414,1432
313,2294
1668,639
3546,1769
2392,2492
201,474
1684,481
3100,2241
2494,3564
1886,579
2295,1220
2737,2445
118,1522
2916,1830
2687,2505
2338,1430
2665,1081
250,2083
3138,737
1464,1430
1404,2076
2049,2618
3071,2562
752,1761
2352,3348
2356,3070
2630,1862
95,1815
1941,1835
3814,2424
1639,2617
2751,465
534,3052
3071,2196
135,1817
3539,2122
1868,1975
2424,251
3546,3504
930,3539
3195,427
3516,1830
564,3430
239,2618
3495,1672
1458,2387
2139,910
3941,520
1729,200
2302,1830
341,355
1650,3624
448,317
304,1869
3366,427
1509,3969
2580,1901
3416,2170
2702,3400
3546,279
3697,1651
993,1794
2939,2640
1219,2618
2687,198
1508,2736
1216,47
323,322
468,3550
371,1946
638,3213
2174,2627
1158,3461
430,2131
1943,3668
506,2542
2157,1616
1207,3539
2737,88
249,341
2436,1674
3298,3849
3000,1606
556,2318
3056,1633
2960,43
3606,852
563,297
223,1447
50,535
361,1757
3073,277
1797,3127
1483,1614
390,3690
95,1942
2155,3009
3,2878
157,3546
378,1778
3253,4
2601,1674
3157,261
1216,2638
1973,2209
3993,3145
1715,37
3350,3799
531,3630
1602,3564
1234,2704
1374,1819
1234,2087
525,3407
1565,930
3100,3569
2963,3002
1779,3810
3608,2575
2638,563
3782,2620
572,434
3350,547
3282,3253
99,3176
3297,2209
1886,2617
2027,1601
292,2043
239,3539
2116,3628
1234,2377
3912,382
1674,107
1037,1981
2737,3430
282,2121
2168,2333
1421,3411
1323,3734
370,3848
2641,3527
477,1602
407,2708
3270,2175
3537,2158
1830,144
465,3668
1372,412
3024,1764
3539,522
2671,2352
93,465
288,2687
852,223
541,566
572,282
2097,705
388,2427
3539,3119
137,1850
2578,3181
137,2290
1545,2672
2507,3913
3754,3285
1943,1629
3569,305
3336,522
2895,3714
1655,2030
3940,319
3125,2079
1764,1601
223,3774
1668,1236
465,2396
528,459
1765,3756
2760,2492
3965,3796
1985,2472
1206,902
465,1602
341,2710
2902,1509
1815,1084
1674,3768
2611,2031
3430,2313
1608,3793
57,34
2835,8
1583,3366
3366,3490
2261,1993
1621,2981
465,3823
89,2378
1197,2209
2220,2978
49,3014
2981,172
1043,327
2043,300
2101,2116
3517,2779
3690,3071
421,1597
517,1667
412,3569
1629,1980
2092,532
1832,3718
446,3868
902,3929
407,1929
547,2779
519,1448
1554,599
1206,3599
2878,1778
2445,3539
32,3254
2752,363
3539,223
3965,327
3778,566
3254,1835
3539,3734
2257,3955
1037,371
2542,2231
3854,564
2603,2257
3967,1975
250,3285
1814,398
3599,3304
545,3129
19,2394
3157,1705
2512,3166
1501,3354
3733,14
1572,342
2665,2122
3723,95
446,3235
1830,1674
3539,307
2558,1660
3611,256
3956,2115
356,1565
1594,513
3863,1294
68,3237
2687,367
241,2270
1726,3240
811,2168
1731,2298
2472,592
3270,1596
423,1323
1157,2671
3120,250
571,317
2428,301
1464,520
3841,2405
450,193
1668,1710
2607,3793
3539,1929
292,302
1830,3693
1519,1340
258,566
142,3098
929,3120
95,2016
799,206
390,3331
341,2042
2318,543
3405,417
2261,2176
378,3539
1779,545
3405,2025
89,3512
1977,2093
2086,92
3540,2148
324,3263
3335,394
474,966
3691,1944
3966,248
3033,2405
2759,3095
3057,548
298,341
3341,2728
298,3993
3697,2097
580,3546
517,1640
3120,3941
81,2919
1992,222
1674,1742
2171,3093
147,420
361,2311
1146,1405
420,2886
3229,376
2220,309
331,1797
3022,113
1710,368
363,2048
1533,1749
2052,2018
260,282
3147,307
510,1208
566,2295
1674,135
3369,3715
131,1340
1148,2916
279,407
2052,2065
3539,1712
3096,289
92,1405
1592,2152
546,3770
3805,223
3539,1550
1164,1777
1992,77
2719,515
1717,3342
2737,2677
2312,3347
1953,2426
3314,503
1010,3527
234,3282
737,2694
2926,391
3640,2886
524,3682
505,3461
3693,3213
336,2871
2220,2651
3539,3009
1169,2736
1684,341
1274,525
2220,113
2647,2472
506,585
1738,3838
1568,2118
543,195
3181,2312
357,3717
2955,444
2435,525
2946,1815
198,0
566,327
3372,414
3539,3462
241,1588
3539,1509
1815,2205
1578,3956
2377,99
2019,3854
269,305
172,282
2318,450
3394,2702
53,871
3282,3892
546,819
1906,3684
2435,572
60,3539
186,533
2991,2708
3694,639
2771,1979
2,2694
3956,382
3430,3138
3002,3515
269,3849
2713,506
2934,852
490,3586
333,267
3539,1123
356,465
3539,128
324,3052
3454,3430
3939,479
357,235
382,1405
3125,1961
53,3793
1374,662
2396,1717
3668,324
1674,1600
3100,309
1810,3474
3395,2107
2343,342
1941,2762
1010,113
1588,1797
137,2111
461,49
2633,2962
3586,1717
95,2631
2654,378
46,2565
1630,516
2934,375
494,1631
3691,3603
525,2127
3248,3454
2916,357
1465,355
945,415
137,458
2333,1447
443,223
2702,374
1678,507
17,3720
1191,19
342,3461
251,505
945,3997
2115,2698
2387,394
3553,2661
1576,1715
2633,2853
2864,327
2385,396
2333,135
83,170
381,1890
2116,47
3056,289
1298,3657
446,3617
352,3863
1764,2895
282,480
3129,2148
3527,468
2758,468
2864,3539
53,3966
3993,326
15,3306
2342,292
28,1867
3539,2251
30,3159
1716,336
3,2971
342,1453
2581,3818
53,309
2310,3430
1684,2728
3213,3679
571,3264
1682,457
1685,1817
230,589
2011,2654
95,417
321,2996
592,278
419,1659
2599,342
84,3717
1620,3539
406,2655
281,525
1672,467
48,500
2032,1219
2106,1645
3395,324
3002,1347
3766,2310
395,2097
1997,2771
130,2872
84,2539
88,324
279,324
3993,1160
2507,2323
1668,95
261,206
3457,3395
1625,301
483,279
223,3716
1674,945
1043,368
256,3129
2426,1951
265,296
3717,3623
3539,92
3714,3937
3098,1668
2815,2714
819,1616
3539,3423
3716,3599
338,3603
267,225
2154,273
3539,1595
259,3874
303,3993
3262,2737
428,2671
321,3539
2760,200
1730,2580
263,310
394,1613
3009,167
251,2456
1729,3109
375,467
2032,3539
3619,292
1647,292
2251,1227
2737,2066
1668,46
132,3984
1705,479
3129,910
2525,251
94,230
1276,378
1834,259
1276,2426
1984,284
2209,1738
3668,3912
197,450
3684,3125
3395,293
170,3537
3264,3539
2275,3546
3940,198
94,2281
1731,157
3564,3264
575,2097
3185,3312
3512,3539
118,1674
326,1659
137,380
60,1455
3684,2525
1674,1545
293,2337
2702,870
368,3430
997,3626
1647,3395
45,321
3694,3489
135,2229
3390,465
548,310
2039,2293
1680,3100
662,321
12,321
366,2915
3628,2975
2343,3052
1405,348
2472,47
2640,388
3098,117
1937,3127
3695,1684
3924,390
157,1943
3423,310
2796,463
427,357
60,1668
147,2302
32,3756
253,2209
222,2508
1594,3100
1043,3896
450,1455
2454,130
2736,1768
95,1731
3937,3430
2202,3993
1298,2111
1258,465
1219,3657
441,1465
310,282
14,3489
2018,90
999,1364
3300,479
3430,2426
2415,2737
342,3793
3546,17
500,1937
421,1672
3682,16
2624,2981
324,2152
223,3682
361,3454
1942,3818
1554,260
242,2492
3010,3253
252,1164
317,2308
2106,3490
1215,1640
241,3539
1674,248
297,3685
59,2209
3095,194
1674,206
3623,3993
150,253
2737,1405
53,1508
2202,356
3527,3837
2698,1674
2018,3546
327,1842
2599,438
310,1770
107,310
435,2647
2762,59
169,3159
1674,1981
135,206
3504,2434
2737,153
283,1937
298,3539
2281,83
2596,2378
3348,2971
509,1936
2575,2702
3685,2308
99,3138
310,223
206,14
368,2661
3539,1941
2728,173
819,1927
3718,1594
28,256
32,1495
3423,3697
2655,95
198,1522
3885,3697
1219,46
3683,190
91,3940
263,2240
198,2145
273,3002
267,2963
1197,3539
3395,3240
48,336
2405,14
1495,1197
2895,3697
2815,158
150,2699
282,3096
295,310
2280,509
3461,241
391,158
225,1941
3799,421
263,225
3921,3293
3695,3227
3984,1764
307,1715
1830,2424
1832,279
2760,2454
301,3678
2258,3714
404,2251
1255,2454
2434,125
25,3619
77,327
1761,324
2293,3501
2694,3793
130,304
2144,1764
3818,3623
186,147
3010,3713
168,249
174,2645
2581,2713
701,2503
8,174
3885,324
465,579
1276,3713
3837,3306
281,2160
259,90
3727,2552
2052,190
1834,871
3390,3430
3643,3213
579,173
2220,2042
32,3892
1231,60
1678,30
1907,132
158,910
3348,137
3690,34
2871,1674
3965,2710
3643,1677
203,2435
2611,95
3539,2284
1867,211
239,2001
2737,3727
430,3405
3100,0
3695,3899
2542,107
3527,368
361,239
3397,3372
2284,211
3490,53
476,1729
559,3714
2969,3125
3384,2617
3486,3866
2713,2539
2507,3896
1705,194
2596,2638
3014,3360
176,28
3044,1566
3539,2052
3125,1594
3457,3940
173,1066
3599,2472
3539,281
158,2759
2424,2586
201,2580
1685,3539
3423,313
95,404
3569,1976
3811,311
3512,1066
1685,3626
487,2945
1722,192
3617,1674
1276,435
2241,71
158,638
3993,3952
211,60
1276,3022
47,3014
144,7
324,3539
2699,167
32,224
2645,95
2087,2152
2122,7
2405,2052
16,158
2514,1465
3527,3841
438,2714
1048,173
1834,2815
3881,2092
3343,223
2202,108
775,194
3937,2429
1777,113
3770,304
2087,12
37,3501
1197,1160
3100,2702
2503,3125
467,130
3881,1705
7,3744
3490,8
1834,182
1715,95
2158,2514
1764,2318
2503,1830
2052,3965
3714,2144
295,1830
132,206
238,2878
158,2694
371,3766
34,1674
3793,3147
238,1715
91,2655
2996,2220
3623,3799
123,1832
3125,563
48,2427
3632,169
99,571
99,2737
1010,1215
910,871
3727,1715
3668,2655
3617,3022
1674,48
142,1716
3185,3537
49,173
107,341
1276,158
371,1715
3678,3539
311,3071
72,472
563,2539
3796,289
310,3539
3002,7
3599,13
77,2101
1215,2694
3234,256
2815,3289
2815,2261
2144,3230
2580,2255
3430,82
2323,1840
3010,2284
3718,341
1907,1922
2991,3539
480,300
2694,2154
404,1405
53,3539
370,2145
1554,108
0,1922
3607,2702
465,48
3539,635
67,2427
997,1215
16,404
94,95
307,8
58,2275
2270,509
2581,267
3770,3435
295,3129
3185,3694
3624,430
997,2241
1276,2318
1594,2405
1197,3537
53,2878
1668,2042
47,16
2694,278
89,2032
3841,2737
2405,95
341,2633
3539,420
2737,1746
72,8
2261,72
3539,3127
452,2152
84,92
3539,169
3472,93
95,2815
3540,238
2633,3799
2039,371
3632,1160
117,3405
2902,3732
54,2255
1160,2152
3899,25
2154,1729
997,3185
15,72
3913,197
3744,53
3540,34
72,289
78,158
3423,1746
2737,95
3185,51
32,313
58,371
32,3
2145,2284
3569,3539
65,2019
131,2018
17,3537
3237,71
95,82
3336,3430
1613,90
28,0
60,1606
58,3732
267,32
1276,2
3668,58
1160,48
3457,3732
420,17
1674,197
2293,341
59,32
2737,2275
3430,2284
3756,3718
51,72
72,3668
3539,1729
82,223
2052,48
1840,430
2991,1951
90,60
2152,1674
361,1588
3430,3539
90,421
2633,2052
15,2032
341,1668
1613,1863
14,1715
1715,17
2054,54
3,92
50,90
852,90
45,1554
95,2054
1588,1606
17,371
1160,3185
3234,2
3837,3
197,3010
1715,131
3423,50
51,47
3237,452
2152,3539
2581,173
2947,2054
37,3268
438,3457
2655,32
472,173
34,1840
2323,7
3185,8
13,420
58,2947
1668,25
12,50
472,131
452,51
59,3454
289,92
15,1840
3732,2694
3234,3685
14,43
3685,2054
3185,3237
12,1716
2991,3691
2323,2908
8,2908
2655,13
3539,12
58,8
2,8
15,7
1668,14
3430,3185
8,2145
95,3732
3892,58
15,8
17,15
3237,2318
3,2815
2815,3732
3,3668
14,15
16,2815
3129,2
2318,2815
2815,3129
2318,3668
3129,0
