134,2641
2019,857
863,696
2312,3792
3940,1903
3592,1326
2959,3959
2342,2717
3261,2641
444,1274
3178,755
3105,2926
2122,2517
3413,2145
2601,3496
3875,763
2337,1299
2366,520
2910,2411
3625,2133
3086,1949
1976,3615
3961,3146
2548,1829
1897,2844
2265,3110
3293,504
3007,3123
2497,3685
2286,3682
1130,1660
1174,3542
1239,668
3852,1681
581,1490
108,986
1091,3371
2214,1090
956,2112
2334,2673
3721,3129
2081,789
1316,637
1497,2240
1932,3926
2223,3998
368,2707
494,2465
2723,853
1973,1465
2264,857
2630,3446
3268,2597
3396,3647
665,2737
1105,645
1274,2083
609,1508
939,2536
381,2650
297,1060
2671,3022
1237,3972
3302,750
1738,129
1203,63
45,1467
1572,1583
3070,225
3829,1060
3477,3246
2988,1695
1542,331
1154,598
1235,1297
3885,2781
328,3083
3362,3333
2543,2151
441,1883
1757,264
1445,1159
1006,2555
591,2035
278,2921
3223,2707
1528,3110
496,849
2090,1132
1919,276
871,33
1437,2562
3035,1541
1937,3775
2844,349
929,480
331,2659
447,2083
3757,3715
1166,2784
912,3713
2572,3747
1159,3948
3093,924
2946,1640
2655,1924
1769,2520
1438,2097
3434,886
2578,521
2338,30
3766,1946
2068,3625
1607,2602
1183,3969
3797,961
331,1209
401,553
2908,2192
3630,324
3556,2572
2233,384
1505,131
825,423
3632,1480
335,2257
1354,16
79,3801
2896,2044
3955,1373
2977,3505
2754,1144
2815,2091
256,389
698,857
1965,3680
645,2257
3018,3149
1989,2573
2871,858
1309,2933
2041,2594
2060,288
3238,2464
2407,999
2303,1589
2607,3804
3456,3987
3573,3574
1380,3719
1300,3222
3007,421
3446,1919
2623,1932
3181,2771
1477,2406
2953,1743
776,2965
1159,2729
1999,2799
2540,3818
3734,1409
993,663
2661,765
987,1384
468,2009
40,2935
3622,1279
1756,2584
246,2611
2975,422
2924,3811
2035,3829
1633,2100
881,1523
3259,505
639,948
1356,2086
1281,900
2705,2166
2893,3415
3218,640
2762,380
2435,1604
73,1836
428,1086
1112,1361
1896,2769
2712,966
1909,844
3182,2572
1410,2018
1709,1616
191,1284
2139,2223
3896,2685
50,1777
2590,3939
3155,3942
1863,50
2412,3704
530,1135
316,2758
391,3086
2540,2811
401,774
1981,444
3838,2637
2759,36
473,347
1396,488
1198,129
2908,1020
1051,2418
3501,1101
743,960
871,3686
3509,394
3914,182
2435,3260
1932,693
1439,1835
1843,1362
1277,1783
2073,1967
336,3030
2074,520
3455,2950
2707,654
432,1556
424,1494
2966,3889
1472,2644
1176,2718
3364,3032
2733,547
3165,2253
1372,1366
361,767
3601,3999
1996,707
1004,1883
3689,1350
1256,3991
3783,1965
3328,3959
1954,2140
1927,2021
1133,191
2818,3231
3643,2560
1299,842
1854,2443
384,3049
711,2682
2750,1386
644,1988
3492,786
2280,2535
1267,3144
3651,3015
3873,3704
1014,1192
108,3621
1773,3382
3193,3435
1519,524
50,2429
1662,1449
389,618
865,2945
481,3418
915,3386
1849,2164
530,3425
2567,3233
90,3595
538,59
2527,1373
3180,1318
3982,3335
3255,2178
1792,1372
2186,544
2408,1999
1220,2960
3140,1886
3241,2973
1221,334
723,3309
952,3815
3505,2947
3985,2807
1469,2844
1111,2429
1159,3022
3985,3685
2136,1374
3306,486
3437,2844
1494,916
1346,385
1329,2469
1564,3529
1793,3652
3471,3265
1864,153
3779,1154
111,199
1836,2242
2083,3896
3665,3942
461,3104
857,910
500,1203
3922,3960
253,2559
3925,3636
218,2371
3541,1940
207,1086
2809,3373
2206,3511
1829,864
721,2468
3748,3839
1183,3912
899,3088
543,1608
1903,1909
1550,550
2626,3935
3286,363
3712,1626
3150,1502
381,2581
2607,680
1552,2838
2944,1877
338,32
2859,3748
693,2414
3006,325
712,1318
601,1288
3171,1276
3819,2893
1731,2343
2271,1577
110,576
1968,2717
3164,1092
2114,3315
3636,1274
3148,773
1539,3091
3963,204
1429,1435
3582,3322
358,1998
2952,3733
948,1033
3741,1993
3701,17
2250,974
1100,2123
389,2629
2572,3041
1647,1420
2657,1627
704,1280
3626,27
2916,739
846,1963
2952,2485
3065,572
3176,1687
1007,3080
2125,241
1374,2804
3115,3514
937,2547
1783,2442
845,3232
1453,3560
1897,1603
2297,50
1802,2005
634,134
2785,647
767,1839
3719,700
3214,245
3386,1291
3839,344
2294,3588
134,1741
587,2942
2905,19
3110,3794
198,480
1074,2844
3278,2100
924,154
577,3117
3060,891
1462,1036
123,3396
3623,2242
1698,3789
5,2161
3342,1359
1554,3243
2675,1648
275,2960
147,549
20,2499
50,2386
2883,3722
2099,1806
857,3531
3752,2188
1026,333
1698,1615
3792,3441
1252,2376
3650,860
1596,3252
3560,71
90,2784
2022,470
2954,2604
3047,374
2294,210
717,1445
3327,3497
2550,860
351,2393
128,50
1137,2909
2844,3699
715,3267
2572,2858
1317,3851
2860,2314
2588,2834
3833,1949
3221,692
2032,2858
3203,3510
2844,3016
162,3203
1700,3397
3529,3970
2710,762
828,3723
876,3384
2048,133
1084,799
473,3868
3398,3023
633,3554
946,319
280,1262
3968,1392
2633,50
2651,1451
388,127
239,593
177,2828
985,3602
3699,2230
246,2982
453,1210
1343,1028
906,953
2807,848
1112,1916
2657,2401
2618,516
336,1984
1111,1716
1843,460
3504,1313
2844,116
2851,2978
3652,2777
755,544
3979,3216
1471,681
1042,593
559,3667
881,2141
740,3141
1552,3502
866,1869
92,736
2271,293
1358,354
3417,3978
2670,1211
1956,3586
2846,2808
3245,2563
3122,1856
2317,1739
847,3943
1880,3276
3321,1220
2731,2487
642,1977
3356,3574
1392,866
1352,1544
590,3871
3424,1088
1835,648
1230,2640
3578,3338
3092,115
2209,2843
3673,2126
2553,2116
922,1599
2275,3498
1252,1404
1762,1938
1041,1786
2302,3627
3770,3980
2006,1926
3713,1675
887,736
56,1345
2666,2895
2903,892
202,3438
1804,2878
879,62
257,3650
3123,2885
1464,2453
268,2928
649,2137
948,1671
1870,619
2062,2552
2468,147
2740,3758
1528,2516
2439,2195
69,1553
3613,2320
1576,1423
804,3486
994,3201
2656,3314
1830,3520
3137,2467
751,1636
3775,3781
260,2007
277,2387
483,14
2650,1181
273,1223
2116,3075
62,748
1779,3133
3807,606
1636,1852
2227,1449
1882,2100
1056,1265
685,75
1188,1436
2262,2091
603,3388
1513,902
1225,3426
2775,2345
556,469
1220,1396
340,990
1626,3850
3707,900
2007,1177
2030,1310
3213,1109
2590,3483
3890,2759
83,970
64,40
2399,1042
425,1861
165,3675
1159,3072
3659,2811
4,2521
3742,2427
3332,529
716,404
408,3421
1297,3144
309,880
1145,937
3066,2251
3529,3240
826,512
3083,2441
1716,3720
2631,2298
329,3325
3736,3679
1534,1128
415,1519
1025,3945
3640,2668
2386,1186
1179,1103
2284,1605
2919,1844
1392,50
1762,1735
3933,3827
1601,3356
1413,1357
3049,403
3805,239
2083,2483
1159,579
1201,2755
2629,959
2058,1851
345,2022
3951,541
2150,769
50,3628
1827,796
1001,530
211,1241
3230,2050
534,3358
3780,2441
3579,727
418,1541
1541,1449
703,2565
878,1559
2417,1933
336,3597
3004,2081
100,2348
1739,2910
2988,1536
653,2677
1688,3497
2668,3312
216,3181
3830,1524
1592,3638
1714,3707
595,3477
2868,1925
2309,331
2559,2081
2844,1759
3418,191
814,3622
850,1543
3128,1181
3485,874
1404,1120
1368,3808
2110,2288
670,3085
2198,2099
1294,1505
1319,3499
1656,3919
2692,2441
344,1610
3105,674
3162,2921
2540,90
2873,3580
1697,121
3538,2542
3911,17
2644,702
2611,1200
364,2712
2636,3901
559,3672
1622,536
3193,575
834,3591
2734,172
1293,2447
1236,1990
2263,1944
3701,1893
3795,1179
1851,2638
2635,286
3488,2700
3595,2169
152,2468
2142,3886
770,599
2699,2958
3872,1375
285,2782
2016,2318
2844,2295
428,3669
2164,2620
2989,1162
3989,2985
1476,50
1684,316
1407,1816
1312,1155
478,1070
185,1985
387,2002
196,3934
3791,3393
392,1255
1017,465
2493,1255
2098,3808
1591,1955
1349,2461
2313,3645
229,2953
2705,463
3894,141
183,1492
3031,916
3270,494
1819,3570
3078,3074
503,50
741,2830
3535,1206
3541,3648
1760,495
373,488
3120,789
1600,2948
1042,761
857,783
2112,2860
2182,1026
2400,820
464,392
389,3177
2973,94
1778,3798
1570,1459
537,3366
1108,2012
1932,3353
3519,1953
3301,3866
2419,2439
222,3707
1960,2967
2976,2748
3616,2715
3550,3618
116,2518
1946,3332
988,857
2018,1623
1979,1923
1695,1987
1207,1551
872,1482
2669,690
3139,3741
3674,2526
313,2113
1668,2940
2571,3184
309,2468
2937,1225
1903,1037
1194,1781
1245,2902
1069,1513
3296,3668
254,1782
3017,2038
2930,2382
3338,2920
3111,528
3884,2705
2194,2706
2747,942
3771,549
851,608
582,3345
550,1343
1456,151
2426,2395
3852,2103
2981,3538
2549,1255
3329,1199
81,1135
3332,3765
1361,1690
1248,3969
3615,1408
967,2421
2405,298
3254,1516
2693,795
3488,1389
1569,1597
2835,1817
2657,2234
1359,50
3461,2003
1453,1557
1433,691
1876,171
1362,2091
1809,474
3056,623
2468,2885
2885,520
2497,1441
3475,1404
428,1629
948,695
2836,588
102,2097
1935,2829
1583,1418
1042,3436
3496,3331
424,611
1220,1906
139,2531
630,221
3815,837
3329,440
1705,734
2123,3262
1757,1119
2998,1193
50,3378
51,428
2513,2108
2757,2768
533,3393
3200,783
2339,2108
3625,2023
3363,3426
1811,3097
3808,3841
1040,1663
343,1803
1558,2864
937,2946
1583,1495
1594,1720
1980,1995
1908,3901
3825,3323
112,871
1624,3945
1727,1334
1877,1382
3415,3091
1032,1766
2052,2256
812,3876
502,2233
387,3862
1594,1444
1820,3126
1643,2516
3055,1258
2455,3382
3468,836
644,1941
1806,2911
1948,1188
2861,1715
2579,2866
2510,1450
520,3149
1872,1098
1282,137
1479,1408
3617,602
3069,1118
2346,2166
362,813
722,3400
873,2399
2987,3991
3683,3054
1161,1480
2918,1662
270,980
687,2903
3809,1118
3583,1773
39,3552
3289,3413
535,2099
1602,756
3128,3456
331,1455
3161,50
456,1836
3674,2240
2171,1674
384,807
2846,2707
1546,3625
1513,2861
2568,3494
1701,3912
1635,2013
567,1311
598,130
1398,839
1877,2789
2238,830
3467,2435
2351,1173
2939,2326
1093,2094
3690,3461
2054,124
1135,1667
3121,516
154,3600
3703,2132
347,2979
1254,3912
2519,2257
1640,315
1188,256
1530,2018
3002,323
3760,691
3021,2479
3649,1712
2084,2599
2847,475
500,3661
2539,3142
2366,884
410,1811
3422,1127
3169,654
2468,837
3902,1620
3918,796
2289,1358
2544,1188
119,3300
2823,520
3129,3584
147,3838
1042,3662
1942,113
1002,445
3808,2113
1094,3219
655,3777
925,2327
447,1891
511,74
765,1544
3720,2757
2538,185
2292,3924
1311,2089
3968,2786
3571,88
1711,1591
571,3470
3771,1119
50,1044
2816,1238
366,3891
819,1230
960,1541
1893,2551
492,2413
2091,105
2307,1159
3536,331
37,3424
2018,1200
2091,1360
3948,1493
3481,2657
2961,3367
2847,373
2130,2278
2821,2145
2782,2899
924,482
3509,3688
1057,2374
3542,1753
318,3557
804,1859
1925,3407
947,458
2018,3275
3356,1642
2347,1877
137,1229
3934,2827
2557,2436
1565,466
2719,775
543,8
978,307
3841,2382
1390,1571
3110,2517
1274,3070
3229,633
2471,1774
3542,3416
2702,928
1239,3227
2451,932
2332,2631
89,3594
1301,3362
3190,1255
2277,1870
1125,1932
3378,1716
3171,2529
50,112
383,678
1432,2500
825,3579
3377,2196
489,968
3928,1908
194,1404
1851,3803
1774,801
735,2203
1786,1557
1421,397
2794,940
1080,1092
1541,706
2822,2646
2674,2280
2979,1258
2402,2270
1009,3619
202,2158
998,2842
2614,442
2869,1955
629,2707
740,2283
3735,55
2657,3848
1109,1595
3659,1853
3478,775
1410,2338
2885,3768
1943,1815
535,331
797,1756
2576,1
506,3424
2067,2023
831,3416
1188,1404
755,1324
3390,2901
2802,2438
1810,2758
1020,2280
1429,484
2356,3290
2242,1995
3438,1816
62,1045
2943,3084
1554,1024
1540,2493
507,270
1417,1351
993,820
3665,1367
169,1966
1618,1446
3,825
3417,3656
639,2821
3832,3054
1462,3093
22,347
2320,301
3809,3048
229,454
2814,1343
1064,755
3920,1756
1557,867
2262,366
2015,146
2749,3515
1745,2357
2264,2857
3327,395
1355,2993
311,1751
32,480
2572,414
3876,568
1274,1222
292,2010
3941,1274
2017,3490
1050,1762
2802,559
1786,2646
2180,3318
113,985
3362,10
2836,3512
2658,1901
1328,1881
1805,3043
3295,520
3564,3946
1787,835
3412,1346
2305,525
589,2885
1343,417
283,3356
2608,955
14,214
3837,1109
1377,2389
239,2475
2441,1593
3684,765
954,2946
2659,1468
1130,3449
3447,3605
1594,691
1155,2181
1732,3878
2105,765
1734,2213
1554,1514
2970,1631
768,2012
3770,1020
1825,243
765,3983
1063,564
1704,823
518,875
3717,503
751,3133
2884,482
2,2926
2460,1072
3810,2039
50,244
3717,2310
2176,1428
602,170
3144,3888
1531,1300
448,2372
463,2449
1782,1650
1845,679
3249,2252
3252,3091
1104,3863
1923,3781
1460,299
1565,304
1275,1166
276,2509
1039,678
2441,1276
2780,1942
2903,2008
3580,1573
212,3576
1529,355
1102,3350
2797,3503
2159,741
3338,2433
509,1143
545,3648
3313,3079
1159,2124
1022,2293
984,145
393,3333
1067,1613
217,2623
2468,2585
2380,2118
1255,3449
1156,3630
223,3655
3084,2084
1148,136
36,1264
917,999
2491,331
3756,1821
573,2395
3258,322
213,2844
1353,2844
940,1940
117,3213
1689,1389
2018,2605
736,3475
3036,3708
2022,3353
48,2923
2454,2729
3381,3160
3516,1054
2067,2503
1556,1287
2459,989
1253,3036
3238,3728
2031,3697
725,817
2256,2361
883,1975
3419,49
1964,3586
2815,2178
3904,2100
2707,3230
421,62
2245,2946
3091,3442
2359,1042
316,799
94,1636
1173,3266
1951,3702
2034,3214
1023,271
1513,2255
940,2826
1584,964
3573,953
1258,1613
3394,653
2268,422
1506,530
331,2018
2298,2304
3069,2960
3992,964
2040,2365
2285,634
1639,1110
3965,2634
569,1235
3424,765
1062,263
369,2208
1042,347
2036,331
2751,673
1168,765
1952,983
2106,487
2923,1426
3324,794
3539,2278
2819,3572
2398,839
50,3890
3399,2805
624,1139
1545,925
1809,2892
2090,2222
2447,1979
1692,2840
1504,3009
385,841
1585,3795
2403,3424
141,1343
1420,2354
620,2533
2291,2703
3479,3226
2063,1767
482,2881
959,541
2933,977
208,944
1621,3164
1738,2872
760,2707
984,28
77,101
1944,2775
1653,3424
431,3184
3963,3844
2071,494
283,3158
1827,2634
2856,2
1016,3034
782,3044
1156,3873
1383,2225
2829,1810
765,1392
1111,1382
2704,1856
1447,768
1510,2040
3554,154
908,3701
3424,305
3046,1150
3325,871
1570,1513
2401,102
1513,1777
2654,15
2273,319
2994,2127
2537,3725
2390,2650
5,689
3938,262
990,3089
595,3162
1139,3163
3350,2885
1493,2297
1047,3125
1509,3803
2052,1530
3410,571
1159,57
486,1353
2688,1404
765,379
3444,1717
542,2202
2396,3611
1906,1109
536,977
1202,2155
616,1073
1428,591
746,1526
2343,3511
946,2492
1961,2115
3019,3073
3280,1277
1170,3352
1508,3335
867,1682
3655,3857
2603,1347
3882,2746
2016,2466
2707,3549
3417,3594
1483,3563
986,167
1284,830
568,3235
1110,2033
457,2772
2370,3687
1485,1320
826,3640
3626,1712
972,1453
1116,2735
2258,211
1934,732
608,198
2063,1478
765,1362
3113,274
331,658
94,489
146,1503
2938,2952
21,2612
1666,384
328,3414
3118,2464
1792,2240
2727,1268
1336,3400
1298,308
843,2540
1011,2834
1685,3954
1756,1888
670,3948
3246,3249
1919,197
3788,1474
311,1886
12,1042
2207,1075
3480,2596
151,2017
2018,2970
2353,58
3543,294
2142,3165
3607,3474
265,1469
365,3866
3541,1042
1673,1508
995,490
81,3568
347,432
1370,395
2142,173
3855,2411
1372,2465
2610,1451
1366,3597
1725,1713
1253,3189
589,2598
3614,2341
639,3903
3827,754
2041,3034
2025,2333
2696,3205
2873,657
1491,88
1131,3398
517,1147
3808,1641
2998,2620
3420,71
433,3205
1498,150
618,782
499,973
1237,764
2466,2170
2434,3016
768,29
2513,3264
3356,1058
3783,2343
2088,597
1327,1783
2015,3071
2952,598
3732,3151
1360,3221
2960,2287
1188,1732
3035,646
1541,2657
3067,1481
658,3772
1013,1236
3222,297
2278,1018
2018,506
2532,3392
3476,3223
2523,1673
2681,3422
1453,2192
3975,1877
399,698
3772,3420
2121,1297
3019,1061
1365,1392
1301,2001
357,2267
3034,331
24,2152
636,520
3685,2707
2814,3526
51,2388
1628,2563
1612,1776
3804,2628
801,2965
1076,167
1364,394
306,3589
2738,3445
1404,3737
308,1439
2993,1707
932,3051
902,2544
2181,800
652,2303
2528,1079
868,2572
1561,306
981,1105
2117,1371
3303,3168
3396,1592
2659,2456
546,2893
3173,1300
3314,3933
2825,3888
628,3157
2431,3335
3244,183
150,1211
827,520
3846,930
2187,1272
938,1629
819,1026
2378,1270
439,539
2055,768
1902,3408
1831,1910
828,157
3076,1018
853,573
2725,1508
3712,3302
3781,1320
708,3270
1497,333
2733,1920
1623,402
3317,1764
514,2008
1686,1872
3409,817
1159,3916
2053,1548
1317,2657
24,3860
1066,3508
566,3823
171,1207
3984,2976
1681,640
333,3863
820,2441
1538,1466
3632,2844
3216,2318
1848,3042
190,2864
2319,2899
680,3527
2875,1352
1621,1583
3042,2311
1085,2460
2360,756
3948,3212
50,2539
2555,208
2191,0
1841,2408
1900,5
316,2890
3418,3213
2031,1864
2627,3288
2058,3758
3948,2077
1580,1187
1170,2468
3346,2287
3619,701
66,389
3392,2574
1010,237
3898,2323
2558,2249
1001,3781
592,3258
2950,618
967,3740
2180,705
1568,2810
330,3424
2413,2974
1644,2405
1840,1431
2556,2035
1912,2420
1486,919
1189,2282
2924,1756
1819,2319
3393,1722
1159,3115
2367,1374
1786,2492
11,1957
2186,1599
1982,3468
697,2040
836,3635
3224,3924
677,3835
421,469
3503,2186
1838,1956
1772,1044
522,3988
1547,1030
1159,508
2315,2229
1259,813
407,3964
2716,1144
3348,2657
2494,2557
586,3710
2376,3050
1122,2361
2083,2157
2403,3532
1019,3367
2232,3835
1297,1807
2340,3740
1311,2014
3161,22
1453,2462
3730,2877
1537,315
3542,576
2135,45
1250,3432
486,2168
1490,347
1348,2498
1521,2159
1850,1828
1826,2009
1220,3029
871,1817
565,518
1668,2221
3091,1274
1042,671
2562,2572
1070,950
226,706
3054,2688
3882,1650
792,2489
2844,1670
765,3346
237,578
377,3731
1157,405
3801,1259
2215,1121
1626,391
2146,2150
3931,3446
3253,331
2459,3727
2449,1993
3153,308
1931,1710
765,1481
1945,1333
1772,2625
3090,2016
1783,3963
457,1726
3964,699
3133,3
2773,2058
879,395
2144,1671
3489,705
2830,1419
3691,2243
2391,1740
467,3565
3115,952
3900,674
2186,1854
2647,1834
2061,3702
1466,1185
1841,354
3419,3250
1056,2491
399,222
3099,2467
286,3027
1720,1983
2224,685
948,2070
1263,386
1883,3367
2895,446
1391,415
3108,2854
1581,924
3337,2530
523,3715
3857,3486
2073,874
862,3759
1262,3454
352,3842
1409,611
2992,454
2205,2977
2821,853
2508,3237
235,3136
293,2949
1852,3411
923,1563
737,3820
2802,2594
3957,1633
2349,3309
3984,1566
3504,3888
698,157
139,2844
2896,2890
3257,1165
1308,3516
3085,2793
1501,2342
2045,304
2405,3282
3886,3247
3815,166
3469,1453
1180,3453
2485,2269
3726,666
2037,908
754,2658
3190,125
1973,3813
1789,1994
2478,3407
1518,1300
2467,1992
2808,3867
3020,3681
1199,1437
1795,659
1922,3395
3842,2690
3033,739
3199,193
943,3468
2750,2331
3544,17
1895,941
178,1192
199,331
3439,1769
347,1226
949,2911
2492,1064
3316,835
1275,2484
1184,1541
2504,1302
1598,1408
3114,1972
3104,485
638,1273
662,2175
2949,2528
3706,3195
3167,652
105,2028
3103,3765
96,121
2016,1999
2616,1965
1465,2007
3459,1580
1336,932
305,3047
3562,2983
2385,2642
227,861
16,3856
2051,2082
281,948
565,836
2654,3858
2877,3964
2282,2715
3060,2304
3585,1021
1549,873
480,2119
2604,761
2865,1042
3335,3381
853,2515
827,765
23,846
2081,2454
2422,772
1269,3251
725,640
1104,208
1034,946
236,35
2941,3512
150,217
807,468
3080,3908
1278,794
278,2851
213,312
2497,708
3877,3670
1159,1436
558,1392
4,594
902,1114
2330,2293
1078,1901
410,3751
1398,1999
2051,674
1257,234
2412,1262
2786,3578
399,3604
1491,2109
948,1657
2072,2566
2809,2844
3408,1428
3259,1046
3534,1997
2958,3390
3473,1441
2796,822
150,3164
1814,1243
2363,2503
1704,1059
1412,2707
1464,2008
2111,3634
1111,492
3928,3613
1397,2572
389,1066
2656,3869
3774,1554
1300,2945
3664,1739
2040,3121
1068,2844
2896,3827
2467,3965
1325,3424
3807,1074
3026,3141
3981,1128
1766,3118
2781,2844
344,1093
3345,2424
529,3286
625,1152
1831,3363
3711,3182
193,3777
2328,1274
527,1713
1535,947
948,1648
2216,3369
1477,676
3571,2226
3157,614
854,459
2946,2081
1804,2750
717,3735
3257,150
1717,2311
2495,2912
2694,3091
1271,2848
1838,2768
859,20
1950,709
3004,1962
3539,3012
3870,2062
520,1984
1415,1214
3525,1938
1080,3853
2221,3663
3819,1328
2549,3783
623,2375
614,1001
2107,315
2966,2029
3918,1750
884,2931
3791,3863
2674,3101
2657,3405
2886,2764
1480,3424
3110,2871
1109,1363
3265,1995
3129,467
50,2000
1337,3564
2163,691
1488,1094
2841,1698
3424,2593
523,2328
2226,976
915,979
2767,2070
850,2474
2635,986
3273,223
2126,1898
3982,742
687,2844
2091,1489
364,3649
1850,224
1583,335
3079,2746
2272,2707
144,1366
747,3152
2657,3865
1905,3922
3003,2763
2488,2412
2147,2383
3898,2956
272,3705
1407,1554
2887,894
1629,686
499,2504
64,302
2445,2273
3451,2572
3656,237
2416,258
501,2016
1259,3424
3808,2011
3455,2750
1241,3078
1361,2726
3112,1976
3032,102
1071,706
445,1866
3992,3949
2338,3586
1637,3921
2648,632
1729,2080
2641,238
1859,1133
1255,1333
3375,90
416,567
2572,3904
187,1178
1409,857
1730,1680
2870,2416
3734,1463
2445,2073
910,3958
3059,540
3295,2587
1480,3618
3155,623
1498,247
3099,3658
2766,2143
2259,2698
1629,2371
759,2397
28,281
1835,2039
2281,520
1022,528
758,2585
1042,890
695,228
2449,331
2078,50
1628,136
1391,2232
2072,1581
3830,1075
1344,295
361,3414
412,1993
1578,1159
1554,2343
3534,3457
857,620
873,2036
3917,3187
3079,1387
2383,596
1823,2367
2631,427
2748,3555
703,1380
1075,1117
577,2173
3522,244
348,766
1455,3886
3180,3784
3594,2844
80,3962
2091,2184
3628,440
971,1917
3223,2129
3961,6
794,1303
2194,61
2812,3561
3332,2811
3929,3538
659,3880
1516,34
3132,217
2142,1693
2856,3092
2540,921
1274,618
1056,2572
1175,2032
1929,215
2486,2187
1199,1370
1296,1690
1275,918
3236,233
1811,1936
303,244
1171,896
1996,146
1988,3359
495,1003
2281,2589
1932,1433
2299,744
2561,1495
3264,3067
365,524
651,763
2706,2081
557,1493
2429,3608
2657,2156
3999,3530
2741,2657
2057,3533
2497,1955
2388,829
1404,3821
1186,2214
898,773
1491,2174
3873,675
3936,2201
1746,3664
246,1767
3164,1169
1002,1295
3931,3274
1488,2440
3915,394
2901,667
1974,1712
3906,3585
1756,1135
2274,3544
1319,2182
3902,1228
1571,586
2528,1025
3049,3161
2737,1146
2583,2662
74,622
1742,849
3762,374
1270,1486
3524,1343
1425,2068
1906,2885
1193,1650
2079,884
3945,2457
1387,3517
3048,3594
732,1242
1678,1765
1165,209
2526,1453
491,1081
1890,3692
3273,736
978,3793
1891,483
478,1826
1761,1887
2820,2258
3227,1230
1532,2831
3134,2610
2941,229
3449,3052
1185,1783
1198,3186
3647,1149
765,2371
2489,3261
510,1514
2844,919
2747,2218
65,3815
870,2875
1027,27
2558,1703
3815,1945
956,768
2345,3353
1746,3158
891,3816
917,1763
3993,557
1279,2736
785,2153
252,836
2732,711
334,2754
2760,1682
934,1080
2234,923
3510,407
1087,2935
194,2228
1616,2988
3093,2016
373,1337
1665,3369
3876,11
1246,464
796,1983
1343,3012
1381,806
1606,980
2717,532
1036,2837
878,834
130,3345
3860,3271
3722,2106
2421,3851
998,3781
3639,362
2736,2230
3508,62
1915,3403
1023,549
2660,3494
3757,644
552,542
2278,1985
3424,2536
462,3500
1775,3968
2929,83
1753,1404
924,755
1494,3960
694,3355
2574,3523
3253,3333
3462,682
3551,3107
3605,2149
2426,2432
2938,948
910,2596
433,2806
2477,331
1495,1615
2788,2142
2777,2468
3910,1627
3966,161
755,1614
1995,3981
1455,1280
3236,2082
3576,224
1851,1422
1617,1379
2845,1065
3671,159
3124,120
192,2161
192,3439
1497,1496
15,127
375,2362
3005,2231
2934,2757
870,570
2340,3874
316,1702
2546,3103
1770,3937
1593,1400
3287,1762
1718,1568
226,2580
1666,2210
3393,1863
2619,3742
1192,2670
2154,3355
3007,3172
1236,3521
869,2652
2938,293
2252,384
400,415
1092,3027
3874,31
1666,2938
3952,468
604,2698
743,1916
710,2020
961,3617
1408,1593
3620,2425
765,44
2071,2979
1101,1796
876,140
2969,3327
3228,1917
347,2341
404,1280
2080,1135
1813,347
1893,1796
3633,2603
3127,1325
1812,2907
3781,1588
2834,1821
3608,1593
1654,848
255,965
242,3560
1388,119
3482,2245
1300,321
3110,3997
2203,2046
439,1172
90,1584
1000,2602
1344,2399
2742,1409
3587,1824
2826,3786
380,2338
1424,1126
3023,2600
3858,2641
1612,1756
2468,3068
266,1928
1168,2621
3529,3062
3123,2354
3964,2256
3009,305
2057,155
3081,80
2363,2657
85,3211
3802,1943
277,765
250,38
3940,248
3038,1260
331,2051
3492,50
1350,422
2707,2070
143,2753
2813,600
2622,2995
3311,1107
3717,1967
1220,2391
2168,50
2692,2923
3041,3796
1624,232
929,2556
599,2329
733,3894
149,1365
1246,1554
1605,3902
2099,905
869,3931
312,3343
1751,2946
3275,2572
1699,1755
83,2880
1496,626
742,3747
636,3809
1096,1484
1023,2728
1145,972
1760,1790
3569,426
2713,2594
2937,1425
1929,3709
1686,856
3754,794
3952,1159
2940,409
555,389
3367,3819
331,2925
2448,2411
181,2639
991,3259
278,3969
1275,263
1227,2310
1405,377
103,1612
3330,1692
2876,1276
2431,2352
1902,1171
351,1602
211,2106
1042,2279
307,204
419,2856
2040,3771
996,3895
2024,3700
2718,1266
1746,1554
3675,1404
389,877
2682,2298
2530,3721
2837,2849
1969,2942
904,2707
1994,765
1274,97
189,2248
2119,122
857,3446
875,2339
2248,1244
2013,196
233,476
724,570
2960,2141
748,3932
2737,1462
1694,2613
88,3166
310,977
2030,85
1404,1867
3337,3067
3941,848
2996,2769
2306,1779
1260,3223
519,1453
3990,3972
1280,2443
2258,199
1368,3786
3769,1231
3508,2066
2222,3625
137,1575
1932,50
1758,102
21,1271
507,3440
1551,3082
3495,3351
527,3344
2849,1954
1233,2939
421,1038
3263,2758
2272,3489
1048,2229
3714,25
78,3110
589,2482
803,1071
2205,3842
2510,1791
787,3023
3575,41
2199,3006
254,1404
1254,3979
168,376
1952,3360
3990,291
1918,677
388,865
106,665
1635,2657
2014,2416
3020,435
2558,3376
384,516
909,502
3018,821
1053,1554
1730,2934
62,2818
1321,331
613,380
1937,3883
2722,107
1339,2008
1877,1702
3557,3779
228,3137
359,903
1322,3967
375,3993
3285,249
2557,898
2549,2571
2283,2091
2577,2592
1220,3720
2885,1545
3031,3428
583,1164
1977,2790
978,95
1325,2749
7,933
3328,42
2463,3854
661,2358
1461,1184
3061,3845
2128,2313
3307,2564
2606,40
1690,921
3732,1874
1041,19
1966,3755
1600,3100
1241,1220
1781,2780
2613,3134
1202,2762
966,2572
734,2441
1244,1339
2626,2019
2791,3357
667,3711
1991,370
3109,1685
1733,945
3503,914
3301,88
3980,3280
195,3056
2723,1665
2841,551
1042,3052
3666,687
2828,1208
3101,2757
2869,72
50,242
2776,1103
657,1574
1055,1944
339,2989
2186,1249
3075,2596
857,1258
3592,3834
771,2548
3062,2329
1246,3652
1601,3976
230,132
1679,2731
2207,2719
3879,1159
887,2436
42,1769
527,3951
3927,3385
331,3290
816,40
862,1640
2634,2783
1138,491
266,1780
3402,2336
1645,2713
3169,1822
1894,2158
845,3784
1008,924
799,1443
3740,1858
1858,3220
371,3415
3422,1042
1439,240
2583,1217
2127,296
2416,2556
1849,2078
3716,1989
1580,649
374,316
3648,1516
2657,6
3653,344
3825,3214
104,3887
145,3473
1408,926
17,119
3184,1499
2761,1167
35,3233
1198,1468
2957,2315
1309,186
3841,326
2402,2731
1352,3377
3409,2507
3161,2146
3128,943
388,1888
2239,1063
3278,2577
3076,1947
2566,1748
3423,2666
339,2292
1945,2441
408,1756
348,1572
1672,2777
232,3970
988,3085
3351,2920
2131,3053
26,2816
1404,1667
1578,3804
3371,643
241,3394
228,2844
3262,955
59,1031
821,3063
3227,864
2357,1652
616,142
2112,2460
3131,2581
1544,1907
444,1878
3899,1834
250,2707
2423,935
907,3833
3350,164
3452,1042
982,3957
1338,3821
317,118
2667,3255
82,1942
3171,2261
534,957
2778,2383
2745,609
2596,2040
3363,3456
3254,1866
3881,1183
255,50
2128,985
1784,2005
3334,2351
1260,3759
3831,2325
1907,3269
3043,2251
2301,1855
3018,2373
210,1159
3549,744
2506,2304
565,217
2257,2279
3913,3728
1702,1014
1138,3699
3102,1149
283,3203
2404,2950
479,799
91,2468
1868,1625
168,3208
3492,48
521,2788
688,3550
1561,2819
1910,2878
2075,914
1159,2944
98,1294
1800,3367
1124,2828
1026,1887
458,3716
2364,2572
3576,3490
2506,3828
3433,102
2572,3989
182,128
1997,331
812,3590
456,3528
1292,3367
1808,2887
1223,3295
2935,1472
2348,5
2249,481
1428,3978
3900,2198
3651,276
2453,3700
1137,1426
1444,3456
3978,2497
1242,65
2254,1909
716,1242
1956,1992
2274,539
1453,3729
3633,1343
1079,563
1153,785
655,510
1728,2105
1702,1484
1257,2164
1211,3384
958,1888
3749,1533
857,2318
1188,2860
1094,948
3799,1223
1985,732
963,867
359,1471
1195,486
2333,1562
1705,1465
3513,1641
2656,2737
3422,2152
2494,1741
1495,2066
1216,3959
2132,3380
2050,2736
2018,1403
3968,2112
1747,1215
1939,1645
1229,2150
448,399
1172,3194
3535,635
43,1198
78,2215
2271,3362
1252,2130
3194,3274
3283,1392
2844,1787
1553,634
3289,765
3399,1303
2312,2601
536,2065
931,3023
430,2617
1928,1969
889,758
1390,2528
2951,3424
1529,331
3351,1371
994,3373
515,3031
600,2792
1554,723
781,2788
1587,188
1951,3567
1863,2315
3505,1345
3208,728
823,50
2587,148
1159,3365
3116,2189
1110,1406
2368,2037
2229,2897
2424,475
1754,3781
353,1379
3572,1057
3232,3473
3915,1082
3325,335
245,1624
50,1140
2863,103
3591,1734
3323,2156
2342,3116
854,2134
2127,2114
296,3918
3781,2982
1503,1300
2454,3542
1211,1926
2323,3387
1359,3928
3549,2540
1626,871
1061,3479
1286,453
347,95
1168,3298
674,1442
1505,2707
2706,2384
2497,3577
2624,1888
2334,1485
1484,2686
3726,3979
1424,2999
3559,3424
1957,3540
1522,3391
3081,3892
427,3110
802,429
1197,2701
70,372
3082,3496
3794,2721
58,1343
1113,1880
440,576
2683,1877
211,3203
1104,750
3056,944
161,3397
1052,2266
1052,3183
162,1392
665,113
2807,3175
780,951
253,337
1957,142
2076,2390
392,3401
1820,697
2221,2124
3969,3634
3303,1513
436,301
3580,2092
138,3340
1735,2672
2774,1551
597,1042
3622,1932
2308,2036
3447,948
3607,610
1801,3460
2101,3059
2796,2163
1688,247
3094,1343
1990,1480
3250,180
942,2461
893,2497
1130,1958
3146,1122
1845,1474
1075,777
696,2651
2464,389
2618,3019
1932,3705
409,2310
1766,2917
2468,267
3026,2885
2276,2389
472,3883
2142,418
791,1694
1740,1453
736,2657
1940,3470
1106,1641
1756,3414
1266,1493
785,720
1909,774
1217,3430
560,1968
2309,52
2924,3613
3281,1293
3097,161
1085,3584
2284,2372
811,1661
3372,2444
1920,3402
3041,3072
1520,2255
1760,3869
1735,2251
3868,880
2460,2106
2874,1152
3110,1628
667,2444
2671,615
922,3423
2657,367
1748,3493
3908,2335
3897,2345
3964,1446
1888,926
3408,2186
1364,2917
3873,1343
1768,3407
2906,135
2054,1894
2706,536
3079,606
765,760
1272,711
3427,331
1377,3165
1538,2871
186,1343
2338,2401
1880,625
2283,1498
1156,476
50,533
2712,1200
3940,3020
675,3403
1326,2964
1655,513
1255,670
729,3294
1121,1328
2148,3641
345,2535
3394,3148
1632,90
1472,2356
1435,3137
544,483
2752,2627
1918,1149
1219,2191
3196,209
1312,1038
3706,895
3010,3537
3930,413
3161,2972
3271,2540
2028,3189
2410,3064
1042,1430
190,1707
2161,762
1554,164
3060,534
2700,2879
102,3964
3896,2474
3934,1386
3380,290
2057,23
840,3582
1408,2408
56,159
2671,3008
88,1428
3606,1
1719,575
855,2235
3297,50
2122,2550
3424,3007
1300,1146
3604,3642
2370,1157
1155,3283
2401,41
896,429
2883,956
3946,2541
287,1410
3565,3110
3902,1776
234,1407
1170,7
3698,3317
3367,2854
2563,3230
1031,903
3453,3110
538,2437
2657,1454
1348,267
220,3215
3733,772
2147,585
656,577
2627,1042
2938,3684
2163,3545
3298,935
3574,2546
2239,987
3430,1513
1360,3525
696,1719
3943,2973
2795,227
1416,2885
3021,2787
3007,3434
1194,1779
2051,2299
134,1313
1092,641
2388,2209
1251,3536
3192,3359
3523,2790
3425,924
2104,2857
919,3923
3677,3248
326,207
1328,3087
875,1474
2741,955
2090,1377
2722,1671
1629,2915
3643,2833
1232,3683
2576,2162
3983,631
2466,922
618,1527
3131,3217
2503,1708
1274,1589
2707,3448
2564,676
3374,2682
88,3134
1689,3225
2257,2350
1842,2165
1331,2291
2538,3453
249,2211
960,1300
3001,3185
1166,3465
1855,1404
2962,3668
2419,3244
3789,1452
589,3351
72,2740
1731,1785
2689,2892
3072,2747
2676,1101
3391,3741
2485,3666
3649,1220
1142,3210
1267,1971
2958,17
3454,633
1939,101
3502,1343
3764,93
652,3584
2136,610
1067,2248
3596,920
1166,3964
1993,3285
894,62
1926,1042
90,2109
2889,475
327,846
3818,800
331,3736
2540,2157
93,934
200,3568
1542,2632
3513,550
1088,1815
110,2373
1778,62
535,3582
1392,2142
50,3207
3445,2461
1679,1611
815,695
3110,2971
3711,755
1531,1730
2404,1392
2785,390
3079,3630
1037,3344
3088,3030
106,3232
536,2844
1131,1034
1902,211
1554,1289
789,721
2551,788
3964,2334
1226,411
491,3438
1065,1813
3013,3617
183,3590
3211,2661
2241,412
161,2115
1041,3166
2591,1839
371,345
1930,2842
859,2750
3556,1272
2361,3805
3461,1480
417,347
954,1300
2107,73
28,181
3191,3127
2918,3114
2572,449
3439,1775
257,236
609,1510
3781,1042
201,1363
2905,3594
456,1524
3096,3394
396,2499
1480,1614
1049,2250
3091,2194
519,3487
3268,54
2377,2891
2925,2091
433,725
128,3504
423,3345
627,1973
3701,1794
229,3847
962,2819
447,997
2734,1034
3973,2014
1700,2891
426,3217
2158,331
3913,2145
2222,994
3935,1543
3877,1497
735,2473
1016,3500
1998,2711
2862,2575
2487,406
487,3759
2878,2790
3437,1793
3995,3142
3310,3261
126,954
1284,1195
62,3368
467,3816
3206,3174
2625,3153
3283,3146
2470,700
2790,2156
3147,3628
3880,178
3482,2832
3158,47
3421,1707
3707,1282
1392,1385
1261,642
2395,307
3915,1244
2225,1106
3796,832
1127,3340
1098,2253
2011,3174
1007,3152
693,2921
700,1349
2188,981
2900,1441
3393,3069
1431,740
3910,1549
1525,799
877,121
557,2701
92,1851
2106,1426
1986,3340
1637,1892
849,3849
1261,3310
2083,1452
219,731
171,2732
1492,1401
1487,635
2480,3298
3351,1745
3938,3434
1404,2089
197,891
452,1489
3178,3091
1129,1065
1798,9
3107,3848
8,63
3205,1300
1652,3073
1752,3551
3055,3305
1474,1517
2633,2581
3882,3373
3136,2350
3593,401
3462,2985
1042,452
2428,43
2920,2377
1845,2572
865,2270
2789,1931
3865,3336
3574,1918
1581,2795
395,1527
3834,1662
3764,3533
1250,913
1647,2855
3598,2091
2296,1552
1193,2684
284,3019
2130,2111
1904,3384
2003,1111
2714,406
1122,3356
3483,1500
1533,1306
2489,1582
809,3546
2567,415
222,1554
1343,501
1408,2909
3725,140
3739,3047
3345,1625
3466,91
3737,1934
117,1474
3458,3135
3520,3857
2137,1529
798,1756
1196,52
1316,2766
2070,781
3101,3139
1827,777
3667,894
2247,2892
2499,2220
257,710
1280,2430
3255,3039
2018,2596
3528,1123
2122,3347
1026,2952
3354,3589
2741,589
1073,765
1634,507
3859,3750
1847,3828
707,1715
3638,2050
3404,504
3950,603
2715,2664
2099,3856
102,2660
3729,3139
1767,260
86,2877
757,3315
2663,2799
3606,2885
57,1354
1432,1596
40,792
2333,2441
840,2617
2715,1828
645,1687
1125,2495
2767,1256
2844,896
3150,1709
265,525
2794,1343
2328,3177
1535,13
1693,1818
3839,1340
2860,3012
2102,3114
1889,674
61,1159
3948,3844
1150,1687
2536,449
668,1534
3932,2512
2353,2218
2754,948
3374,1359
2678,3619
3046,1019
1040,1842
3110,2305
1192,3625
24,1087
1794,378
1620,2106
2841,2637
732,50
3249,790
950,3587
87,826
3265,1215
2898,738
2094,1631
958,3847
3143,2682
2179,2056
1220,3297
2532,3444
3798,2764
1532,1783
1177,2175
467,1743
2111,3030
3910,3773
2291,492
30,1442
1332,2009
3028,1033
656,3529
1480,1699
2121,3947
3423,3194
1819,591
2472,1756
110,2770
1963,353
1721,3153
2801,1703
1075,3050
793,3026
1095,3404
3114,3781
718,1229
3565,1910
2021,2440
3964,1647
2285,724
3552,2820
2200,2925
2026,264
2428,3814
2497,1758
2711,2797
1543,3543
541,3094
484,269
104,3032
2213,40
3499,315
1894,3228
2533,2202
927,3688
646,3552
332,158
3592,1061
416,1933
2167,2424
196,1029
1379,2160
2962,180
3191,1383
918,838
1589,949
2150,3405
3011,2913
512,727
2468,3159
3780,3304
2338,2055
3590,1447
3627,3455
3991,707
1941,3919
2851,52
299,1274
3611,2781
3159,613
2676,3084
1637,2002
2255,2693
905,2454
2154,3889
2768,1625
2541,443
1678,756
2606,3182
1546,3360
3893,2025
347,2124
3290,3767
2779,3156
1196,3304
2010,2420
2576,2540
1476,3160
2800,1725
1204,3466
1159,2283
2452,671
513,2641
2442,3956
3484,2726
3321,1882
1756,12
3987,3644
2628,1392
3325,193
2560,3936
1005,50
2803,527
1136,2657
3535,3008
1005,948
2439,2460
1592,3843
3763,3567
3624,3219
3818,1862
3817,2336
3476,2038
2572,368
520,2386
289,1563
2794,1936
3014,2389
3667,2669
3057,3882
2021,2433
3102,3092
3357,3382
1960,2175
1565,3303
2300,893
546,1369
556,3494
2334,1781
1583,3218
3994,2772
971,2284
1454,3386
1348,1981
1881,852
2517,2980
2348,3804
1814,3873
2358,2117
1275,2060
1265,2497
142,1645
97,2496
3793,602
1556,2558
1489,642
1051,765
2161,2197
1779,3052
196,3660
3790,2393
1310,262
623,50
1476,196
969,331
1343,963
400,765
2663,3361
160,1755
1233,2892
2609,7
3321,50
2316,3085
858,746
3951,1160
1841,514
3019,1396
1401,2622
50,3401
50,2012
2106,1247
3878,2415
648,2487
3924,1547
3743,2999
1559,3336
3060,3441
3424,3355
2545,1592
2524,574
2225,1976
3553,3138
3,161
895,3686
2955,3245
1351,3089
2566,3688
2914,2927
1343,3826
2026,271
1636,126
2573,2203
452,2404
508,1674
2520,2774
3482,3926
707,2497
629,1890
3745,3117
970,3676
847,3279
1554,3599
2512,1495
2322,1045
363,2340
3461,1674
110,3986
870,3673
3645,3037
2338,2266
2092,1480
1088,3895
174,429
3782,2098
3452,3796
498,1158
2322,2739
741,1932
2571,3122
868,3119
3493,813
2939,1864
495,683
3320,1731
1456,1527
2729,471
3058,3154
3733,574
50,3916
31,2619
2467,2418
1807,3703
2809,1583
173,1042
3830,2414
3871,3156
2887,1555
3405,3810
3642,3390
1510,2161
3285,765
3110,2855
3342,3877
2514,2189
1157,3299
2884,1304
3713,1459
675,3608
3087,1540
1611,1474
110,1039
2497,211
1252,2523
2088,3433
3637,3256
948,1977
1658,955
536,195
2998,2172
1450,3661
2653,1871
1872,1429
2853,1451
3682,3005
1860,2325
3826,2180
1651,795
90,314
1896,2324
1086,2648
13,3753
3554,1408
1550,3049
33,2610
731,161
2356,605
1762,1798
723,3991
396,2850
1696,2359
3366,1393
1108,2596
3424,2212
624,1084
1604,3955
304,1367
2240,2964
3515,3697
3111,3277
3145,1138
156,3319
2885,1787
3120,3620
2581,1736
679,765
3611,2296
3011,806
3836,1134
1791,174
2708,2765
3628,888
1487,2657
1514,1397
1326,2450
1042,815
146,3429
3546,278
2672,1851
3459,2657
2800,1254
2454,3309
2343,2611
1554,838
1816,217
706,818
554,1641
2867,3624
397,3287
1792,2732
1488,3265
657,2844
298,312
1308,2885
2655,1997
1651,2262
2107,3824
3880,1507
3775,2512
500,3239
756,2148
3204,348
2144,2595
156,3724
181,1822
1141,3062
82,2443
617,2413
2507,1833
3621,3202
2481,911
2260,3756
2142,2710
68,2458
3902,79
1850,273
888,1863
88,1631
851,2221
1898,2997
2505,2024
441,3488
3772,3938
3335,317
1460,3862
2844,627
395,1560
3660,3509
3629,165
1909,2567
931,2329
2833,2824
3022,3921
2892,940
404,1963
914,3932
1077,338
1820,3820
16,3658
2681,3198
3409,2947
2773,2324
2025,1300
2717,1468
872,2177
1541,2103
1964,1228
232,3991
3778,62
955,320
675,3627
3486,1533
2172,2016
2334,3313
1554,1729
520,433
2797,1733
794,2483
573,498
1383,466
2016,2829
40,2831
2884,44
2384,3281
1147,1404
258,26
3708,1857
226,2823
3124,3663
3597,1220
843,641
3660,3206
607,596
2610,1889
1548,1757
314,1290
3030,153
1524,1379
1751,3388
3162,1180
3753,2419
237,3548
2980,2994
3467,3780
44,2665
2069,2077
1522,513
3121,3884
3516,2380
3891,2468
3000,1454
733,3523
2197,1067
1209,1844
1440,1121
3046,3197
1865,2679
1659,2471
2305,3598
3026,2978
206,3727
586,1202
1591,817
125,148
1423,3521
3864,562
1128,549
1747,192
1554,1115
3379,50
1969,2314
3751,3923
673,1742
2997,138
2131,3996
3737,3176
440,3975
430,719
2393,1724
3892,2844
3334,473
3735,1846
3108,98
2260,3199
701,369
275,3831
1288,2142
3710,3950
3961,765
607,3750
799,764
1979,271
3958,3170
757,2089
2621,405
989,2749
3567,1737
3317,1823
2497,1837
1649,3110
175,1700
1617,1522
2341,1453
3687,2127
3066,2630
2065,1934
759,3045
1862,3107
2357,632
580,1572
2282,390
2972,1964
3045,2916
516,2206
1205,2970
1754,1512
2285,782
132,321
3391,1405
1849,1058
1499,2280
617,1660
15,2714
1438,65
788,2760
3893,2615
260,3998
3964,2146
2931,3357
3351,1356
3131,1732
3785,681
552,1682
446,2667
3454,595
765,2416
2484,808
2660,3743
951,3324
1550,1172
1995,2468
3265,62
169,2993
1544,347
579,1482
3641,2205
753,1539
1274,1123
1554,3777
3048,1948
3307,3967
1331,1595
2142,1702
352,1353
3011,3784
2221,2358
2595,2091
2986,1959
3583,2722
1343,1567
2069,835
2786,3026
1013,1210
3997,3443
1962,280
2052,2337
651,3944
1154,3239
2047,1090
68,2327
1274,2468
50,2073
3467,2662
2347,2365
2257,3130
3359,1398
1645,3501
201,3527
179,1683
948,1725
1474,3657
3218,1458
766,1314
300,982
233,346
2336,841
2957,1159
2560,1884
661,3964
3347,2446
1590,2830
66,455
3193,3905
1187,520
714,421
1554,2070
1691,3937
529,1278
2827,2716
3823,1936
231,3376
866,1932
2212,2600
3844,1615
2897,1161
2224,3014
1159,1577
2592,3588
70,2678
497,3831
101,3824
2370,1708
3941,3474
2697,2476
1710,3151
3295,1583
315,1055
437,1043
2119,3077
3953,3814
2394,1799
520,1061
1268,3752
794,1972
10,1905
252,453
2502,2398
50,3965
2505,810
2885,2507
3399,833
984,2277
1958,3212
615,486
1609,3362
3196,230
2478,946
2176,3348
3499,1463
1262,2941
1540,1408
2246,950
682,2732
349,2182
3701,2477
316,1175
2157,350
3139,2689
1553,971
1569,2850
2522,2844
1195,143
3277,2645
3947,1542
3385,523
3646,3738
88,3586
1029,383
2608,3121
2575,673
416,176
2330,220
3260,2844
3925,259
1412,2908
1287,2698
109,948
3120,200
2844,829
545,282
3282,1224
3964,2657
2214,668
1808,2609
1780,517
2922,1541
688,1785
1906,2468
2355,2462
3781,531
1503,2379
762,3700
3351,1853
553,3424
3753,3969
3543,1898
3049,2105
3454,3936
3331,2104
1234,3589
2730,2860
1159,3493
1590,3548
3563,1873
2157,2649
1201,2468
1099,765
3899,1017
3836,3559
3450,1120
1379,3769
381,502
2514,3754
1487,3919
50,2004
1301,2879
107,595
1434,3120
1037,1982
435,1646
337,2991
2949,2867
3826,2629
2632,1638
359,800
630,2844
3050,3113
3693,2355
106,1220
1680,438
1911,542
1011,2196
227,297
3179,1167
1119,2840
1232,3766
3362,2914
3790,564
2714,1917
1303,1878
2236,2657
3623,1274
3287,3728
2120,3028
243,3109
3590,3987
1710,1210
2480,415
1933,1237
169,2990
3334,856
3103,610
3725,1091
3395,3962
1518,3979
3251,757
2255,2195
249,86
1646,237
2606,3463
2048,471
1643,3307
2454,3642
940,3024
321,114
3512,764
436,3110
1109,2190
3979,1722
1028,2876
2213,941
944,1873
1635,3572
2848,2434
3977,265
1159,1544
352,3354
1475,1922
3442,2387
2156,775
2080,2038
1414,1358
2420,3164
1851,1373
3491,451
2468,3695
1175,2816
1756,2059
1614,1607
1661,2093
1000,1276
1923,1166
907,2735
1125,741
332,2278
1381,2095
2326,49
1805,1450
2186,909
3557,2287
3872,1308
1054,144
1513,3531
2591,2929
2390,1133
1090,2188
3908,1995
3110,146
1388,184
176,796
2470,1492
2134,2892
1263,2721
3082,3173
1438,114
897,579
2779,255
736,3588
786,3370
2537,1522
2946,23
1434,2771
805,477
664,3003
1790,2795
852,2083
3944,209
3518,35
2066,2553
1301,743
3458,669
1599,3970
2448,3787
2042,2579
3013,3006
1214,2240
2530,1948
3530,876
1875,1359
1216,3431
416,3242
3705,3759
1664,3537
3873,50
1341,262
3840,2414
1042,2183
385,3762
50,1833
3895,2581
1286,186
664,3773
462,109
1499,729
3785,691
2685,3670
122,3873
3234,477
410,2874
467,1302
1798,3973
3698,3170
204,2816
1734,1404
1190,2703
798,3328
2951,390
347,880
3765,376
3693,2103
2256,1475
885,847
2956,1541
664,3624
3661,2110
306,2485
917,2554
3431,2165
1600,467
2499,2445
342,1493
2289,2150
3102,2793
2261,2013
1961,783
2169,2236
3017,3825
1002,1665
3313,571
2684,15
2199,1516
3292,3806
1554,3325
674,585
241,3226
752,1480
1166,3110
1936,1399
2392,2093
1569,759
2324,362
3291,3808
816,3870
540,2697
1577,3025
3451,2578
3500,1667
3096,2074
1428,2930
1701,1131
1304,3238
2185,3529
2468,3221
1480,3939
480,3984
1421,1324
3440,2987
2079,2138
2694,398
2646,1669
1097,3594
1769,3694
2049,2000
1380,2657
215,1986
1586,3537
3995,46
3216,2497
2460,1598
1151,2683
2852,1394
3252,793
1966,2044
1409,2898
1932,302
3909,2071
648,2765
2860,3398
529,1292
612,2167
2422,2149
460,1022
3725,2676
3973,3368
3311,34
2823,2307
3653,2561
369,2865
3559,1035
2088,1706
1815,3491
2477,658
1289,1719
3897,301
662,3822
252,2821
3001,2572
3480,1251
3604,3464
347,2694
2144,229
751,2748
3920,2385
416,1941
1411,2254
1897,2002
972,135
1952,3112
1392,2936
258,269
2027,1865
198,3730
3817,1448
3377,1069
379,3383
2954,176
1269,1624
974,2609
3964,3530
2952,760
3991,408
2952,694
2385,3200
3883,2794
3964,1219
3520,3955
3996,2457
2829,2815
3769,2890
417,123
3974,3671
529,747
991,1115
1042,2283
2082,60
1927,3631
3179,1215
1619,3463
393,3314
3308,3610
953,2086
1767,1413
415,73
2423,1692
1188,1592
1302,1404
1320,2692
2739,1742
1212,897
93,2026
600,905
2379,920
118,272
3247,2115
3231,2776
3858,3211
3286,2977
1875,2707
3694,1869
2844,37
69,806
660,765
3188,3542
1946,2051
2306,1390
1403,1794
1803,83
3341,347
2186,50
2352,2764
1658,419
3106,2292
915,2702
1205,1310
1502,2135
3908,3845
869,2792
3508,92
1756,3235
654,1980
1894,1222
346,3185
2744,3265
3110,1554
2803,3267
3593,3824
1411,2760
2879,2272
287,669
2129,1521
340,648
387,1304
895,3362
1554,2956
2611,50
1217,2441
1970,2894
2844,2468
3299,2657
3509,1323
3586,1641
3485,522
2238,3090
1285,3456
3585,1953
2763,1042
2117,528
3829,3207
2415,50
2267,3040
472,1408
1159,795
520,3925
696,3647
1218,3190
1326,1220
1575,2397
857,784
3708,3413
3964,529
3448,1346
2804,2530
2688,1610
2553,1594
3220,1158
1862,79
1263,765
1797,1197
1039,3298
1560,3797
2091,948
2392,1274
2265,3689
2497,3749
3742,1554
1427,2977
1768,350
463,755
1392,3633
2313,1096
710,3282
45,3579
580,2888
787,931
683,1404
831,2906
3917,949
177,1619
1136,2746
735,3296
462,1879
520,1799
2128,1633
2502,1453
3429,818
212,2781
1343,607
2781,1744
3994,1443
2699,2331
3743,3570
3716,1006
1102,1728
3532,2844
2848,528
84,2354
0,3595
1296,2528
102,1313
510,2121
2860,1848
948,341
207,1491
1636,1922
1989,886
3879,2755
1638,357
2617,1460
1508,1729
1517,1323
2040,400
3953,3420
1042,3418
331,3053
3172,1447
589,1332
2142,3637
1477,2089
1536,2562
1149,1015
3071,803
3606,1042
1554,1216
413,2679
3205,2326
3809,2938
2059,2402
505,3242
2217,1307
3629,1149
2946,2468
2261,1909
1409,2872
1863,1618
1624,1240
3322,1370
2102,1701
1234,216
414,3874
2378,1573
3603,2952
1355,2070
3200,1777
1897,2880
2733,2984
3542,854
1191,722
3110,718
3881,451
3271,2458
184,3110
1875,3106
826,666
2569,2160
2020,1159
2540,2118
1347,2547
1756,27
797,2238
1379,2572
681,1912
1669,1664
3358,3372
2627,2844
1799,330
2936,718
896,888
616,2633
3329,3095
1500,1605
3699,1959
2504,3058
2046,2140
3770,2473
1418,555
323,1040
3882,3289
1867,2381
2948,1697
1593,2543
1771,29
3268,2381
1050,1343
2995,2990
3806,3320
3326,2224
3681,343
1243,797
3949,2076
2151,2180
2186,3644
117,2364
2167,769
74,3779
1357,621
551,1010
1414,1270
1657,3599
3914,317
1428,788
1555,3723
1236,450
2213,2246
3657,3828
1112,248
1610,1408
3947,3124
1924,2300
1781,2669
3761,847
2572,3110
2672,3145
3507,3808
3837,1192
996,2407
737,3839
3151,1508
12,2190
2825,752
2169,1059
3759,2527
1911,1003
3794,2209
1949,2007
1980,2509
861,482
889,2859
1992,2262
2259,2173
343,84
765,1513
1159,96
28,1789
2374,437
689,2965
1148,2885
3561,2488
1211,3672
1654,3117
3529,2191
1139,50
2400,3004
769,3411
2677,50
1915,2132
76,1236
1315,2106
789,1342
2043,809
2185,2574
1255,2778
810,2866
2281,1333
2897,214
3112,892
631,1167
1574,855
3091,3163
1335,445
2138,581
2708,899
2847,533
1587,738
1331,1144
1292,2767
2097,3646
744,325
2971,1999
761,561
1209,1615
3849,1250
2953,741
3029,1171
3553,2975
3957,3764
771,3637
2540,1507
1513,1153
1163,1695
624,3110
443,3206
3008,2085
2707,203
1752,1129
291,2769
3811,3715
2625,175
2749,1796
2904,1878
3953,2293
493,554
1032,2095
422,3881
1227,2479
3794,284
1432,984
3669,1885
1562,929
1337,2783
2739,2922
1042,2874
1387,3429
1804,948
1300,3575
1576,1748
2835,973
107,3202
287,632
881,1323
2976,3224
1012,2720
2368,2853
450,1466
2204,1042
2215,3907
3077,790
2928,426
2592,21
1772,706
3568,530
3997,1376
1520,1846
2635,3059
2219,187
3616,1513
1042,1851
386,840
1763,915
253,3106
3774,57
2844,303
699,2844
254,2525
1505,1335
279,3304
3424,3319
1770,1221
2817,1749
146,1113
560,2202
1442,2025
1240,479
372,331
3237,74
2691,1750
1408,1143
2756,0
1187,671
1954,1811
2409,1013
2233,2061
239,3676
2142,844
758,54
2898,2943
1118,2875
1107,1083
2409,1159
2720,2227
2207,2595
2662,2339
1329,1617
1559,3100
42,3356
53,327
3016,1505
1601,322
1253,1583
2430,2640
2486,3746
3388,2683
1797,382
1297,2583
456,290
726,3178
3631,2837
2933,595
1554,1298
2468,367
2522,3476
2572,2642
2680,3751
516,3560
2951,3927
48,2519
2691,2569
1376,86
328,1043
1404,3176
3465,1160
3782,2536
210,2322
3422,2649
2998,2870
236,706
402,934
3790,2364
2450,2794
2626,3558
936,3484
425,1138
3324,2593
2016,314
620,3421
2063,1834
3843,2707
72,490
2917,18
714,3850
3646,3279
3904,3457
1290,3942
1511,50
3644,2770
1300,1988
70,2869
1404,3966
604,3701
3793,3624
2018,1994
3547,2126
1991,3294
1282,1182
3243,1343
2806,349
1793,2116
158,1935
3351,768
310,2226
780,2969
1028,3354
1419,3787
1520,2519
2468,1115
2707,1044
2677,1496
989,2974
1240,97
323,358
274,3684
3604,2123
1873,1861
1068,2881
1525,563
2682,603
3272,278
1185,1945
2995,2892
1285,2880
2743,1305
3394,2334
2863,1858
2220,3950
1415,1607
2574,3444
1752,964
3033,2586
2615,2427
401,2084
75,3548
2061,2952
548,3761
2535,2344
2161,2882
2655,913
2862,2952
2615,2932
3756,626
3270,2198
3759,2246
872,1258
2847,2081
342,1281
1130,2838
3679,2696
3736,1602
3155,124
1404,520
857,2161
179,3845
2232,53
784,466
3210,2720
153,2882
1162,1393
2467,1782
1868,2157
2299,1206
3203,2269
939,1321
2064,3911
455,3872
1547,2132
3594,878
389,3495
3887,2135
99,1469
675,146
3291,1190
2500,2940
2526,2649
1408,3266
805,442
1992,2969
1554,857
3768,1958
389,730
3456,331
979,1437
1361,1207
2844,2770
1840,420
3906,3256
734,3114
3464,2058
1220,3403
1035,2290
974,3689
3187,988
1076,3785
3641,33
2512,1302
2771,525
1159,3435
2379,697
3315,1771
1166,1364
3065,779
896,2278
2952,1967
721,962
2670,1486
922,2664
588,547
1083,499
3871,1897
3291,91
3379,1384
2142,3466
394,284
794,2454
329,3670
1357,3540
2652,3198
50,859
3335,477
3268,3482
2643,2497
1745,3383
2860,860
2283,765
2955,2641
3443,3556
1021,1946
2212,2536
3114,2091
3264,2161
3311,1554
3332,680
2064,1109
2201,2588
1829,1947
2475,1995
2387,3558
2407,1541
1726,209
2715,882
679,3635
1899,2001
3594,2155
3783,237
3428,1554
2454,1669
2334,1100
2087,1578
1642,3723
3428,331
993,2865
2441,2837
242,738
2702,3662
2707,2473
495,1636
2801,992
1079,1470
2039,164
2295,855
3658,3345
470,2091
2608,295
538,3712
1053,138
3518,1998
3868,3064
2542,2599
854,2127
2143,1666
1007,1085
1573,3634
3908,3235
277,3692
2204,713
2496,3110
3974,3094
1746,684
1380,3928
2888,1564
948,3095
3602,25
3036,2555
126,2881
1756,1371
398,828
3472,3371
877,3798
3553,3794
3197,214
1913,2290
2499,1211
384,1326
288,1000
118,714
50,2280
2932,1512
3810,1198
1160,1723
2779,3188
638,2000
3256,3527
1392,2447
1204,1575
2494,2986
1340,2211
2278,1711
1306,2468
331,3956
2707,1706
1274,3066
1300,927
3135,3352
767,3341
1525,823
1201,341
2833,538
2051,3053
621,1970
810,2463
662,3400
1493,1041
2527,3452
916,75
2158,2142
2360,1847
712,1162
3110,3782
218,3665
2283,3513
3907,528
2537,1073
2073,2892
644,1093
518,315
3077,470
720,1151
3316,2132
2586,3325
2707,2896
896,3168
1268,38
2616,3570
3695,3104
594,1125
443,3755
2590,3762
1422,2885
2091,1392
133,1641
883,3307
3864,1026
1051,234
2572,1818
691,113
1837,3127
3534,2107
1404,1797
957,2814
1218,2844
1461,2126
3108,2455
2975,235
3968,259
857,3964
824,2894
505,2017
193,963
2911,1156
2490,1708
724,350
2773,240
3884,1248
2130,2935
1354,1504
3195,1586
3607,1884
3125,2775
2366,3832
174,3068
356,340
1596,2619
478,202
2695,170
2106,1402
3197,3379
3281,2628
1502,685
3656,1322
9,3351
1157,745
2601,1307
3818,2978
1225,1159
1750,2185
2839,2599
2320,450
1609,2091
1129,3021
1125,2497
2750,3228
139,1341
3566,3479
858,1982
1604,3864
3618,2578
3192,1307
983,55
1269,2591
2587,1741
2143,857
1718,2708
156,3063
3813,3081
814,2055
2108,1274
1400,2235
3966,2968
442,3361
1706,708
185,3186
83,1537
291,1334
726,1089
1409,501
3586,3840
2605,2042
682,2810
341,1300
1551,958
776,1756
1822,1050
1713,2945
1504,802
1159,2705
3091,596
1174,957
267,3522
285,31
203,936
3507,140
3640,1495
112,1582
2170,2302
464,3594
2079,3739
405,3988
2051,3776
209,279
3294,1124
2657,996
1821,2074
3954,431
3947,2231
2266,3269
200,3524
922,3814
3587,1084
2205,1656
2773,120
74,1783
3395,2140
1814,3196
3577,3696
749,1299
2181,3948
720,520
3130,1678
1554,3615
778,1736
3478,1480
3057,1369
2832,1655
3186,2580
2832,2573
770,774
637,3411
863,1734
3168,783
2001,364
1078,43
3393,3219
300,2827
135,62
3650,3025
3002,2751
926,3870
89,555
2946,56
2526,3038
1427,1995
3623,1343
2719,360
857,1563
3586,2772
566,952
2636,1456
1062,1764
3724,1495
3989,2284
3797,2565
427,3306
1143,3998
331,2148
1452,2391
251,1942
3836,268
3947,3800
363,509
1659,2657
599,3202
3790,628
2627,2947
1725,3386
1968,1622
2539,3773
2416,2174
2877,3498
2864,995
2790,3179
2707,3288
3345,2691
1015,1904
1235,2776
440,1603
3485,1063
2223,159
678,1016
83,799
548,980
2854,2844
3651,1891
3745,3379
1149,1885
1482,2915
2221,2027
3879,1191
2728,1229
1159,1900
1560,2515
1089,3930
25,973
509,3296
430,2244
723,2475
656,3401
1974,1330
1639,950
24,2792
2308,3437
3351,3518
1554,2922
331,2227
2161,237
3615,272
2949,3854
570,765
1581,754
1506,3533
2482,440
1667,1136
2114,2483
1684,1644
3862,1509
1089,2075
3754,3933
59,3594
1404,115
3005,832
1161,1060
434,275
1607,438
3738,3929
334,3738
2263,1343
150,2338
1812,1802
370,3457
2742,102
2244,3187
841,2268
882,1066
152,3958
114,2803
2307,1283
3426,3484
1141,1657
2284,1651
3681,2003
1930,3138
2500,1566
434,1597
539,2040
67,3209
2290,525
3993,1892
2468,2981
3846,2813
903,1713
766,3718
2216,779
3161,259
1517,2488
2497,3586
2723,2787
2257,1888
2133,2727
2418,1473
3394,425
459,263
3563,441
713,3900
651,2687
18,292
3526,2323
2137,2481
1754,2904
1274,1585
2847,1343
2960,3714
2173,850
1974,3335
3430,2619
1507,3506
1789,690
1832,2020
747,2518
62,178
1752,177
2538,2018
2344,3697
928,1072
1374,2544
1367,2472
3260,292
3000,3320
1859,1493
2437,3459
3038,1222
1395,2142
2410,2990
2528,939
643,1658
1255,396
2016,3964
3374,1975
1479,1685
614,1867
647,347
1632,824
824,2806
913,836
2247,1995
3591,2278
1539,857
992,1950
1091,780
1756,1404
1188,1228
219,1783
2101,778
2791,2113
3240,129
2289,2961
2270,3866
3326,3609
3869,367
3885,1505
3776,1516
3840,1049
1706,1547
706,3625
1113,2657
3562,2297
2055,382
219,811
3154,694
2046,3727
2396,402
316,2643
1042,18
1188,1186
822,1616
520,1176
2110,3592
2042,3968
1717,3362
3360,2981
3265,64
2697,1190
2200,224
629,2495
3889,1592
2078,879
1212,3406
419,3300
2091,3007
583,1744
1385,1041
1296,2709
1801,3284
3614,1773
519,1322
1826,2598
601,3977
2134,3923
3352,1568
3949,2221
1660,2501
2745,686
1212,2314
461,3100
1932,3362
1584,628
948,1449
2707,2936
582,2707
1137,2438
2554,969
1274,2498
3269,3861
2104,3175
2171,2149
590,2102
3573,683
205,356
2350,2184
3152,3833
2437,1800
2063,2675
3007,1404
3345,1077
2844,2498
2427,1382
8,2701
861,2428
2186,941
1192,1189
1692,1008
1404,771
151,2377
1133,1300
3341,1805
2098,1355
1105,1405
617,2369
2661,901
3701,3653
1024,3299
133,3878
238,589
2598,2491
3570,2429
3418,2644
3207,1245
1759,2093
1221,2467
1291,737
1927,2268
1844,296
923,3682
2943,3675
3330,2486
2796,2902
61,3456
906,2787
2456,689
1255,822
3624,1440
2861,2944
2709,1703
793,2157
3677,1411
3033,3155
1796,465
3098,2730
490,2704
1631,975
3860,2895
3263,1509
2839,302
2679,3562
1981,731
2948,2707
611,945
2369,2967
2393,2572
2043,1283
1351,2468
148,422
1574,3089
2045,2584
3604,507
3061,928
1764,1752
149,3223
2554,588
1931,597
924,3974
2406,3969
1673,2376
942,3913
379,2919
623,3209
1894,3389
474,2497
506,3524
1219,1291
289,3603
1717,1606
3495,1665
3370,2735
3440,4
2668,218
1579,2782
962,1566
3642,3174
927,471
2710,3867
2465,1083
394,2674
1453,1853
103,3558
3149,1182
1480,2142
1783,2468
2049,1818
3424,1232
966,799
1668,2602
1438,3569
583,3749
2935,203
3475,434
991,2066
2955,2047
3254,3569
986,1877
1127,1636
755,389
2099,1052
273,2451
997,1099
2154,22
2667,108
525,3800
2011,773
1747,2531
1807,2862
3431,908
2540,1227
575,3581
3843,1416
2186,3132
3239,2512
2619,2756
1838,1564
2657,3247
3337,898
89,2740
792,394
99,3386
3042,3744
1737,885
2332,688
1832,319
2431,2177
2101,2092
2805,1415
1478,320
2979,2422
1379,60
3767,288
1621,3276
1825,2432
3596,765
3112,50
2284,1774
1759,2612
3210,2235
2338,3506
1728,3808
1914,3085
377,650
712,2892
2907,3730
969,3245
281,1549
703,3603
3366,790
3732,2680
818,2547
911,2087
3380,1047
2852,644
2603,1427
752,2142
1899,182
3051,318
3091,1215
1344,2968
209,3433
3855,3302
491,987
2534,53
833,2484
2932,1042
3447,604
16,783
3504,184
1935,1887
3672,522
3015,6
2190,322
2847,3365
1380,1231
166,803
584,3351
3875,243
268,83
1281,3481
1535,2534
3223,1375
749,3119
416,2382
50,1930
1879,3471
1265,1711
3154,3701
3554,2365
1613,2016
1991,2998
1898,2657
3273,3040
646,1694
551,2006
830,1027
397,619
2513,2534
420,3790
660,2596
1413,1661
3514,461
2540,131
2018,2518
2219,3744
251,3364
520,562
2176,2249
426,1258
2967,1554
3939,2985
1443,872
1047,1667
1749,196
1581,3704
2091,1555
3198,2946
2882,935
1665,2425
990,524
1863,1418
1214,3116
1630,3964
47,1423
1231,1211
2885,1513
2844,885
161,10
83,1052
1213,3136
520,2160
3837,2511
1408,3669
3753,1528
2542,1274
449,1305
195,3694
1444,1905
1030,3300
481,1483
261,3312
673,309
2593,3853
2860,3566
992,3802
748,3850
765,3369
782,1388
3410,883
1683,515
590,230
2237,2321
3498,2007
3339,2565
3075,220
3394,1417
3642,339
1179,1369
540,3853
2230,3226
469,518
3323,3248
2958,163
206,1801
3511,2063
520,327
16,1704
1070,3581
918,2071
2885,3139
2663,537
2798,1538
227,3364
2121,2883
2455,3911
520,2255
3731,3396
3208,131
1715,77
1817,39
2707,3243
900,1434
3674,2570
1677,3110
172,852
1464,1158
1618,167
516,1431
432,3790
329,546
1857,1404
412,2790
2872,394
1791,1606
1392,3433
2125,2058
554,871
3389,943
3307,3419
647,3522
3335,3662
3376,498
2685,3540
1048,3746
1342,791
1959,50
3873,3676
1632,3389
1863,920
3070,1725
3189,3577
1222,2029
3145,2217
1894,2196
2043,2083
39,2033
1181,3385
2960,3787
2449,3482
2276,2186
2253,2616
2564,2346
699,87
3424,637
1788,2737
29,582
3866,3963
3887,1087
223,2016
120,1786
3336,2675
3596,163
1705,3744
1436,2846
3463,2902
1727,1485
2515,3156
707,2877
1072,2112
1562,2962
2746,1975
1784,3921
2589,3739
2630,3043
2199,2327
1812,3696
799,3690
2013,2673
3976,1098
2179,3451
1978,3010
3795,1874
801,2870
83,1074
3612,1537
948,1480
2132,1886
2618,1873
2162,2245
2186,361
3885,2824
2456,3663
2963,1848
1300,2183
906,2421
1392,882
529,2053
102,50
1865,1548
2150,1895
1042,1080
832,215
2048,2734
1995,1408
2208,3788
2132,326
663,1937
3834,1343
1031,409
947,1547
3714,3292
2934,1338
2532,1790
1249,1309
454,161
2011,3416
95,842
2400,3381
930,206
3748,1206
1503,1015
755,2174
3710,2151
1808,669
394,2106
2552,2109
691,1899
553,232
3331,677
1283,46
158,589
3356,2364
1761,1951
938,1783
3621,189
1534,2273
1932,1797
2804,1663
3201,1224
3539,497
1256,3246
1831,3115
2271,3659
1027,1319
1921,1746
1882,2096
1900,1238
1329,995
1274,2311
2100,3977
863,1783
2859,448
2535,3135
753,880
313,883
1854,2044
1402,3980
1958,1363
1146,3867
3626,3428
2753,3224
625,3164
2096,1205
2624,3262
2360,3566
907,1042
3692,1099
1696,3812
2295,1392
962,2493
904,1901
2089,946
383,2959
3365,378
2949,1218
1385,3757
1932,2077
1908,3969
2984,1274
3729,1738
2162,3666
3427,3571
100,981
1278,3882
2876,3284
1776,921
1238,3823
2994,1298
2468,2550
1138,808
3964,98
2204,205
2582,2053
3597,100
1017,3509
20,1197
3698,1412
783,2546
1068,2582
1457,503
773,1456
1261,3563
1392,205
661,3240
1330,976
3813,1107
1756,398
3330,2059
2597,2791
274,2275
3521,2525
3453,281
3293,3743
67,3080
722,1802
2381,2844
3335,3600
351,3625
3766,2221
1082,3750
512,3023
536,1224
2926,2572
3847,2037
3645,857
3044,1347
1120,3926
1054,1392
437,778
2086,232
2818,3566
2172,2410
3969,1014
2762,2257
355,514
211,3424
844,1679
655,1148
474,2974
170,1921
94,2724
160,2785
122,1297
3696,2292
2257,40
748,2929
1370,2738
2783,3510
3002,2572
3529,225
2006,1327
84,3992
1372,3217
91,1554
1490,2912
163,1059
3614,1676
1554,3971
851,1913
2728,1416
1474,1876
3212,1184
173,3602
68,2274
282,1985
3460,1006
3954,2047
705,99
2817,1164
765,1274
2888,2353
2344,580
3071,36
1607,50
3234,2891
2641,2485
3964,1049
3215,2844
1972,3308
3469,2680
1081,3406
1714,3126
3029,2913
62,2980
1635,3899
2363,2707
761,1327
2960,525
1783,2860
1778,1582
2983,1911
1736,1285
3035,2655
924,1644
316,166
1884,2499
1255,1381
3545,395
3635,2161
2041,465
1914,3013
3547,1457
3788,2975
209,2187
1159,188
391,1688
3074,3901
1681,1036
488,3237
3686,2444
659,886
1687,2490
144,3654
3952,592
1235,3347
1277,1860
2684,1824
2531,2485
2959,2844
562,2286
3392,2398
294,504
3532,1213
3507,285
2243,3832
1152,2296
3991,660
505,2901
2885,1117
1274,2210
435,2664
2193,2718
507,2960
3177,1835
1830,2150
2582,3345
216,116
3809,2085
111,2930
1978,2008
2338,512
1558,3943
3157,2613
1541,1279
3007,537
684,143
1391,2909
227,2681
2387,765
3778,1655
2346,2885
2493,3098
946,593
1004,1727
356,382
2721,1702
3225,3768
3001,2262
2850,487
30,3631
3427,3886
136,2452
3435,2065
1402,2269
337,1463
3982,1788
1338,3930
1286,278
1756,594
3166,1536
729,1515
50,1095
3564,3279
1765,1649
1483,1563
1273,2822
635,584
630,2159
194,2724
2726,2859
1503,1480
2479,1693
1046,2478
2961,2964
238,2886
439,3073
1430,1789
1343,719
2946,623
587,857
1588,2497
1699,1718
50,2710
2659,728
1139,641
2326,579
1159,571
2750,558
251,289
2280,667
3834,3055
58,1697
3265,2863
458,974
368,2868
2335,3402
686,2375
556,2957
2918,231
2671,819
94,3808
1493,1585
1208,3285
2568,3007
1008,2329
3860,1053
1608,3185
3027,279
2288,1475
1180,3358
1274,3277
684,1395
2779,2177
2778,1506
497,636
246,50
3743,1149
970,3098
3181,3115
2462,3898
2060,1611
2095,979
2963,1670
2711,3019
3691,3946
2436,3122
1341,2982
1246,3873
2474,567
3732,1061
2501,3760
2442,1289
763,782
485,569
3316,1404
3822,282
1395,704
1446,3220
1619,526
1947,1292
2997,3594
1470,2197
2406,3805
781,3488
495,3763
2652,1021
1888,3387
814,2521
1432,3967
1012,1370
2193,3326
3547,3578
745,1932
948,2551
1134,3791
424,229
3678,691
1401,2738
1458,3914
1159,3140
1501,1932
2937,3236
2522,2155
3612,742
784,1763
3861,3763
821,1114
2942,2106
111,3855
3061,2990
2141,3626
2325,2810
2027,782
2899,3480
999,493
1126,2259
585,3792
3897,3125
716,702
3159,130
895,2627
2468,1531
2263,3009
3609,1173
3299,34
2334,2588
1583,3612
421,1075
2140,3531
1570,3888
1587,1939
948,423
1336,2166
864,1521
3639,3305
1530,2279
1194,1976
3387,2318
50,618
1519,3375
1691,2923
2642,2031
104,601
1459,2384
1526,50
1990,3095
454,2286
2548,294
1630,704
1720,1541
3222,692
3745,909
3632,3099
3489,2056
413,3356
1165,1650
3280,3045
2695,3076
81,874
804,2393
1103,1885
71,3990
925,457
2579,812
2954,360
837,3979
3349,60
331,2434
2572,1025
1408,765
2545,2713
787,46
3995,2690
3969,1996
389,3339
496,3718
1583,2152
1897,2825
3544,3920
2243,3356
2094,779
3172,2707
1315,765
626,3163
1638,1932
446,715
3528,1391
520,3346
1177,2096
3443,3114
1005,2913
3462,3065
1866,332
643,2448
1684,240
1528,1824
1055,1914
912,493
1995,3709
2468,3471
2673,3803
2138,1033
1473,114
1847,2946
545,1554
1477,3114
1513,1075
1213,105
3956,2332
911,3450
431,1339
3629,3639
3105,1048
561,3716
1631,266
496,1800
2520,1495
480,649
1733,1627
1069,592
2511,50
552,1404
3593,3381
1271,2743
250,2277
1932,1467
3559,1907
2301,3838
2255,2572
772,3677
2338,805
1609,3575
1247,1487
3051,1097
3118,2147
1775,187
2132,3944
225,1840
563,2168
1871,2798
280,1869
231,3586
9,3718
982,1756
893,2205
3284,2725
3272,1356
3999,310
2968,1983
1314,3160
3472,247
2262,162
141,180
3956,69
3472,313
2514,746
2321,2512
1950,2812
2612,1064
331,3515
965,728
1515,3192
2218,3424
2752,2303
2450,702
2170,2037
2799,1196
3964,2842
615,3060
1258,37
2250,3288
2075,78
3816,3153
3057,3169
1335,1843
1404,827
1646,936
3673,1938
1414,1709
1860,1404
399,256
3916,2016
1796,357
2845,2938
47,2965
2836,1046
2725,83
1255,1916
1795,2125
3464,2528
3250,1150
2516,1178
3241,3481
1215,2909
1140,2417
2083,3668
2205,1479
765,1428
3988,1106
1227,1009
3257,1478
153,3779
2763,3147
3752,3469
2497,3458
11,675
1758,2372
3812,572
2373,1512
134,3960
1755,2004
2703,2387
1890,3409
1765,3599
3987,2704
717,997
1622,1334
1198,517
1639,2798
2521,3873
2906,1788
324,951
702,1581
3037,2480
631,1868
1561,3874
1071,1593
1649,2033
2795,1675
1768,887
1114,1376
2276,2338
394,1785
1343,1300
3991,62
2858,511
901,2301
1958,1445
245,2972
3063,3097
406,2686
281,3643
1554,3960
1984,2844
3275,1634
3109,3616
1134,3100
3678,3586
2247,1061
811,3975
3812,157
1652,1563
2172,3378
476,1062
730,1723
2916,50
3822,3789
890,2255
2049,579
2991,161
3425,2347
2186,1526
1255,2946
1479,451
3892,2030
3410,3971
2752,2497
2178,1523
1287,3078
85,2753
3432,3167
3149,2144
2468,2359
2510,1318
1953,3758
521,2469
3513,88
2693,1809
2696,3807
2844,3296
2192,701
2189,829
1041,3113
3610,3659
2715,1327
2219,2991
3000,1018
320,2885
1247,1811
2573,3907
627,2129
3888,2756
2707,411
3979,1515
796,2603
1594,2452
1851,3991
372,3140
2275,3695
1321,3691
2645,1603
768,2133
1163,3263
2572,1461
325,663
3852,1992
2468,74
839,3922
2415,3143
1220,3234
278,1713
2845,749
530,1634
1842,730
770,2812
2853,2990
3927,2228
67,2231
2638,597
3491,347
912,2451
3180,1653
3598,2659
1448,353
1987,1117
3721,1780
1856,235
3655,1714
1598,750
2024,1987
2497,3600
1664,1349
1813,1895
3194,2067
2156,1889
3460,674
892,2914
2577,1392
965,1500
3093,1558
2709,2657
3305,428
3253,480
2425,1629
1343,3173
570,1419
229,3976
1030,1239
3074,807
1425,948
96,3519
755,2687
1659,1523
83,3093
3985,1871
2054,2362
530,2952
1713,1332
1116,2115
3025,132
1806,672
2776,1789
2186,3096
2262,3994
707,3679
2755,3671
3859,1892
2737,2292
2112,3497
1182,3155
1208,19
3175,1474
2695,472
1026,3663
1406,3119
2106,342
1929,3368
152,1076
2048,1620
2085,1721
1932,1297
3834,2986
612,3436
2900,2620
2234,1365
3962,3917
2671,3979
2010,581
2165,2774
299,896
2993,484
2032,1250
50,2312
1251,3659
2524,3808
626,269
3233,3318
1513,3385
1897,2839
3487,1781
3597,2855
295,3201
50,1623
676,1649
418,2482
574,2647
3276,3124
933,1993
1035,75
62,3231
3206,1467
1649,831
616,2960
3412,3802
239,3550
726,709
1724,3574
520,2267
1151,2614
1471,2260
2597,2992
3474,998
422,899
2743,1397
1962,1102
1,3781
1266,933
3983,3072
2927,3971
3519,1042
1095,1012
2497,2596
3110,3687
1513,1141
3091,2931
190,83
1511,3344
2761,3441
3372,1038
2989,2540
2351,3393
1406,2639
76,40
3502,2670
62,50
3746,331
3767,331
3851,3605
1029,3215
3088,3848
520,331
3248,1100
508,2186
403,2349
82,55
3297,704
1874,773
229,2505
1175,777
3586,3703
2193,2226
1837,1971
3818,2523
1290,2205
3605,938
930,2375
433,411
1511,3274
2321,518
3815,1767
2144,213
2529,518
2334,1306
2241,511
719,436
834,14
40,1517
2459,1404
3916,2654
2368,2580
2208,2034
2840,2195
3560,3322
3044,347
1386,1458
3657,2217
802,2254
2264,1473
2045,2621
2665,1676
2294,480
1771,3594
3361,2751
3586,1861
3790,2469
330,1175
1920,1375
765,622
1312,2330
605,1554
2666,1663
2651,748
531,2338
808,3424
1976,1675
454,1132
2996,3893
2467,3903
3023,3709
2120,3551
600,3014
3293,515
967,186
1795,2639
2545,2765
547,1595
3319,2873
331,1505
161,2730
2572,371
1233,2657
3017,2288
393,3409
3801,1404
1830,489
221,3734
543,1417
2852,768
1567,3087
77,2179
1004,2472
2570,1657
2476,366
3546,1513
1010,3905
1324,2889
212,3636
566,3292
1316,1145
1378,3347
1924,2087
1453,2658
2667,615
979,600
558,3183
1945,1097
2537,692
653,1393
1585,83
1493,3068
1317,2569
3986,2570
1726,2572
3514,311
1030,948
3706,915
3349,2885
1832,3536
1203,1295
2946,1435
2622,1588
2201,3229
2081,1976
278,303
2584,3890
1882,83
687,2374
644,3465
2497,2571
519,1350
1756,2889
1481,2476
569,2934
2998,3807
1811,2843
1656,3199
1257,1384
3470,1672
2490,1756
584,3383
2091,2302
761,862
3545,2801
3680,2343
2228,3818
1191,1174
2028,1761
365,2699
2900,948
3104,2780
2640,2380
479,2686
1204,1630
3306,1288
50,3601
2236,2378
1744,3526
3130,2983
1961,155
3090,2975
2206,2029
2653,3039
3517,587
2813,3815
63,3821
2157,3141
776,3755
1896,3875
3278,2150
1913,1107
3778,3581
2083,3436
3351,3935
1513,968
3064,3583
2647,3873
1422,1076
2572,1971
54,2153
2327,3450
1258,2460
386,1009
3909,2139
3432,3781
1648,1516
2062,1643
3477,3722
2835,599
2433,3972
1126,2524
127,2511
2836,3037
3251,2132
1226,1532
1545,3903
2543,26
2632,904
3448,1403
1189,3609
1999,2572
1169,50
2559,1881
847,1456
2171,3429
480,1117
619,765
1125,3610
1166,172
1912,2458
1343,2349
1394,3424
3167,3504
1823,2867
2142,2161
1400,2497
2609,856
3776,2016
3964,1554
2824,50
389,3861
248,3865
160,578
455,2334
3111,1696
3781,1399
1513,532
3529,2438
2784,2600
1567,2018
1759,1343
2403,2927
1440,3312
1295,605
1743,179
2999,3204
3024,2822
3702,2025
2800,1305
2331,2533
40,3508
370,1828
1571,3183
2136,2700
2636,2392
418,1513
88,2805
650,1273
2844,2335
2257,76
1433,2963
2423,3774
2296,845
1852,2689
1315,727
2005,2912
815,62
3654,1680
2526,798
962,890
2308,908
765,1676
3731,1870
2473,10
2966,3424
3265,347
2638,2457
3683,3404
3678,2744
3761,1229
2502,123
2910,1677
2604,3132
2481,2739
264,403
959,217
407,3490
976,1159
1753,1677
2508,816
324,2586
1394,1314
2300,1825
3010,3429
984,1749
526,3003
3555,1077
3799,312
561,3191
3308,857
1116,2996
739,1003
3664,520
889,530
3929,2200
1665,2971
1642,961
2252,2115
1517,532
2019,309
3150,2120
2265,2278
843,1474
2115,3307
3478,1945
125,3397
1234,3229
1142,2716
1579,2975
2432,3039
1267,2987
1721,2409
3110,2239
197,608
1132,2928
155,3339
2453,168
2659,1176
2555,1586
2659,842
2118,782
2303,621
460,16
1754,1654
1833,3719
2240,261
355,672
3724,2132
1124,5
3024,175
1330,3209
2525,1404
2440,2352
2119,3693
3891,321
1378,1011
1082,1420
3225,1846
2808,459
3301,2575
3342,2687
833,868
1166,1904
3028,3601
420,745
809,2081
51,1125
2838,1163
2119,1404
358,945
1995,2316
1343,1579
1876,2064
1686,638
3442,2317
1510,2648
1147,2977
564,2220
480,2905
1430,1188
2727,1421
1925,2849
519,3170
1978,2004
2369,1650
83,3205
946,1019
2501,3620
836,1368
1928,1960
3428,2317
32,3272
560,2241
2072,3242
3760,759
3506,1249
1178,3406
3362,5
3453,1264
1169,3817
2131,49
3799,1740
149,1248
145,80
0,672
1404,765
375,3015
261,3968
38,713
188,1424
3148,606
2605,1293
683,948
1342,300
1608,3996
115,1153
1501,1042
1096,901
2183,1590
622,1810
485,153
3615,3517
2337,2509
290,1399
3800,90
3820,142
1670,2184
2643,2471
2585,221
376,1343
2470,3525
1986,2745
354,3483
378,1042
2055,3083
3786,3267
2724,1970
2417,1592
2742,2623
3747,1513
3058,1683
1428,2868
2506,1024
2463,1635
2844,2866
3412,3370
3487,2886
2653,1274
2857,1457
2671,192
3085,2603
1142,1691
2561,3654
66,2678
3969,1857
3909,572
2393,13
1057,1722
1264,1518
2817,1245
1728,1448
3258,709
318,1300
2706,2637
3375,1061
1045,1081
650,530
1123,3147
2529,1243
3906,2426
2831,2237
3555,3991
568,1723
1078,2894
3905,3986
2,3638
2396,860
1246,2023
2761,1691
1294,3142
1032,2394
1108,2759
3241,2280
3063,1576
1340,3343
2843,3266
338,968
2541,1797
791,2665
2624,526
1597,2362
612,2280
3079,380
1689,3143
2552,2744
1653,2915
826,3835
418,1092
1915,1058
2355,2837
707,1456
438,691
1649,3854
2040,2992
346,3937
3318,1783
2015,2657
124,1921
3086,2904
2069,1770
440,949
2056,2309
2919,2211
1470,114
2589,3349
3981,3561
3244,2068
3445,2367
3501,286
2793,2820
2789,733
3138,1784
1043,1453
1546,1641
2210,753
1839,583
1378,165
3204,2508
1259,3625
2139,3595
2614,2690
1783,2319
2568,644
2779,666
2221,2826
41,2496
3509,2244
548,2578
2083,2350
2877,1345
1392,2157
2907,2844
2091,3859
2984,3424
2766,3690
3806,2446
3188,613
3019,2717
3708,298
3782,690
50,3849
1724,2153
3680,2497
251,360
578,2607
715,414
3343,1855
2397,2446
1164,3894
1480,3605
3348,3856
2306,2572
897,1943
786,531
765,1737
1803,838
3726,1882
109,2237
189,209
975,270
975,3457
1879,2645
2216,765
623,2076
3811,87
2398,3846
3040,3310
201,1300
1130,3195
983,1932
2106,1389
1672,454
3126,2090
1140,2430
2034,1372
2394,331
