1619,2128
3652,1804
1506,3264
3565,3015
2172,2348
939,2214
997,3556
1307,1278
3507,3893
1920,1043
2030,2936
3105,2114
2342,1991
3863,3094
1742,1322
3469,1672
2405,1197
3906,3840
3731,234
1173,1400
2273,253
1396,2668
2061,850
1359,776
1451,31
3113,3201
652,3642
1150,606
2154,325
187,2803
633,367
1150,755
816,3432
2940,955
3235,2915
731,274
1299,810
80,2762
1790,3956
272,1785
3002,275
1266,3362
3685,2638
1292,2979
1372,1184
1775,19
1068,2579
1233,1413
588,376
637,1378
3987,2924
3405,3048
3152,1965
2093,2040
137,3517
3472,1560
2804,758
1952,91
2460,20
3269,226
2289,2227
3228,680
1298,105
2911,898
1483,2866
2262,2737
825,2785
2981,2610
2646,806
2115,2709
2427,3587
663,760
1415,1425
3002,1514
1745,3864
3013,1301
1,986
975,2704
1959,588
3417,274
2629,3192
1501,3927
79,3190
3658,892
2852,1270
3602,1466
2702,3917
695,2391
3217,1066
2111,3779
1253,1186
2690,381
1494,466
2655,135
2550,2543
520,1871
106,2937
2927,526
3252,1968
3408,1112
3658,3863
3122,2767
648,3275
2047,2171
640,1649
2143,4
1691,274
457,2169
3529,1038
3075,941
1692,3199
1940,2269
1014,3793
603,2347
3447,893
3666,3231
266,1645
2294,2891
2208,3373
2647,3997
3038,1402
3495,1344
900,1153
2835,3339
3700,2669
2818,26
3898,2068
3674,2490
2048,3563
1713,3061
3620,707
2410,1404
799,2190
118,1482
1651,2168
3110,768
2357,3599
1745,540
3713,9
1621,2662
868,681
3799,1844
3986,3849
2581,1907
367,3966
3935,2691
368,3753
2087,3994
3097,1688
627,2515
2540,1769
2273,284
1254,3804
3258,1149
2107,1289
3487,1112
346,3506
3604,2216
1713,660
2825,1142
2622,3267
1160,3994
165,234
3965,853
1114,3478
1423,2558
2822,1605
1746,3596
666,3959
2189,3564
436,1294
2311,1033
2309,462
9,1078
3930,2126
406,1893
1884,3554
2370,3868
226,2019
3338,1816
1349,3774
79,1328
1757,57
3002,257
1661,1150
2111,2012
2233,2561
3422,1768
1646,177
1215,245
2377,2930
2518,2685
3175,2372
3958,3942
3471,1478
2653,2621
1299,3833
2470,417
412,2233
1724,2780
228,943
924,945
946,1915
3913,58
1885,1309
1431,1140
1545,218
1736,1777
256,1486
3484,3099
3969,967
2448,1113
3002,2650
3776,3201
3608,3142
3018,213
3090,3431
3553,3978
2597,1949
2962,721
3816,3454
3668,1463
3002,1071
1020,1739
2242,3378
2642,351
2549,3862
367,59
3561,1834
1767,3818
1954,3524
3903,275
1501,1280
245,3829
2476,427
2902,2805
1632,2746
3174,1803
2290,2516
3799,3030
581,2520
3635,3875
3373,971
2678,876
1810,3073
3750,208
2319,1355
3477,3034
851,1874
3943,637
1320,607
1030,3156
120,1688
2220,3710
3163,3755
3308,2360
1282,3848
1532,3932
3834,1925
3877,3948
594,3138
916,1653
3929,3664
3886,3942
1147,1085
3105,2624
1747,470
1660,2449
968,2709
256,3759
3534,48
1246,2557
3056,3754
3953,3946
1141,3525
1670,2296
2789,476
1421,3326
1994,2318
202,3311
2425,2188
994,3200
195,2001
1026,3884
1467,2323
3434,801
2775,2875
301,500
745,3736
61,646
3485,2360
3095,2860
509,3601
3382,2225
907,910
223,780
3002,2776
3738,2863
1199,2330
500,3735
1272,637
2280,3823
1903,2698
2435,3843
3076,2140
2697,52
657,1234
2178,1110
2845,3592
1447,2723
1099,1331
1916,3133
3957,130
1403,1596
702,3004
1778,1585
474,266
3913,575
2366,470
2557,1031
2305,2206
3322,1340
547,3673
2511,2930
1093,2273
10,735
465,3096
1859,1160
2459,661
2074,1828
523,281
1903,2467
3246,3488
69,1805
2151,1246
1429,298
3973,665
3979,556
214,3053
647,2174
41,2804
2963,3629
3280,3505
1909,2896
2494,836
2258,3630
628,2715
1937,2647
692,2497
2336,1917
3546,2740
3127,989
3249,2385
2464,841
1390,2325
3706,62
476,1222
1812,1528
1760,1950
3334,3736
2161,3388
1452,102
1498,2356
3698,3904
1249,505
3533,2517
2688,807
3507,1135
1322,3741
447,736
2481,1828
315,3206
2213,1111
389,3864
3671,3282
1707,898
676,2574
1451,687
3448,2028
1032,55
2534,1926
1083,1863
2246,3189
3769,3160
765,924
993,3014
2042,969
1922,3970
2656,2853
1208,3510
1014,268
3689,3036
3022,2717
109,2027
832,3862
2080,1621
1026,3755
515,1516
1948,1270
1241,3054
3248,841
3077,3447
1665,1214
3278,3051
3002,2682
2882,844
354,3100
1398,910
2100,107
3363,207
3426,516
2099,1337
3676,1877
1606,932
895,3720
1971,2854
3002,2420
36,1455
1337,2357
3243,3594
3803,3392
803,1107
192,3078
2252,2468
2920,2414
321,1495
1375,1783
3627,2027
1896,550
3306,1169
3268,1883
3895,2714
698,3867
893,3920
2107,1261
2798,2964
1047,879
255,1128
821,698
3550,3991
283,2945
3999,1542
1996,3783
3739,2836
66,395
2801,799
411,2519
816,1438
2196,1625
1325,3679
2162,2577
3491,93
856,3635
1289,2717
1430,3695
181,418
3673,1241
2833,3867
3227,2570
1244,816
2799,593
2843,240
430,2472
1943,2191
95,1263
3800,1186
3672,1918
3505,3046
2835,3497
2476,119
2345,639
1968,333
1373,3389
1182,907
1020,3586
3131,2335
3664,3773
661,3611
3286,2942
3921,2771
2529,2032
152,1745
1567,3833
748,3754
2918,1210
1538,3911
3574,3782
828,3533
1645,3360
1555,3642
1560,1222
2828,3192
2074,2564
223,651
2593,440
2863,2166
3346,2921
1393,313
3349,3257
2332,1453
2054,866
1382,1325
654,2858
935,855
1807,458
3174,2141
2580,1987
506,727
3198,1177
1037,3844
1678,2631
3979,3573
194,1790
2729,2931
627,1749
3773,1449
491,1597
2462,2414
117,2152
1671,3287
3077,3804
1160,529
2206,981
3947,3077
2709,2704
3540,3235
198,943
510,2918
3594,1339
1383,1310
704,1140
2698,1688
3984,2845
2196,2489
146,3395
3808,3749
3065,3108
1264,1063
2972,2192
779,3579
1079,1599
2681,2201
3009,3625
1496,2803
3490,2442
2210,3977
2443,1146
2317,3002
2340,1153
593,840
3012,1857
1475,1281
2385,1911
1481,3192
393,467
3895,1806
3881,3857
803,1178
1044,1145
1019,2549
2730,396
3738,2526
2078,3359
917,2703
1617,3720
1348,174
1854,798
993,413
3141,3444
2235,1118
1591,2067
1845,700
3038,2902
2987,801
889,1342
3202,2372
1079,2482
1176,916
3850,3176
1228,1875
1060,786
2455,773
277,3251
1702,238
1358,3578
15,2226
296,3369
1652,1673
2273,2185
2537,2101
747,2574
2884,2864
1880,3276
949,3643
1828,3914
1603,1936
622,1497
116,3007
3361,3039
3087,2714
2744,853
2560,3834
2790,96
3033,2379
1602,457
3072,1415
2461,1794
3278,3605
1440,3457
1165,2062
3363,2764
2839,2084
2282,1298
1691,929
3585,3483
3523,3971
482,1575
2654,1758
2356,1642
3174,589
1873,135
1437,2144
3843,1088
2432,404
2356,3552
3043,3811
2816,3576
2396,3885
365,2180
412,3721
503,3976
981,1225
308,3328
1336,2436
2501,3401
3380,2568
2809,1520
1424,1831
3759,3209
2768,2273
451,380
101,3418
2840,3371
304,81
574,2153
1293,2105
3277,2157
2549,1312
2243,2202
1322,2540
1703,1899
2748,1212
1737,2602
3581,3219
3465,141
1331,895
816,1343
3960,843
2393,3895
582,2730
342,2332
3053,1552
3727,3428
2959,1876
3,3637
1849,1842
2560,1488
2552,1719
1758,2341
3897,1498
822,63
3853,771
914,2985
1426,3962
1999,2474
1830,3756
3125,958
1048,893
197,909
3655,1033
710,1578
2905,2630
3834,3640
3144,1095
3344,2998
1876,3130
3314,205
1107,3230
2813,786
1894,33
303,2362
2804,3543
895,2526
3683,3831
667,1369
2314,578
3599,3452
2387,1204
1731,573
1580,2598
3016,1559
2833,306
699,16
1220,331
29,2790
2809,3473
3088,1010
2995,267
1828,232
686,1009
2312,3747
531,3132
2383,2294
1796,1815
3054,1992
2204,3712
3971,2047
2083,1027
1029,820
1385,3175
1775,3304
2851,2847
1388,1029
1265,1497
1261,474
1398,286
744,932
2612,1267
904,978
2852,2708
3448,837
1418,1626
3327,2134
1207,1860
1148,721
923,3184
2564,1912
3317,1521
461,2419
2033,3905
3888,1412
209,1785
3178,2565
2870,3091
1304,3146
3562,2522
2191,3394
108,1234
2777,1765
294,615
2793,819
3024,1977
889,3230
104,1544
2154,2465
3807,3866
3820,687
1811,647
2535,1734
2184,420
320,1455
1412,2756
2747,2547
22,2877
2600,1966
11,170
960,231
3480,2317
2166,368
3441,902
3352,2869
3409,3067
1717,699
1508,70
31,2223
3499,1761
138,2510
2730,725
3135,568
198,871
541,187
2412,1115
1508,1499
953,2292
2667,2468
3105,2005
3624,3348
2048,782
2938,3977
2273,3815
1969,3745
3883,1260
3599,266
1565,3811
3659,3719
1710,2974
435,2127
414,1270
133,1922
2579,2496
83,3683
660,825
3843,3825
762,2102
3063,3579
1984,2718
2556,244
2271,2170
1879,372
1179,100
2484,1441
2730,2726
3699,1347
3056,34
940,1740
3455,1196
3765,2374
2758,2246
2084,1893
3133,443
2296,3746
2499,3375
2455,3977
1747,3453
2566,443
1703,2344
1680,2032
3276,1942
1110,2475
627,127
130,2355
28,825
1383,2619
3158,3098
102,3691
223,524
3436,3410
124,2446
2683,1963
462,2713
3378,3547
2344,3307
784,3787
487,101
500,3196
3597,3259
2763,3856
3263,3352
3052,2473
3257,3806
712,524
644,1834
3853,2224
1762,3035
3169,2862
1033,999
1738,2929
816,1121
3374,3286
2643,3640
726,2258
727,2414
1306,549
121,86
3295,2977
1324,2851
1076,525
1094,3463
1294,886
519,290
325,2099
739,2745
3175,3764
3805,3800
185,3988
3715,1157
1634,2740
2990,1998
631,1392
681,450
419,2291
2005,3419
496,2500
3250,3708
2726,217
3459,863
3180,1320
2905,2599
2948,2923
3893,1914
3288,2374
3069,1588
2887,2406
2761,3752
1503,1479
3838,254
861,3969
81,3264
2703,1069
951,6
1865,758
3068,2932
3002,2395
3635,3029
839,3090
2239,983
207,1718
1813,3516
3170,2602
1132,919
2207,3566
1626,413
3002,2100
2392,1181
2208,264
2899,2732
1141,3449
3373,2100
1693,840
1564,3771
1451,490
134,1672
2960,561
3207,643
251,2295
822,2918
1875,2847
1535,3002
732,3477
3156,3986
1261,150
3091,1772
2042,3704
1115,3008
2221,3982
1550,2352
385,2003
1716,2689
2625,3979
2146,55
2792,3791
2791,2844
816,3977
2382,1909
1956,860
943,2117
707,1879
2159,3866
1553,1884
2968,2228
1563,715
2338,3532
2526,3393
3048,2621
1385,970
521,2117
2567,262
816,2935
255,2468
1657,2952
1344,1779
808,1769
311,389
1966,35
3721,1951
2684,2891
628,522
1076,1275
752,2321
1921,1070
2322,275
2321,2642
1205,117
35,275
3330,624
1913,1286
227,1868
3904,2603
745,2390
1196,572
592,2602
3370,2902
2200,973
1080,1460
2283,1941
809,495
1967,2667
3404,1181
472,2016
602,1516
1240,1385
1295,3366
3829,2047
3301,2153
691,3046
1290,3395
868,2177
1488,2610
905,1664
3509,915
557,3462
2222,816
1852,875
3660,109
1639,2053
1616,2651
2750,869
1754,1714
2872,43
1946,1684
3456,2196
3769,1544
809,868
1460,3968
3802,2816
891,1869
3406,2740
171,3799
3061,3196
2999,2888
825,3921
2310,2968
1180,3212
1026,3990
864,2920
3852,3002
3158,1094
2704,713
3788,2026
501,1714
51,3150
3784,3375
3995,3787
3551,1562
1926,2014
3526,3222
2300,825
902,1343
385,2354
153,402
1995,2173
3132,251
71,3675
1198,2217
1211,3537
1336,3536
309,1858
2218,3822
3899,610
1699,3109
2985,774
662,986
1749,1196
1226,3310
3352,2821
2511,3892
2836,1395
1571,1111
3990,2561
1251,2413
1507,2417
1811,3450
472,2842
1157,684
1822,1542
1269,1470
3032,1219
1049,1322
3147,3662
1359,61
584,2269
3275,3572
3116,458
3235,1826
2601,2359
1183,2132
538,3061
3646,475
46,1520
3575,3309
379,2106
2117,1684
1453,3123
3619,3891
747,1312
308,1641
3222,2647
2509,3593
3874,3152
2440,2251
3298,18
632,791
21,3814
2458,588
3778,765
2353,2641
3041,601
868,1573
3043,3608
899,392
2660,1117
575,2013
690,2787
3509,2544
662,372
2597,502
104,646
2464,3630
3792,2302
405,1124
1727,2498
1970,3215
2450,1988
2265,2570
2761,924
2371,59
425,622
505,1587
2707,3236
1750,2273
3715,2298
816,29
1662,2885
2631,665
346,2651
1964,1082
1715,2712
1280,816
3173,3378
1895,3026
1171,1028
1741,3537
1407,1415
3952,1147
2257,3684
1144,3814
3887,1145
2235,6
2559,3417
1691,2039
3121,170
2676,1752
1056,1104
642,323
499,2259
957,1674
2259,3173
1906,547
1658,3312
162,2572
3355,3768
1831,3892
408,1347
3349,828
1443,3651
2946,265
3198,3463
3045,2046
1746,3181
2175,1391
1662,1826
2197,591
2096,2636
3121,824
1171,685
500,753
3406,51
3472,1423
2186,2183
2116,2266
384,2188
1261,665
1260,3788
3766,2747
1002,1114
2815,2722
843,2090
2404,2673
873,3589
2337,3963
516,2110
1918,2184
2200,3552
647,409
2152,3700
2617,1861
1117,2492
3454,2459
2024,3154
2962,2665
2151,1819
334,2027
1235,3875
471,3002
838,3867
3234,1920
3935,421
375,790
2139,2393
1501,2569
609,797
2116,3002
3002,2049
2704,219
3508,361
3259,47
2934,2620
418,3334
3205,2529
2332,1627
401,1564
2475,1323
280,722
1406,2600
2590,3087
3764,1257
2757,1546
1511,1564
269,906
1212,959
3628,221
3610,3667
3944,3984
2924,908
2591,835
2622,451
1856,3
2826,1321
2783,2400
3782,3545
3682,3066
2405,3002
1862,3411
3352,2984
493,2219
3106,172
954,292
3002,481
2389,3421
811,3576
1073,199
3430,2677
277,313
423,1226
809,1598
2434,3740
1771,3127
1659,2848
2974,553
1144,3762
3002,3744
3296,1629
3247,1568
2788,3889
3979,3705
1034,3088
1287,3750
528,2178
2453,2866
2549,1405
1448,3738
982,3842
146,2980
3979,2684
2494,1151
1954,2688
1866,2648
106,651
1670,2481
2020,3669
2260,3063
1672,3485
2083,2915
3941,1155
3002,964
2903,1585
2665,3350
812,3678
565,2516
465,1012
2204,622
2950,1151
1445,2660
1518,814
1396,2887
2514,1261
2916,131
2610,1468
816,3488
2416,580
3306,3695
2800,1454
1013,3172
3778,1154
1659,897
3666,2554
590,3694
1577,2273
3362,3229
1700,745
231,1913
1872,3631
1025,3018
2083,3138
310,833
362,1058
1191,247
1256,1673
649,3431
3002,1853
3452,3668
1204,1023
2605,3915
921,1991
1509,1969
681,1206
3972,2168
3788,983
1743,172
3876,951
1889,2385
3727,1224
67,3433
1513,729
355,1656
1352,3829
2546,2219
1350,2833
557,1944
483,419
1768,2664
21,1490
2885,3097
2828,3436
207,2691
2348,825
758,3126
2466,3289
3183,2687
2778,2040
705,2839
1412,3763
1825,727
113,2376
1611,2726
914,501
1593,1695
2727,2569
3259,50
2273,3265
977,156
490,2256
2845,3002
2911,1353
2884,176
3424,1387
2777,174
1833,1228
1829,2310
1909,3184
1041,2379
1867,3892
3502,1589
647,3840
3852,3767
2860,2091
2127,544
1508,3237
1280,3460
57,3286
519,710
3062,1470
816,3338
903,278
2532,3317
478,3582
1007,3411
49,3951
1888,2890
530,2962
3971,896
2605,2476
2177,2116
1838,1390
1700,2614
3555,2325
3165,1216
1886,1706
1935,1180
1300,2758
900,2652
2914,1757
463,2376
3577,3172
3965,657
1083,2958
352,1202
489,1184
1120,3058
765,1901
2616,1613
1183,1758
3952,3047
406,2743
3236,1745
1384,918
2915,1925
2073,1517
1855,2438
1478,759
2974,177
533,2017
3664,2587
1147,3008
2047,3799
3747,3126
2712,155
2918,1486
3187,747
2145,1974
698,2407
3217,3611
884,109
1601,894
599,2236
1810,499
1798,2980
2963,455
997,3369
282,913
765,1273
3384,1358
2766,1234
495,2904
124,2430
3621,174
2077,1399
2807,3884
1501,2257
3788,3068
657,720
3270,3927
466,2068
741,1924
816,2595
43,3212
95,2789
619,1510
1364,3293
1217,717
1124,2644
522,1946
3976,822
817,1807
1675,2161
2840,3498
1096,248
730,2710
2669,1981
1352,1115
1795,1411
1474,2676
3003,3527
2867,2851
927,359
3883,3062
2047,2113
2949,2778
2602,1971
1099,1785
2466,1206
3305,765
930,2265
1037,3812
2552,1031
1457,2870
2123,3417
819,926
325,2637
3717,279
2939,848
1142,3345
1894,3172
2078,3443
981,3947
3505,409
106,1088
553,2901
2957,1283
161,3661
2014,68
2169,1288
1462,3653
2172,1653
3104,3975
2452,3158
2428,1229
3492,1053
1043,956
878,1776
800,2599
2026,2541
163,1301
3053,3899
331,2912
3603,896
1060,2270
1184,3580
182,1220
583,728
1152,140
641,3002
1223,3735
2085,3631
48,299
826,2973
2696,3310
997,3046
3033,2328
3080,2294
2439,1448
493,778
2901,1005
3162,666
175,2908
254,3002
3317,2801
3759,424
1610,1122
155,1432
1805,2103
1991,2485
353,1653
3770,3037
239,3002
767,3714
763,2966
2616,1284
1979,3327
497,2436
2537,409
3788,3789
2401,1807
2033,2868
993,3491
1424,3019
3966,2074
20,3289
2254,1926
3029,3180
1345,2162
1734,1506
1340,3955
3314,3970
842,401
390,1748
2418,323
1142,2080
973,1036
153,991
3149,2602
3085,1861
2229,2733
1005,816
454,1037
3831,276
215,3296
3811,634
2238,1946
3766,3253
1751,2044
2481,1629
3032,3039
3694,2381
761,666
1947,3420
1571,993
1538,396
3832,2274
3985,3275
3133,241
2687,2782
2515,3085
2871,2911
421,2547
2914,1723
3833,2359
119,3699
266,787
169,2081
1959,526
2377,1674
2510,2157
1203,544
1054,3994
1816,2364
3920,2538
2236,1940
33,1406
984,2728
3267,781
427,71
428,1822
99,2210
2503,1867
2212,3176
3387,1690
328,3228
2653,773
145,2428
2248,3724
3778,3366
2467,1495
1443,3489
664,3080
3221,888
35,3687
2798,3445
2722,2494
3568,2334
3659,3430
220,2074
1380,1003
2055,3522
293,701
2041,2805
747,3946
2861,51
827,3634
3603,1345
816,1932
1905,138
226,705
120,2710
465,1434
3664,778
377,2074
2537,2744
2248,3988
3659,2763
2122,78
65,3016
3047,3514
1724,3393
2596,3414
2900,3269
3756,3017
686,3686
3334,3212
565,270
2033,2815
2615,240
1595,435
1905,737
403,2133
2173,274
3501,7
838,340
1389,771
1270,3291
1867,3606
2170,1578
477,3282
757,3646
81,3355
2386,1792
2496,1469
300,3961
2242,1409
2925,1728
3504,1057
1075,1029
3360,3808
816,521
1102,2532
66,332
2545,3491
2407,274
3846,3524
3470,617
2970,876
128,360
789,131
3426,2555
89,3304
3038,350
3002,3200
1545,1372
632,1104
515,2412
3077,756
139,370
552,2203
1664,3167
3137,3414
3002,649
1759,1243
3918,3308
3102,816
1161,2439
3465,22
3430,3616
2306,3559
544,3510
1820,1044
1409,2702
1784,691
919,3526
2755,903
2504,1583
3164,2161
3613,723
77,3590
1154,1402
1755,1839
3788,1089
1457,3062
2876,2628
1809,1982
1771,2713
1181,3542
2037,875
3571,403
966,2290
3407,1809
1591,2168
1271,3755
3169,207
1265,3002
3159,717
3638,2074
2379,3921
2435,2986
1556,614
1595,1077
3323,2824
3766,3793
1658,3002
344,352
3590,2363
747,1418
1144,2363
1658,428
3209,753
1932,856
1948,1649
17,2101
2098,2362
745,3711
63,376
2649,1966
1426,3701
1492,3586
2117,1009
3771,1211
519,2958
2567,2110
1586,969
2273,2571
1947,802
240,1183
2222,1650
1848,1117
512,2546
337,2342
2048,152
781,448
2784,1428
2969,3192
171,1883
93,3261
816,2036
3387,3055
1240,2542
2729,2259
731,3921
651,1650
1145,3662
1305,2877
3149,411
2316,2884
3809,910
594,507
720,1021
1171,309
3837,816
124,62
2847,3798
839,859
2432,774
1171,1972
3334,1777
2935,2602
1788,2607
2601,3398
1747,469
2399,127
2891,2067
214,750
1043,1329
284,1260
2507,1099
2108,1047
1287,2670
1948,2583
2492,3587
1694,3834
110,2090
2573,2304
816,361
1483,2422
3698,1032
1397,149
2209,3663
313,3124
3474,3993
3209,1252
3164,2242
3390,721
3540,1239
1183,3965
800,2787
453,3885
2089,2194
65,1963
2226,671
3997,1290
3559,1258
2647,2453
2090,3633
2106,1586
609,3469
2535,1847
947,1059
685,3459
1001,746
2616,1453
1616,2346
2773,971
3145,572
2330,1108
2982,3843
2992,3924
465,2430
3589,2438
3352,3153
2405,1930
3295,2164
48,3795
1257,60
91,2237
2324,3541
3569,724
1527,3831
2888,3975
2052,100
2078,3702
2627,816
3660,3201
1737,2286
2015,3076
1489,38
156,3002
583,2198
624,3193
1072,3002
3396,3256
1217,1136
1825,1764
2304,777
2705,2458
1788,3829
322,3682
2369,967
3089,131
2360,352
1581,3521
1167,800
1663,2374
1220,2402
2745,1053
1801,759
1063,171
1396,3893
610,2993
3672,3803
2296,3922
2887,3441
3087,1837
1765,3424
3505,1249
2638,249
2187,1403
3168,3901
3620,2889
1087,3505
663,1513
2890,3354
2009,676
3819,139
1708,3698
373,1555
1784,1227
2527,3949
2054,2710
3517,1138
1740,1558
1621,1053
1712,3297
1281,3961
570,386
2841,3317
1987,388
1669,1278
1523,3568
2214,2806
49,741
1336,2072
2857,3979
1551,118
2919,991
2909,2094
3770,3719
2232,2720
3402,3104
1221,2018
386,3705
3830,3320
2581,92
193,1400
2469,306
3493,2810
3510,3288
1521,2551
1108,756
3088,3121
1978,650
1633,691
1061,2135
646,1566
498,1734
2515,2062
3854,2075
3713,3407
1121,3468
3643,3820
1082,3114
352,2424
850,915
3799,2904
1236,1914
1162,2169
2201,3484
3041,2883
2291,940
3225,3834
2292,3019
1188,2833
22,1314
1923,343
269,3680
1755,2359
243,1921
816,86
3222,1446
805,2474
1876,327
2065,1377
3378,2075
1951,450
3813,1600
3206,816
3002,3241
3178,346
3274,2499
2378,1604
1705,3968
3999,906
245,1639
2114,36
2098,1484
981,1020
1376,3624
748,816
3306,2502
2158,3165
1970,1532
3197,996
975,1530
3282,2103
412,2749
1633,343
1264,121
1733,3257
384,923
1263,672
432,2506
3310,3742
2945,3259
565,0
2323,3785
1479,1462
3086,62
1045,2981
3919,439
2549,2102
839,3110
2109,2679
1822,1491
455,308
2300,3923
37,734
1002,1198
1207,3164
335,2563
1042,3778
3184,3882
3269,142
2178,2268
2439,2642
92,969
3198,3320
653,3109
1026,534
2570,2479
635,2130
1453,5
577,2963
1997,2692
3941,1290
3901,242
3178,783
3691,746
1156,743
3441,478
3870,2750
3208,1548
1013,2783
801,1335
1299,1599
3393,3879
546,3799
3174,1896
68,937
507,3155
3970,2817
3809,1748
2881,1697
1397,590
830,3100
1018,3796
3011,2701
2383,2235
715,2398
3451,1695
1988,3002
3214,409
2149,1041
2619,2399
2274,3464
2965,2936
722,371
3021,1539
1131,733
2628,3062
1194,683
2878,2211
2531,1986
2069,1167
2029,2193
178,220
2549,3147
3977,2332
3552,1133
596,45
3323,17
678,1808
2950,1597
213,149
1245,3623
1412,3827
3921,3728
732,3824
3085,2967
3126,643
3510,462
2301,3485
827,755
2029,1857
1828,776
3150,937
2353,1689
3825,3117
1287,3050
2451,3002
3002,3176
1361,2238
30,279
26,2986
254,474
2351,965
1077,2429
238,1689
1304,903
2400,1764
806,2633
2086,3332
1941,1201
1997,127
3713,3939
436,2046
1994,2285
2,347
327,1384
1900,404
3826,3352
1489,382
3929,697
1675,3106
497,2444
3405,1717
1671,3546
2087,1316
3539,229
598,2072
368,1543
976,1051
1709,3366
779,3643
3268,1174
1034,738
1693,3002
2558,1520
2081,1465
1191,864
3259,1553
3989,2134
3883,1997
1347,3779
3771,196
3002,1246
3437,3819
3923,2467
274,1106
3974,3409
212,2865
1494,1138
3312,2046
2874,425
3095,2951
3041,1468
2420,2589
295,3322
704,3122
3968,3714
2571,2951
1409,3556
3178,616
1410,1381
686,2956
117,1285
2180,291
3110,1067
2263,3518
1680,2505
2961,2103
2818,3632
3899,1463
2820,1455
3687,1355
1172,2253
77,2019
2983,1505
3835,1906
1220,3546
2272,3013
860,23
1438,1016
638,3979
2756,1893
168,1133
2031,2811
39,2528
1139,3857
2445,414
379,2258
3400,2217
1690,1102
2262,816
599,2279
2431,344
1201,2884
3002,823
2821,1421
3619,2282
3247,3071
1346,2275
3972,2608
775,517
3400,244
2363,2549
381,2245
3788,2244
85,2545
2396,3180
3342,1781
3005,2809
3983,3861
613,46
287,1969
1710,1281
851,2410
1069,868
2332,747
630,2748
1832,374
3081,2461
2153,3639
3224,3837
1469,2043
291,3553
1906,1048
2850,581
1122,2347
647,200
3196,3002
2027,56
377,720
3041,764
1578,875
744,2058
1203,3129
816,1382
372,3400
1194,3021
3831,3394
3541,1684
2434,2329
3952,3667
462,1778
958,1832
785,2188
2562,3234
53,494
1319,2794
3555,2802
890,2725
3352,1403
1902,3074
229,2008
3035,2593
3940,504
1828,3189
3364,2079
1298,3663
1361,3200
2844,630
3999,3858
148,1290
1529,2260
1214,3902
2840,3423
857,3002
2796,2513
3100,1091
752,3979
2372,1085
2027,3328
2336,608
927,3688
1300,2402
2142,587
3751,1910
1758,2913
222,3001
1945,684
3839,3259
2465,3843
2805,1828
3042,747
2928,2392
3797,42
2486,2039
855,2856
349,207
2922,341
1750,2443
72,2748
2675,98
3983,1396
1259,544
1309,728
3855,1966
2280,2443
2151,3172
2248,392
541,186
3514,1476
1986,2558
3716,73
570,3643
608,454
3471,916
2088,2086
2763,373
2909,3790
790,3697
1799,1082
2391,3459
2890,2711
3161,3766
2961,339
2394,2279
254,1556
1052,1565
2213,3788
1354,1688
2926,3762
2562,1849
659,2166
2470,208
3235,467
2231,194
493,3002
3938,765
3243,1977
3878,2418
1846,3520
1395,2487
2505,1665
1725,3553
830,1636
2146,2134
3351,2614
1706,1763
1860,1986
1973,3284
2043,1531
688,99
1840,1818
298,31
264,1239
2035,2712
3757,2657
2892,1032
169,1221
636,2771
449,2937
3664,308
3142,54
3548,332
2951,3720
157,2997
1536,2453
1496,3896
2773,1945
2745,117
2872,2261
898,1408
1432,3825
1612,2752
3748,1868
245,1803
1001,1828
3225,3957
1505,3687
1289,3943
1207,1005
3561,2798
2206,600
3002,610
3228,3041
2630,2361
615,3942
2415,2590
1886,3528
2264,807
3002,1560
1945,2876
1778,2939
1987,2311
3520,1281
1191,2223
2276,1008
3892,298
1894,3385
3778,3588
2140,2322
1300,2606
777,3825
19,3836
1547,823
1803,1260
1100,485
2273,2122
3928,3639
356,3287
1302,3244
2025,2588
2769,459
930,3927
2469,2836
1021,3648
2318,856
1801,2802
2315,718
3623,3430
1432,3386
1168,2564
1094,765
1224,3626
3460,3725
2049,3498
2706,2250
31,2388
1532,2764
3335,1000
3480,438
299,3179
3265,201
1275,2925
608,1388
1096,925
2754,2724
3609,3481
3392,912
3527,2129
3789,1155
53,1522
2844,3404
335,1182
2521,88
17,1161
3631,1856
3962,1797
269,303
337,1055
2364,185
1467,3096
1488,456
2727,3788
1311,589
3338,3036
2829,869
2466,2606
2151,825
23,2091
3002,3222
3959,6
3151,3739
3116,3622
3097,1715
3799,3435
1209,825
1655,1891
2949,3002
3536,3652
3938,3531
1348,2731
1356,2273
314,805
653,2817
3272,928
1870,500
3136,2207
3849,1796
1667,2055
3571,583
592,753
1533,678
900,2421
511,1286
509,2579
230,2323
611,1319
3501,2144
2358,708
3144,1336
3640,3597
688,186
2005,2465
1990,228
242,1531
3836,2734
806,2198
2384,3002
1087,2352
559,1441
3486,90
2696,2828
3410,1627
1677,2621
107,1109
3148,600
2647,2942
1962,2123
2454,1581
2955,1128
3263,3492
2760,469
2000,2076
1687,1841
398,3529
825,114
1982,1114
3279,1686
429,999
1962,2273
1913,1171
113,12
3617,958
795,548
2539,2054
2485,2284
3691,3341
3596,709
3614,149
3668,3842
1214,3350
3,2009
3384,1596
3830,2038
1206,3453
3967,2472
2132,3845
3759,545
2478,289
417,170
2935,244
3765,3413
145,479
3899,2125
94,953
1940,2380
679,1955
351,1297
3178,2583
3498,2753
1385,2868
3992,3323
865,3976
2207,3271
1907,734
844,3618
505,1931
11,1520
479,3502
3488,1287
3654,3491
3815,985
1610,3034
905,1704
1022,3215
2762,125
1759,85
1040,1448
765,446
301,2831
148,2817
3528,283
2590,2683
3567,717
3481,2457
198,603
3206,2997
2007,2143
2466,1358
901,1225
934,1318
1981,392
3973,3719
165,3076
3121,80
2106,151
3125,2016
102,511
1015,1725
1366,1214
2679,2092
2451,3548
3932,578
2146,1599
3594,3702
3128,2074
3864,364
1,3505
230,2272
273,2534
274,61
3149,373
196,1140
2287,2104
2672,420
2245,2969
3968,375
272,3904
3766,3769
146,2647
1833,2567
3216,3568
3685,2604
2629,1404
3312,46
1130,1308
1961,2082
429,2413
2437,513
1878,1815
2444,1827
1217,2450
2214,2297
1356,766
1290,3905
2759,2385
1954,2602
1505,1820
1709,2074
3886,2507
2690,3428
2082,3070
1741,3938
3464,1419
3344,2273
1646,3435
3381,207
2230,585
1730,257
174,1154
2926,3378
995,2647
433,114
1383,1427
2772,416
486,2275
1510,1268
1584,3037
3566,3430
1366,1561
374,2116
408,614
2203,1294
3608,3237
1287,266
3002,3003
1025,2999
191,111
3099,474
647,3564
948,159
2647,849
3519,1968
2900,3865
501,47
2125,759
2381,3416
2491,3327
897,1664
2900,85
1362,829
150,1283
2086,3441
2098,2651
2624,3994
2134,1963
1729,2731
2364,2621
1145,884
2108,265
3210,1214
1166,2606
2625,205
558,2205
2515,1922
1170,668
3376,471
3642,2333
1527,3338
3889,2460
1052,1459
1599,2787
2904,1608
1376,1290
225,1551
3284,1685
680,1544
3918,972
882,1763
526,3563
2629,1758
2385,337
2267,2754
2134,3719
3931,3277
3757,1589
1613,2025
563,2150
3443,3477
3748,1833
2303,1882
1965,179
777,3305
219,163
1033,3528
2017,949
2674,88
810,1735
1247,3001
71,2430
1372,3368
2087,3424
2422,3051
1259,1672
1239,2794
3234,144
2753,1189
2856,71
1249,352
770,2882
3999,999
2705,2063
1828,2415
954,1022
2935,3238
2862,1579
825,2512
467,2843
3195,53
3017,3707
1844,1187
1893,1474
1872,1151
3688,1426
2784,3219
876,224
1808,110
339,3055
1021,3739
3929,1640
2702,1400
2326,3758
2092,1035
2181,3979
2048,3444
3937,3378
454,1499
319,2034
3856,1861
1237,3322
3090,1916
2318,2189
890,1129
3782,3788
2346,468
1471,2599
2785,623
1873,3874
3359,329
199,1425
5,3745
3872,1371
823,1656
830,2375
1341,3987
857,1596
886,2128
1263,3542
1375,3668
2918,1116
562,3185
632,2502
1357,3910
687,1330
501,2671
2587,3858
3893,1934
816,2976
2177,2950
2343,3284
2647,1255
3700,3002
3807,2550
2189,1676
964,3767
2376,3052
2972,992
2955,643
3352,3728
2642,1386
3982,2095
1659,2742
1911,2832
1040,2087
693,1666
90,3979
1932,374
2112,846
990,3251
2021,2705
3002,2898
766,1300
3573,3577
1095,209
3641,3655
1004,1782
184,3644
2107,2658
1712,2796
104,3573
1364,2060
2828,1264
2224,2795
2839,2662
3649,1194
1290,1806
1482,3880
2549,1582
2511,2650
617,2015
956,1592
542,179
3866,1698
1303,3174
2427,1859
3440,2224
2180,3685
2775,1782
2722,1574
2516,390
939,2880
2199,135
2502,2307
1393,323
825,2072
1228,2121
2126,2708
1609,1179
645,188
811,931
3414,696
3299,816
3002,2531
2431,2344
3178,3533
1309,452
768,399
3498,3775
1570,1419
1966,3675
52,1976
0,2082
3077,3534
3293,966
795,200
758,963
3885,1136
2681,3774
1127,2046
3398,1524
3396,638
1635,3666
3593,1618
2545,1174
1434,142
2989,1304
3824,2189
2437,2937
2048,2056
1576,2203
3788,2031
1157,3357
3673,2592
713,1931
813,2632
343,1381
1210,87
918,976
2818,1583
3160,1917
3890,2346
3494,3157
931,1950
664,2324
261,2142
1753,3002
749,2736
349,322
3177,881
2378,2938
2343,2878
3912,342
2415,366
266,2290
753,690
633,1779
659,1889
1983,3729
3333,274
1975,2029
2224,2010
341,3793
817,1259
431,3921
2914,2735
2694,3458
3844,3155
2002,3062
3664,1907
593,3371
3353,3147
3226,2376
2793,73
3290,542
1449,3918
654,452
1195,468
612,3031
1615,1544
9,1336
3529,1258
3594,580
3399,1011
469,826
2594,1577
3887,41
2273,1860
1951,398
2013,73
877,1168
1442,2489
3107,1097
3543,310
296,2519
196,2241
3324,2657
547,2728
3095,1346
509,3746
1090,2586
79,3567
1238,767
2289,3936
939,3113
2251,1389
1226,820
3006,1492
367,1748
1110,3002
3002,3355
814,96
3477,3535
3973,1682
3369,1457
2305,1333
3198,2742
28,880
1263,2604
2641,2436
1570,1242
2539,266
3039,2174
2030,3277
3325,40
3451,759
2965,780
1806,2145
2906,2084
3366,890
1291,3627
1888,1574
1543,2230
3854,909
3788,3826
3348,222
2207,772
2992,2513
1537,321
2623,1887
2774,1834
1657,3294
3002,3464
1705,894
1768,751
1312,1345
3625,132
3802,2150
468,1443
1464,3482
1527,573
3378,3371
2081,1841
1538,3820
3516,2539
3140,3237
1386,1702
620,2980
1623,2312
2464,2397
2885,3518
2500,2441
1321,1167
2051,881
3443,3012
2140,292
2163,1112
3391,845
1128,41
3965,2351
2343,539
1564,2102
3479,3776
1214,2430
160,174
191,3742
1057,2206
1198,233
387,3192
689,2070
825,1323
291,2979
1726,1274
3127,467
2978,1716
2933,1861
3392,2705
2447,1394
3156,1772
2533,2260
2273,2664
3326,162
3476,3747
3269,1604
3191,2196
769,1524
2713,484
2001,2989
432,249
3883,2496
2409,1118
835,2791
2173,2848
3340,3674
308,340
2805,1912
910,409
3486,1293
2032,3415
2143,3007
3418,2319
2795,3752
2190,2206
3701,3443
1602,3562
2603,3134
1359,2759
2295,1316
3433,1283
540,3416
180,3504
1549,2977
3788,1831
2625,439
765,2757
1226,1656
971,2854
2809,2050
1325,3601
1447,1038
426,1420
2746,3790
622,535
926,2501
1595,50
2005,2945
2154,2899
1828,2148
151,2012
2513,3717
545,3823
3299,3895
1388,1218
1729,1302
2584,478
1957,3084
3706,2709
998,1313
1120,3910
2583,538
3704,3843
3677,3072
2404,304
634,2208
3135,3002
1814,2278
178,2918
3789,3266
430,1762
2595,579
1413,3826
3352,2237
2333,3631
3538,365
1587,3661
166,1163
1124,1786
1628,2751
278,74
2137,1766
3496,3002
1525,1944
1416,3388
445,846
3030,1828
1825,672
2061,2195
3220,2830
906,760
979,1888
2312,70
3,2307
2213,586
3499,577
1064,2327
87,2793
1048,2345
3850,3707
3788,1249
3347,239
592,3139
1533,1731
1575,566
354,3657
3926,3594
2421,3339
1184,2554
1557,875
1874,1357
1249,3598
2419,3452
3964,293
571,2824
936,1985
1854,2413
2296,1223
222,545
2656,693
1185,651
143,1149
3804,1637
206,3511
3687,2996
1918,2888
1401,1310
3086,1640
1015,2245
1383,3833
3180,892
2918,484
1140,38
2418,111
251,914
3044,832
3560,928
952,1136
115,2928
2515,3848
2052,1658
2178,1264
3801,2245
532,1116
2637,1478
2584,302
2551,2110
3514,736
2358,3921
1864,98
1894,3231
3496,3926
2490,3382
3858,1966
536,3383
2099,1586
518,2626
2792,796
1109,3086
1332,779
2700,3421
82,1311
285,1564
1928,1431
3932,3437
1761,2602
2519,310
332,485
3851,2482
2545,723
3719,679
1346,293
258,636
3002,1533
696,1489
1114,1845
1570,410
163,1033
3902,945
1290,1898
1078,1714
2253,435
347,1313
3656,1881
2956,3701
3281,3927
1192,1140
1574,3218
2182,3669
1367,2742
3751,797
3002,3272
3933,2914
1774,1241
3989,2551
2269,3002
1633,1863
3788,3588
631,3349
3332,2664
3342,3077
2542,1173
3245,1640
2362,1692
452,1039
1216,225
3934,1189
590,3102
3125,679
3352,851
2169,808
479,1156
3429,221
3858,3760
1490,1314
923,2137
2659,3991
3191,1134
3216,3786
3285,988
336,566
3841,2695
1139,2856
2335,1279
1625,2119
3591,2243
1992,2121
2393,2800
338,946
3387,2397
1756,1929
3409,997
1484,2642
3071,2670
3346,954
2464,3081
870,2022
3979,2859
3676,765
2815,2939
3002,3959
3503,2302
142,2437
1313,2941
3403,3505
1072,318
1201,3924
2806,2769
1127,950
234,744
1042,2805
1140,2927
891,796
2955,3609
3002,2752
3381,216
3845,3108
3979,3549
1011,3581
1096,921
297,1749
1620,303
3417,2814
189,3749
1735,2942
3924,2934
197,1006
3680,2195
2128,338
3797,1484
2715,920
2431,3859
3502,2695
1906,1881
3268,3578
737,189
132,2751
1081,1668
2313,1955
587,2676
3002,188
2566,364
1351,3457
1600,420
2094,345
372,560
551,3766
2578,3408
1648,202
701,655
3207,1799
2473,348
1314,10
1071,2008
3328,877
3870,523
1676,1395
2470,586
1220,1250
1557,576
977,1540
3921,2710
1022,1372
2460,1705
3108,2647
2012,3331
389,317
3567,1849
1028,622
2306,789
1510,3899
3445,3834
3167,2499
2174,554
1601,2835
461,2389
2327,2647
2957,132
1366,1444
3241,2194
3726,2722
1226,463
180,2241
3031,2881
520,1009
1822,158
3260,612
685,1098
1920,3041
2929,3247
1263,657
1987,2454
1321,1644
328,1695
3146,1915
2620,2203
2192,750
47,2867
1210,3890
2107,1762
1839,719
2832,573
990,2694
3358,216
961,3181
2009,1152
1401,3512
2095,2531
668,2273
2563,960
2905,3412
2293,1989
816,1263
2277,2904
1142,2155
130,3501
2137,3385
677,2988
3458,3770
3190,223
2511,3107
1569,1214
1609,340
2712,2865
641,3736
1414,3829
3859,504
2729,2950
1430,1797
3906,790
3542,3120
891,115
1960,263
2948,3432
1428,196
3071,3513
2007,1719
1344,223
2520,3124
1869,3153
1934,2766
857,333
2805,2655
3470,3613
1406,759
530,191
1361,3290
3672,270
3300,1391
2989,549
20,1195
3297,945
837,3927
3755,2560
70,1875
3408,966
1857,2593
970,3216
1531,3041
1870,1182
778,2689
3676,1935
1815,3786
536,1235
2232,2918
2603,3326
3376,3662
1357,1285
886,785
2452,3313
610,2113
892,632
1200,1368
2273,159
2370,3601
1495,3921
1437,1468
928,1226
1821,2512
2013,2164
2684,1966
3213,3752
3171,1435
3783,1003
3738,2306
2481,922
2204,2069
2857,3403
2743,1625
1779,1426
616,388
2569,1171
2825,2554
2011,163
111,872
1233,1823
2400,2784
2436,963
1008,2136
1961,2675
3560,1140
2361,2501
1248,3849
1193,3985
1876,2038
672,3588
722,1864
1387,1062
3214,143
1708,3920
3718,3864
3650,77
3384,265
2273,2197
3927,1773
1533,1824
3336,825
992,4
1709,1100
3006,9
2879,2943
707,945
3011,3271
3589,105
2846,3093
3677,2273
2953,2867
1016,48
1612,1694
769,2288
1885,803
934,1329
3392,3963
3341,2671
1908,3722
2723,459
3602,2737
997,957
674,563
2145,3846
485,3754
743,3067
2037,1922
3137,3729
3239,2291
1978,793
3059,3594
3271,229
1618,1510
3091,2871
1905,2012
604,1159
360,667
2171,1824
97,805
1164,3025
3381,3459
287,3245
1119,1319
2608,2402
371,270
2025,2990
2991,3805
3425,2617
152,1771
1911,3402
3556,517
2193,3239
260,3128
964,675
1403,1055
625,1614
2775,227
2264,459
224,3281
3264,2060
2528,3448
3255,1408
3137,2545
2805,2124
3274,1357
842,2879
3205,682
898,2041
1862,702
350,1687
2934,2337
214,3505
2406,61
986,1851
1368,654
3600,1303
3740,2225
912,2699
3102,3873
2076,3111
824,1607
1252,767
2904,2879
3362,1113
3595,2630
747,3183
3777,737
1434,1401
1148,3592
3057,795
936,3240
426,1130
2756,3724
2483,1320
979,1456
1770,1901
2985,3218
3068,2811
518,2749
1605,2313
2306,317
1389,1975
3160,145
3002,3013
1845,184
2130,2273
3650,1298
2981,3237
3723,326
83,1853
2229,3188
3817,1783
2239,3411
497,2992
625,3270
3359,2444
2606,1638
2424,2549
3416,945
2645,1681
446,1662
3261,3493
3900,1590
1880,357
3047,3002
1388,223
3367,2403
825,2305
3894,1092
3567,1916
1859,460
2140,647
1291,3825
3255,1007
3173,1268
1441,874
642,2841
3185,2834
477,2615
2587,259
2377,3397
3741,3544
1436,3707
1468,1216
3050,2912
3595,2985
1123,568
2153,2124
1936,2141
3539,1761
1188,1284
3979,2054
2644,1050
3293,3535
1871,2209
3363,2132
3611,2337
1257,1952
1216,802
2136,754
2369,902
1177,2
3002,3418
3847,109
3636,3568
3825,3710
2548,91
2240,2509
2255,3620
1258,833
1486,1900
2020,210
1571,2142
2640,562
2963,886
3962,514
1324,536
3552,744
3896,3332
812,1698
2863,3211
570,878
1690,1492
2368,3002
1921,1852
74,2002
1095,3386
3285,631
1637,2287
456,3821
2813,2229
3900,3491
1872,3818
1401,1713
815,2861
3164,2976
2246,3002
1018,1369
997,2794
707,3035
3444,1251
1984,183
1153,955
754,1576
53,1732
1558,3689
205,3797
3007,1996
2984,103
1158,3902
103,3066
3077,525
35,488
2971,585
1148,3002
1677,1569
2170,3930
2472,441
105,541
1785,2477
3196,1788
3375,3143
1585,2690
385,3431
32,3178
3506,942
820,660
3540,72
2257,3735
703,2939
683,2109
42,1059
1725,3300
3333,2049
3336,118
3638,173
2692,567
3963,544
1301,1681
1056,69
3733,3160
2061,3112
997,3909
1472,174
2324,2576
2009,3094
2691,677
2630,962
292,3730
2461,1880
848,3203
1121,1190
3146,3774
161,3305
3973,1823
1435,1228
1244,965
3260,3704
2894,2105
604,351
1912,3190
3526,1127
957,1268
2604,2221
76,977
942,1139
1466,490
3080,685
1070,1172
2623,540
2112,24
173,605
1711,305
2506,1262
1051,2663
3739,862
3119,1250
3412,2404
3673,3986
1081,1447
508,215
431,3553
811,3050
399,3157
3002,2512
673,3645
2152,1766
1796,1931
933,1256
2873,2813
2241,3974
2439,2330
3280,3878
1205,2973
918,3669
2033,3459
1922,1033
3078,1966
1169,3679
742,1719
3036,92
192,693
1954,101
2356,3378
2010,3565
708,2684
1987,2937
1336,2698
211,1128
3103,3135
2387,726
1080,1010
2465,2888
2536,2038
1647,1027
994,1331
1564,1896
164,1047
1723,3954
3709,2058
3089,3460
3255,320
3591,804
391,453
1452,639
1288,3766
2231,1016
1725,808
2282,811
2533,1122
3292,809
2223,2021
642,3549
2626,2176
1766,1785
3256,1245
92,2174
3919,3380
3412,3723
193,1917
3945,2403
1587,298
475,983
451,2855
1765,653
3090,1947
1509,901
3832,1292
1312,2880
1218,2518
276,2790
2843,1924
3244,318
1761,2734
955,2226
2739,1750
339,2216
3075,2350
1375,144
144,966
3948,1588
2702,1623
1336,1665
2219,2036
1274,2952
2984,3409
2876,1593
525,1769
2422,2864
1966,1200
3055,245
3151,521
3410,586
2906,3913
256,1276
3749,125
882,2831
148,1863
1757,3370
2545,2688
2694,2570
1667,1310
190,423
3140,2660
3826,2167
34,285
236,1034
1214,3303
1345,2396
3837,508
3234,1798
2831,3953
1095,1563
3572,1567
2167,506
2362,3882
846,3780
3298,230
2565,955
1129,2614
1261,1172
2781,620
2693,1906
2480,2924
3540,2023
1717,2485
2061,3985
2589,2594
412,3100
772,858
2309,3795
1156,928
3233,2617
755,1609
3155,766
328,2288
761,1351
1124,1360
243,60
3254,2847
1039,2594
1221,3693
816,3228
3596,3872
1300,2215
64,278
425,1887
2642,1510
3955,2661
1095,2425
323,3372
802,2940
1191,2475
3468,2485
1178,3356
473,1486
1015,3316
3915,2530
1988,415
1195,2409
3196,233
1208,807
3367,2116
2858,3170
3757,725
3141,1338
2792,747
534,2017
2596,3109
2273,2550
832,989
1033,2149
2039,2741
2568,3615
597,1638
3760,3814
315,3378
3724,1674
1374,671
997,2764
3037,75
230,3485
550,3228
1800,1733
397,2240
460,3002
3365,1387
2494,2287
1826,185
2555,600
400,1850
1724,2249
2339,116
2319,205
74,1822
3646,1236
806,1695
1241,3128
787,3226
788,2880
1786,2520
2692,2658
3329,2612
650,3737
2366,3378
322,2746
167,1842
3560,1234
1503,1386
407,306
615,154
1285,2892
2652,347
1766,239
353,1965
1070,647
716,1793
2367,816
980,2532
1158,3291
945,1615
1015,747
334,1152
2138,3505
3192,3403
1436,3203
766,2437
1333,313
1370,2339
1263,2996
681,1785
411,223
345,2199
2813,1073
3002,3405
1838,1666
2536,3588
3883,395
3726,3093
2553,1546
2387,3262
3352,1300
1463,647
2693,3686
2674,1057
440,2873
1487,2897
2568,3120
1453,151
2380,1439
2585,3249
2031,370
330,3030
1391,927
1131,595
3744,1689
3926,2802
581,3438
2073,874
1091,3195
2972,1914
2266,3801
3174,564
3162,978
2731,2680
2302,3112
1989,3529
2102,2675
1165,1522
125,801
1975,3670
3888,2367
2570,3638
1252,3180
3591,1316
2273,2326
559,3288
3837,316
3744,860
2146,200
2133,2315
2286,2515
3002,2808
1163,996
694,2423
129,2959
1086,1539
3503,2975
760,3911
2762,790
1487,2607
2765,844
751,674
1880,65
1644,1456
739,1877
2498,288
203,1440
1441,2620
2505,396
107,1418
700,2184
948,1890
3002,87
1987,3839
1342,97
2850,3569
3692,112
2546,1912
2042,3544
1818,3439
925,2551
44,1770
1982,816
2634,2201
1484,3653
1671,3250
3328,1338
2575,192
3308,2952
2153,2051
1588,2924
2116,1910
2896,2070
3925,1486
3522,2650
3972,408
3167,3332
1815,3317
430,2564
1895,191
2583,1597
2515,1171
722,1163
3002,93
2589,1089
3386,1855
1263,1046
2310,1491
2767,3794
1603,366
2153,1474
263,3387
2305,1349
1789,2003
218,2279
307,2024
1319,3236
2805,2050
153,3689
748,1932
1285,3421
216,538
285,3713
1773,1432
3066,2252
3397,3240
2105,183
2340,940
2949,3787
2838,3223
2488,1534
3212,2893
1504,1508
2894,720
1376,805
3647,701
3366,3188
1796,2433
371,2175
1350,209
1525,2074
3758,919
3788,2636
2186,3224
2931,1371
750,2445
552,2386
3828,3217
998,1984
3616,1701
1662,3203
2057,2524
1330,1891
2716,2953
3921,3475
1103,774
3813,3788
78,2949
1654,312
1527,3615
985,1828
2441,2837
3415,1563
2355,1833
2675,1365
3385,714
1317,3481
622,2438
100,945
1080,2488
2943,2759
759,2348
1262,3388
1443,854
1787,597
2854,1304
34,305
223,1462
3532,2782
1266,337
1040,3273
2613,1618
2628,2254
3706,524
3658,1247
2871,2060
1169,3163
2275,1043
149,3577
1416,91
2071,2827
1964,418
195,3662
1731,3694
2539,1958
3570,2421
197,406
3497,1819
1635,1896
2475,3450
1253,3764
2789,2028
2738,613
1722,2895
1594,944
366,3729
1418,3573
2382,3282
675,3014
816,19
3246,1162
3760,1052
3708,2129
935,3914
1960,2485
1307,2089
2384,765
3456,597
3908,370
2958,15
38,2115
1504,871
2478,3922
3174,3525
785,1004
2892,3358
13,3556
3774,3142
2933,278
3047,1136
2283,2320
2427,314
3617,1555
749,1501
1616,1068
1219,3735
1250,1645
1036,2140
3726,539
1353,1456
1209,2898
1813,2996
1941,3542
3063,1473
3786,1547
3598,3139
1339,2639
3224,2634
351,3318
747,2108
2678,3644
1733,3637
2522,1203
2609,1832
143,1375
3243,1542
471,1209
3661,1032
982,1437
3716,1307
2070,2495
3344,270
2597,480
1297,3792
233,721
2365,3684
127,2656
1569,10
1628,1227
300,1913
2773,3859
1413,868
3983,3923
502,1335
485,3460
1697,531
2165,998
3808,2116
1189,2236
45,369
3427,857
360,3749
3268,511
91,417
3420,857
2156,1446
757,2619
2747,3301
3045,2408
3280,2988
1961,1916
3641,1495
25,2342
420,976
2157,3825
362,3762
1286,1980
1417,1804
536,1212
876,3916
2631,1266
3434,2639
3884,1371
3383,3734
2970,2428
2545,2678
340,2367
1248,3593
1460,3147
262,3564
2928,787
1704,2220
3498,1742
3002,840
3330,602
199,2118
1894,1372
3442,1931
221,1790
3331,1764
2642,1855
2824,3015
140,2446
15,1472
3779,324
3433,2162
1797,3051
391,3129
3915,3189
560,1130
1783,3365
1987,2619
102,3343
3682,3594
1530,3787
3213,2044
655,955
3079,539
2805,3062
3317,3933
288,2752
2761,1561
2602,1473
1535,3070
3829,2608
1045,3902
422,2394
2003,3454
2484,1107
267,1471
3238,3399
3742,1962
3242,1267
2758,2918
3649,3655
1842,2920
2638,690
202,3521
1185,1979
1471,1542
2137,2732
3555,3341
1839,2779
3095,2406
823,74
1779,3599
2639,835
3357,356
2575,3867
2803,1800
1111,3447
2064,1657
3319,1808
3558,1777
3228,3379
2388,2602
1074,1364
3148,2761
2576,2229
2578,2923
2357,1832
1528,1799
3256,3849
3538,2665
2608,522
780,3903
2313,535
391,28
3352,2394
1743,397
174,2692
1614,2429
1085,3321
1898,3171
1002,2191
2711,2287
689,946
1592,3259
2842,1481
2365,3379
486,3727
1278,3598
3581,1488
2006,644
2611,84
1882,3888
3716,691
3143,3217
1680,1409
1754,2067
161,3233
934,1617
2471,25
3111,3320
3041,1362
3171,173
533,3062
2148,3101
98,861
1317,593
2720,1204
1369,283
448,1354
2607,3952
491,2929
2376,3778
2978,3577
3208,1242
131,1327
2228,2193
3391,3806
1897,1244
1919,3026
2335,158
543,2714
3364,884
808,580
1627,3770
3056,3537
3020,1214
1318,987
2071,394
3059,3758
3013,3113
378,821
2222,3529
1083,795
1429,342
1151,1394
140,3101
1517,3343
816,977
1674,3868
2294,3661
858,879
3132,3231
950,3838
3279,3979
1679,3438
1515,1904
1004,604
1868,2469
1030,816
1670,3979
2264,2063
1927,2838
3052,1952
16,825
2089,2553
1923,3922
3341,3699
1209,513
2056,1079
3505,2522
3529,1654
734,3511
3628,3182
2425,348
862,1894
2859,1212
958,3652
1741,2643
3345,503
3139,1318
2503,3900
2341,670
3498,3649
336,1530
2264,1076
3813,1367
1759,168
58,2970
2074,2457
1618,3314
341,405
3266,3635
3945,2616
3726,1046
1801,2155
2583,321
1716,2956
3288,2195
2154,1998
3655,2939
975,3925
2417,672
2084,2704
1219,2405
2666,1024
2225,2335
1125,3829
2492,711
435,3848
3446,2589
1414,79
2225,1966
3392,2317
1793,2995
3672,2635
2704,383
1332,1361
1828,2720
1828,831
980,908
2259,2534
171,1218
1029,2407
3521,385
3040,1465
1432,78
232,764
650,2267
3757,1311
1525,2076
1559,3251
3346,1711
2980,3468
3400,3029
95,2577
1710,1683
3851,159
2050,1005
3979,1551
1003,2668
3582,136
332,894
3498,3959
1389,180
3476,1908
3144,3870
1493,1958
3307,3788
105,3876
336,2134
819,2603
560,2596
2906,2497
342,507
3612,3306
1735,3706
1970,1365
772,1679
1984,2821
1680,2565
45,3678
2509,1030
1649,2986
1097,231
2372,1013
982,2273
2459,2648
2825,3278
1687,284
2927,2232
514,3345
3080,961
3054,1678
2286,255
2118,3012
2743,2725
1074,1459
3017,1265
867,2791
1187,2777
1655,3606
2270,3141
1284,3545
2571,3178
3619,1227
3053,2507
3476,2832
907,3493
997,369
2480,2215
3647,3125
1371,3678
1008,3194
2717,2099
931,1003
1454,2380
218,1726
2172,3817
2272,3257
1238,1009
2144,3742
3715,816
3914,911
3150,2812
5,2473
892,1025
1943,3088
3850,2626
3211,2580
3439,2314
3022,2971
2812,2512
3675,3023
963,1094
1444,1211
2641,2721
1142,3635
3897,264
2000,1017
2783,3267
2903,1203
2335,1780
2997,1707
242,2834
3002,3493
1890,345
2163,3786
2658,769
883,3183
3016,265
1660,2011
1360,1935
3865,2371
2411,2561
1008,279
1959,1446
2383,3162
451,602
1814,2700
137,44
1269,1233
1913,2001
3061,2153
2212,2660
610,2867
2503,2389
1140,3456
2041,3576
1787,3844
3500,2349
1348,770
0,558
375,2335
2570,1994
1634,863
2233,3982
3834,1017
2789,2442
3002,2055
1176,2039
973,2220
2852,398
3858,1185
1501,519
2401,3753
2573,1242
395,2834
2262,2340
3002,2532
537,2755
3513,1594
2009,2418
3301,1708
3670,816
347,2855
3875,1233
2493,2254
3005,2066
722,1586
2255,424
3317,479
3178,1847
1831,59
975,2940
1013,1461
167,3028
24,1031
2982,1937
3483,2617
42,2100
1590,3626
880,1624
723,622
1289,735
1871,2574
1559,3232
2395,583
1709,58
445,1691
1859,93
3520,2204
2983,3508
1755,3418
3260,1521
1915,1193
3598,2482
3461,1727
1517,1843
1465,1498
632,3525
2295,1145
1007,2889
3262,2091
23,3021
1512,3536
2680,1939
1771,1707
1326,880
3002,984
2910,169
960,609
2609,2191
1066,840
1459,1721
3879,3447
1816,537
1524,3655
2562,447
1899,127
2258,1769
863,502
2529,358
3530,995
828,2071
866,887
1882,1476
3641,359
242,3020
3705,3167
1628,1392
3453,2895
195,2508
2309,494
821,548
2273,3115
1295,568
2865,2273
1672,130
3844,3731
632,1334
127,3315
1156,217
1835,2437
2031,1262
2891,466
3570,816
1125,1836
3272,882
1101,1983
1699,3043
558,290
1922,2426
3825,3104
684,2273
3164,1602
3249,1671
1622,1156
2173,154
1828,2508
3394,258
3909,1897
1067,2483
2382,783
375,2035
2085,33
289,207
1553,2243
1313,2233
2948,3351
1723,2122
1762,567
3557,2446
1811,212
3461,1438
555,1028
3120,3274
2124,1567
1701,2263
1024,1166
2999,3728
2689,3728
1191,2724
2612,1023
2217,1733
2381,1202
2576,918
3890,2199
2674,318
176,960
3000,2093
1519,3595
1063,3253
1781,2187
1790,1219
1360,2122
1641,549
2385,2953
3992,753
1071,424
363,429
549,1107
2988,1852
2281,1222
857,1020
757,3530
3069,1992
1608,3762
1520,3343
2028,2334
3131,1106
2774,3275
2088,2487
2187,1427
3934,986
286,1215
1938,878
3259,400
2725,3449
3279,2826
798,3455
2168,3651
2116,3964
2648,1436
1415,2744
2872,1040
240,2278
3436,1828
694,2592
437,3279
1580,300
3728,3585
3508,2442
2519,3920
942,1187
1055,2764
816,2708
1993,2627
168,1345
3174,2343
2369,3207
3692,1732
1135,548
3929,2553
1737,2642
312,1342
596,1774
2299,2594
2387,1155
1949,1554
3548,1661
1134,3050
2545,1356
2561,3469
868,555
3193,2611
1340,742
143,1360
1880,2137
3140,2646
3778,2509
2919,953
2386,110
996,322
2441,2247
1693,2812
444,2475
1718,250
359,344
1156,1573
3065,885
2798,177
2211,1617
1841,2447
1877,1337
2698,2739
1019,2575
1069,1611
3000,3907
475,1487
2399,1075
2945,3783
563,1961
3403,3616
1732,3015
282,3492
1434,16
1897,309
3745,1655
1772,922
1624,3694
3665,3323
2635,72
644,2179
1751,304
2971,2147
2197,1423
3598,2501
3351,3002
1901,664
1590,3740
827,1035
1308,604
3607,3886
422,1666
807,3002
1890,2080
2877,2654
1853,838
2644,2932
521,736
8,1140
1758,3002
2326,352
3688,1137
3512,2338
724,2141
2614,3412
3616,1381
1696,3129
3130,322
486,2179
720,2948
817,3368
747,3479
3379,3395
2837,1497
3093,2218
274,3086
2917,1277
2424,3357
2471,816
3241,1002
2889,1333
3263,1966
2976,3049
2685,1138
688,3290
1682,690
2271,504
828,2965
42,3944
1243,2967
3998,2583
711,3908
731,3967
815,686
3210,3939
3296,2939
1049,54
2662,3429
3296,302
2290,3423
1546,2519
1742,1368
917,729
1361,1596
428,1526
869,1928
3324,3819
3621,3667
523,2815
2718,3582
1048,182
1230,2018
3882,3975
3082,2814
295,1978
3170,84
1384,3645
1560,1686
3463,2125
1277,872
3014,1960
1762,369
2040,55
3062,1094
1303,2998
3794,310
3676,207
2548,2542
1300,3002
1929,702
1398,2882
941,2907
389,690
2313,7
3917,1858
1727,2605
50,1512
1828,1742
1760,2862
1261,725
2212,1758
123,3360
3140,2266
3115,1784
548,3007
3880,3315
23,97
1865,2074
3286,989
2064,1230
1718,3543
554,612
3843,3861
1166,2605
1069,1608
1146,2552
2659,2088
1071,3780
3166,1824
2273,512
1629,2620
322,1281
1780,3058
2409,2998
518,3119
338,1395
1658,1213
473,2669
1059,1584
855,1793
1520,413
1651,2383
1871,3508
2636,2989
3814,3507
3220,2618
2964,2773
3453,166
1405,2456
3463,3509
2310,2890
1564,3364
589,2892
2109,2647
2671,1892
14,618
794,3953
2856,1130
929,2352
3124,2697
3426,1862
3194,3115
841,1056
2141,1675
619,3206
3004,69
673,335
598,2125
2282,543
3772,1445
34,1315
433,458
1180,3479
805,1893
938,658
3236,324
1328,3890
123,2261
1098,2910
719,1942
225,1131
1615,277
2548,2822
334,1403
1156,699
1279,1174
483,1967
2785,3394
1740,1142
2744,1791
3708,2351
1458,1225
418,421
3260,773
561,2376
39,3158
2175,1892
1093,1783
2009,2104
422,3159
527,2457
3766,2515
2613,1720
2585,2068
3530,2251
1998,2328
1417,3872
1658,1161
3034,694
2202,1848
2477,1132
3957,577
3940,3739
537,2806
1376,468
1966,1582
449,179
3848,3233
358,797
2585,705
3693,3773
2556,794
1906,2495
3150,2389
998,2926
3499,3425
3161,824
374,2272
3005,3192
1421,2685
1353,1214
2398,1476
2592,2198
106,1509
404,126
381,2519
3595,816
151,1880
2979,2147
3391,937
3692,3466
2580,2978
155,455
3602,2360
1315,2088
320,37
2582,3281
1949,900
3363,268
3283,621
3796,3518
2953,3083
30,2225
1745,1147
1736,2081
3637,3247
1204,2480
274,1562
798,1302
494,911
1720,2057
1402,2893
3284,1904
2994,3107
3791,1449
3532,56
2395,1407
1269,888
652,1846
1732,2908
2258,3854
3629,662
669,1572
2485,2493
3185,303
1824,3002
816,3825
250,2498
3340,976
1378,2878
3002,1102
2576,2966
3850,1168
812,169
486,1461
3470,453
808,814
496,2830
3073,887
1416,3937
899,3671
2734,899
2549,2788
2463,59
841,330
1827,3245
480,1865
3020,709
3022,1018
1812,2159
2284,1327
2388,3074
1491,740
510,2853
3751,3916
3489,770
3716,1361
2276,3678
1951,1720
2889,2726
909,1651
1432,1207
730,2446
2541,1668
2301,1615
956,2158
714,761
2216,3578
3340,1651
210,3352
3784,2679
1675,1171
1697,831
2826,37
3505,219
3197,765
3881,1838
3347,1949
1379,3921
997,1188
3750,956
1143,3250
3966,387
2515,2443
1413,3168
3239,921
2751,286
2570,1901
3089,2256
1433,2941
582,1939
2006,2383
1168,3079
3652,307
1533,1441
47,3375
2976,252
1686,2903
1605,1294
2140,3558
952,2840
741,3057
2427,867
3191,1017
1850,1071
1116,1682
2526,1049
1323,2140
1049,1776
3050,75
992,914
1884,3064
473,411
2637,2348
147,2713
326,2369
164,3907
1883,762
3127,3698
2035,3788
1315,2746
1727,1440
1550,1767
2694,2374
983,292
804,2336
3629,3880
2390,3561
808,1
1367,3781
3135,715
2703,2312
676,1976
1539,3550
3578,1804
2414,1966
455,1847
3993,3496
1704,2327
2806,2442
713,1455
1548,2479
1317,2697
434,3383
1669,3465
25,261
1992,1887
1541,578
997,2609
285,2351
1950,825
3159,2156
2480,3829
654,330
2877,3565
1258,3627
98,3869
1640,3401
3637,689
3841,174
2263,3981
3665,3309
2224,3008
2634,1431
442,3995
1450,3061
589,241
1729,917
1895,444
415,2612
1355,1378
2575,1510
548,2709
8,3875
2123,1738
2533,3736
1435,290
98,688
1094,3347
3119,1595
2445,952
859,112
3022,3898
3434,2947
1739,3223
1638,312
2167,859
1149,1454
380,3650
1075,3103
2666,930
1721,3213
847,1534
3591,2772
1142,3350
3981,3174
2523,2604
2327,3192
2056,393
1105,3320
3989,1006
3215,1654
1400,2236
2827,3368
2975,122
2365,428
603,3955
997,3000
3422,1192
1038,2799
1450,1800
3504,776
1858,2788
3515,2353
3002,2515
3059,1308
1001,3372
740,808
2752,1040
2656,815
3610,3634
1010,3049
1502,1558
551,355
2881,645
175,1667
2133,3950
185,680
1828,1088
223,3307
56,962
404,904
1627,3725
3289,3118
3471,2566
3427,3801
2278,1156
2074,2522
1334,2183
929,3002
443,3592
3292,779
1571,3202
1820,877
2724,2577
2475,1937
1795,3295
489,3509
1849,3958
1493,1459
456,3068
2758,1694
1379,3927
1150,1372
3610,314
2716,189
588,1023
153,541
3068,816
3428,1440
3166,3584
3287,680
1302,1738
1601,141
3954,120
689,2788
2370,1255
2293,1469
3825,2423
3941,2164
1801,2936
1748,2797
1158,139
676,2065
862,3156
2004,3939
3981,1501
583,3505
416,3799
2047,3251
1613,3175
3461,1612
180,1434
2314,3120
2579,3115
2181,576
1477,2456
1980,1588
1245,2360
3064,1721
1665,2709
2923,1379
2455,1112
263,2746
1634,2241
2693,2963
3046,765
3290,3283
3384,3563
805,284
2926,786
3219,2954
3077,983
3066,2212
217,3252
235,2602
112,3304
319,137
3607,2190
612,3246
3768,988
718,601
343,1401
520,825
1821,2376
859,3186
816,1973
1492,3891
2704,980
1652,2719
353,3466
134,3509
2886,946
236,1007
3870,2230
2919,3829
1060,464
2515,2059
2911,1514
463,1131
3791,3835
782,824
732,165
1670,2271
661,3455
1990,1243
55,2682
1841,2428
3159,1
2904,2346
1945,2039
2732,3146
1697,3031
3040,3328
410,1966
799,207
1105,3166
272,3914
3607,456
2854,2065
1814,209
1198,3336
764,3011
3476,2933
204,6
572,3382
3559,4
3477,3802
630,775
3686,965
1762,782
2036,1561
488,297
645,1734
3195,2426
3192,24
1604,68
1625,2959
1202,569
3517,3979
560,1938
2975,1562
3316,704
519,83
2711,1243
2009,3861
360,3421
435,1998
1039,724
1591,1862
2106,2421
1568,3228
1513,2150
2119,1144
1234,246
3886,2535
3552,1900
3131,3907
3402,3802
877,3860
7,3928
3266,3038
3603,2523
949,1261
2263,1397
380,1056
3500,3918
3451,3342
1292,2538
2011,2944
3487,2234
3153,273
3834,2515
650,880
639,3498
1236,988
2159,1873
183,2409
311,3419
1058,1780
3356,2966
1234,386
1977,3711
2298,1679
1550,1050
2189,1552
3311,1320
982,2484
3455,2615
570,3442
2348,974
3587,1518
1856,1623
336,148
882,1872
3835,1914
776,1838
3521,3868
3951,3129
3302,514
3634,1656
3541,670
2214,2506
201,3901
692,228
3693,3248
87,453
3543,1422
2050,2266
792,3002
1757,2273
1902,2279
2688,3574
349,1021
2733,1079
2105,3956
1364,3810
122,2419
3805,1622
3458,1322
1712,40
1444,1185
2229,2582
913,2894
2131,1987
2320,2626
3949,3374
1065,3395
1828,860
3106,3002
3264,2417
987,3002
1501,3703
1802,765
263,2906
2886,927
3917,3460
3287,1189
2034,2541
1119,833
1229,2816
1006,569
854,990
610,1562
2980,3173
3557,1333
2161,3812
3590,333
423,1159
227,2857
2308,1558
13,941
1041,3264
3828,3374
1929,281
3943,1156
3418,997
3717,2670
32,489
3763,2507
405,308
1817,484
3475,649
1512,3008
2895,2280
1215,2659
125,3792
2537,1570
3367,1843
2213,1512
2359,201
3860,2485
2458,2223
3828,2678
3410,3753
72,2273
754,2190
1352,225
1282,2271
1089,608
271,2381
1559,116
3718,2812
3537,3962
2229,3516
1556,2772
1214,3294
2216,2660
1170,452
2329,157
3450,3623
1482,1000
3707,3391
2004,632
1414,1059
2709,747
602,924
1541,1953
405,76
3006,3964
2777,3683
3951,2754
1565,3174
598,1808
884,1875
1878,3377
3073,3002
2996,605
569,1999
1768,3633
1363,2145
1903,429
2983,647
287,3793
3186,3979
1116,1557
598,613
1626,566
1818,3642
1545,3989
577,1668
480,1111
1739,3442
973,3884
3961,1682
1889,2470
3458,2602
223,557
3002,3050
274,3575
3449,2106
1361,3100
171,1724
1891,2325
2281,2079
3443,951
1769,2602
3933,1669
2342,2277
3721,576
288,2437
1775,2874
3830,1113
3743,551
524,3632
2242,580
3339,2221
153,146
2808,611
3396,32
2260,854
1010,2424
181,249
2444,235
2438,2450
3370,84
3473,1036
3253,3639
2358,10
3026,995
3380,1169
2194,2456
967,3186
3665,2309
25,726
2521,2176
2528,1822
2440,755
515,2882
1911,591
3230,2456
2478,1016
398,483
1384,3015
100,1363
480,1564
1431,3052
2002,1479
3273,990
3484,1483
2810,1411
1753,2474
3997,2182
245,301
1200,3211
2347,3950
724,3794
514,384
1638,3174
107,1237
2756,2215
1753,3082
3406,3302
3604,3293
1268,2681
1417,3554
2133,483
853,2472
3677,462
1320,3052
3910,2189
2097,3438
597,1051
3744,2244
1250,1439
2320,870
2967,1110
300,1084
1714,2863
647,3440
260,937
1864,1295
3516,3956
878,1987
1919,1961
3677,957
136,2876
2205,1816
246,3351
3752,1754
3683,3204
2907,2158
586,1133
1213,2903
3701,2189
498,2772
2303,3550
509,1392
2134,1763
3788,442
2457,2449
1007,2649
1144,2868
849,3155
599,120
1372,3297
3840,1291
1044,3900
1075,1719
151,3277
2073,361
3664,2630
3995,2737
2357,182
3923,2535
410,583
1351,3758
258,897
2000,2578
825,1690
1503,2718
368,52
3563,640
3023,1411
3467,2952
2540,3541
2064,100
2595,3610
3847,1707
1159,2354
3921,920
3731,834
1549,3207
947,1616
308,3209
1073,1933
1187,2329
1827,2846
2781,1417
1840,2913
3834,659
3538,978
1326,3824
565,1175
1523,1251
663,726
827,2572
1701,3827
5,1722
537,530
2523,3361
1279,1324
317,60
2916,1137
3179,1886
1939,3224
2403,152
1543,3288
774,2410
3880,1352
1485,2937
151,1982
321,716
3765,3946
3581,3530
3851,3805
2205,3373
889,27
1930,2829
1408,457
540,3018
770,3863
2695,1365
854,3743
2896,3346
655,359
2581,2901
1720,2615
2419,407
3174,3189
2754,2919
1519,2244
1712,3904
3687,866
2611,528
818,2594
99,308
2031,1933
3830,3002
3431,506
2187,1308
1934,2613
2316,43
3152,2490
816,3982
1406,438
3660,2124
100,2246
1987,2661
3322,381
1723,3845
3612,1430
1603,533
1792,3995
3402,2746
369,2277
3574,3858
559,2397
1135,2991
2437,281
2419,2376
676,1481
1255,2326
311,3648
3566,2673
3126,2189
2332,2568
2491,2721
735,669
2555,2820
2477,1553
1701,1597
2286,1685
1758,951
617,1930
2090,2036
904,1823
1092,3225
907,1743
2194,231
18,1276
2700,2651
777,3376
2823,796
2140,1162
3192,3214
2712,3216
2624,232
3656,1419
3561,2527
771,1853
545,141
2015,663
3353,3002
630,2378
3519,1762
1043,2868
1501,3001
3914,787
2252,1883
626,2525
41,1813
660,1757
847,3883
3734,2489
2944,1423
1952,1762
845,2408
2297,1908
2753,2851
2509,930
1546,697
2750,2489
2623,864
1316,279
3494,2496
2335,2077
3711,3638
151,2893
936,2335
2818,2872
1748,694
3133,2398
773,303
701,1306
99,1156
2650,3308
3488,2048
3450,2284
1880,1055
3183,2677
1424,1747
2350,301
1911,2645
1201,2543
3124,1852
316,222
1911,1979
959,2760
905,874
3313,2584
3378,1703
3960,3656
3315,2946
947,2641
3169,3468
1027,3389
3377,3512
1099,3970
3453,3190
3312,303
3245,2074
3562,379
1214,2624
3501,2116
3184,2499
3097,3192
2473,1118
3948,1004
2082,1119
1678,2953
2955,1054
2570,2596
3767,677
2096,312
1305,106
3795,1287
2762,3722
2009,2748
3315,568
224,2189
2757,3390
529,703
1019,798
3843,1578
1011,677
2500,3901
1493,3126
3084,3897
3715,2657
415,2200
3941,682
250,773
822,2218
1217,402
2878,3580
1047,2536
3871,3931
1593,2460
2930,1000
3618,873
3483,493
1830,213
1159,3811
3002,2037
938,2292
3764,1633
2913,388
538,2486
1020,783
594,1357
416,1957
11,2018
126,44
695,2462
3372,1538
2300,1547
87,784
2416,1361
154,3841
3792,1880
2768,1925
1672,3926
3630,171
2454,2048
2328,3950
3027,1834
2273,3317
3710,712
2986,3418
13,1830
3123,3258
3741,443
331,3708
82,1269
2951,1336
3055,3100
2797,980
3702,1572
3507,2345
873,1173
2505,3954
2799,18
535,3118
156,1246
1141,2123
1828,1275
3746,2398
2887,1954
3758,1996
2119,1022
861,1214
3383,1404
3060,1983
3986,2965
1500,1894
1274,1953
3857,939
1630,1296
2682,1598
3174,867
987,1945
2577,961
1939,3005
599,3418
504,1034
3763,3916
1085,30
3365,937
3416,813
2249,1619
3002,2500
2199,3324
2938,1452
2230,3259
1282,848
2096,3613
1087,1653
3462,3527
3815,1300
170,2667
1296,769
1961,609
1237,121
829,447
342,3009
3491,818
690,611
2732,3388
1433,3881
1420,2434
2485,1454
3229,3133
3864,3422
3210,759
3182,3768
3753,733
435,2334
892,791
2771,3932
2209,2180
2570,3145
552,1232
825,3651
69,3193
668,3244
3671,1166
858,2786
1140,2298
1500,3462
3843,1178
295,2883
883,3425
2628,3489
1231,1817
2288,2006
3877,3092
3275,1221
1042,2667
818,2893
2254,2811
3178,571
1396,3891
3288,3657
3594,26
891,1215
3664,782
3376,1828
3866,1755
1828,2957
3137,3192
1610,1214
922,2588
3712,3881
3725,3999
3998,867
236,2385
3852,445
178,2744
631,505
2086,2485
2336,3443
1828,3227
1247,1805
3319,2257
1080,2150
1259,133
1514,1639
319,2331
2165,2519
1262,2571
243,3506
2663,3139
1822,3002
575,2625
2961,2801
3663,177
2609,1560
422,3904
3885,968
837,518
1669,2273
2661,1756
1937,1143
656,742
3024,326
1980,2210
65,3448
2778,2805
3081,3903
587,3645
2206,492
2913,1630
3002,3570
2202,2707
1774,3667
2129,2410
2333,3535
3670,2114
3459,923
763,3511
3853,1422
495,968
1667,3002
808,2638
2567,1985
2285,763
1193,3107
816,3954
1993,3051
3392,3330
2463,1608
3880,2321
2303,296
2999,66
3446,2841
2770,2096
1791,1694
3082,564
1500,2041
126,2332
1641,1876
2455,1452
2153,2910
2811,799
2217,2126
3313,2749
2135,1425
584,415
3821,2770
2622,2763
852,3758
513,1108
2984,2859
2219,1147
2435,2799
3812,261
3061,3795
2639,2042
2163,935
2586,1489
1972,3193
271,123
75,3752
3002,865
2322,3318
3474,2855
487,3096
3435,1365
3477,3597
781,820
2676,856
2741,2512
2655,2433
2649,2937
2677,311
2978,842
1511,3913
3101,2849
2563,1529
3348,684
2422,3002
2138,3201
487,1548
2138,696
251,2249
1828,1685
377,1923
2299,2647
328,1792
2485,857
1190,1323
1809,2866
984,1465
819,484
276,888
652,1536
1794,3168
2993,3584
3769,3799
546,65
2091,670
1451,3282
3906,1409
454,1918
1499,3461
574,3253
3283,1306
1115,393
3091,1214
1077,302
2681,3878
2909,2286
268,3532
816,2250
1739,3058
3165,363
2009,1277
2447,276
1435,1672
2332,240
550,3258
2274,1362
3139,1979
2940,84
894,3943
3691,1762
1236,3574
304,3195
1177,3752
1057,164
2085,14
2254,2728
219,299
706,1062
1967,1762
345,881
816,1526
3856,544
664,16
8,3899
416,1232
1767,3659
1123,155
3081,487
1973,3666
1095,572
3834,1793
2495,3016
1086,2052
174,1107
1850,1902
2830,2814
3650,2474
1551,3887
334,754
1208,1232
770,2093
3401,1018
1774,376
661,3975
994,2632
3877,3429
2780,2510
387,2514
1288,2283
246,3380
1202,913
2749,2518
2229,318
2115,2307
3647,2791
2531,3918
2519,2209
3002,3693
1715,1472
3813,2376
1168,2010
2832,578
2034,2737
2635,2045
1377,1340
3367,1502
1903,1828
1648,350
2917,767
2764,2679
528,2704
1341,3174
1547,1178
1415,2079
2274,199
2185,1039
523,3620
2519,2493
3002,1045
108,1704
1904,2109
3478,2687
3908,215
1163,1715
1117,3309
1469,3526
1338,2338
256,3445
772,2322
1134,2665
502,3712
1287,987
3285,1689
2930,569
2273,3869
2329,2649
1847,2016
2759,15
1356,2523
2570,1027
3710,1930
3910,710
1507,280
3149,2057
620,3335
446,1910
1592,2495
2022,1473
3248,551
3723,3239
2500,3004
643,899
1462,3075
3624,1564
1213,464
172,1856
1684,96
2463,1113
3360,2838
1891,7
754,1291
1797,136
1319,192
594,1528
636,3879
1084,2367
1186,1327
1881,968
816,2873
805,2858
902,612
2991,3855
3002,2640
3748,2402
574,1148
1971,142
3671,1245
1690,3562
816,3130
2098,419
322,3138
2432,553
747,2553
1812,3002
3303,2942
1641,716
905,3002
1639,2338
2780,3484
2291,383
2810,1506
3788,19
1017,879
1575,2331
1863,235
2772,2544
2767,86
2136,1132
1482,2193
3604,1607
1995,3348
2632,1197
3420,2970
243,296
1942,2925
2270,2916
751,3772
1964,3254
2748,579
1807,1501
2848,3018
208,740
1889,3949
2399,2247
3297,714
3186,3980
3887,1343
1100,3050
2995,1579
3196,355
963,825
1140,1934
3934,667
669,626
1893,576
309,1598
3842,2629
857,3898
1296,2870
793,3197
2014,2874
1630,2638
2633,3002
2563,535
1643,60
1798,2045
2709,595
3067,2941
665,2597
3718,2392
3655,1548
2404,634
1581,476
3205,1789
786,2530
2452,2602
1522,1678
634,3788
875,1261
2051,2814
204,2118
2288,2869
940,574
1981,1335
1131,3334
1978,3229
857,3494
1615,2202
3993,3267
1960,1445
3950,1290
2037,2686
1526,2412
682,1908
2027,1828
596,2958
1666,3832
3057,2848
606,401
3077,1213
2894,2183
3425,796
2834,1197
3478,134
2182,1620
237,207
2373,3860
2559,1037
2874,606
2969,1802
1229,1728
2686,746
3807,1785
1381,1642
1556,1989
1584,3044
1624,2331
1019,832
759,1175
1919,1663
3154,3295
3984,3356
1272,2135
3858,816
1253,1402
2683,1676
2034,1507
1541,3514
1119,3019
1146,734
350,846
2394,3194
2325,431
973,1630
1974,2683
840,3733
1522,850
3136,1730
1156,3801
250,3026
2899,3428
1481,2800
1345,2860
3494,1012
1123,1439
2380,2286
2988,164
3114,2104
3413,1475
1867,3117
2019,439
3123,723
1318,132
1933,945
1730,2066
3321,108
2797,1592
1082,2875
1081,299
382,3705
2395,3223
3250,1247
2483,3496
250,1868
3763,655
1058,2094
3101,3873
512,2792
3459,201
3099,1229
3517,190
3259,2987
2248,3911
3788,3472
3356,1379
830,3925
2247,1615
1579,756
1762,585
2111,3350
1437,2380
1197,1611
1225,1822
1685,308
2321,3652
3084,559
3258,473
1652,3725
2239,1173
3265,3194
1942,3487
1631,1786
3531,3042
591,2486
2101,3690
3349,3945
253,1873
3766,620
1165,1434
2594,2426
27,426
616,3987
3368,3021
140,282
2907,2947
3050,2181
2780,1329
3842,2963
3390,1416
1090,579
3623,3816
1762,3617
1655,1433
2586,887
1884,2640
3851,1167
2922,3074
1048,64
387,1631
2693,3586
2582,283
3238,1924
3696,2000
116,2127
1466,885
2379,3880
1146,997
2770,182
2450,3522
3696,816
3604,2855
804,760
656,590
1214,1619
3640,3325
1752,664
2065,2141
1574,3482
2066,853
2447,1820
2030,2850
1666,424
1569,1311
377,3477
3612,1729
2547,1707
719,2199
2255,54
3766,1199
1092,3424
1985,2076
1011,1125
2525,718
3082,1271
1419,3779
382,3980
3919,615
2492,208
1817,2864
2738,2112
3948,1405
2094,1218
3164,3174
3228,295
3605,629
3715,962
477,2552
3951,3942
1153,27
253,2727
3939,3232
850,1143
2144,3100
3739,3817
333,2452
1174,3775
1001,2059
2278,1182
2337,1810
2120,1737
3393,1300
3024,2128
3298,2286
3002,2909
1461,3554
1995,1744
2002,865
3628,2954
3014,868
1983,628
618,1366
110,3766
1511,1540
432,391
1472,1850
3319,3794
2238,728
2491,3714
3665,3959
202,1398
1601,1780
3572,936
1829,2896
3635,3362
1467,3949
1396,482
1567,3335
1702,3908
498,3148
2315,36
3460,3177
1116,1900
1396,3606
2156,3289
53,3065
3935,3692
1804,3314
1828,3377
3934,1252
3177,3311
213,933
696,3679
2670,659
2761,1033
953,1420
2776,883
2390,1156
2206,3080
656,1003
950,1792
492,2708
3960,2794
2885,1593
417,3220
3444,1823
1683,490
2808,3170
738,1509
1874,3259
430,1927
2186,1330
759,3928
3427,1791
1480,3592
2836,2014
1299,503
1814,1309
1256,2521
2943,1175
2184,3443
1605,1362
2021,1278
85,3690
3255,3524
3565,1728
1030,365
764,917
3862,1318
203,3972
437,135
912,2001
282,1661
3199,1161
198,3686
2234,2299
3104,52
816,1405
3396,3704
189,2320
959,2023
294,1566
2498,3761
3490,3002
1074,2642
335,539
1632,3593
1828,3077
739,190
1663,2717
1355,81
114,3854
1839,247
932,1190
1084,3689
175,2720
1637,3772
1910,3353
1629,2055
1510,1975
17,432
1054,738
1344,1606
1157,3745
1972,1829
683,1677
810,1300
3813,3478
2198,2736
1374,3017
2895,718
1972,1947
3002,3382
743,3860
3322,62
3041,2727
1399,90
2957,1095
3027,290
2657,2045
1897,257
3281,3984
2183,802
3794,1092
1428,2319
3339,2368
3584,3847
3722,2652
3112,237
67,3075
3996,912
160,2058
2307,1531
2101,2079
414,3221
3874,3243
1652,3639
2980,1097
1961,2439
1273,1974
1105,2211
556,291
1378,752
297,1343
3442,1568
2659,2361
1328,2588
3213,3933
1936,1548
2491,206
2918,1253
2595,3002
3358,1172
2946,3733
1268,3743
3495,2188
1261,903
2032,2517
3737,1776
3843,1142
1573,2038
1642,3379
481,3003
870,2030
3571,3990
3407,555
1051,1427
1829,1335
2545,1919
2479,2165
3821,2426
3292,3077
1828,556
1879,561
2063,840
3615,2921
3351,8
226,2286
2143,1402
2944,216
2715,2918
76,2210
2524,1431
1784,1526
2059,3316
1068,2110
3211,974
2281,160
94,1936
2918,433
2358,3310
947,1350
1224,1173
2861,3114
3821,1354
157,2378
737,446
1600,3043
2786,1336
3480,2849
1518,2453
1851,1020
1364,2485
3321,3071
2990,379
1081,1635
253,2981
1155,3464
3871,3300
1933,147
1844,3182
231,1046
3668,357
1350,1828
2686,2181
2328,747
240,1473
3001,2267
2303,2243
607,1265
2454,3132
3249,3971
1666,264
2497,1658
647,1396
3469,1649
2134,3336
2846,3491
40,1126
2644,3103
214,3880
2922,3798
1855,3337
271,1125
3862,1295
3302,3631
1361,2011
3775,3072
2235,2049
833,3797
1300,2761
1368,22
186,3761
3721,434
425,73
3878,234
784,221
932,434
732,2449
2852,3426
338,3238
844,2070
3509,476
3028,3240
1296,3202
3098,2768
656,3992
3473,97
1072,3551
2524,3911
1911,3633
791,1154
1848,2707
645,1798
749,2172
2916,1173
1752,2766
1292,3256
3274,2175
1502,2896
3103,794
1760,2960
2067,2507
618,3963
3737,2987
2936,238
464,3046
840,3382
3528,2803
270,2004
3164,3327
2027,996
1837,2736
712,3566
2572,3252
342,1404
2097,2819
2449,3010
2461,44
2700,529
2768,3070
2401,1271
1272,785
890,1394
2860,90
2391,2883
2960,2283
2912,3074
2035,2471
3098,1957
1751,98
920,2904
3558,2671
76,550
610,2434
3528,1762
2293,959
2556,279
2680,3111
3179,971
3208,1306
1810,62
3307,2069
1120,3533
1065,135
2719,890
3563,3979
3547,715
3789,693
3280,1968
935,1675
249,3535
3354,529
1647,1486
1869,3002
3371,3852
2316,1239
2158,1093
2491,1646
2583,1140
2508,307
1279,2668
294,2157
648,3218
2077,3748
633,3732
13,3391
2672,1565
682,1042
3587,402
1637,1699
1622,2820
642,3990
37,247
1349,3700
3969,3225
631,113
2444,901
862,1648
2762,649
2148,3002
2401,3467
1421,3768
1822,1117
3760,2652
3471,400
2662,2273
1614,3812
1833,3242
287,2261
365,1642
629,3817
3512,1967
29,2634
3741,816
886,2862
3891,1770
3118,1000
3259,3784
2518,2022
2384,2529
797,3888
3919,449
601,1467
1138,3092
1266,567
1336,86
1683,1024
1179,2227
3443,2479
1759,592
2462,2765
1074,1789
1251,2092
2273,229
1225,3919
1317,2373
3085,361
1401,896
1176,1231
3317,709
3331,3503
1052,1885
1261,3828
605,3600
908,3791
460,1776
950,2095
3733,3840
3688,3285
2699,3841
3164,1290
3611,712
2123,2349
2416,2281
2807,3262
2265,172
527,3322
3858,447
2643,1249
1101,1999
889,75
2255,2316
3191,641
702,481
57,792
3915,542
1679,2548
873,1422
1288,137
2701,2152
1606,3370
1806,1485
2653,1521
288,816
3027,1326
280,2408
2583,2122
3361,371
2373,2280
1706,668
1878,1307
648,2943
3025,1532
3916,1864
1899,3063
3142,3432
2963,1947
630,184
3163,1524
1135,1606
3843,266
1525,240
2776,3178
2998,2932
1999,396
3248,3174
3967,1876
2007,3680
725,520
2807,1874
1813,2269
1093,134
3032,3534
3309,1777
1554,872
3437,988
759,757
3835,3583
1311,858
814,2273
1210,3903
12,1062
483,3024
2304,212
3457,2317
2898,2609
3185,3635
692,761
2471,3443
1463,2992
2504,1254
515,3083
1031,857
3680,2778
2672,2111
3868,831
2669,3072
865,2396
1660,2826
259,2417
63,3833
825,1636
139,297
3111,3
3983,3712
926,108
3221,3583
1035,3898
2779,999
985,1442
2775,3695
233,3017
1602,79
1730,2734
868,2302
129,3002
2121,1676
926,2315
3576,1238
2591,703
2412,3685
2054,3002
1604,499
3816,2083
2234,3252
1084,692
3944,1537
2298,3836
3580,1577
357,2839
625,2075
730,268
195,334
1758,3067
2666,28
2273,970
2685,1673
129,482
2301,82
3311,215
1390,1477
973,749
3663,1722
3002,2917
3944,1263
1220,1367
1497,1390
1711,1334
2176,1144
2240,12
3722,863
2006,1181
405,1300
894,714
1802,364
1480,2938
3386,1382
3622,1821
3825,2636
2071,1850
944,3067
1103,751
510,3803
3869,3600
328,1471
386,2513
1044,483
803,1866
1266,3603
931,1913
80,1311
3947,843
768,1925
729,2581
2451,1483
1227,527
62,2044
3697,3102
2462,64
2201,3025
759,1817
1686,2368
3002,175
3354,2231
2382,3549
804,1357
3038,952
1879,2544
2823,1646
1966,3342
711,2747
1447,2869
3758,3044
364,517
3993,2853
3880,3148
162,260
403,619
66,621
868,2793
3917,2769
1407,2430
3936,2285
1433,2463
2265,2764
1944,1812
2638,1632
3416,1840
1506,1475
970,1054
3810,1584
2126,2642
3931,1958
2837,3415
3928,1799
587,3427
3550,2819
2160,3644
3002,1993
2353,1206
911,267
3889,808
554,3551
3061,3313
1351,816
2289,2475
1107,2136
1515,2886
3197,2954
3498,3988
3535,3240
3872,280
1828,840
2300,2786
1479,2051
3291,1941
937,735
212,3259
967,3002
1101,1320
740,1756
2618,3788
1061,868
1985,2240
991,2386
3004,167
206,1072
237,888
2805,3134
1996,253
3967,3291
354,2920
78,1995
3758,1582
2701,610
1988,626
383,3645
259,3228
3865,2970
2823,571
1345,1123
3622,128
2518,3270
2602,3031
203,675
483,471
3266,2931
1485,2355
3858,710
1053,1827
3981,356
3092,1100
3322,1171
3798,2295
2249,711
1955,3683
274,1164
378,1561
3006,3002
1536,3690
756,1257
2533,2931
3751,825
2950,1835
3615,358
49,1450
1453,2413
1438,3085
582,262
1268,2786
2275,1976
2994,2865
1104,281
623,759
1290,2973
495,1450
2355,3477
3681,2391
2139,1104
2929,3621
1164,3690
3765,1540
3002,2944
1067,2586
253,2922
3877,2171
1828,224
3475,954
144,400
1033,2971
2156,874
869,3750
2525,1878
2477,1881
3440,1343
1504,3825
472,531
1391,3992
1769,2517
100,1549
87,184
3785,1828
3321,3020
2354,2776
1401,747
554,366
240,1603
852,228
2807,3056
1240,2031
881,942
640,1956
1330,1866
1528,2879
36,621
3490,1192
3563,2858
746,2074
122,3340
1108,2332
2967,2810
1485,89
1585,3162
147,1399
1096,3358
2411,3230
2968,1927
2830,253
2762,1185
327,2406
2085,1065
1171,1477
2041,1091
1441,3978
547,1573
248,1025
3627,2276
3912,413
409,3575
220,1566
678,3199
126,717
834,810
1769,2735
188,2048
470,466
754,3045
2375,1372
678,2653
3389,2149
3345,2635
1303,2488
3930,308
3754,2162
1337,1950
2804,2648
1504,3570
426,1456
3504,1803
3709,3099
2092,3422
3480,671
709,160
3241,3714
1499,2964
1220,3709
3645,3497
2817,3729
3002,3401
2642,3438
3979,1917
2019,1971
3706,1787
203,204
3557,1078
3874,136
662,1927
2800,836
3002,3519
363,3923
2089,1277
3414,2633
1845,286
2043,2825
2566,648
916,3227
1516,1180
472,3259
1013,653
1993,1851
1441,2503
1290,2465
1540,1751
1795,3682
2062,2232
1502,2093
1487,440
1624,2757
1387,46
1518,1457
630,123
687,3113
414,2721
1989,3730
775,2425
1641,3246
3354,3921
3355,3711
3653,695
2066,3244
1014,2431
2058,2728
3609,3202
1446,1164
3925,1583
2273,1286
913,3123
1214,3703
3083,2760
1921,2933
3178,2893
3760,3654
3919,3991
1294,463
302,1705
2273,3780
1536,1943
1103,3907
3583,1529
3790,969
2663,1828
3028,879
1836,438
460,2677
837,2239
2385,2250
847,3823
2697,849
2273,2673
2964,792
674,1885
3302,607
1958,3487
3539,3145
2947,39
1232,38
720,3329
2205,448
2368,1322
1822,1370
546,1857
2155,1410
358,733
2627,1541
2722,119
1728,2010
2729,938
2991,2048
1974,1696
3636,3492
3936,1507
1256,1956
2739,3695
3261,1046
3904,2433
3606,2324
2997,492
1775,3405
2408,3953
1843,3451
1909,3999
3413,1086
2060,3128
658,1698
3383,3605
3675,3495
3318,3688
2294,3717
1981,2041
1660,2549
1706,833
1281,695
1349,3525
266,3521
2712,206
3343,3352
624,267
100,3904
3079,1254
601,2974
390,327
3572,1290
240,3041
1140,1370
3413,610
3057,3961
2423,3556
194,3861
1749,2663
1380,3514
2819,205
2177,1668
3732,733
258,2573
1274,30
3502,1924
3842,941
1800,1520
3040,1987
1300,3497
2618,2735
246,1552
3718,1753
3800,2748
45,3437
2400,1880
1094,2252
1442,1631
1205,1293
2897,2933
2646,3378
3259,1013
2435,792
1474,3937
2285,2114
2645,14
2900,2633
3035,2769
444,3138
2135,3618
1107,563
2227,3515
1073,3945
1530,3626
3761,1415
2536,3143
2966,847
2907,102
1273,403
1255,3495
2231,315
193,614
3847,1205
605,2104
1865,581
3392,3117
2760,2029
2714,274
606,1938
1066,1744
1659,1809
1828,1594
1552,2795
489,731
355,3520
2199,3282
2487,3955
1517,392
2448,2680
2131,461
508,553
2875,95
2668,3210
3203,2458
3070,235
624,2733
3166,3685
2843,3010
3979,2945
997,1822
1370,885
3978,3648
673,835
1644,3350
2142,3545
3389,3083
2308,3181
3924,3397
2722,1461
274,1828
530,840
852,3619
1359,2591
1515,482
2478,3998
2493,3084
3303,638
2139,1543
1657,3937
2853,2376
2527,1830
3275,3836
2118,2334
2988,129
217,2912
2829,3231
3165,3607
2164,3077
1620,362
2838,3276
346,2982
2972,3333
1393,2705
2738,2420
3025,1520
1263,1647
716,2908
2027,159
2176,640
3168,241
2554,1338
629,3872
3599,3966
1058,2622
1828,3567
526,3520
1340,1083
1718,1607
204,838
380,70
2917,870
836,646
1578,3324
2445,3876
2716,611
306,1276
3300,2153
2592,2131
736,3482
983,2256
1373,817
432,3432
2674,353
3681,481
2881,1263
3069,2251
3271,991
2587,742
269,3590
2939,1953
2077,2023
18,3980
1711,2134
641,3284
2844,528
3002,1332
675,1098
2880,2599
2317,3352
2869,1141
2095,244
2228,2739
647,1910
2228,3041
1321,1898
3433,3151
2314,3261
3472,1537
1377,2661
3105,2515
2018,51
717,266
82,2139
3743,3986
1735,1458
2388,410
3065,2397
3114,3822
348,1131
88,3002
1610,825
2565,1786
3196,1392
3978,463
112,1432
3894,3827
2784,3909
548,919
1300,3531
1254,2977
3117,937
558,904
1514,3440
2338,1698
1692,1928
3611,104
3781,162
3519,3416
3110,1272
3658,2691
667,1663
3001,1374
2335,1297
3166,1061
890,3773
394,3648
211,2506
1449,3227
826,3398
2965,1828
2781,2377
3843,3402
2902,1170
1014,2875
1505,646
852,1122
1636,1535
3423,477
2199,781
2179,1070
619,3818
2122,3822
1050,821
1327,613
115,1464
3299,101
3629,1196
2349,925
2709,325
2140,2064
3141,1424
2555,2823
710,1594
1301,2854
423,3324
3701,1380
793,2016
825,241
1364,2459
2195,2398
2610,2261
1310,14
494,3783
3871,2995
3003,307
750,1696
2484,1683
305,2527
62,2990
3226,3806
3192,1131
474,1945
2416,868
382,1894
2420,1214
2292,3777
1893,948
674,584
1893,1283
441,3411
2328,3002
3482,3585
2557,3594
3228,1012
3079,2601
2731,103
2541,1773
1038,2755
2017,1373
3479,1563
2654,3116
3979,3381
826,3223
158,339
2941,3435
1332,2512
384,1710
2787,193
42,3361
3116,2022
2932,1617
57,3233
331,1905
314,2371
825,3709
3810,1490
583,3283
1414,3187
1275,3777
248,3614
89,3906
1234,544
293,575
1439,441
1107,2132
3058,3073
1284,719
3549,1475
2130,2719
2769,3550
2244,3626
1898,1382
1736,3819
2744,1363
2160,2311
3470,3204
83,635
1305,298
3419,3153
3182,2222
784,1722
3991,1822
706,440
1726,270
1963,770
703,2525
2753,562
263,818
458,1411
2273,3522
683,1458
922,3946
3905,274
3873,2556
1746,3092
183,1756
1193,738
1334,544
3325,3352
64,1496
1066,1132
3838,3816
647,839
2007,1188
2645,845
262,2520
245,1347
3815,3569
1907,488
1234,591
1369,1126
2716,2925
2218,1529
3002,2740
102,376
1320,2518
3509,901
2779,444
1513,531
3333,1448
644,516
1731,315
1557,383
2344,3975
2179,3022
3415,1230
1076,1144
3220,3460
908,1086
2934,2120
2468,1134
3446,2569
2339,1077
190,669
3042,67
3298,1252
2276,2583
3660,119
1190,3048
1235,698
1894,3157
3728,176
1090,3152
949,3475
1231,1851
3474,2584
3921,2361
2147,789
3589,2969
1283,1843
3822,1837
2308,341
2485,1403
1214,1413
2440,1600
88,1280
29,1716
3060,3679
3068,342
1195,3289
885,3827
419,635
2864,1643
834,1109
544,679
3204,2580
3081,3112
1773,1176
3041,1293
2821,791
2514,3049
3879,2802
399,3390
992,156
3997,1702
3785,3486
652,1494
3406,2131
794,2515
2097,394
1342,1067
483,2559
1957,3264
3122,3169
909,3996
568,1393
1969,1333
54,2159
1273,2772
2530,1545
3586,2861
2433,2003
2611,3330
2598,50
1539,3780
2171,3273
3390,1811
1694,1794
397,1836
3534,1692
2211,2960
1752,3527
2632,491
260,2149
3515,3931
2885,2582
2550,2504
3796,3855
1064,3407
441,2845
945,2643
2715,252
1341,943
895,3806
3436,2411
3609,1214
1781,3503
871,2963
2921,2744
1700,3560
614,2253
1386,436
1214,748
2469,2185
28,322
3474,1466
1590,116
2053,864
3703,3477
3242,3622
3557,2247
3657,370
2043,3820
1694,3880
2795,2121
639,111
3967,706
211,2062
3807,1165
2706,509
2467,314
3232,2910
2040,314
1943,3457
3156,3810
3567,3536
3306,825
1835,727
2543,3696
1581,3089
2956,1139
1121,1554
1494,3894
1738,178
3597,3254
1214,436
1580,2234
1564,2293
546,2304
1909,3674
1537,2482
562,2015
1066,896
2950,27
2273,3513
2655,3912
3851,610
77,3776
617,3329
2927,2440
3130,1523
3547,1956
3398,989
1789,1339
1763,2849
2725,1583
997,2182
2373,533
3979,1887
3226,3670
2993,2687
122,2475
2837,582
32,2695
2962,3998
1351,2009
450,3999
2220,197
2504,1795
3378,1320
2682,3218
2591,2514
3329,1825
2075,3909
673,1126
2047,3219
851,289
1953,2119
1648,2073
2982,3002
3136,2206
825,3583
3555,2299
1664,647
1626,671
893,2363
62,1555
1944,2262
1572,3940
1477,1966
1377,3294
870,2166
43,354
115,1061
352,11
79,1234
3730,3935
393,3641
1023,2572
3882,181
1576,1179
730,1519
406,349
2801,2192
1149,2341
3078,2658
595,2352
361,1064
1339,3539
1129,3452
2127,214
2946,3905
3187,3359
2375,2148
33,316
3039,2871
1305,2206
3272,793
1311,695
1408,962
2666,2448
2689,2790
1721,2607
2602,3544
1846,3187
2375,3761
3856,348
2500,3357
1902,3060
3326,3596
974,564
1407,1324
3974,1097
408,3833
2358,1922
2301,2411
3863,1460
743,294
94,2253
503,973
3049,1577
329,1870
3044,2317
1500,3317
457,2345
984,2160
1103,3734
1740,825
1858,2602
3460,3904
1222,357
3520,783
2979,2557
12,3873
3582,2024
2,3746
1837,509
3423,223
3876,3257
2923,3118
3912,965
1920,1794
1675,1819
210,1033
1065,3864
3654,3815
532,2508
3732,2267
2308,836
3617,2033
985,390
1758,492
622,166
513,3823
3078,535
1236,1980
496,3254
1137,1650
1991,633
1491,81
666,128
3397,1589
445,2339
1183,324
2816,1959
699,1887
1470,816
3886,3788
3956,2208
2701,788
1470,3546
3505,210
1267,165
2703,239
3767,3647
324,439
2393,3514
1143,3023
2796,1156
752,187
627,2350
238,2959
247,983
2524,3602
3164,3523
3002,273
39,240
1550,3608
2781,2429
2392,3614
2008,647
236,3012
1941,2500
3443,3489
2297,1802
2623,442
3922,3651
3318,3270
3002,1736
2358,3205
583,3136
3034,690
3361,842
1162,2297
1844,517
3960,3936
700,3699
1540,3834
1120,829
3800,3045
871,1033
3200,506
3229,3674
3369,1708
1336,1644
2020,1576
1962,1929
3772,3985
3264,2613
621,1893
1854,2120
1230,289
3732,1991
607,1746
2835,2968
2654,1346
706,0
218,2165
3143,2986
68,3466
1068,3771
697,3538
747,3344
3344,2507
2601,1591
1328,658
248,1681
2739,3272
1750,3931
3809,2741
1498,2961
3579,1990
1587,933
1248,1501
720,1870
3499,1464
1894,2762
407,600
2422,1118
1194,3064
3094,2822
3439,2059
1271,1353
1645,2170
1572,2115
3027,911
2540,3002
448,3048
223,2273
3654,2366
1091,2451
1373,1358
3781,2819
2147,542
834,1336
3788,670
1838,362
1235,1493
741,1762
800,2206
3579,3002
3788,1866
2390,2004
1357,186
2065,3303
2318,1743
427,695
363,3278
2250,1990
543,166
3002,2136
3449,1261
2229,350
843,2743
861,281
1681,3019
2573,1137
1643,2053
2954,3846
3134,1344
1915,848
326,1480
431,1024
3569,1458
3265,3633
2487,2273
179,3506
1422,2947
94,3558
3023,3131
533,2020
3419,1331
1895,925
3176,2699
2846,855
3979,2333
3547,3923
1063,780
2536,84
3069,3199
2724,3080
3017,3696
20,133
2384,2818
3785,1821
2543,1048
1672,475
2028,252
641,2341
161,2779
1762,1973
1248,2330
788,1290
432,2897
2097,525
3737,3996
815,579
378,3511
3523,3896
2594,104
3144,1535
2080,3009
1492,2354
3833,3601
3594,1078
1211,664
2055,2490
3030,1977
1425,1311
585,1598
1214,2053
261,4
63,3636
3399,158
2367,2512
1161,2987
84,3681
1480,1578
2200,3459
144,2562
3490,1744
3897,478
1208,1886
1782,2160
3064,3108
1589,1315
442,2108
1782,211
118,1620
3002,1175
1549,3782
1171,3347
3181,3208
1791,1571
3529,566
3655,3947
3979,40
2831,1237
2547,3724
595,2130
3000,2972
1828,2542
2013,3632
201,2637
3720,3515
138,915
1687,3319
906,2673
883,1579
1041,2762
1770,872
2574,3331
1696,1267
3575,1818
1819,124
181,1294
24,173
1643,1410
2859,557
498,997
2627,739
1363,2857
3697,1861
605,1672
141,2268
788,2736
1101,2642
154,1677
2448,3033
2403,3838
626,816
1828,705
3500,317
2485,3466
150,1767
2783,3498
1826,3824
2516,3040
3784,3571
255,2767
3154,2908
953,3215
3028,3702
3843,3404
2915,3467
892,564
1045,508
3657,3808
263,2294
1445,2475
3747,3842
2631,1888
705,2842
3154,2057
1911,3938
3697,2994
2822,2590
2515,470
2502,897
552,994
3809,1911
1144,708
1923,2497
2323,1998
1828,944
2963,1654
459,464
89,2771
2370,3653
2558,515
81,567
427,555
3010,3836
972,2277
534,1028
1156,3796
2983,1582
1420,1899
3969,2167
2554,1566
2762,3188
3192,1713
1935,2782
3364,3402
3001,3145
2023,114
3788,3096
3775,138
3059,3880
1997,825
1094,1190
2973,3832
3554,176
2782,2610
1741,2602
3869,2528
3420,103
3669,200
437,3600
3727,2116
1429,1397
2215,3996
964,2340
3531,3443
2818,2339
747,3846
1611,2052
1904,2765
3060,978
1631,3157
81,708
973,573
320,3163
240,1693
3548,319
1223,1117
143,2226
759,1658
2829,616
3634,518
2113,1429
1240,2221
3880,1186
3608,1614
3486,1109
2072,1519
2774,1681
3815,635
3399,1622
876,3374
2897,1199
1970,1892
2483,3858
829,399
58,1554
2735,2371
3894,461
692,168
3852,3514
497,1650
1441,3439
1127,2711
637,1955
3042,762
2796,2610
2008,1060
187,1717
316,2820
2407,1536
3353,2723
3845,1828
2025,1707
1326,3790
2423,2721
3855,713
150,3164
527,3228
972,2113
1160,3649
2646,2289
1478,96
3684,388
2594,778
2738,516
2766,3317
816,3481
3316,3119
2256,3958
1703,3337
3276,1574
532,3839
1238,1621
2901,763
261,3731
2476,3228
438,2078
1285,2268
3002,603
3621,625
272,1757
237,944
1754,2755
532,2850
813,188
3094,3273
2975,2268
658,613
3625,1623
2546,2367
259,3584
771,2706
3134,509
3122,3518
3076,3798
2905,1986
470,3958
3730,979
534,1380
1928,2750
584,2618
397,267
1430,3277
636,831
1428,3161
1276,849
3605,1869
266,857
1399,1966
1765,3445
1427,3980
1729,2201
1635,1126
1822,252
3377,3151
3545,3399
3174,1875
979,1628
2560,2598
2785,3010
770,3613
3889,2824
3749,2598
1619,510
2331,329
271,2039
3408,232
463,1634
3294,2364
3080,1314
483,49
938,618
373,361
3612,3054
2076,561
2349,3131
342,3002
1244,1496
2155,789
3429,1575
3756,3456
3037,2797
3297,3564
1410,1699
3967,2977
3115,1926
3462,2348
2873,1374
628,1836
728,1476
2,449
1946,2129
2317,2385
1986,1568
866,1612
2041,1534
876,3161
1105,220
2366,972
3337,2538
1231,1965
2741,775
3781,1781
2994,2770
3896,3656
1035,3839
3681,571
3636,21
3818,491
2849,2188
934,1348
2163,543
2664,1764
2237,2640
1672,1787
2385,2774
2841,2993
1003,1842
450,402
3778,174
2185,2733
1938,334
2365,1325
2699,2588
894,2238
2870,1632
2593,1177
67,3263
3974,3301
3618,3376
2273,1613
2441,3174
3842,704
3804,167
921,3979
2538,1609
3580,512
357,3454
1442,3179
948,3009
491,3242
1876,2026
2690,2486
1063,3131
401,1976
1297,765
3451,194
1675,3803
2186,2963
1940,145
2056,3385
812,253
3188,2167
3002,1700
2748,995
868,3032
1536,1945
3703,2519
770,1948
768,1636
198,1394
2866,3865
3002,2429
1840,3029
2928,2718
1607,1490
273,437
1615,1064
157,1152
3842,3171
3033,1464
929,3262
2696,3756
1224,2026
1661,3684
1877,3628
623,2103
3859,3630
3305,133
3614,1129
2898,765
2751,1835
1647,700
3002,1994
2647,3214
784,2197
654,511
2112,1098
813,3337
3585,3022
1354,3467
305,2510
1503,1089
3871,3473
2742,1444
2707,3483
1828,56
522,556
1341,3204
1511,1860
3523,2237
21,469
1516,729
3777,1760
887,2762
3815,3632
3930,2063
1223,1214
378,1199
3740,2311
1005,765
3524,2415
2069,3544
2517,1726
3292,2530
2270,1192
3959,3087
1673,356
876,1133
424,2583
3646,2559
3858,3853
3434,3957
2350,2045
3404,3964
1170,257
3177,388
3109,3299
2827,3625
1242,2672
507,1214
1788,2886
2827,3221
1215,2021
1036,2578
2719,329
3905,2192
697,3810
303,2123
233,483
26,395
1882,433
1329,1158
1890,1772
623,629
1900,2706
3372,2765
1515,80
974,2284
2521,3940
3988,3624
488,2507
3858,2600
1066,3465
1300,1523
100,2347
2488,816
3365,3857
2808,762
3098,1261
2544,128
2138,2534
1854,2227
3836,892
3723,3513
1200,1087
3559,915
1580,1214
3551,330
638,1436
1282,1488
394,2921
1778,121
1012,2745
3734,147
3077,2723
596,2842
432,933
2899,1744
227,1050
1088,3304
1090,3093
2044,1106
2432,1848
407,2696
2600,3987
3232,2585
2068,3106
1805,3644
3418,3335
3776,421
1964,1846
3500,2120
1534,3446
920,499
3952,2254
434,1062
3083,344
3011,961
2024,3232
2686,1102
3325,2883
3036,3276
277,496
1106,1892
3976,845
113,1006
