3896,1710
3646,1278
1495,938
2828,1257
796,2220
270,1234
2884,2777
3000,1199
1781,3372
2063,1500
3370,3051
1471,3908
1678,2777
3823,3553
1957,1899
3361,1566
982,971
3041,3931
786,3859
2876,890
3212,609
670,2549
2201,640
1392,2792
3052,1181
2421,1533
374,3630
2696,2001
1079,1528
1167,432
3749,1248
2559,1978
713,3074
3510,374
2457,2049
3591,2523
3967,2024
3910,1939
3480,589
1446,3846
2925,681
1090,2187
36,3930
3221,217
3565,123
2526,359
389,2982
2851,1098
3963,3702
537,1863
2787,3435
2676,3489
1700,2500
3126,2778
3827,2401
2858,505
3967,1259
3868,1676
231,2920
3671,2898
2956,1848
3457,1908
3602,3565
986,229
1385,1457
3610,3460
1998,3431
2805,3179
2716,2714
2558,901
862,2523
2424,3656
806,3757
632,315
1001,3300
230,705
1137,454
2791,2788
408,2280
1535,586
1126,309
1354,3844
3895,3284
1105,633
1731,703
657,750
1681,3090
1218,1658
247,3816
532,3171
2658,62
1567,901
937,2092
376,883
2030,2060
2320,2789
3333,1296
2403,924
2942,3292
3503,1474
920,3322
1622,147
3787,2613
161,3041
2516,835
1525,2163
54,3436
1999,1900
1155,3418
891,2912
2867,3719
927,2298
3237,281
2797,453
2855,1935
2681,1957
2591,538
3500,2044
1307,344
1957,3982
1023,1075
687,1336
196,818
1323,2055
3299,569
847,2003
3441,2012
3831,696
595,2503
2916,1179
3855,941
1543,1136
305,2115
1244,3742
2451,2607
471,1077
2053,1046
3684,3568
2295,1746
1666,3839
1489,1890
3059,485
2781,3896
277,48
2763,2701
2742,3649
7,1061
2318,2215
2699,1374
2240,2380
2270,284
3900,72
3689,2527
2015,471
1509,1529
751,2351
765,84
291,758
1935,2723
302,1890
1533,2728
3535,613
679,209
1886,854
1678,105
3304,1688
3029,1470
2558,1922
1785,1513
2566,1033
3166,1546
765,305
3244,107
1260,2022
781,503
3108,1172
3368,1805
3845,2590
263,2680
3728,1504
3476,873
278,789
1842,2299
2334,1012
972,3023
595,2578
3992,2413
2865,1951
846,1144
824,3105
3614,3716
2120,1424
2875,1639
1000,525
2485,2452
2838,1750
2989,1363
1295,3872
2237,3015
2022,1281
3893,3785
2074,2815
445,1238
3503,244
233,278
1881,774
2707,3306
3376,3565
2406,2211
1822,3336
3086,1768
337,1498
3007,2003
644,1234
411,2910
2532,3751
2514,3820
1317,146
2052,2391
3224,3585
1717,577
3238,3994
186,83
3393,2671
3462,3274
2953,1010
1703,2179
2547,127
3055,2137
96,3924
1590,3270
3858,2483
2451,3805
2899,2054
2101,3938
1558,1491
1002,2804
800,881
403,1501
3142,3892
2311,2568
1610,3657
200,1994
3113,1179
2200,610
643,101
506,3366
250,436
2463,760
3356,3006
1488,3275
3124,3674
731,2457
3661,1862
1575,2750
893,1802
3119,1935
2345,3089
890,3951
1210,1748
254,689
1360,1124
3667,144
791,2265
121,395
639,2967
1985,86
829,3942
97,734
3538,2253
3891,2450
1692,3767
2209,3449
2671,3705
818,1929
3849,2932
3167,3127
347,2374
2075,2001
288,3983
2008,3802
476,1732
3551,873
1127,1110
677,874
162,3275
1725,3427
1496,304
3562,3586
716,2506
600,2316
2818,2242
1015,1255
794,470
1346,1001
919,3572
3558,2270
1923,3005
3800,836
1557,2344
2767,3004
2336,421
825,1466
777,471
15,3581
1714,3150
2251,2061
2230,1231
24,741
1567,381
2382,3094
3985,3592
1978,117
1437,3812
2742,3861
1514,2323
3584,2654
1627,660
830,1988
3770,3983
1963,3215
2002,234
3793,32
95,2129
2097,3121
1893,1361
2817,1190
3379,2400
1271,2789
2141,2507
153,1322
3586,2319
3383,1888
1661,3946
1854,309
211,1553
3714,644
2859,2426
680,1187
2969,1870
3559,3965
1552,1480
331,3723
2965,275
2093,1585
1191,3387
3678,507
2922,1798
1895,2544
17,2505
747,3002
73,3524
954,3320
2981,1194
2206,1551
1345,3219
3377,515
3161,3797
2944,3132
2465,825
709,2613
326,1154
2151,2198
3329,3737
3131,1479
76,385
2843,2782
75,3136
2540,571
3717,2449
3362,1013
105,1970
1156,1276
539,1365
293,228
2706,2497
3186,1623
3468,551
2930,170
702,1167
2590,2640
2187,281
3689,1798
1989,2756
3899,377
1970,2305
1789,378
2247,1072
1731,3369
1983,800
2419,3675
599,3826
3886,2285
1456,2591
653,1414
1509,3261
135,1006
3444,2347
3539,2560
1824,554
1011,1530
3421,2446
1414,1906
1120,1363
3775,1112
1334,647
3465,1889
2871,3563
1582,1769
193,165
1071,1767
1848,770
1478,3480
220,565
3379,2072
2497,3818
2764,3683
1129,70
3484,1024
3797,2492
539,1622
3961,343
1852,1298
2284,971
2146,3192
2946,3076
181,1697
2522,2091
1206,83
3924,87
1767,2854
3683,1642
3156,3787
615,2710
311,2649
3626,1019
3907,2599
3126,3288
2354,442
713,194
404,23
971,3451
3977,2589
2557,3543
3024,237
1407,1368
2111,3555
590,1705
1966,364
1045,813
467,2114
1410,3021
1161,3985
1780,581
3497,912
2149,2779
661,681
715,1091
2943,1676
363,1676
1727,99
3904,1456
1607,3264
1309,2553
3517,1701
809,604
443,1545
1903,1580
3134,2979
737,1392
1,207
2383,3481
726,3091
3274,1456
2107,3380
2368,2543
1569,3804
1170,1892
512,212
3687,3696
257,2355
3104,3163
3031,121
273,1150
2139,275
2987,3492
1448,642
2351,1839
293,1595
3743,3760
665,1709
2529,2403
1388,2979
1499,134
549,1108
1857,1541
995,2641
1249,1020
968,405
1028,3584
1799,909
2309,3841
1964,1111
1831,55
2371,3666
1739,2542
1045,1789
2593,766
1831,2579
3277,3022
551,3399
2233,1893
3075,714
3429,676
1872,1266
1111,3715
3856,218
2225,2286
195,2823
3283,220
2834,1998
3822,1820
1508,1682
391,2944
3165,930
534,2918
91,3293
1092,738
2341,820
3756,18
271,2319
2736,481
1154,1179
2962,195
3887,2703
1886,3701
2443,3118
988,3695
2361,1368
3764,307
2890,1135
990,3795
3935,509
2642,2741
2265,123
3854,2360
3039,3157
3898,1621
3388,3569
3772,3156
1238,1466
955,2998
3097,10
849,1111
1486,2006
187,83
3806,1695
3829,3644
3303,3250
334,1082
952,2641
1676,1174
83,589
1413,814
2878,3930
99,456
357,1641
3783,3063
3490,545
847,3194
1229,2930
2118,3596
3181,3161
619,1190
1009,945
948,3433
2879,37
3514,729
1339,617
1779,1116
3434,2129
1614,1646
3607,3385
422,3447
1273,1083
1152,1748
1036,262
2086,2950
2887,395
2788,1636
3767,1010
1878,2285
13,1754
3066,3342
1691,2843
1377,705
2681,2317
1378,378
2635,544
165,1338
1021,2998
706,1380
2046,901
351,3708
58,2283
1489,3546
2802,3889
2455,1484
3463,513
456,55
3286,775
284,2710
1397,286
434,3479
1286,303
3029,2480
3622,3872
3981,2899
3534,1790
3805,104
1,2293
3107,176
2587,65
1040,489
2728,3587
2863,2352
2075,802
2178,344
1487,2289
2043,3262
1877,2148
3987,3636
3762,3139
2366,3698
2247,909
1121,1009
3172,3870
3305,164
3771,2989
2773,2702
2041,3210
3097,883
2283,506
1710,3690
557,274
3803,3459
116,3081
1441,1767
2886,682
1669,2181
410,3624
15,423
42,3180
3393,2687
2549,779
310,346
1777,3128
2967,3673
3912,2976
2615,876
1149,1371
3182,133
2573,2927
402,922
295,3716
2850,3204
991,1792
3682,3997
705,3887
2115,3995
2123,2996
393,2143
345,3255
1801,1660
2631,2586
2530,1674
1116,448
832,1649
1676,3948
284,3543
1264,1665
1844,3589
928,2846
2978,2218
3650,2798
3073,1030
3370,2334
1918,3276
834,1035
567,1020
1352,1164
84,2368
209,3320
749,2983
41,2437
1509,2478
2862,2037
1959,3544
314,2811
1373,2254
3199,1635
2952,1220
2204,839
1823,239
1990,3355
757,3537
2132,3946
2910,2120
318,938
3258,2878
3868,2955
780,1887
2931,2515
491,1638
2851,3249
179,527
2561,3098
1114,2900
954,906
2017,587
2230,3411
3020,3597
728,1166
529,3158
3896,1002
1804,530
3513,1912
1580,3392
3627,2244
2197,2001
3881,3094
2525,1856
3894,1519
3604,3515
3833,423
2292,3046
2722,2046
3106,2513
3423,1511
94,227
1598,559
668,1427
1646,443
1534,1463
3691,49
1201,916
3914,3949
1616,1760
3072,1418
1488,3943
1184,2408
2090,3103
2575,1970
2239,1325
2959,1722
1268,1372
580,1779
1941,2742
1754,3289
2629,968
809,1197
2689,226
1745,1028
491,2273
1110,1471
1563,2240
927,3972
2158,148
3126,2557
3775,1824
170,418
2784,1388
708,1523
660,2497
3922,462
2706,1216
3006,2468
2323,2094
2838,802
2234,874
1838,3438
1860,3261
2527,442
3520,1774
3999,3189
222,523
685,595
2322,761
2699,768
2259,2889
2387,2529
2236,1310
93,2881
3701,2139
3308,3739
3252,3446
652,2023
1631,3516
385,3010
1711,827
128,3738
1343,316
3941,2674
2004,536
3612,303
1013,873
2102,768
2451,3831
2739,3061
3737,203
2318,1312
3493,3533
3131,3703
141,264
3273,75
3654,1493
2817,3278
81,182
1796,519
1783,1513
994,1450
901,608
3013,975
1128,871
3561,3122
3694,450
357,3363
1970,1282
2782,1534
2993,453
703,3303
6,3855
2627,3174
3371,2415
2714,2821
452,3669
1798,2891
3438,3050
3492,2840
2698,3833
3556,2673
2077,2549
73,1250
1218,1873
2936,3229
1589,312
1970,2304
3127,1147
794,3215
3825,2450
2520,3235
2685,2348
1674,2469
349,1132
3255,750
3518,3188
2606,3162
1884,1524
2750,2522
3467,3383
2826,2365
854,2036
1473,1043
963,916
2398,3183
2564,2761
2829,2657
1589,1918
56,3826
1554,2808
1997,2957
3389,2032
1951,3502
1755,3594
1353,3757
267,494
118,1833
354,2577
2926,2194
2103,2395
317,883
1991,2611
3686,2995
578,212
1970,1802
1659,1592
991,1560
2783,3826
2073,2320
1032,1805
915,618
2447,3451
2872,3631
1349,327
159,1107
3447,3534
2572,1791
2406,1697
425,3016
280,1404
2520,427
568,3018
249,1624
2632,209
2391,2953
112,1661
2654,1864
3254,3614
1154,1432
67,2031
3305,3049
1438,2904
710,1408
2676,1068
1982,3402
174,2794
3418,2672
1725,1285
1364,804
2062,794
3491,1228
2037,3573
3590,1366
3198,924
1734,2374
421,787
1900,602
1474,2571
2679,1538
2351,3461
1157,477
108,2616
481,3636
1493,1716
3944,1972
2731,202
3057,570
3142,521
3795,2155
1068,3583
3508,2725
24,154
3910,202
2601,3079
3548,1858
3316,137
1575,829
3587,2902
444,3596
3090,1315
139,2339
3357,1624
1009,2375
1135,2501
3513,3139
2412,2626
1050,3887
3870,3806
3424,3084
3178,3985
1605,1696
1542,936
2736,431
1453,2289
2410,2186
940,1859
2528,3281
762,492
2748,657
3792,3054
2040,2281
527,1260
2749,2882
67,2083
3739,1911
1296,181
2320,627
1428,1942
271,2682
898,3674
3200,2498
1802,3879
1236,844
253,3114
2094,2963
192,1963
1991,1316
3560,2574
701,2343
313,392
1026,2708
1961,1343
838,3550
3656,2288
2227,1713
810,430
2963,3959
3461,2726
3517,3375
3930,3441
307,2683
2720,1139
3325,1422
3089,2430
1067,1987
2157,2022
783,3106
3758,212
943,1922
3561,1525
3776,3662
649,3555
2127,1315
1393,3162
3079,376
3146,2378
2847,2247
608,3358
2078,614
3247,1966
2608,1211
1283,1370
434,122
407,3842
196,3176
3764,805
3366,2222
695,3779
3011,1199
14,3222
1640,2938
2634,960
2100,3988
1862,3306
2578,3221
2511,2734
2868,1009
314,3633
614,1063
3601,1786
790,2639
669,3230
3058,378
2515,1165
2008,3124
1018,178
1702,3898
3565,3367
2108,3398
439,119
1532,20
3011,965
337,766
1261,1203
265,199
3732,3119
3884,926
3847,1720
3098,921
83,571
2326,2579
2646,238
2029,1804
336,897
1608,2526
1487,2896
3585,1204
3840,2683
1881,709
579,2908
1193,792
2296,656
3875,3242
3919,2479
2913,3284
2485,2155
2063,2577
1000,2589
1814,2805
957,3330
2904,2473
3186,1393
3593,2891
726,1113
1334,3603
1437,2727
3998,2026
3191,1901
974,898
2137,2636
2319,2844
3914,2914
1330,2348
1806,332
1858,813
2125,3537
3504,1149
1026,220
889,3053
2960,1394
3845,1687
1138,2889
719,3633
2630,1815
2187,865
2600,57
66,295
2031,1866
3355,3935
1574,1580
3756,2426
1749,663
3610,2994
3896,2556
3608,2811
246,3452
1444,3789
1657,1983
3128,863
1053,3713
1572,2485
2774,810
2151,2467
1294,1071
3949,2214
2981,843
3364,557
975,3214
1709,2237
3728,2092
2987,3388
1753,1254
2627,501
1676,3417
2035,2511
3408,2261
559,1913
3926,2985
781,178
3147,2675
1426,2980
964,3602
1713,3260
881,974
2856,936
641,3933
430,1375
2474,3095
3659,372
3207,2131
3201,237
2547,2147
399,692
1790,3351
2098,1679
312,2015
3736,2251
339,554
3777,3205
2625,2242
392,2766
2370,1050
46,2016
429,1399
1598,1519
3650,2275
1974,300
1066,375
2212,314
1251,3835
368,441
3707,362
2946,631
3030,2781
3193,1258
3826,124
3389,1838
3919,3390
885,2435
3289,3896
1555,674
307,1435
1974,769
3595,2436
3787,2325
2195,1559
3233,1700
1289,3990
3662,1182
1076,722
3751,3691
3879,1545
2634,3743
3172,3446
1466,3470
1182,3442
2650,2003
2311,2597
550,1722
3106,2466
517,1305
690,1008
3887,2347
950,3974
3856,215
3564,715
3118,1113
2730,2491
3630,11
3894,2218
1099,2367
639,1663
1235,1184
3426,3226
1576,823
3352,2007
2432,3931
3840,1137
370,2177
3179,1566
2834,1312
3519,2024
1670,3887
314,2622
2985,2000
1178,127
2059,910
2828,1946
92,767
3376,934
160,1360
1606,3324
496,1015
732,723
1884,1939
458,254
1430,3734
2775,2769
697,2029
2880,2801
3770,3485
1650,1132
2588,531
1399,1389
3966,2520
3482,3371
2167,2089
2546,74
219,1109
1679,1493
2556,174
1172,1049
3745,2877
1970,975
1161,3454
456,2247
3868,2234
2104,3519
529,2268
1191,2458
202,297
438,2648
3786,956
1970,2920
868,2246
2204,297
1486,2816
2354,2394
538,2327
3411,1830
1343,1485
3835,493
1869,3873
3501,1761
3479,1827
1901,3525
2596,2665
2709,3641
1037,1359
1768,62
2259,346
3243,2153
1057,3202
1661,1903
1885,2658
3140,2271
1197,156
3855,214
2138,957
1919,3634
1845,3178
3822,935
3212,2340
3736,2933
2919,1223
3153,793
2647,990
130,905
2660,2255
3954,1765
725,801
3711,3646
3404,14
2510,1577
1719,1246
2451,3070
1722,1284
3414,1862
2569,1940
3676,991
173,3473
3564,486
3888,3392
3807,1766
3688,1124
3828,533
1728,2219
3038,1662
2644,220
3065,1437
3543,3736
2807,898
3115,3325
1237,757
2612,3924
1401,3764
1159,2704
862,2356
445,3051
2818,2642
2757,3329
0,3398
2828,3510
3302,1896
1401,1789
2684,3627
1447,3314
1002,1553
2896,2730
3748,1211
2033,998
3138,426
392,2830
2951,2949
2049,3918
268,2545
3921,654
3352,1549
394,2746
2246,739
229,19
231,945
2603,3361
3846,607
346,732
3048,3338
3746,1481
343,3695
3277,2274
320,1504
991,1945
3537,2034
2128,808
2797,1766
1348,2743
2934,1610
1915,1311
1634,3008
385,2417
2086,2064
2189,493
581,526
1711,2592
2604,3064
3463,1999
466,1111
2359,1138
799,584
2657,2490
2880,3643
1986,2161
1439,1619
2374,3263
1176,2803
1472,1883
255,76
3808,2808
3442,652
3050,1738
2635,1096
3867,2343
3115,2662
2985,2254
3262,1170
2405,3577
3052,3301
3009,3719
417,1005
588,2829
3074,538
882,3449
3609,3971
2759,3217
240,992
3442,970
3664,2708
3693,2940
2874,1940
3247,3851
823,2122
2891,299
3927,984
1672,3506
1221,333
1123,236
507,2888
1490,83
302,1183
489,3916
131,3810
3254,2131
334,2748
2250,1193
1139,418
206,1523
3863,2110
1759,1675
2304,1954
1781,2708
513,1509
2492,3552
375,3749
2427,1901
1748,2694
678,780
1355,1518
1061,1321
1521,1252
3961,2041
2294,3883
1487,254
2455,2496
2562,3043
1028,1742
1362,1852
2335,3211
1579,1252
2279,882
1434,3712
2958,588
1963,3356
2530,1363
3679,3018
2968,3431
3562,2142
1152,23
2886,3700
225,3653
663,2865
2965,2098
2317,414
1854,2212
921,19
1059,1576
1332,3806
2070,923
3280,3877
3993,3372
1004,1767
1322,2339
3896,2087
2197,3795
3654,2338
3267,2170
2018,699
1585,3514
881,1287
3035,1684
724,1215
3103,27
2978,1326
1014,1680
2245,2159
902,667
2201,1645
452,3868
1094,2136
2937,815
1767,3705
1024,889
2608,2952
612,1498
3994,3133
1418,824
3279,2723
2082,1659
2691,2117
2816,126
3639,936
169,48
3934,3793
701,3385
2806,2164
2855,3474
374,3880
714,2550
2109,155
3799,2665
3411,1552
2011,2083
2693,3783
3765,967
2814,166
3232,3723
2612,3182
3272,1921
3566,3085
520,264
1970,2421
2018,3983
2079,3606
754,3540
3506,1021
2889,36
1195,2665
3896,1816
3996,659
2971,2901
3015,2886
2897,350
2852,2066
3314,2331
3334,1920
472,2920
1558,760
2216,2381
1851,2741
3420,3386
972,2914
2358,2124
1180,3045
3916,1126
3293,610
448,606
2333,3610
335,2244
3618,1166
3820,1225
3251,382
3046,389
3133,1619
2416,230
3773,3888
2288,3500
3244,459
882,1166
2418,2086
3923,3557
3386,1442
3912,3597
914,3685
464,2173
3476,2563
3043,3635
100,61
754,274
2704,76
1468,454
3771,1846
2595,3730
3497,2487
3430,249
94,214
204,3060
224,3200
1897,2272
3753,1519
2543,314
2467,1942
1776,2256
3219,733
2757,2170
3026,657
2183,3334
2088,1670
2173,2311
1162,2790
1863,1346
1651,340
2210,125
2444,3966
412,3868
1824,438
126,2921
1515,2117
1265,28
3896,1784
1635,2864
1450,185
2670,1898
834,582
1320,907
2220,21
2566,2521
1979,3647
3031,2265
3278,2663
475,3089
985,3019
1686,2337
3152,2290
2469,2021
591,1805
234,3327
3825,543
576,3699
2346,1885
3371,1327
298,2920
3864,3399
1758,2502
451,396
3359,456
3123,142
1270,3113
2727,1544
1464,1302
459,1358
1939,3900
2394,3853
447,1111
1484,2621
3952,3526
742,1628
2061,2682
2432,2946
2575,1277
3362,321
1341,1087
3899,632
163,526
2401,3431
2087,2602
3611,3249
2694,1938
3301,1429
3355,109
1204,2663
3483,3698
1154,937
326,3644
508,1995
1577,1177
3634,468
2877,3403
177,100
3739,1425
718,914
3704,1172
1763,946
3065,2681
690,558
789,2673
49,3358
3122,1272
2574,2924
1910,2200
3991,1851
3980,1081
1258,3981
2769,256
1168,2882
2455,589
1302,169
572,1956
1196,1512
472,158
3344,1171
1298,1360
1590,821
1033,1850
3083,193
3847,1949
253,2727
2065,2793
413,64
2399,677
2732,1298
1373,3658
1471,119
2216,457
182,3349
1377,3891
2868,3144
1321,3411
1600,1281
1256,604
858,1651
1494,492
3269,3866
1689,1959
1491,3301
1724,2911
2756,2929
1318,245
2393,1676
585,2582
2310,2162
2071,3844
1003,964
3384,686
252,215
187,2770
858,1371
2966,1679
3763,1336
2751,2705
2422,3663
2472,364
161,901
1007,2030
3338,603
1477,1391
3956,3900
807,616
2376,2269
3726,2967
2342,3016
420,1224
2203,1083
1547,2888
2227,1111
3331,328
3001,3778
3647,3440
2868,3689
1561,3280
345,3348
3391,1533
569,1571
918,2239
2129,3182
1510,2713
1142,3766
2983,2271
3741,1290
595,396
3031,3885
206,605
819,2988
3346,1548
2180,2386
2563,63
1557,1147
1208,118
3926,1818
3279,1396
3864,3649
683,3118
949,2940
1125,3841
1942,936
630,754
827,2011
3522,2231
2883,968
1040,2119
1439,2438
2055,1648
3257,66
1823,1493
1394,1771
658,1810
861,1222
609,2533
3207,2935
595,3735
258,2130
1331,1034
3938,1207
1970,2931
213,3204
1939,730
2506,892
3638,3177
3514,216
577,3693
61,2483
2091,1198
2537,2840
3491,549
3985,1186
1986,522
1762,567
1756,1889
815,2776
3870,28
1821,1508
1979,3286
2758,2973
146,3874
1617,245
3328,1658
154,3234
2138,2873
3556,2195
2604,3867
3504,2193
574,550
567,2145
3670,824
2268,819
1772,296
688,3316
2634,2196
2290,2842
1819,2248
366,116
193,3887
408,3405
703,1892
2940,3579
3282,2511
2197,1729
3967,1867
366,2841
3283,3487
806,306
2939,2239
667,1971
1601,287
2644,1839
2671,1017
3354,1625
2181,2126
1165,2538
3406,1612
3114,407
3411,3332
2795,3093
1207,1267
1473,1836
2370,1431
3137,3413
2702,1207
1097,425
3681,3501
1433,710
958,2659
1198,395
2140,1563
1497,1150
1507,2277
3403,3806
2440,1560
150,1244
681,1759
2634,284
3322,2006
1714,3432
2237,107
3913,1841
3628,511
3311,602
19,2299
2846,2518
2771,2435
3120,249
2269,1545
2921,851
2448,2598
3073,2664
3849,950
3430,3643
2256,594
340,2697
2417,3411
3709,3143
485,2609
872,723
1711,763
2868,533
2445,822
3549,59
939,3424
1664,1187
3852,1521
47,3748
323,3725
3457,3813
1537,1228
490,3864
3779,2402
1330,1609
832,474
3246,2815
168,1333
1120,3998
3109,3871
3023,213
2933,2332
3404,2651
3711,301
2429,3722
1662,3968
2312,3198
800,2611
188,3859
298,2204
3834,1577
2945,3801
1318,69
86,2278
1306,1302
2541,2190
1902,1409
147,145
1133,376
620,2432
2525,288
3953,1428
2662,1617
2399,3405
348,268
3579,3666
2531,991
1140,2994
167,951
1089,3041
3591,656
1757,563
3485,156
3070,3721
170,280
2051,3235
3165,557
3551,1106
463,1370
3155,1597
3621,3871
1447,1146
992,3164
596,672
2476,1394
2056,2124
1801,1226
1655,1095
2178,1686
2986,1131
2072,552
340,3202
3606,3648
3292,44
3101,598
1007,3957
2636,3775
3860,1445
383,3577
515,2716
2567,2010
2409,3265
2118,1514
3832,2633
1929,2832
2945,995
1970,2940
2172,3473
3400,3458
445,1611
3621,2966
1083,1009
3580,474
2099,1927
2007,225
3578,2186
1669,2450
2369,2796
3335,3248
5,3725
3299,2258
3972,380
1498,882
675,1823
3482,1825
1367,1901
1029,1845
2857,1030
1997,251
904,553
1594,2394
2098,3352
3975,2547
1828,2318
110,1308
2937,1871
1402,558
842,3596
3060,1709
228,64
1183,3574
3205,3705
2145,379
1830,3517
59,2194
504,391
3422,2665
2255,2848
483,521
1550,3213
2638,1413
1025,3181
3443,1817
3168,2639
3896,9
450,3080
3931,3140
853,771
2685,746
1189,1967
3442,934
1676,68
484,2233
3326,2578
273,3602
856,2160
1,2667
3511,2654
409,2450
1859,3314
2350,2035
3164,687
3428,3450
64,2850
3044,3277
2848,327
1431,3907
1205,2730
3285,1058
3873,2484
3332,969
269,287
3851,2069
456,1326
2618,2614
442,2442
1915,771
3194,3267
1872,2651
1172,1537
2224,1772
3295,1123
889,166
3712,1743
2883,3270
330,2911
3183,3564
259,1825
1090,1965
3866,1947
704,658
857,2901
3209,3197
3965,3027
3985,636
2180,3307
287,3008
2109,2278
1875,1552
551,2673
1395,3987
1506,196
2863,2025
3145,2364
646,199
2418,3022
3560,13
158,819
2451,1855
2192,963
3635,2819
3969,2472
2344,421
3800,594
3619,908
1380,944
2451,1970
345,3713
1948,738
437,1917
3170,2669
1009,2555
613,967
31,2861
1836,218
3862,2343
3512,1180
1300,361
651,875
1671,749
469,1791
2554,1777
3390,2586
685,3050
1164,2628
1506,264
727,216
1892,2250
1269,3067
469,3105
1494,3959
1419,3071
1117,2780
999,3191
1107,3083
1543,2478
3398,2956
3163,929
449,673
3165,2982
2388,3076
2881,147
28,42
426,2340
1825,79
3079,1572
3117,621
2913,1383
163,1781
3843,1811
2830,2295
373,2541
2601,479
2084,3802
246,2009
931,3518
1723,221
1341,2762
282,2222
524,2183
1968,2744
2371,3080
1639,2260
2629,2014
1052,3969
2906,2430
3149,380
1812,3435
1338,516
1907,2448
1920,320
1188,2807
294,1324
1950,328
713,388
2301,1452
85,986
1695,1795
3168,3340
3752,1937
2990,3373
3909,51
3034,3188
2388,1503
3352,2991
36,2169
6,3415
3909,3073
877,694
122,2762
3710,3510
1065,832
3952,2160
146,2475
3144,133
3489,1802
2552,3257
2481,3184
379,2646
3206,321
1104,1934
684,3086
2709,3444
2869,1802
1767,1726
1663,1982
867,2902
122,3613
751,1296
2094,684
790,2539
500,3292
3633,2747
1288,2822
2626,1634
2179,1936
371,2720
2155,210
2268,87
1604,3589
2703,3792
3623,2470
1390,1201
2661,2174
1779,2064
1598,2713
1930,72
2143,2090
3505,944
3418,2763
922,2690
189,1018
445,2052
1066,798
3058,1643
3108,728
622,1096
2554,2999
3189,1451
857,3317
1141,2715
2045,3580
2076,43
195,3523
747,839
2168,595
3713,3233
2614,2519
1785,1816
719,1866
2043,3047
1640,612
880,2379
2157,1683
3223,2425
3427,1023
1876,1633
3929,3475
1033,3297
2741,2477
2020,1118
1955,1175
2091,88
2633,1747
1085,817
1260,1379
2669,1943
77,2648
3960,876
3695,456
2695,1573
2586,39
1483,1032
371,2647
208,1165
3400,3338
1267,488
3985,596
2297,440
3516,1892
3405,2129
485,2717
2169,67
3333,2485
3408,3371
519,1500
1264,2168
2761,3672
1737,1733
1173,1403
1771,2581
1364,3522
1240,764
2152,1755
1928,3802
3726,514
852,1697
1762,524
3260,999
1623,2017
3159,593
2354,484
3196,2132
1592,1752
3817,642
1032,3718
2151,2119
2575,2479
3227,1196
2453,1110
2480,3056
3729,2350
1022,383
2784,183
1600,3521
2775,332
2160,3471
3748,60
3623,2693
347,1062
114,2921
3367,2615
2786,1587
859,15
2796,1645
3371,3682
224,1411
2841,2996
1053,3818
3434,205
862,3820
1948,795
1735,1405
1666,3522
3814,3626
792,1764
206,1045
1969,1534
3236,1163
1737,2158
3199,3985
1416,753
507,561
1060,3356
657,43
1928,2561
1319,1143
556,2097
2505,3906
854,2852
2474,3236
3965,1282
2529,685
1596,1949
1084,259
595,1055
2830,3843
2165,519
1271,1600
476,445
798,603
2732,1416
1099,2932
31,231
3699,1134
2686,1628
3962,3414
1638,1518
1939,2386
3661,2958
2068,3512
3490,2266
2775,1421
21,3419
2047,1332
2244,3705
641,3179
257,3477
1068,1637
1603,479
2226,1970
3214,3357
962,56
980,135
3878,2960
1400,3503
1783,3445
1303,2233
2404,1741
183,1849
399,2512
3685,2394
339,2925
46,404
3427,3295
3761,948
925,1233
3597,2569
1590,2618
3753,628
3333,2833
3796,226
340,1417
2331,365
1258,90
635,874
2588,712
1308,1599
132,833
3678,1443
2456,3161
1398,1111
2290,935
2772,31
3137,390
3037,2395
1288,868
2159,3615
3902,2605
1951,1825
1526,154
2468,3612
983,1642
1719,1401
2053,2605
3322,3252
3594,3229
2275,3863
3419,1001
191,7
2370,1952
188,2680
585,3532
734,536
2707,2262
819,3351
3235,57
1387,2890
2854,30
2451,293
2545,2866
1676,3353
483,228
1453,2642
2860,1829
2314,3278
1572,1381
3591,1891
568,3765
2525,3195
2964,2176
3220,3593
1088,2285
1463,2536
289,2451
530,1317
691,3011
529,2461
1891,2701
1194,2958
1243,500
3169,568
712,3003
1695,271
444,3
52,455
1409,2757
1568,2232
2900,3600
3629,1008
2474,3642
3220,1509
755,2513
482,3016
2553,329
2491,1943
204,489
537,2623
3364,3034
359,2065
2105,2856
1480,3236
327,3849
3132,3748
3082,1272
2329,1882
607,2521
961,2441
363,3956
1782,2956
289,2722
2108,3840
2437,1265
3780,3500
1031,2688
1756,2886
2765,3533
1840,3378
3053,2226
3933,3430
1847,1455
3032,1444
611,2106
1337,140
11,960
2827,1516
3102,938
3642,2115
894,1248
2400,3416
2060,3141
3170,2595
726,2603
2462,2595
1037,1202
1180,3455
73,1283
969,1410
3328,1275
2439,3889
1106,3525
2712,2045
3422,3509
3177,1485
1533,3470
1354,2161
1115,3606
678,3026
1793,1767
1875,1232
3859,3449
3452,920
2664,1192
1357,401
879,2171
1021,3748
1211,653
3883,1550
1174,638
3261,2909
390,1729
688,3263
2073,236
95,1630
345,1405
3747,1901
922,1816
1568,3534
3286,609
1783,390
2690,2405
3107,3552
2858,2085
2894,2760
1347,972
2952,2390
531,1314
2027,3276
460,2635
2047,2112
3669,1685
3852,1005
2253,888
3811,755
1596,3145
3487,1867
641,1879
1374,262
3217,569
3984,855
2429,1330
3195,2673
2028,3587
1270,1366
3782,2021
172,1084
138,1683
1822,2820
1672,1355
1704,371
3238,3399
940,1747
3066,424
3327,266
3020,2739
870,2385
2434,700
595,1653
2804,2861
828,3457
2039,12
2184,2584
707,589
1970,1516
2392,1446
41,1844
1715,3738
2328,3793
2482,58
2604,2217
38,53
2076,591
1430,2314
1941,3291
3584,61
4,208
2787,1504
3249,2561
2809,1325
3227,2802
3940,329
1940,2691
2783,3730
3526,516
3013,611
1251,903
3788,74
297,1484
3384,957
1318,2783
2905,3712
188,1460
1482,683
1856,2845
2855,864
46,2558
3158,3536
420,1539
3570,3433
1742,290
811,671
528,2790
3147,3348
879,2653
1522,461
3985,1042
261,763
2607,3633
1457,2926
2642,1515
555,3908
648,2548
1328,1924
3479,797
2081,901
965,2746
296,3677
1157,1411
947,1268
1480,255
1079,499
1970,1036
3040,129
3494,2066
3169,3263
1463,110
400,440
3830,1387
1620,3718
271,1427
2059,615
3743,197
244,2142
1550,3008
1397,2941
752,2448
2848,128
2519,3185
1551,2446
3788,1608
784,2783
3535,1970
336,3352
317,2892
3917,3191
1641,33
1904,554
3813,1644
529,600
2757,2573
581,201
947,626
2248,3773
3480,2572
102,3152
1958,2692
778,753
2177,2085
2513,83
448,3887
728,2177
1681,3347
1274,110
3307,1230
2428,3446
1212,2133
2137,2524
287,539
2273,1208
3561,2355
3678,2201
2846,1508
2340,1807
481,1867
2813,699
3968,433
2109,1255
1861,2205
259,2567
1955,2478
940,1533
1946,3379
770,2218
3027,2369
1106,3336
324,3499
1916,2878
2635,587
3546,3119
114,717
497,424
3554,2918
3158,2876
1864,2035
3694,3394
1300,688
1261,3869
3608,2387
3837,1526
1910,2512
3901,16
1440,3668
1175,1482
475,1339
1656,387
1541,3269
2497,3167
2124,1177
595,340
1788,2291
2045,3135
3533,2568
3172,1097
576,3387
719,1990
1975,3589
2112,2477
2758,3613
1694,2975
1767,1239
1634,3528
356,1081
2940,2935
2258,1129
2420,537
3962,946
2082,3816
2322,258
3281,2599
26,713
478,928
819,3893
468,1718
900,2189
1371,191
3397,1528
1849,339
1270,3673
715,1651
2084,3343
3986,702
3922,2235
207,1102
3890,1006
3376,3724
653,2465
235,1086
2399,3578
164,3231
1676,2753
2584,1360
528,1162
305,567
2940,2264
3296,1327
3702,3296
2691,2080
3211,2604
3831,2029
1073,2635
587,1954
2264,3706
3297,669
3087,3727
2451,3318
3609,2512
1649,3376
108,2725
3173,3078
3763,1408
355,1862
3748,2463
3535,1959
178,2484
1970,140
2651,570
3046,3074
1329,3382
2871,985
3470,3069
192,3348
927,2839
2095,3944
748,3273
3453,3415
1345,1412
2392,2540
3245,2855
544,2499
1233,2066
723,1186
979,1323
171,3018
222,659
2939,331
841,3570
1185,260
3663,582
3063,3302
2564,106
2208,677
1558,3955
1640,2000
568,2437
3038,290
1395,1734
1991,2682
2124,919
236,200
1750,2078
2362,1886
3890,1542
1336,3901
3978,894
130,307
3557,3918
902,3746
436,1297
2499,3260
1667,3544
3028,1905
1490,1767
2356,2
629,1761
3750,2625
1276,1447
1010,362
913,1050
401,2312
1668,1442
430,3068
1894,3040
3902,151
2799,550
2382,3186
955,2075
47,3632
2366,3821
692,2286
976,1224
425,3836
1810,3021
2263,359
3637,3086
3085,3731
1200,2584
3523,2150
2390,239
977,3009
2814,93
1500,3619
298,1952
478,3140
3428,1556
3014,3035
2157,3077
32,3134
3605,3006
3666,1505
2099,3181
1884,3129
38,3208
3727,289
185,3076
2787,746
1203,2903
3355,2940
3028,2544
3733,2769
2955,2113
2617,664
3319,2228
2559,2753
670,1583
2917,2567
3562,1636
2267,3020
827,989
323,3290
1387,2490
230,2313
1339,2616
1721,529
861,1082
2414,3807
2269,3056
577,2349
764,2896
2188,506
3815,1492
1744,3650
3999,2055
993,1151
2737,395
2495,878
1671,1679
1198,2353
3883,3088
3367,932
3440,410
269,3917
1458,621
1024,3502
692,1006
1863,2947
1536,205
3886,1853
1267,1737
530,3444
2706,713
3509,670
2598,1383
3805,2767
1976,3976
3741,1131
2326,2304
1054,1961
2986,3108
552,2918
616,2476
1591,2008
2130,104
26,2002
1111,1871
2711,3686
3708,1970
502,509
3136,1509
693,3783
2531,2559
2071,3631
2928,1716
1356,3072
2224,3228
427,3642
813,3567
166,2515
3168,1269
1588,83
1351,3375
2624,2152
2207,650
1180,3625
2580,1179
2619,2225
1800,553
2277,2330
2355,2310
2451,653
2678,48
499,1026
55,2201
846,1425
2174,3540
3863,3439
106,2114
535,948
1160,673
1836,325
2115,2912
2442,502
2463,623
3474,1794
3458,1030
686,2743
1376,1996
1222,3814
514,3240
169,53
3679,3065
1352,480
998,1209
3882,350
949,3747
2998,1323
1058,2033
3466,2568
2048,277
1610,141
3210,1503
2276,3469
2801,2431
1947,3998
2047,2931
967,930
491,419
566,613
3448,2301
1787,2201
3467,3075
3377,3341
1913,3048
1532,926
838,3852
1188,1694
2908,1855
1057,1221
487,918
3436,3371
1118,2314
3057,2725
650,397
1410,1926
566,1195
2182,2752
3573,3966
269,415
1342,2721
3670,300
2378,1819
1764,3180
1064,276
1844,2625
2504,3443
1732,3322
3536,1986
1225,565
882,2272
38,3895
1313,1100
379,1530
2407,3565
3576,1386
345,1294
2827,251
250,1570
3205,3039
2459,99
552,2342
1193,560
1938,1529
1220,1662
2977,2453
395,3973
3489,3601
2357,109
2375,2228
2918,343
433,2712
1258,3877
3966,2800
761,3272
1538,1348
2918,2857
559,2563
454,1768
2596,458
1456,1444
1450,1712
1719,2315
2030,3232
3344,1908
3315,190
3269,3047
3064,335
3877,2824
2454,546
3579,3780
1396,3794
52,1554
2869,275
3664,782
3538,776
428,1287
1023,3660
3134,2565
3721,1611
2147,2655
2747,2948
1564,3741
1821,2493
3221,951
694,836
3690,3864
3805,2042
1149,137
3681,1760
3301,1240
2044,2735
1809,313
778,2023
1871,3559
1099,1421
2027,2778
2821,1108
2381,113
3512,3562
1289,3892
565,1155
812,637
3210,1808
243,829
265,1788
103,2965
3671,532
1301,2077
3978,1705
511,705
495,3492
22,2138
3370,1738
1872,22
1984,3595
3033,1118
3464,2385
1731,328
1609,2057
2409,1898
398,1535
860,2780
3061,2254
3019,3051
2894,420
2703,1319
1932,475
1864,1721
52,1291
605,1020
1821,26
3121,1280
3662,586
3568,2279
1340,2941
3528,2918
2284,1159
1349,2864
2740,2034
2777,1144
2727,3613
1663,3887
2321,1995
2920,1510
3847,788
2667,523
982,3001
3129,943
1998,1648
315,3420
1208,358
2353,579
1685,1796
2642,2938
386,2062
2785,2327
3784,2390
3760,1980
3539,3272
3664,3267
1826,157
1242,34
2806,3370
2883,3687
25,2630
1740,767
2852,1153
2495,866
918,432
3319,1065
3155,340
1761,1098
2140,2680
2929,3979
3476,1222
3919,425
1889,896
2456,1533
3197,2119
2918,843
40,2813
1746,3453
3867,3043
3905,2992
807,522
2984,833
706,943
3674,1971
3444,487
2962,3427
638,1170
3494,1167
833,2440
3828,710
1980,2015
2765,3957
482,3293
1418,2771
3448,1354
2556,1619
2171,718
3437,3245
2666,501
652,2274
777,3477
3337,416
514,2761
2612,2879
805,3782
3906,2399
1130,1692
1853,606
2085,3749
1213,3801
584,3522
2624,454
384,1945
3841,3079
855,365
2503,3777
3924,120
2604,2042
3967,1104
823,1116
2002,3330
2637,1223
995,2203
3668,1871
6,797
2247,3261
231,3710
2366,153
3100,1559
2665,3574
959,3699
82,2067
1712,3404
2841,645
1406,2452
2635,1418
2393,1963
2300,1927
1004,2895
3833,2049
1495,2486
1546,1359
2505,3766
3495,3438
1412,457
1118,2643
65,2129
2970,3580
132,1376
1117,801
3629,71
1997,2503
165,1586
120,633
3714,3282
2078,2297
522,197
267,2401
1286,1960
1840,1469
284,217
3671,817
3734,960
3878,386
1261,3538
134,2428
1177,882
3110,3803
1062,165
3520,2402
2508,308
1532,1778
2613,1631
742,1380
450,3268
2819,2178
1270,2776
1127,738
3413,3824
1070,1752
837,671
1173,3203
1027,1454
2129,3472
2734,3125
1398,387
2733,2107
1499,503
3225,2000
3896,1214
876,736
3147,3390
1885,890
2175,2990
2933,793
1977,2329
1699,531
1673,1172
2893,3806
3295,1855
2496,97
2652,1349
2128,3651
1049,2273
743,2954
3575,1151
1432,3645
3772,2393
836,2286
2562,3494
496,586
2587,647
1932,1235
1637,1128
1683,562
2267,2418
2668,2135
2497,3971
1506,2740
3520,1839
2309,2196
3593,3886
2335,1400
2473,802
2904,3547
98,3683
3837,1522
1801,3237
2173,721
1956,3731
825,1133
1042,3344
3632,2961
3582,2940
3928,2576
3067,113
1436,584
360,2551
136,965
2596,279
2325,3402
2762,1292
2932,2729
235,599
201,2844
1419,654
2940,779
3955,175
2924,3290
3055,287
826,622
618,2869
1333,3138
1158,446
1763,36
755,3330
1052,680
2892,3995
816,1415
3667,1134
1617,3806
1494,3116
1955,525
353,2228
3413,654
2599,1057
2380,1741
3197,3773
1461,3934
2988,411
1570,1734
3026,3241
773,1665
635,3985
2333,1140
1982,252
1803,3716
3342,3609
1231,1618
910,252
548,1654
3366,905
3742,668
3798,1225
1672,954
2452,886
855,3505
1348,2306
2372,1866
3414,3337
2208,3429
887,2545
3419,2017
1627,1759
2674,2763
895,2471
1423,2123
1221,858
2087,2875
1465,63
2668,2885
1275,3245
2972,1304
349,2620
3175,1438
3294,967
2413,3805
1382,3791
1187,251
1502,1067
1115,376
2243,385
2367,1571
3298,2915
1618,1509
2866,2748
3659,3044
2923,3203
3187,361
474,2384
1968,3967
822,3495
1342,803
3064,665
528,3686
1442,598
180,3468
3565,1509
1992,3607
3601,3
1700,3455
1459,2764
2988,1172
556,1354
3587,3821
2359,2918
2261,1684
3887,3173
3145,1894
1438,1793
835,3420
509,3013
3616,2023
2410,2342
3563,2895
814,3427
3023,761
3347,2258
866,1953
1062,1673
3806,2757
1846,580
12,1854
716,1355
3794,3769
268,1655
26,2659
1996,880
2110,1212
740,863
953,928
2850,3241
1786,846
536,2454
747,3036
930,1335
282,1126
2753,2687
2104,2580
911,2678
592,1973
3913,2609
2486,675
1970,1125
37,867
2376,3657
3655,370
3607,1615
3246,1839
3744,868
1328,1796
3700,2134
1161,779
1847,1315
1243,761
132,626
828,2445
2609,3225
80,2616
1590,2908
3153,1905
730,184
3077,760
1963,2771
2134,3096
687,3598
518,2439
885,3216
627,194
1398,2260
196,2943
3288,2951
2044,3471
2947,151
2229,2012
2640,1912
1870,3436
242,3301
2662,1262
3657,2744
1213,2012
2387,2094
2779,406
3360,991
3921,1672
2315,1560
788,2141
1776,2674
650,1730
2190,3521
474,623
3284,1391
3603,29
3547,2831
2332,1304
3805,3292
3580,1878
3456,3661
1627,2044
3242,2451
3929,3281
2620,3425
2210,1970
711,1076
2633,2814
2628,1273
2093,2201
1547,356
840,96
743,3742
3624,2817
1729,1137
2707,3478
3265,870
2281,3079
1012,2009
580,2750
458,2031
3679,3640
2604,3125
3459,2675
2326,1402
2067,1357
2759,3861
3216,2100
320,2867
216,3692
2146,3853
1142,3763
2867,1331
3382,882
790,1087
3641,1967
1842,1386
3781,1223
588,1458
3705,3203
1919,2533
1811,1281
301,3865
206,3112
782,480
1125,1413
3033,1679
1629,2863
2488,649
3729,575
793,1811
3374,2785
1624,2229
2535,3232
2421,592
149,345
2539,3588
493,3697
2619,288
2834,1291
112,1626
3349,969
1075,3896
634,94
125,119
2144,1450
1342,2927
176,2739
2048,368
2396,1467
2638,1383
610,3957
3435,1042
3559,192
1054,3587
624,140
1880,3331
2102,643
2968,2687
3340,2503
2856,3062
3309,3600
3078,3756
412,3784
2293,3956
2664,1939
3072,3945
1995,1467
3926,3946
1655,1953
2604,1507
1574,360
1579,3830
2367,2081
253,1603
2981,923
2733,3813
577,1706
515,1768
172,3888
2535,3700
1676,652
2422,2394
3754,3362
3321,203
3981,340
1064,2504
950,322
152,1096
238,973
1391,348
2560,3002
1220,2266
2709,2726
2128,1474
340,2570
2900,1906
1391,1984
3506,2265
2207,3391
913,3087
363,2458
1043,2068
3794,409
3527,1564
1800,87
1266,664
1086,3854
1103,1813
3000,129
2345,1762
3190,1069
1604,1728
2886,2851
2729,1646
1476,330
3395,3154
3189,1305
2826,3419
2005,834
1014,2295
1092,2386
2467,1238
775,368
981,2041
1882,1797
2373,2543
844,1461
1706,160
3943,3755
2509,1927
3096,1617
804,3160
3858,1943
469,1837
2498,1914
886,2200
294,1973
633,3658
919,162
1911,628
893,742
2409,1472
3320,3759
2042,3987
32,3542
1702,1293
3190,3982
3234,1017
47,1776
1650,1041
1952,2794
3120,3769
2267,1172
2347,900
250,1890
2689,2546
258,801
2698,3559
1091,3035
3416,3440
311,3151
1060,2677
283,350
1086,60
2440,2176
2870,2607
3675,3648
1954,2263
1102,1254
869,2598
466,1263
3819,95
3921,1128
745,1147
769,279
1945,1243
2594,3645
3583,2201
2870,3984
3141,3340
3291,3343
1146,2875
3461,205
1166,1327
2042,1168
1712,3923
422,74
1926,2621
1256,2987
3251,167
1326,2550
314,1478
2,2980
1599,3184
2950,820
2329,2243
991,1423
2685,3517
3876,3861
1235,92
2990,3049
911,877
1621,3891
3507,899
3590,388
901,3495
2984,2269
1160,674
2150,1205
3143,3127
2389,2111
30,2306
3425,1785
3345,1112
3989,2776
1964,3875
3407,3875
3665,597
3350,3110
247,3208
3850,2799
520,2708
3605,1446
648,1934
916,2991
285,664
8,2507
1721,2465
2426,1833
1454,3823
583,446
1773,3443
3396,3527
405,1381
1434,993
902,3450
3598,1089
2038,198
1069,2687
410,338
1141,657
495,1329
449,2669
2388,3305
3178,51
3025,2853
631,1535
1662,1764
1939,548
1080,3815
498,3630
445,1445
133,686
2148,697
1765,2894
3622,345
3705,2675
807,3714
4,1532
3840,771
2449,1049
2299,2121
620,721
2052,2760
3455,2924
3799,736
241,1538
2845,2949
3468,939
3519,1604
2323,595
2368,2377
3578,324
2423,1735
706,40
3116,2447
2294,1703
126,2974
3091,2583
1788,796
1630,1120
3830,1865
2738,882
3382,739
3361,2825
2601,470
622,615
2678,1019
700,494
3689,664
1511,1206
283,2357
1425,2583
1644,278
3504,1531
3880,3979
3647,2468
1175,1937
2139,1582
3027,2868
3577,1306
1273,2038
1420,2307
2688,201
3933,1189
2906,782
850,1408
3248,3429
1592,478
2135,1629
987,1153
3703,3604
2587,831
2378,2738
985,2810
1483,3562
1664,2885
2363,1417
3038,3911
2971,816
248,3030
128,2793
2711,2626
1773,1647
3214,976
2071,1249
233,2183
781,2208
1200,1284
3275,1832
483,1117
1128,2234
2672,2566
2019,2888
3575,223
1871,3756
562,1594
2127,3037
3059,1774
2959,3796
1319,454
1701,761
1756,3345
2757,3599
382,433
1372,3401
3029,2997
2606,324
2663,220
3840,2384
2123,2517
826,2292
1111,3620
642,2405
1436,163
1041,2489
2768,1076
2717,1056
3822,3130
3527,71
679,3531
1555,1085
2842,1724
2937,2210
1626,3025
3069,2626
1602,1441
3913,3786
3620,2150
2859,3439
1699,1658
2089,1082
81,3456
1245,1378
553,2745
3084,248
812,1993
1730,932
1524,3392
632,97
1475,1587
2629,2886
333,635
2829,2115
495,3569
1784,2648
3407,2215
2299,1784
1381,2163
3866,3480
938,2979
1758,2435
409,1347
1357,3337
187,3656
2277,2745
1369,148
2457,1639
3426,3920
1353,3589
1941,221
3196,784
785,3680
3487,1501
285,401
3555,1404
1770,341
3241,619
3809,3689
3617,1905
2460,921
3429,184
1486,1573
162,444
3598,1214
2793,2416
2133,2127
2940,3173
2324,3745
2928,792
2779,1917
2444,1556
1970,1565
671,310
1817,2268
3193,1530
731,1860
1069,144
2308,1873
1155,3927
1817,2096
3391,2785
3979,3932
1818,2582
1715,869
3947,3437
2610,1313
3524,819
1843,820
774,342
3469,1268
1693,3144
148,1953
3323,3499
2939,1009
2590,2313
3640,402
3409,2922
91,1227
644,66
2303,3554
1322,1671
3550,15
2188,787
3370,2115
2765,2101
3463,1160
2970,745
1691,1072
1931,3315
1696,2974
40,1936
13,676
3480,2618
1593,2957
20,1698
2136,3947
2149,1420
396,3025
3401,1562
2303,1954
2199,1067
1583,1103
3858,1358
3123,129
2217,2565
2752,2408
301,1191
907,3549
1837,3739
2154,2588
1584,3089
2135,1007
853,2868
199,3136
674,3665
1889,3831
2997,1540
1156,895
463,1541
881,1733
891,452
662,1435
3359,2020
2507,2552
3605,1396
2688,3030
3372,2205
545,3612
3819,730
3689,2257
841,1248
158,2032
1422,3396
2214,1241
1148,2415
272,1542
1539,1485
2279,1302
3280,761
3045,2170
3211,3980
591,2591
1116,1185
3478,3768
824,2411
1856,3750
990,640
3255,3253
3869,1452
988,3291
1314,82
1265,2585
2300,1676
3276,342
523,2475
1247,3359
3580,439
3786,1853
1016,3513
634,1426
575,1728
3374,2594
2729,2450
3781,1782
2570,3443
1753,1428
1904,2792
1314,2057
2494,655
2380,848
2510,2893
3306,3384
880,117
3938,3704
2823,2696
2837,1241
2116,3594
3987,3815
564,2827
2060,1772
1751,2606
2920,3915
3789,3562
603,2471
2043,2399
1701,1340
1385,3667
1944,1163
731,1950
645,746
1324,214
263,2185
3752,2773
711,2782
2537,3774
3846,2639
1716,3881
759,2966
989,3353
419,2602
850,1556
1791,3652
3825,1988
3483,2604
3357,666
1623,604
1582,1382
3709,3911
3377,1827
3785,3116
1048,1878
1970,1971
235,1596
2232,1812
2929,3734
2987,1040
1174,54
2708,3954
3882,3689
2553,44
991,3836
1009,3339
3673,1229
913,2090
1857,3853
1915,2361
1074,732
1164,3724
2801,2481
1929,3817
2018,476
1763,2792
3353,845
1199,3204
330,727
2800,464
3310,280
931,882
1667,2934
882,1551
819,2302
1869,2655
3705,2466
724,1409
640,1792
3787,3224
1617,2649
1073,2249
576,1351
1843,3044
866,2628
171,3174
3672,1992
512,3884
1833,1391
3497,2054
352,3312
2480,507
372,3311
2287,1065
3590,2781
2874,3896
302,3368
3050,3717
3454,9
3549,564
2989,943
1539,3448
2677,656
2825,1983
535,461
2518,1696
318,1103
1607,3124
3896,1727
1894,2249
428,842
2312,428
2429,2249
2849,316
2211,574
3193,2791
326,3697
3269,3176
3080,1531
137,869
2954,272
2637,1358
80,2423
2156,716
98,424
8,3711
3492,1652
3989,979
1692,467
2824,599
3528,152
637,1069
1841,3873
1777,884
1152,2192
2795,2321
3808,1911
2256,3823
1970,2874
709,1483
1975,1262
1820,2308
673,3999
1194,49
2719,1970
2162,3864
1970,1614
1700,90
2013,3752
3628,1465
2110,2508
1341,2034
2009,1393
3462,3805
337,3182
898,2205
797,3090
2199,3663
592,78
3585,1970
3034,2721
2445,3150
813,3160
775,3146
474,2592
2544,3554
1611,3689
3050,3805
2820,1116
3423,3294
2213,1379
2656,3311
3587,3224
3787,1770
1673,3139
1631,2616
1025,3187
1970,3445
3253,3963
2131,118
1787,3485
1509,505
3557,3811
1676,3936
3868,2039
3796,1072
3824,1293
3887,1092
657,2735
3046,884
2450,747
2156,3407
1674,3285
438,1136
3635,3261
3488,936
1135,1384
3507,3299
1013,1369
2283,756
2886,3896
1296,484
18,3625
2149,2592
1765,2871
286,3483
517,518
3680,1988
3352,60
2214,2737
3511,2831
1660,3937
2535,2918
1575,1385
1312,1672
3769,1411
1675,3071
920,2459
3644,572
2297,3723
1829,3600
861,2247
1609,1567
2711,173
865,1448
2291,2293
2251,1468
1767,98
2477,2580
3771,3061
738,625
1407,1275
416,1578
2655,598
3778,2749
3256,3565
2748,2230
3620,898
37,3458
981,1241
1931,2229
3002,1200
1993,1481
814,2953
2815,1907
1702,1291
1892,2521
1109,149
1251,2543
2723,915
2115,3507
3639,415
1261,3315
718,1551
251,2948
852,1590
2514,1003
864,2028
646,168
904,1659
386,2241
3521,840
2936,2082
2461,1921
1085,1390
2992,3850
3977,3241
59,1257
3923,3625
300,2942
477,1088
1617,2252
2974,691
2815,241
1660,3339
3768,2167
1976,3925
3558,3894
1405,3988
1749,1874
3363,1496
1978,2294
3803,3787
2406,847
579,595
3583,39
3149,1763
1470,2492
3735,1493
2144,1595
2307,174
3010,3395
3709,21
2398,3835
412,219
1557,1481
2410,244
2199,1308
2705,1204
816,795
3615,44
1025,318
1388,3896
3969,552
2764,1707
3948,1601
3163,3850
1740,407
2103,2382
1737,1767
1501,3857
467,2392
3617,3058
977,904
3341,611
897,3310
542,3155
3247,2738
1626,397
168,2088
705,1794
1280,1256
2855,2165
3704,1440
2300,3219
1605,2579
875,2523
3516,1677
2816,2862
1505,2824
3493,1757
2509,1582
305,2847
2363,2973
1969,2719
274,3128
770,488
3138,1404
2299,2825
959,2995
1962,2099
1706,273
2918,167
1111,624
9,2005
2463,3583
3005,1617
1792,391
1245,923
1201,1496
282,2803
560,547
2248,2469
261,1000
2836,3948
2153,2516
658,3099
3466,3530
2735,2684
145,1901
3740,1809
3283,1270
3045,1163
2375,1933
1896,593
618,3082
2634,3332
1691,582
1747,83
1337,3655
949,3218
3991,1061
3328,1488
435,3329
1148,3378
27,899
445,454
1134,867
1131,1066
2287,1897
3985,2342
3360,2582
2464,2718
1889,1335
83,1432
1367,2965
3313,1786
3473,1626
281,1048
3975,2823
2631,2220
2843,798
473,3563
1963,561
1544,204
2462,2941
2646,2532
1649,566
3287,3346
95,2772
2379,2514
2738,3617
2597,3309
2809,1720
91,143
2016,3903
3264,1681
1297,696
1419,1421
2666,1549
111,2747
2758,2040
3111,3515
589,3216
572,2107
3118,1930
892,524
3648,3567
186,2439
1310,2093
2441,3478
3676,2571
2096,1271
567,2247
2365,1755
2635,3148
2916,465
3243,1069
70,2238
2450,3358
2585,1615
3876,10
25,3722
3707,2108
2897,1599
3099,2715
3212,2893
2838,3733
3133,3522
2396,1751
417,1775
1359,3543
1158,2857
3851,977
3864,25
83,1056
2670,3712
1470,3693
1936,3322
2858,3541
2247,497
1889,2188
3412,3727
3252,3336
465,1553
291,3896
2812,3831
95,3166
2660,3213
3542,1516
2510,1491
933,3254
1374,3025
943,819
1815,1865
2864,958
1888,3408
3459,2400
3381,1509
1708,2195
283,5
1790,1150
2443,1828
54,3908
2573,1424
2219,1310
2708,926
2403,3100
672,1613
1337,3558
2221,1527
882,698
2963,1994
2479,1517
340,2815
1518,2490
2992,610
477,194
2522,2506
181,3760
1029,3958
2738,1584
1899,2502
75,1507
2835,266
3800,3807
18,553
243,1989
497,1205
3731,2619
2261,2968
3729,2718
3805,3325
1843,821
1240,2359
2098,3762
3702,1564
796,2504
1529,3092
1992,143
1835,341
3669,3345
2310,62
487,643
2902,1151
2486,756
753,2278
2717,1676
186,2299
1237,570
1597,2246
3707,707
693,2722
2870,125
896,1925
2360,2434
3350,1647
3927,722
2975,915
3498,3762
2569,0
2276,3240
2940,3545
109,449
1767,3174
179,2585
2059,1215
2132,1533
3154,776
1613,3081
3722,3836
155,2274
3307,2257
2319,109
3967,2471
3893,3543
1958,2446
1294,3621
1289,1597
1865,1102
648,1832
2395,1227
1229,3209
1196,2321
845,3587
1507,668
2525,2985
1417,1668
145,1650
634,2657
744,103
1953,714
3879,1990
1669,3465
1996,2222
623,139
1418,1440
1907,226
3472,183
3107,2997
1970,2361
1965,3937
733,839
2836,978
115,460
3924,2133
1828,1460
1551,595
3023,1406
2673,2515
2918,1887
2266,1819
2645,2873
1939,3925
3571,2423
297,486
441,3450
1767,3376
2810,2916
2679,341
2877,362
3198,2719
3364,3788
2789,3092
2632,3350
2104,2348
737,3839
1145,3467
2193,2961
2713,2509
980,3426
3672,2438
1970,3301
3443,1682
636,848
1806,29
124,3365
2652,2832
722,433
2555,2905
2985,1767
1418,3566
1449,2213
3323,3285
1726,3462
1242,3099
20,1617
1479,859
2399,2879
2517,2111
2115,1239
1834,1378
2540,935
92,459
2402,2984
462,3575
1280,2778
219,1181
2373,393
908,3854
385,1122
16,1594
425,2960
2144,3004
2196,573
260,447
1263,1407
2164,3201
3246,1727
2661,2364
3266,3169
102,1630
2430,480
1031,1392
2202,2206
1970,3279
2670,1657
807,369
1246,3059
88,1676
322,3015
2772,429
3659,3376
1455,1507
2760,2854
2621,2405
3812,1036
3706,2020
859,1563
3313,3299
1515,1703
887,1406
3889,2058
221,1344
2649,2324
408,3176
2121,2270
979,1791
1119,3897
2006,684
3952,993
3982,608
3470,1562
292,3256
2282,3149
669,961
3326,637
2693,130
332,1909
3997,2791
426,2115
1908,1633
2551,3419
1031,864
3882,1333
1751,3689
819,624
3660,2476
1101,3972
1802,2114
3950,322
2898,3445
1111,3312
2853,3993
3889,3805
1732,1676
3378,2280
3444,696
517,1970
1649,882
1316,1657
406,759
917,1443
1252,2897
3754,537
3517,3967
2202,3582
910,2542
1468,1189
352,62
1311,3553
429,3818
2488,2886
3896,3063
1302,1433
1688,3551
1699,3213
3130,893
3665,2346
882,803
482,735
3816,2313
697,218
3225,2327
3756,2692
203,2950
2923,2548
2087,1300
3257,2365
1923,798
510,1833
1842,734
3732,1448
3582,2224
398,2282
1633,1100
1766,2907
3790,1689
578,414
3045,1648
1209,415
2427,2396
2696,2715
510,297
1153,3251
1012,1565
2716,2334
1501,2487
2330,2740
1009,817
698,2855
958,2383
1296,516
3273,647
3386,2978
763,3256
1108,1859
1517,1438
276,78
3222,2315
785,29
1963,3376
2344,1362
1272,2411
2032,299
1502,2525
2373,1880
1745,3860
2848,452
3406,3292
3010,176
1453,1495
727,2037
1980,2444
1588,887
2306,1305
1826,2907
578,211
1489,2858
1005,3465
0,3151
3685,1104
3532,2652
1771,3368
51,3121
2451,177
1077,3911
3976,3321
111,80
1141,3587
1454,3692
1981,1568
2417,1377
2699,897
747,3689
3373,2191
740,1034
3608,3364
3971,2174
2745,2463
3159,2013
1595,1835
175,3689
2525,267
3960,3313
388,1593
139,581
1156,2707
3371,1345
468,2336
2349,3880
1478,1797
1422,2169
1078,393
1279,1011
1236,2961
3728,3394
799,2483
732,3848
2125,2885
680,1944
724,2172
2935,184
3373,3185
165,3484
131,279
1044,1970
3687,2689
400,1635
2726,2909
488,1452
2637,3715
2630,3003
232,210
1301,1823
752,2555
1831,3755
3787,3259
2724,3052
905,3511
3906,1263
2305,541
2622,2051
3985,678
3464,3765
1343,3682
3939,1605
2284,807
970,3321
637,1041
3896,2518
1038,966
1279,849
3704,1861
3104,2247
966,290
2562,1047
3122,2916
3603,2194
1456,399
1520,351
360,2121
3005,1968
1793,1503
2636,2841
1840,3346
3428,3884
3096,2955
3566,3490
3663,3964
2684,3652
1900,3895
3407,261
2848,1880
1382,2079
966,3387
984,1524
2826,3242
2927,3962
2901,155
2242,1791
1084,1914
1861,1760
807,1778
2376,2800
1055,3548
1757,997
2773,2038
3146,1566
3523,2501
3973,3037
3726,3599
3259,2673
2068,2903
1198,3639
2796,619
1603,3165
1020,1526
2836,3918
3633,319
3288,3191
3643,2488
1874,1571
2734,666
1206,1232
3097,2424
952,1004
2643,3529
3262,2179
1132,675
2049,544
2733,3300
3637,3740
951,1130
2070,2395
3689,1074
1932,190
1869,3334
3202,345
1834,177
1892,3077
667,1422
906,3417
2993,3175
1190,1079
2468,2508
79,1307
10,3857
1733,3017
776,655
3508,2407
882,638
2707,1799
62,397
3724,828
1739,1254
1477,857
1259,3093
1566,2957
3397,3042
3827,2058
1761,2819
470,2795
2659,865
3936,2799
1710,2350
2799,2727
2381,1331
3240,3517
3961,1949
2412,614
1020,1284
3266,2798
2352,794
1266,994
1313,3042
3951,3942
3632,2134
2095,3928
1850,451
2593,616
1802,3423
272,2543
1449,3720
1224,297
2940,932
1059,2746
2207,1457
1977,785
2115,217
2905,3209
3229,3515
3531,2509
534,3970
331,2882
2917,3698
1027,2911
1581,116
567,2115
3227,1492
1561,114
3103,612
3565,118
2808,1632
2837,3591
981,1408
1391,1533
1896,3081
2976,2478
2067,1814
3626,989
1303,3524
3684,1010
3692,3439
2833,3789
3759,3258
2298,1094
1093,2129
2413,2847
180,3297
2136,2106
1114,2667
996,200
266,113
3959,1912
2206,2043
1309,2755
1667,1299
2298,2940
2291,629
978,356
3343,3496
1188,1616
2708,2147
1815,2450
2794,2384
3565,2813
2501,1937
3101,1531
2533,2705
134,1974
2125,542
1296,2029
2697,1625
826,3115
2818,2797
617,3466
1430,2282
1790,1916
3806,2754
3723,806
3349,1540
2185,3694
3776,1868
759,3531
2356,510
377,16
3791,2307
1970,2862
924,3427
1615,2600
3460,1916
2915,2751
1728,907
2700,1097
2786,2844
3012,970
1257,2594
1910,542
804,3326
1169,1913
942,103
2987,1015
3539,2328
3371,942
1399,3634
725,3945
2697,1324
423,2954
1465,1386
1063,788
3113,2922
3095,182
630,3826
690,2597
1570,1044
2427,3915
2087,898
1473,294
2398,1653
3298,2201
3960,3604
658,419
1642,1464
3290,3291
3798,3758
1458,983
232,2530
1690,1118
3451,556
3170,1285
764,1070
983,1693
1416,1501
767,3003
1292,3012
3060,173
436,1934
384,2018
1060,1679
3842,809
2080,3900
3885,944
1965,2454
1016,45
761,1801
914,1366
765,2617
838,435
3755,3505
973,2046
394,109
1093,1928
1186,299
3988,1769
336,1741
2943,120
1724,2116
3301,2425
1933,3383
2798,1941
996,2812
1925,3721
2069,2153
1475,2045
165,2342
1379,3231
568,3184
26,1279
3920,222
625,1317
2004,2918
2472,1970
3843,1449
2024,3319
735,3784
3098,1987
2656,3475
3049,498
1476,215
1576,3078
3056,3501
3321,721
345,2959
3365,1714
2028,3296
2171,1841
2928,3640
2487,2438
413,3023
2923,83
1277,3632
2936,3125
1617,403
2209,3670
3808,3985
983,2686
2141,3156
270,284
747,995
1874,2349
1875,2213
1391,532
3905,3171
2089,1226
780,2433
1590,1656
2752,1954
2060,2934
2324,3804
2971,3131
3415,106
590,3958
1794,2666
1726,3153
2450,3827
811,589
433,445
3261,3028
3397,2940
3007,2700
3737,3243
3708,1930
2804,2462
2660,500
1184,560
914,1299
3157,1101
1158,2552
2695,2833
3896,123
2211,3801
352,413
2026,3809
3024,383
2627,1253
1533,789
3354,2231
3937,2102
1309,1459
3757,2679
1880,446
1684,2026
963,2448
1834,3900
2601,1290
937,2161
1365,3094
2044,473
3934,2154
1652,2169
353,159
414,3000
1029,2420
2404,3772
3540,1707
3496,1586
3914,418
1743,878
57,372
316,555
2275,398
340,2422
1493,1277
422,1644
3896,2029
1439,2264
3261,2543
3022,1427
3768,1356
601,980
3112,2027
3282,490
3838,17
2884,1219
772,637
3266,3799
276,942
1063,3253
2972,3431
2977,3846
3111,3745
1304,2096
3929,3994
2181,1617
2281,3171
996,1993
848,2817
1390,1823
287,705
138,2459
3480,3053
3193,1780
179,3304
2995,2565
3092,3696
527,1058
224,1246
2189,3834
121,482
1509,1944
2358,3355
856,3454
1536,909
319,1022
3925,2604
3954,1514
2235,2767
2470,1960
1209,3095
1247,2369
3550,2054
2807,315
3553,2809
1046,3829
2036,117
2113,3200
1893,3388
2803,791
1073,2491
1730,513
3873,223
3541,2919
68,1581
540,1837
2069,464
1350,3013
3688,3410
3401,1433
2610,758
34,3559
2812,3761
3338,1479
2849,1879
239,271
3779,884
198,3776
3631,3482
1047,2064
1169,3034
3720,2556
3738,1904
3223,2397
1461,777
3309,416
2050,3365
2114,3955
1276,939
3342,3636
1704,3250
2495,3238
1145,1087
1154,2766
1230,3324
2039,2966
2184,2912
3474,3159
2466,1717
1801,2419
3660,695
773,501
3785,1048
2601,3837
3303,1122
160,2001
33,842
720,3832
3007,3750
440,319
821,2708
185,879
87,561
3409,197
3461,2407
2105,1278
3117,1578
2805,1197
661,3808
2917,3628
2600,83
367,1620
2428,933
2806,512
345,2668
818,2302
3084,2451
2540,2704
3400,1143
3237,2849
1497,1643
1979,508
2337,1129
844,1415
17,354
3132,445
660,699
1329,3046
3486,3828
2499,2428
2458,925
2918,783
552,2736
1168,3208
1593,2341
349,2050
725,2860
1976,3324
1985,1767
649,1638
35,1169
1849,2494
3068,1807
1420,1591
605,242
93,3265
2872,2727
1814,3903
3231,787
1887,3166
259,3083
2822,3369
2527,2056
3691,2101
3025,1297
427,78
691,762
3171,1283
653,1948
2399,2296
3869,1462
1095,3085
1728,3271
2383,2247
2751,600
2786,2419
1967,1264
3248,1008
1554,2768
2238,3638
1581,2296
3335,1590
1970,65
3123,68
270,396
3502,739
3609,563
3270,3754
3902,1130
3089,2198
1736,3226
2556,89
3079,3546
3990,3402
2623,3912
1862,3014
819,1434
2515,621
835,102
3865,1718
1972,720
1122,1113
713,1400
2231,2980
3838,309
2650,3992
3871,2712
3152,986
2534,3040
574,545
2638,2425
508,255
150,886
882,1813
1433,72
2546,3486
3874,2964
3218,2949
2644,1451
2058,3664
2839,2451
3917,3897
325,3518
2097,1250
573,2859
2672,3939
170,2169
3860,434
2564,1950
2847,2412
2710,2554
533,2080
925,14
1443,630
2481,701
2821,1876
3639,3560
1145,2021
1227,3761
546,2525
2191,2330
1641,433
2550,2252
85,1527
3492,2489
1612,1835
303,510
3427,256
1970,2201
1038,3646
2053,2947
3651,3872
2839,1883
3354,606
2576,1361
141,535
2631,1883
2640,2700
2114,27
3735,136
3987,3033
3187,180
3968,2377
1804,1414
3614,710
2010,3485
306,1549
820,3641
311,1228
3287,1725
3706,1881
3318,81
698,3862
89,2360
2277,3255
1218,2536
1645,3150
3689,3530
2698,1477
2690,3984
3571,1629
1176,791
976,1809
1019,1074
3488,998
164,2280
2014,1921
2143,3611
953,2331
2695,2815
2572,3941
2553,3032
2482,3287
1195,2336
2014,101
3274,962
1882,2223
2534,2734
1054,3845
3588,1521
713,3753
453,3781
3697,2120
1898,2991
411,2
3545,3069
702,1708
2802,1873
77,3151
3805,333
3148,849
2013,2397
172,2389
1340,2180
431,3481
1253,3675
3180,2626
3622,225
1216,2088
894,1253
3986,1652
11,2969
1490,740
2406,1039
860,157
978,2389
808,1091
726,1903
2473,1335
3417,2731
1938,521
3496,1947
1743,1344
1403,1774
1014,189
2235,3300
3808,3088
1100,575
155,2757
3259,2033
55,3048
3192,3834
3651,795
1431,3989
901,651
1183,3110
2363,843
1512,2245
872,3024
3302,3369
1053,1677
2720,3862
1318,1585
1403,1736
2653,2620
1676,1584
3701,490
637,2539
2272,1895
1114,2201
2538,1035
3992,3363
232,2308
3403,1737
1876,1418
136,1812
3351,1616
1384,2622
1510,277
1772,1780
2295,437
607,1613
898,2262
3602,12
1693,597
3498,700
2372,2624
3619,234
2645,679
3996,952
3717,2245
1746,3454
2076,2252
3193,3230
307,2328
2449,1561
1370,3681
2005,2542
43,451
1533,2581
1140,238
1159,1889
2907,1525
520,3689
3545,1739
1775,3137
2084,2259
1602,1018
2255,2395
161,3160
1290,505
2460,33
3380,2571
1017,3385
1455,1981
1868,2358
3620,2464
365,1497
2503,1059
246,1806
3964,1625
3529,3805
1464,964
2895,2434
79,3832
594,2332
1573,1472
1171,1735
2986,1316
2063,2576
2645,3592
987,2223
2276,2944
1311,1051
830,3940
262,984
1445,3109
601,3615
2126,1339
1982,3974
3271,888
3193,2004
737,3143
1614,1232
3552,917
286,3036
189,2106
3630,1011
2555,3996
1332,1717
151,1520
2534,3963
380,3530
3469,3177
694,3932
1970,1078
908,1098
1654,2701
1899,2788
1237,1544
2820,2783
3154,2702
2684,1755
3421,3905
53,580
3105,2999
3207,307
1723,207
744,2164
822,1505
3112,2130
1889,2436
643,947
2925,50
1376,3075
1059,400
1902,1924
340,2973
1926,3790
3371,3581
2840,1039
2166,3195
1607,3953
149,1797
3812,1176
3576,3821
58,1548
492,142
1172,2942
213,2865
152,3412
1217,3645
2615,1985
2682,3887
786,1124
406,3780
2420,1970
1365,460
1586,3317
3805,3371
1769,457
108,2221
206,1970
1482,3475
3431,3690
3201,1770
1858,3141
1753,1517
655,1824
3929,659
3838,3920
2909,1848
3766,3987
3264,3744
2193,2650
1919,156
3974,1512
2105,1559
2182,1318
2448,2065
353,3087
1973,794
3100,851
2732,3569
882,3629
3725,1089
227,101
1678,1107
2271,1895
503,2256
1475,1672
3499,2431
3228,2605
1286,2623
2074,2154
540,1203
2872,3896
3915,3004
2073,312
2166,3204
1356,1778
1360,191
3416,762
1925,3660
2686,2025
860,1259
3572,3047
1964,2305
2414,2724
1981,912
683,3887
629,3618
2198,3472
2146,2746
2536,595
1035,3053
2975,518
3910,3680
3995,2212
3055,2738
3068,2755
354,3102
3493,3576
240,1320
2948,2914
741,2117
138,2526
3223,1307
1009,620
2172,3164
3389,2414
82,2322
1666,1846
381,1562
2122,3001
375,292
3892,906
1752,355
1070,2247
625,1877
1939,1707
745,3950
1750,799
2040,2634
1071,220
1105,1375
3321,2926
338,366
2168,499
3774,2353
732,2528
2570,1034
3452,335
3508,1351
3217,3019
3267,3791
2447,2162
1325,20
1278,3720
2226,2404
3188,2919
2661,8
1579,3239
3958,135
3218,3571
2994,3066
1749,2641
3471,370
2316,2525
2603,1528
2341,1052
2831,994
3,1857
1888,2397
2217,3206
3616,1742
387,3268
803,3574
35,2118
1946,1185
783,329
871,2611
88,901
3294,1849
2406,1620
3268,3312
1845,3424
2500,3497
1632,2583
2484,455
1877,3689
3050,3318
1121,3567
3623,2352
3258,3183
541,1088
729,1303
2887,955
358,895
2714,1292
1157,2525
1230,962
1909,2077
2011,2774
1523,3422
3544,1250
2160,1958
3848,1016
1574,3067
2721,3856
636,1933
3148,1914
2708,3980
1288,1767
377,3129
245,3792
1218,2070
1975,111
2967,3456
389,1680
1653,2090
2706,3486
885,3976
1723,304
1502,676
3778,129
2601,2049
3498,2976
1038,1536
3881,3649
3157,105
3942,3301
1210,2062
1689,159
1451,248
2683,2676
2707,466
2436,1720
394,929
3677,1173
2694,2614
1244,86
2930,1162
3573,3684
1219,1368
3517,437
729,1210
2257,988
3744,41
3111,2617
976,712
2056,772
945,2405
2221,2081
1346,369
237,841
3135,1415
2349,956
1758,3239
1214,547
449,2325
441,941
1818,1583
2731,3093
409,1782
1705,3949
3312,1181
3811,3696
2050,2489
3488,2837
3865,2890
2835,1982
3230,240
1687,3484
773,3142
856,256
1262,1064
2074,2044
3167,3536
643,367
2915,2190
2496,845
340,2339
3104,1690
2309,3009
3222,2987
3130,2232
3480,2475
143,810
45,472
3434,3439
2926,3843
308,3054
50,348
1213,1090
2142,369
115,439
3956,1880
1287,260
2280,3878
695,3751
1977,571
3718,1299
1918,1960
3239,585
1870,1628
1688,2941
911,1606
3298,2494
1119,3809
1924,1027
3939,734
1334,296
314,769
175,1569
2303,323
1578,3637
340,672
2007,208
2632,2079
3951,3844
1138,2663
2241,1178
2152,1051
558,338
3070,3215
1698,1236
2707,2288
720,2972
2749,345
808,2999
3532,2602
345,1675
1902,662
2557,3641
1242,736
2156,1231
2658,1511
1037,1057
2175,3253
831,2248
486,1989
473,1350
3032,661
1459,1389
1589,3327
1078,2364
3896,629
1192,3616
3688,2708
96,3548
3428,1826
2112,3271
1285,549
2203,1196
342,1533
3155,2192
2993,3970
3331,1274
1740,1762
1436,2057
2335,2287
345,3215
1217,2345
142,2416
3381,3412
2209,1621
2855,3903
3120,1476
2498,3970
2601,3618
3993,5
2958,1708
1115,2665
1522,3491
1775,2696
2385,888
3091,3215
3653,593
1606,83
547,1676
3889,820
1402,662
1467,1136
3624,2510
711,30
3291,23
757,3997
3846,2470
24,665
1969,2441
3199,196
3042,1738
3858,2918
2333,2357
798,2517
997,3376
2677,682
502,107
3375,3922
443,1744
3360,2223
573,1306
2460,2236
1565,2845
2503,1217
69,2148
830,1680
358,384
1633,743
2531,1656
2415,435
3638,308
2240,241
1803,1496
1569,2770
3899,733
1808,2743
2126,704
2083,2292
651,878
2201,2581
1533,285
284,417
432,772
2970,3689
2962,2166
1039,2260
1754,769
292,3088
71,750
371,3234
1146,2724
704,3057
1347,2016
627,361
402,1532
2424,3703
2756,1269
223,2025
1799,543
877,2516
2451,206
1906,2338
3304,708
3433,1080
3542,1429
3165,3021
1879,3089
1810,1852
265,344
2985,3599
595,2217
227,617
2977,892
242,608
2737,2811
3990,3380
1182,3940
2215,639
2145,2337
465,3017
3810,2019
741,1043
2524,2853
1972,1744
840,3873
90,1418
404,1249
455,2493
3374,94
2906,304
1215,3947
3565,1412
976,2461
850,2728
961,1987
3012,1608
2453,1179
831,899
56,1109
1092,2301
3909,900
1192,355
1095,1239
1970,3425
3323,1970
2965,112
3572,1547
3588,243
454,2201
3568,756
1665,115
3843,345
1352,1955
751,933
2593,929
3341,2346
295,463
2100,1830
693,206
454,3429
807,1654
3592,1698
1233,3654
1178,2236
3410,2299
1713,3829
628,3316
1582,2167
2316,1807
3842,314
398,768
1139,414
3220,3547
2289,2250
2537,3045
22,3767
707,317
3587,1537
3733,395
1637,1172
2643,2708
997,646
1767,2122
2116,1372
63,3652
1105,2036
479,1047
3901,521
3758,956
974,504
976,2524
1435,2892
3939,127
2860,3509
2500,903
2216,2755
3740,210
595,1080
2881,3587
3289,3393
2103,1142
3460,3421
3219,2442
819,1891
3645,334
3135,713
1787,1469
629,882
494,931
3437,2175
1718,2528
3109,595
1636,2574
2589,2450
3936,1093
2861,2428
982,1395
310,1234
525,1270
3396,3036
786,3082
70,2389
1901,959
447,2813
2687,1499
2613,583
2227,1350
2754,1330
1647,758
2456,3182
3347,2880
1418,1839
1338,2810
4,1851
744,941
2431,323
2159,543
2391,83
3301,3410
2898,321
2774,820
3839,3743
2433,1827
2061,2866
364,3814
1963,351
3941,1123
1328,812
42,875
3831,1261
445,150
2551,382
104,2448
247,1795
3885,1295
1601,2253
3185,1384
3406,717
291,553
1687,3950
2647,2302
583,3317
953,3715
3062,3250
546,1373
1745,934
1591,3719
381,2186
590,3848
3658,190
1245,1321
373,1999
2010,778
1847,2113
1994,626
1820,717
3780,3967
3480,3770
2770,1917
2191,2983
3804,1587
314,7
1423,2887
3618,2238
682,2338
1956,891
912,1822
1588,1813
45,837
3411,3477
534,3228
1462,1295
2964,3308
373,1617
2072,1664
1462,3986
601,1077
1438,1143
3114,1970
1441,171
1362,3943
3526,3977
153,431
2951,144
3790,1995
3594,1676
2464,1676
3541,1718
2738,2560
3819,1643
3897,548
811,1618
3898,3964
3732,1868
1389,3014
2656,3414
2754,3747
666,2473
541,95
3529,2718
3039,1144
69,602
2450,3481
1320,863
1020,1800
3975,1022
540,2538
3978,872
3190,403
3627,1923
2884,2451
1429,596
2182,89
3455,1962
198,734
704,3308
563,3857
3444,3101
1127,2766
1546,3774
1492,34
973,2783
2176,3255
1772,748
631,2635
3447,2601
2263,1119
3653,2140
748,746
2876,1694
3904,429
3370,837
3394,2548
1353,562
1202,131
3432,1897
3668,3896
1832,992
1773,774
1909,157
3953,3746
1055,3985
2842,708
1424,2202
3748,84
3710,1094
1367,3944
2184,1513
526,735
3162,3896
1133,2042
35,1219
1361,1044
1046,3339
2158,784
1282,1808
1293,347
1666,2502
3581,1360
2165,2241
2945,129
1548,3409
3226,1051
3441,597
2982,917
1471,3244
1622,2378
1056,1460
2092,2443
2938,2744
2903,263
2433,2185
1970,2362
3676,2243
1984,124
405,2692
1397,589
3777,3904
1426,2519
3655,1555
1736,3611
1838,2759
1148,663
3432,257
3916,3395
2163,3428
2019,39
2969,1369
3876,2225
2377,1540
1081,504
3574,2608
2835,1255
493,3453
3797,462
2411,1121
3945,1860
749,3194
2095,2482
3206,357
1520,1112
3759,26
498,3782
1527,3570
2372,2541
815,284
1962,284
2790,3947
1602,1247
2653,3062
613,3102
3196,2262
3973,1212
2201,2899
2577,1961
1111,3071
2532,871
1931,313
3017,1003
853,1612
1364,1670
752,3874
3117,2610
1226,1668
367,496
1920,3233
1532,903
1375,3381
306,999
85,1682
645,50
2996,1344
3335,2873
1677,3832
55,896
1888,689
3321,1397
1803,3594
766,2768
2493,2784
1795,564
851,3928
229,796
3890,3730
2832,98
1690,476
2780,2913
3525,870
3935,511
1889,805
1110,3586
2910,3743
3464,946
3677,555
2408,1829
1704,987
1715,325
689,1700
3798,1075
77,1966
2687,264
2639,2317
1612,3443
2048,100
1767,852
1171,211
1850,461
1632,3595
2219,206
2379,1469
3054,2822
1301,2201
3310,3175
3907,1202
1543,3019
1216,83
3991,3824
3810,2665
1101,3192
1686,233
1685,3556
3932,2371
2051,3817
55,1922
1274,2362
