3043,3001
3511,1805
485,2721
1100,2448
796,3746
1372,3512
2193,820
3656,141
3319,1095
1537,1663
3748,2325
2528,1117
1508,1970
862,2506
1066,133
3980,3676
3897,1174
3660,210
933,1589
3593,3497
3954,3199
2359,2668
3984,2846
3650,2442
3595,3133
1473,191
2436,2342
3673,3522
2089,2634
336,2580
534,3681
2873,1911
1651,739
2182,2968
682,3847
2037,2550
2661,102
189,2482
2091,1914
3150,1741
1808,20
381,2471
956,1041
2249,620
857,2970
2965,2732
3,3155
877,2367
70,1222
2015,128
2409,3861
2789,3607
3191,3569
1671,815
213,1719
1829,426
365,1865
1009,2675
3556,3641
2045,2810
3169,1355
177,2107
433,1087
2124,1969
2,515
2765,3679
1211,1680
2258,2894
1054,1179
2303,3193
1081,3529
1400,1491
731,2955
1243,1255
2276,1770
831,2750
3767,177
2946,1310
1219,253
3584,2323
2863,1195
2826,214
1490,798
817,2646
218,1620
2028,1726
1333,436
155,1149
2610,332
2343,1798
2608,2715
1182,2643
592,963
3331,2957
0,2458
1970,848
3912,3455
3921,1142
87,160
3746,1507
3238,3318
3623,2318
2480,930
362,2307
2252,1163
3233,3367
1482,1999
2660,413
461,2874
2755,2049
999,3720
2499,2183
2978,784
400,2990
1,3714
2701,3951
3615,2135
1840,1315
913,543
3346,1283
2213,472
2570,913
485,1284
3307,1557
1524,3359
3723,3911
2675,3551
2614,948
2194,3342
3985,1287
705,2181
3851,360
3505,920
3746,1670
3579,3357
715,2468
1204,2038
1339,1601
2993,2416
1904,1923
125,2449
791,136
1413,3490
1461,3668
3943,2889
3183,2231
2671,535
1252,1479
346,3637
2731,444
1229,2452
230,1769
2741,55
141,893
661,224
866,1799
1471,2850
1396,3104
2132,3591
2755,3031
300,100
1899,697
2526,1390
1132,3652
815,3158
3793,1403
2814,3510
921,3891
1272,849
1518,2255
187,2749
1242,3367
2830,363
3670,2303
1549,1131
3726,3209
165,2523
3508,3774
1992,3891
1957,3539
1465,807
1871,3891
1047,407
1486,3490
3296,3458
2357,2834
2655,1081
3349,3353
2778,1157
839,1836
2645,3723
820,996
3572,703
2321,805
1577,1181
1631,2761
1798,2064
1288,1696
2929,3784
3588,2728
465,2531
3444,8
1512,2445
1694,759
2446,2416
3862,84
3863,303
1857,1762
2885,3900
3862,3914
2631,3145
2752,3065
695,213
196,3505
2751,2998
3359,2970
3978,47
1747,3253
1688,946
2654,2146
49,3028
2156,2707
3776,3298
3882,242
1111,1471
1174,365
2893,1976
234,425
1916,1401
3592,3453
3708,1701
2248,3900
3019,873
3809,808
2884,1603
1961,3709
2795,244
2333,3645
3277,3832
140,3854
2159,3749
910,2152
65,3883
3755,1316
38,1295
2760,378
2996,1035
2864,781
904,671
890,1551
386,586
2253,3867
478,1531
1083,1642
3793,254
574,1517
3938,652
2732,1711
2254,2710
728,814
2928,2622
1021,3353
1477,634
1513,1118
189,3509
1255,3558
3700,3679
3565,3187
2005,3306
1055,2639
392,3243
872,792
2536,2468
3062,2247
3632,221
1131,539
2221,1774
1149,549
1384,3296
142,3878
907,2029
1583,3099
3441,3204
1413,1144
1078,998
1614,2412
3597,3397
578,2773
366,3622
122,3371
3077,2456
1208,2835
1218,507
151,1660
2597,3980
395,221
2671,912
3298,2856
3153,2602
1957,3195
3891,2383
2676,2541
2136,750
2486,1756
3063,2136
1372,2910
3039,2773
1644,2219
762,567
1732,785
554,2262
1884,3865
2961,2963
490,207
2506,1635
1614,112
438,2938
1741,2671
3341,1846
3248,3550
2331,2631
2571,1614
3741,2440
618,3241
3278,363
91,2513
893,1801
1141,1272
1341,3302
1639,1008
1702,1000
1058,2074
3891,1072
1577,3174
2671,3185
2226,1930
1061,3397
538,461
2838,1437
2821,556
3411,3253
901,1150
1294,3455
757,746
1846,1481
935,159
1237,153
2030,1820
3572,2013
538,2643
2231,3891
2487,2636
156,893
2289,1250
389,278
1988,2616
3301,3089
3137,2152
2935,3725
2087,815
496,3318
2270,2786
2633,2959
120,1197
3135,1459
1756,2188
2893,398
2512,3265
1818,2860
562,239
2976,2450
3835,1388
3574,184
1613,1799
887,36
1815,3162
3975,3040
1428,576
2551,80
1579,1076
1198,1978
3856,1999
1961,3872
1014,2048
2646,1317
2989,1508
1019,976
220,2396
909,3182
1809,842
1731,1457
3459,2245
285,2100
2811,1030
2259,2539
3713,369
676,1507
1384,2544
487,536
2915,762
3277,815
1300,3469
410,1405
3730,2515
664,187
2774,424
3756,2882
1815,2993
2580,3512
450,1721
3512,1813
1294,2672
2811,797
1522,3242
1596,1871
499,2698
2142,1987
2744,1768
2519,2158
1934,3805
748,3034
2503,2882
2263,1771
2168,1051
1861,2311
1871,2073
58,3520
2757,3564
3070,3229
544,1540
3652,948
3670,2575
3305,2588
2193,1387
2244,2054
2671,467
1668,3802
229,2425
3453,2571
126,3810
3926,1614
3217,2414
404,1867
1316,2684
2020,2772
2671,3713
264,2113
2168,3459
1076,1930
444,1999
1189,2911
1999,204
620,1731
1255,1537
3123,2690
3135,1204
133,2220
3542,363
2571,2486
3635,2197
1219,1202
1373,231
2580,2287
699,3681
1444,2899
1771,3573
537,3268
2619,1793
369,1188
2206,922
747,1230
3161,1737
559,845
113,2510
3326,1211
456,1880
3082,3041
210,2078
2899,880
924,1498
2775,1626
2631,2671
136,1999
1104,2197
1453,1411
3617,1203
678,3102
3802,1234
2750,2954
748,1184
578,2362
130,301
69,2854
1159,3858
3703,2245
1802,1067
3159,458
671,3360
213,3357
2614,2559
1958,1334
2281,597
3347,767
3034,1821
2464,2948
3828,1509
2039,844
520,1475
1365,3208
3084,1351
3279,179
1491,815
3817,3041
2485,2182
3416,1897
1727,2361
1427,1204
1468,2295
3705,2981
3000,2448
2947,3920
3560,2290
994,2775
2584,3786
3438,1818
3211,578
633,1299
2554,3593
177,3610
949,49
43,2928
293,3780
1986,3278
1882,1930
547,2538
1477,505
632,1158
1668,1343
2322,2903
1396,2162
3325,2666
434,1442
3507,3664
2849,1726
2441,3192
1245,3826
1995,1775
3180,3921
3254,3591
3131,1899
2899,1446
462,1210
2174,2223
1586,1245
3731,2896
3711,3717
3883,1607
2372,190
3777,1691
2411,3980
2813,2
1969,1614
432,2633
3788,1302
3127,100
3132,1205
2108,3358
1453,477
1485,884
531,641
1303,1775
2104,946
2971,2344
3980,2844
3298,1134
1868,1111
2767,2532
3891,2530
3351,1354
336,2835
280,2155
3891,1155
1300,818
918,2830
1814,3490
3482,2979
2391,2914
2770,2012
769,1147
2856,1149
2949,1389
1988,2653
3061,2257
3891,3674
1966,2771
1698,1771
3732,3906
1622,2789
1711,381
1829,1211
214,1741
935,2060
2616,3431
497,1484
146,2062
3059,3299
3244,576
3101,3503
762,1057
2566,3024
1884,3911
3856,3571
1502,3975
503,2396
1250,310
2220,1818
2208,2566
2502,1470
2085,1925
2940,1515
1158,3801
562,3143
2596,2533
2767,3587
1821,3130
3639,1853
3747,2565
204,3699
3107,1510
1865,1750
761,2565
3468,2420
2144,1076
2766,3507
1014,3452
2437,3260
2275,3785
1464,3252
3237,1475
2723,2900
1204,3063
280,861
2253,117
86,1825
1813,503
1017,3360
3978,2682
1624,2084
2541,2873
2193,3193
143,1779
2768,3318
569,1380
1474,2060
1245,1981
1342,1825
1999,1925
2219,146
3573,2374
2031,3943
1913,386
3960,3137
3399,671
2586,903
316,3033
1032,2095
3536,3259
1477,1091
907,2802
1265,2189
3356,1771
927,3730
3521,3600
2359,1925
3756,3711
325,2427
557,3282
3066,3192
3318,1720
3480,3837
2897,1460
3604,2699
2090,121
903,2392
2835,291
3205,737
3194,1264
1999,1928
3081,876
3031,1398
304,3650
346,2869
2273,2102
3442,3395
355,2682
1485,503
1811,1738
3092,2369
2107,2905
2321,3260
2111,2764
3709,3290
2341,3921
2533,2868
3931,27
3013,2372
2273,3631
3476,3919
255,1051
1444,3468
616,1207
3423,89
3933,1610
3247,2764
1660,1213
518,59
1693,1132
3318,2520
1439,2891
1818,3858
87,3123
473,2403
315,94
3873,2491
3016,575
24,3352
3668,3232
3437,2267
1191,815
3282,2718
3564,2476
2285,3415
2843,2511
2877,237
1414,2643
1165,3798
415,514
1854,3234
2893,1277
2131,621
2944,3676
479,1501
3342,3118
1981,1110
3543,698
2684,893
1095,2228
2350,2187
3328,2175
692,2625
483,3202
3877,1312
3087,3980
1070,2163
276,339
115,3558
2961,3847
153,3243
2527,3006
1330,1390
2270,815
1445,357
2368,1626
2877,1762
941,3135
542,1852
2995,2930
3735,1380
2510,2949
3117,1750
1642,2106
3414,266
3110,2085
1879,3635
1981,357
3938,1605
1758,3383
763,2420
772,1821
3235,189
800,3406
1764,2260
3814,1841
3022,347
2733,977
2970,1853
3123,3244
3402,3777
3134,2997
3098,1999
3706,3447
3850,2145
2373,2631
1791,2458
2659,2609
2671,2204
1951,3904
3714,1250
3416,3541
2909,3825
3111,268
677,3058
2110,1348
3986,3793
1619,3789
2330,279
1567,2913
1860,2968
3500,3478
2161,2565
3649,1916
3598,3901
3231,1994
3240,1147
3346,1201
3402,873
1406,603
956,2436
2249,698
3353,172
425,3290
546,3483
3628,3687
1362,763
2059,3801
2493,280
3771,1185
3067,2997
1871,1387
3329,3170
2626,2506
2824,1074
2754,3271
2418,3615
3324,3073
3005,243
2232,3589
1971,3939
3544,3965
2508,2321
2415,3882
3217,2059
663,3559
735,2657
3535,697
2610,3398
3192,2636
2551,3942
1924,3760
3562,3066
3662,1581
3578,3573
2530,1992
2091,2769
2383,1204
1040,3289
592,3741
14,1789
2288,1765
3848,3179
1111,2651
2377,2275
2597,2708
913,1840
1759,1477
2090,2781
1875,562
2380,3228
2249,3022
253,3029
3230,1717
2858,2462
2830,1890
723,3073
2257,2540
2413,3958
2053,1729
1091,2826
1253,3891
1314,2589
86,2671
692,2377
3016,2577
3891,1868
684,76
1142,1510
3516,2477
2805,3719
533,2293
2326,2033
2151,2957
2253,983
2240,2877
2296,3390
2643,2679
858,1592
2727,1999
177,3619
2465,1898
2860,2456
2526,1592
295,620
3425,1556
2070,1787
3222,2881
1455,2671
3176,1620
305,2937
3031,2091
2237,3001
2820,221
2354,3167
2903,1309
1539,2540
3296,3461
1604,1743
432,1988
3552,240
2219,1576
234,1147
286,3236
737,780
1694,993
2272,1408
717,1896
3947,506
3518,1815
772,2230
107,3219
3094,3951
1386,69
1274,1086
2269,2692
540,3443
1715,620
1863,3404
2033,2485
1724,875
3479,174
715,2916
3768,3007
1280,2006
303,990
2532,2696
3278,542
222,1017
788,1732
2765,4
3430,3343
307,2979
664,1870
1210,465
3891,2896
3677,1885
3252,2683
1082,2714
2349,2883
1741,1617
3449,860
3315,3500
161,2924
2957,3253
1930,3925
3219,3505
2988,3547
2323,2354
1861,1939
2790,2322
2223,3675
429,950
3035,202
2841,1891
261,3206
826,3056
762,3599
1448,485
765,440
497,1207
2316,2652
2347,362
2218,3314
2201,3974
2215,2645
2425,982
3916,709
1169,2211
490,1456
3830,2932
815,3905
3423,2598
3523,2502
80,2821
2983,869
1711,2515
590,1703
3322,2529
2840,2225
956,2789
922,3428
2801,3192
337,2465
3031,386
2409,3438
3294,488
1760,3501
875,2589
3475,533
1665,2626
376,471
3043,1184
3814,1842
3795,3623
1716,1317
3796,2916
3781,435
3605,2269
1685,1330
2399,657
2944,625
1073,1471
3724,1168
2049,1601
743,3233
3065,3195
2346,2761
1775,3013
3978,3280
982,1081
1628,1408
851,2927
3312,2322
3135,2456
1320,667
3298,3191
3881,2209
1523,603
3254,3010
3794,2697
772,2107
2788,221
3311,1999
2351,2746
2022,2523
2370,1308
2805,2926
2623,2582
2460,3237
1618,3676
3110,2249
2091,3576
3412,2766
1747,1126
1656,3359
110,1988
810,884
3632,696
1581,1762
2635,3003
66,1252
1339,2193
1846,3086
3359,2089
3671,3864
2782,2091
1001,1006
3694,2286
2194,632
2827,2231
2132,2449
2040,2658
1838,3649
2300,2311
589,824
3076,1731
2539,1868
104,2508
810,2223
724,2934
1205,1524
2171,2584
2490,547
709,2887
3060,3619
100,908
3593,2519
748,2080
873,2698
3968,2459
83,3453
2895,3905
1265,2168
3400,179
1701,1276
2912,2970
3378,3484
2225,1307
1597,2620
1899,281
2856,3772
3318,1021
3602,1931
867,135
3125,658
339,3309
2043,2153
1999,2091
1986,3423
2926,2113
86,615
3953,1437
1111,1999
3415,179
2750,1197
1658,2854
2366,3191
2439,1648
2887,2038
2696,2734
3414,3891
87,1418
850,149
1382,564
1580,3253
3079,1999
1161,1872
2367,2919
580,1904
1839,1751
3705,994
2102,3237
456,3608
2622,3257
2296,1899
2518,1163
3328,1691
1626,1015
343,126
130,3569
2140,2509
2251,2874
1125,1829
3490,1223
2927,3636
2618,2216
1163,2078
2184,2798
1951,2921
3927,1086
16,1671
2140,2061
902,1549
911,2120
3794,3519
3316,129
3056,108
2234,2136
2141,1775
1727,1696
3318,2518
2419,1999
2370,2788
874,1502
1608,2430
3464,727
2732,2498
3062,3283
1332,317
2904,3975
2888,1895
1556,881
3283,2376
2005,1632
141,2614
3587,1736
765,2353
136,1350
1874,3218
2575,1308
2369,2730
600,1286
3567,4
150,2634
2168,251
3570,3513
3699,931
2452,674
3327,3724
1278,1965
1951,2066
3589,2058
2171,1492
1763,3478
2248,1717
523,538
162,2129
2872,2053
3691,2156
3097,621
3459,2791
3821,1629
3078,508
670,1832
986,762
1050,3964
3081,2767
252,2656
1760,774
1755,1610
3294,3147
3424,3358
2743,2735
271,3467
1019,3527
706,1838
582,1999
2761,2834
2690,1397
2011,1949
2765,2488
999,1108
3635,2251
1126,1539
1660,2042
3933,1679
2752,379
2775,1583
2081,579
1086,3536
404,448
3016,2087
3048,3273
3370,1783
3024,42
3847,1218
1115,1838
3319,2233
3374,2535
3817,3877
3067,3891
3136,2614
2928,3299
341,3569
1985,3326
189,2177
2196,3570
1237,3945
3186,773
3711,3945
1851,2623
3510,1288
3319,2215
193,1956
1321,2206
2390,1222
3315,1928
270,1572
1995,1965
2322,2409
3095,2164
893,1184
434,1197
2256,2914
1742,2771
1784,340
3841,3089
2975,1207
1322,1632
2156,1890
2168,1916
2668,1999
2803,407
665,3860
2451,2282
3428,1177
949,533
2456,3891
2583,258
3845,3361
37,3395
2596,3044
2589,3712
3377,1107
1485,28
318,2392
3101,2590
2150,552
2669,3251
3988,1861
2882,2871
2461,2067
1307,1276
274,2882
294,3247
1275,3061
2739,3217
1540,1728
3891,1560
3081,3076
2617,2290
3453,2306
2699,2933
3070,205
1472,1730
2352,2374
893,2201
2047,3242
2193,950
264,3709
2544,1758
2309,2147
1715,3068
2465,660
3952,3745
2289,2876
2658,1216
2775,1734
3408,840
3866,2122
440,2550
2586,3480
1880,2517
1999,3433
3048,3253
278,3742
2385,1634
2497,3041
1585,506
2666,1726
1131,2162
620,3034
2506,1305
2371,2164
2983,114
713,3534
1291,236
629,577
3763,127
3281,1602
2519,2607
3381,3104
3216,1172
138,3232
1648,1709
3737,1539
3756,2254
2609,3293
2226,3793
1022,1723
2804,2009
677,3598
2255,255
3964,3891
568,2138
1544,1302
2684,1951
2399,1191
2815,3418
2883,3784
3536,485
2515,2820
3541,1557
2866,1896
3261,3393
668,1482
1821,3593
1429,3820
2795,3013
3483,2559
2248,3697
1140,1842
3360,480
2618,916
2590,2682
2689,3223
3011,3511
1418,3972
2460,668
2993,1030
579,3256
1781,3803
3247,3026
3243,1504
3912,30
1317,2215
2507,1993
2923,2843
2413,3008
3785,3253
1818,2415
1718,3922
3780,450
3659,922
3792,3127
2088,2968
2154,2899
786,1444
2621,3934
2618,2433
2250,3535
3438,1279
2139,10
2282,3902
1718,2069
2078,2627
2392,990
1350,1177
2009,1932
1870,1906
1899,2733
3116,2316
911,1999
2374,2704
256,3608
3139,788
3194,1212
3847,829
2834,1793
3606,1715
3139,3086
2626,2587
2478,3733
2470,815
1107,1554
359,2543
347,2860
3777,2109
994,2932
2004,2968
3810,1595
2986,538
2322,1342
2008,2479
2731,3621
818,2571
1950,2799
2294,2072
3016,2944
484,2216
2061,680
2095,1891
3879,428
2869,299
1706,2399
870,1540
3234,1497
2170,1421
773,2824
2085,1622
2215,1922
2455,3794
1540,2857
1253,2364
2136,3021
2980,347
2749,1442
815,3107
3891,1902
1751,3667
409,193
3252,2145
209,3445
2093,3359
2989,3608
2505,2225
2598,3083
753,960
3921,3632
2765,2577
3923,1112
3632,2147
2687,1968
709,2257
2189,2553
1033,1197
68,2107
71,3948
1087,2902
1258,2396
295,2739
1160,1943
1879,2150
3014,1915
2380,3023
706,3406
1504,2346
3048,3113
1763,3617
2884,2732
647,546
2779,931
279,3593
3958,1470
2835,1934
445,2217
2132,2143
1855,1763
2225,3053
3213,931
16,2575
895,1651
1899,3325
1781,545
2723,2732
1974,2264
2049,552
2526,661
2097,646
1207,2623
1433,2262
485,3445
2671,578
2556,3099
254,1772
335,2241
3073,2365
3391,2657
2258,296
2888,77
2252,2894
2523,2
3859,2145
2038,2603
238,335
2057,1701
3062,986
3634,2414
3649,815
38,2721
2033,3462
464,3604
2521,2815
1998,714
1956,3906
981,3793
2763,126
2645,2417
1758,3891
1811,3085
7,815
645,2282
113,277
902,183
1103,2697
3667,2233
1957,2690
1265,3505
1143,1850
3891,1960
2455,188
2018,2934
1084,580
2434,1629
3609,2408
1038,23
2099,1809
505,1768
2352,2560
3847,1332
2433,671
539,161
2287,861
354,2091
718,538
3034,1580
2699,2231
2176,442
1699,2234
2499,2563
1394,1773
824,1082
2476,1696
3922,2262
2906,2155
980,1652
2342,3418
2198,3683
1891,1258
533,1621
618,2367
3808,1712
3595,3259
2193,2264
1208,3920
2431,2180
1066,2802
2183,795
3111,214
1051,3253
1602,2222
1694,439
815,2779
3823,3307
2226,1949
2040,2957
983,2756
1388,2874
2595,3543
1150,2329
2245,2017
2991,967
2534,2897
3056,2252
2328,2654
2368,2324
1894,1989
2548,3756
1999,3989
2825,3003
2254,3551
2097,3818
3192,967
1517,3865
222,2191
2500,619
1204,2358
3344,1737
1614,2367
2117,1100
804,1992
3663,1762
2559,3137
2490,555
1696,2284
2076,2120
3041,922
933,3318
1487,994
1805,1705
3192,1130
3187,3977
3252,2412
3224,421
2867,414
3008,2277
58,2658
1725,2040
1871,1333
1040,1956
2985,3436
822,1981
2473,1470
2145,1468
3428,177
3305,2682
1945,1598
2539,3351
2006,3873
1930,2496
705,2100
3020,293
3707,1932
2460,642
2277,1983
3995,705
1863,3177
661,2860
577,1653
1169,2393
2092,2270
187,347
2033,735
3299,538
3487,2602
3211,2144
3460,2001
1342,2799
3673,3310
1728,2120
3756,861
3958,3610
2342,1921
3105,2078
2493,1712
1729,690
3279,2018
172,3148
3293,1999
3084,2975
1397,1640
3029,2734
1386,3559
2032,2880
3820,2422
2392,1991
3709,1730
2536,3756
2696,2412
3947,325
1830,1541
3169,1321
2154,1659
2548,2440
2977,1772
534,2267
16,2896
3347,1679
471,2539
3618,2306
2302,951
375,3822
815,1255
3370,2027
2375,2806
1874,2947
236,3005
2022,3326
172,2975
2047,3788
2091,3406
3016,3218
1762,919
2018,3211
296,2381
2246,1057
170,152
800,817
2582,2328
3506,2539
2624,3937
3747,2811
1211,673
1287,2685
3631,1989
3262,1999
3513,2116
376,1685
2047,1932
1829,2166
589,2219
2846,2771
2853,815
1147,2614
1717,2383
2156,3209
3891,1061
2574,1325
1602,2050
2155,815
3027,1700
2182,2963
513,2477
841,2712
2947,1925
157,3845
1868,1903
2076,3551
2834,1367
2394,0
3126,2075
1977,23
221,2256
2002,2611
2548,2430
1793,2379
2030,2589
2281,3095
2050,3142
1288,2347
135,2450
3422,3462
3354,3797
1433,960
189,3555
2775,1500
2362,705
2008,3375
1771,3615
1744,797
3635,68
1258,2970
2513,2531
3615,1163
1614,2115
378,2020
2074,1416
448,2511
2390,2333
465,2565
2798,533
2248,2996
3330,2347
3479,1955
2196,2308
457,2485
2153,2935
2811,2440
1307,2229
466,2775
256,2983
3416,2378
2634,2899
3747,417
2123,2022
3921,19
2327,2004
3400,1306
2230,2070
1857,2958
524,1875
1752,3253
6,2605
3891,1725
1454,141
3819,3660
1849,1142
1786,2061
35,2749
440,2366
1076,3150
1502,2927
187,138
174,363
2752,1711
1242,1185
1856,2702
3047,3487
1938,2189
3326,493
578,2710
2836,1815
1175,675
3443,1777
1765,3400
1833,1862
3812,2301
658,911
3807,2279
1866,3127
2298,394
2970,3388
1410,3420
1272,2040
1744,1864
2852,797
2091,2328
2573,3878
1781,197
2428,1925
3099,3704
498,2374
1885,1418
2636,1652
3504,3471
3688,1470
2116,1706
2028,1698
1999,1722
3471,2502
1058,2322
3105,583
1127,1642
613,3302
3460,1925
2809,1986
3033,414
2073,616
2414,1976
3396,2721
2070,487
2884,3634
21,2813
246,3891
2259,2067
635,2444
2309,2538
1844,3043
1999,273
2038,572
2089,1704
896,1286
302,3159
75,2928
2513,3520
2197,20
2799,3391
3783,1754
2801,2717
2940,2789
345,1640
949,456
1338,779
150,2090
2484,2671
2367,1810
2232,1539
1872,407
2321,1838
2224,2608
2323,3696
2521,3003
2258,3861
2011,2956
2874,2348
2003,1021
1258,3338
2322,3811
1563,2977
2810,3448
1404,2607
2053,2311
2605,1202
2802,1831
3728,1891
546,1763
3739,1058
1717,1723
1159,3891
3361,2486
3947,2064
2087,3920
1967,2656
2041,3473
2093,2249
1794,2902
2620,672
3759,1978
2550,1361
1433,1547
1614,785
2136,3891
1649,1770
2096,1208
3322,2153
2525,2951
2323,1305
2509,2426
1914,3653
1999,2225
2103,3318
2635,2539
3329,3317
1835,516
3966,302
1782,1747
2874,2700
3071,1984
3312,1821
1811,3920
3685,3224
2041,8
481,113
2414,2952
1586,2437
850,1211
2226,936
3789,3848
3891,2097
2702,376
2652,1919
2509,2452
303,2337
480,1238
2107,204
3395,2977
1933,708
1712,1035
1768,2375
829,2823
1986,1620
603,2091
2098,2580
2320,3618
922,1710
3917,2777
2145,140
2499,3618
2539,415
1505,3388
1753,2157
62,2579
538,1626
643,3105
1207,546
1321,3545
3121,3118
3267,1831
2928,2911
317,589
2085,58
1698,1742
804,2379
2162,2510
2530,2507
2671,3961
2384,654
1899,222
2423,1892
2376,2052
721,2074
2541,2172
1063,3697
2034,1365
3918,1875
969,318
1891,1853
1848,3599
3037,3503
3252,2313
3468,2258
1924,3676
669,2626
673,1980
1206,3099
3756,2977
1616,538
3114,2587
2145,847
1064,2580
3975,660
3380,2727
2712,1624
2749,3937
2689,2321
1732,1439
1355,2225
831,2
306,1999
1958,2631
2703,1320
2895,2893
1606,3177
2047,2578
3521,2007
56,3706
1089,2406
481,2072
2502,341
1871,1812
1999,614
2227,3204
3967,2453
1723,2100
2892,2193
2049,2384
441,412
2847,2182
210,1990
3320,3130
3567,1876
387,3201
552,1728
3621,2430
2128,1606
3982,1417
1255,2472
364,1202
774,479
1038,783
3550,2166
2242,2307
1991,3982
1966,2096
3268,1120
1097,2235
3451,1846
2709,214
1932,1058
3618,2084
3193,3292
3481,141
3406,2205
2946,2398
2910,2906
2612,2020
3180,3840
2040,719
2664,2279
3622,1559
1968,3818
1708,125
1716,2183
2197,3194
2966,1945
11,2484
86,1981
2306,2101
1840,2691
1808,2230
1669,1742
2706,2534
1973,1608
3851,3441
2438,3253
1829,2070
2472,2808
3332,72
2245,1348
1900,160
2622,2706
3031,2630
431,2304
2422,654
659,2968
3350,532
2969,3022
2248,3173
3084,3253
339,2636
2813,1986
2080,3452
1550,2711
1966,3000
2051,3816
3259,1999
2995,1798
2094,1768
1978,238
3711,78
2237,2408
3238,28
2351,3395
2821,3450
3731,1971
1961,1202
2947,3579
1872,2947
3829,1350
139,3891
2997,2957
2714,1964
1255,518
2088,1665
2367,1892
2792,1629
538,2407
1716,3918
2102,303
2836,1138
2648,1997
2772,1013
1843,2899
2226,2579
45,2999
2597,2409
2806,1999
3334,2507
2361,2050
1168,815
3228,2658
3602,2068
3300,1659
2053,3925
2108,2654
2455,1125
1526,1585
1045,1371
1975,3308
1532,2069
2802,311
1941,197
3920,2076
2322,2219
1990,3202
3995,1958
2749,37
2312,3917
662,3203
1228,2932
798,2558
3087,97
3760,177
83,1659
1504,3756
3371,96
2172,177
3318,3416
2626,1892
2848,1908
2700,591
2658,772
3130,1480
3320,3989
385,3253
815,1713
1650,2874
2345,2424
1961,557
3165,2196
3385,573
2714,3934
606,2428
3921,593
2870,2084
1823,1961
2672,2347
3318,1999
3990,2091
2759,39
3050,1841
1900,2802
1938,439
2006,2750
3281,1719
2156,3609
2524,3201
2108,2846
579,3264
1835,283
2201,995
2402,1355
2272,2217
1050,3338
2804,3275
3125,424
2728,2580
2931,2002
689,2107
3010,3253
2699,1642
420,533
3322,3854
14,2174
503,2475
1988,341
1942,2522
482,2839
2474,3420
2156,1727
1761,209
2145,3105
1820,2044
597,2874
1485,2631
3487,2095
3900,2615
3705,2430
61,2401
1471,1900
2704,2132
2664,615
2881,3857
1720,2182
1930,1245
2510,2930
2478,485
3192,2609
2193,1911
2091,642
2007,1950
2091,3768
2309,2132
2303,893
2889,406
2839,143
2060,510
1111,3520
532,3917
404,3661
1687,637
3218,2428
1711,2821
1776,1325
2664,1703
2106,268
3343,2494
2056,3633
1790,2614
1073,2542
2257,615
2729,2315
2763,2948
2108,3253
2480,3346
1830,1733
768,3253
3864,2128
2310,255
2523,10
2610,2029
2451,3187
3408,1138
2485,3692
2307,950
700,2634
3709,1967
2227,2806
2037,3341
330,1289
1754,2188
3631,3162
3956,1750
2086,570
537,2181
3366,994
3432,1906
3490,2001
2006,3038
3853,586
538,2508
2630,1767
391,3990
3716,2095
2760,1626
2426,3700
2564,1853
3932,3106
3340,179
3817,2011
3692,752
2130,2703
2322,3280
1840,2268
3692,2298
2629,101
1916,3355
2167,850
3234,2322
3224,2600
3073,546
1245,1854
913,2983
3622,1398
2194,3064
2590,179
2412,2315
1685,2920
2851,1019
1716,2924
1727,1702
2182,2232
314,1884
3154,815
2146,3047
2899,2649
2485,1148
2091,1234
557,1852
728,1818
718,1244
36,2650
1887,798
2330,1184
3394,3579
1888,1714
3370,2038
2460,1746
3253,3059
2873,2874
700,2050
977,802
546,3503
1717,2321
1797,2367
1763,1525
2610,2367
2483,1607
3256,2399
3847,2587
702,696
7,1843
505,236
1708,1725
296,1705
3061,3817
2836,3878
3415,2997
1651,1242
2396,1782
1551,2723
618,1534
3628,3410
3934,3841
1868,3680
1147,266
2394,179
3793,815
2577,3323
2271,2777
1092,2301
1789,387
2451,3565
2840,680
2108,3903
1234,1301
1953,3403
2238,2379
838,815
2580,1394
2863,1956
1797,2433
1591,2732
2342,2676
614,2877
415,1908
2323,1698
2622,1091
3067,483
933,2018
2271,2768
1919,3022
2547,1068
38,2897
1751,3687
1937,166
1808,721
3154,1092
1771,3557
3990,2539
1388,2486
2405,1220
718,73
1982,2435
2578,1187
2321,233
3306,1899
3005,1734
2475,3429
2741,2228
1402,2528
1813,2733
3432,2479
2197,2101
3359,650
2217,2798
2066,993
2847,2599
2860,696
3568,3020
2605,3793
2994,2145
2396,675
3231,2808
2194,1429
2624,2203
2372,2371
3815,3567
2124,1595
1981,3565
2696,2151
1782,278
2782,2926
3826,2672
1082,259
2182,2169
1773,2773
3174,2267
2309,3318
1947,1704
2139,2897
3866,1816
118,2347
2210,2880
901,3940
2324,1734
3636,3431
485,541
253,170
3125,2593
1756,1442
1872,3595
3966,1915
3419,2238
2156,1976
3747,1732
2794,1929
1783,296
3495,654
2011,2340
1819,2010
1832,1165
478,650
2380,2197
3517,2265
2114,2671
1558,1448
1977,1970
3136,2058
1689,679
2275,2136
1822,1925
2397,2230
3825,2543
2378,2162
2064,514
2824,1433
2336,503
1258,2055
2062,3414
3696,568
2080,2738
2000,3883
1330,2929
1851,1811
2593,1890
2158,3050
894,815
1202,2650
63,2367
2699,3133
386,3387
679,2394
2273,1234
296,1646
2040,1831
2302,2193
2392,3388
671,3515
1922,2684
3451,138
1944,1663
1936,450
2207,2052
3004,1576
1016,2268
592,309
3338,187
2000,388
254,3848
1750,3743
1821,764
2193,1999
1929,2713
612,2008
1711,1932
2287,2214
815,497
398,2909
3010,2295
537,2113
2874,1603
3862,3743
2158,1197
2179,2515
3229,2715
1886,2350
386,129
2610,1738
3576,1961
2067,2197
2298,296
1517,1972
2775,1603
3599,653
1681,3792
2759,1024
1999,3866
1976,2010
1157,482
1789,2014
2040,2253
375,2539
2486,1652
1748,2791
76,2795
1626,1818
1607,392
3813,2749
339,1761
3771,545
1753,3482
2132,594
1900,696
2775,1607
2351,2539
3802,1144
1934,1167
2155,1960
2648,1363
1734,162
2801,404
804,2377
2460,1158
2892,86
1136,358
1999,719
547,2707
658,1073
2027,1851
36,591
700,2322
1836,3026
408,1905
79,2518
1893,231
1580,617
2181,3512
2033,3891
2729,73
1504,1525
2242,1999
3064,72
3696,749
2187,3038
135,3262
505,1111
1941,3673
1788,2155
2214,1283
2336,3319
497,1931
3673,2759
3502,1856
784,700
376,639
788,2893
2944,2254
1765,774
31,2899
642,173
1438,1954
2120,106
1242,2553
483,2911
1708,408
2131,2936
2711,814
931,1921
2401,2375
2422,2482
2497,3318
1977,1300
2724,204
3446,2524
2840,1699
2430,2614
795,1632
1648,1824
2170,1204
2713,528
2028,2378
1580,1980
1663,1999
2243,127
3252,357
2834,2898
2958,2280
1832,1341
1986,1941
3663,1992
2977,1835
3511,1730
2172,2195
3343,1550
313,2131
1394,682
1603,548
584,2097
652,1399
2822,160
3891,55
2789,1826
1255,332
1406,2638
1435,2557
757,3229
1348,2778
3166,2824
149,1913
2232,3630
593,1345
1810,235
2096,1912
1086,3808
1752,2363
3663,1717
2840,2055
3421,815
1161,2479
770,3818
1799,358
188,584
931,2315
3113,1721
1606,1290
2115,2877
1784,3053
1957,2917
3783,2262
1994,511
1285,1718
2298,185
1747,2324
2307,2809
415,2160
3480,2648
264,1148
2959,2821
3891,2637
2774,3018
2244,1757
2050,1925
1871,3414
514,2021
2961,3618
3789,3506
352,1763
2606,3505
1598,2817
639,2654
141,2020
3560,84
774,2518
535,2759
1873,3992
670,1979
301,2944
3809,1896
3526,3380
3653,1630
1927,150
2246,2267
535,1976
3673,1880
1742,210
3845,2278
1202,1829
1918,3223
3211,1737
1602,3524
2518,2672
2057,2378
654,39
1897,472
2021,2928
3359,467
3937,3541
2108,1811
1844,1764
802,1914
1709,3952
2100,3533
1888,2882
325,2056
3685,2234
2874,3852
1651,679
1815,3528
2840,3253
3343,1977
3840,2482
2673,3109
458,1091
2537,2311
2808,3639
1301,1276
2254,160
177,367
339,2816
1675,2622
2061,1853
357,1798
417,2136
1771,2540
3062,425
2796,3419
1903,1580
2399,3394
1546,1015
124,45
1805,2003
2156,1305
1283,3428
612,2235
2394,2072
642,2143
1044,26
1815,2403
1815,2132
195,1607
2092,2452
1772,2756
2225,3954
2367,1990
3391,1410
3474,3347
2020,2274
2805,3709
3673,1431
2410,2174
1161,1166
1274,2671
3400,1994
1871,856
257,3638
2671,552
2998,3253
1245,2728
3028,3792
1739,779
290,483
665,1789
3096,2899
2085,919
2020,3921
2124,1654
2699,2923
558,2350
620,1783
2970,1852
1573,427
1901,949
1101,629
2612,145
2834,177
537,3847
3209,197
188,713
1652,1791
2540,1325
1642,50
118,2272
705,1226
1610,3022
3217,3357
1628,1960
518,1352
470,3615
1595,1859
2917,2821
901,1759
3490,1120
120,747
468,1658
2225,2783
2846,614
2305,218
1732,159
3881,2081
2186,2374
1255,2200
2322,1545
2448,1795
1603,652
3493,2638
2078,2539
1845,1172
1802,2082
1652,1984
1361,1867
2588,613
1794,2774
3768,1316
2158,2791
1648,1624
1786,2156
3780,1811
3422,2118
268,1291
2683,3789
2118,355
1016,1151
3228,3359
1345,3329
92,2066
2050,547
577,2482
1991,349
3153,3080
3016,3567
1984,1749
2200,1897
2671,3380
2998,2937
2367,2959
2781,3495
1548,2005
1534,2558
2272,1896
1268,1539
2359,2234
3478,3741
3087,1067
1350,2414
2547,1695
2192,1910
2939,2322
2136,2193
3253,2678
1698,564
1938,3821
3475,2276
3857,2266
1914,3940
2608,3737
2211,1925
3015,3017
420,552
2176,702
2724,1221
658,1602
1854,670
1815,2531
1547,2102
3067,2216
1855,1748
1982,3526
2141,1089
1652,642
1818,2006
1842,3415
800,1849
124,3563
620,2395
2302,1789
719,2869
1720,2230
1756,1916
2462,1729
2522,502
2555,316
2958,1512
3318,388
1578,3573
3318,658
820,2318
1097,2381
3453,3673
408,1735
3829,3688
2217,3234
1096,3712
3809,1982
2299,3310
518,2048
2020,1044
2181,3421
1985,1679
1596,1725
3822,352
2223,2524
2944,646
3947,3887
51,2774
1912,3809
1675,1445
749,3125
702,2489
1802,2079
3743,2771
3694,2579
3545,1486
3295,2014
671,637
1283,3760
388,3773
2931,3154
3032,2722
2643,1289
2053,3507
612,2707
3109,1474
3769,616
2538,417
3891,3415
2578,2577
1681,3430
2491,410
1893,89
3413,3006
3170,2028
3490,174
3170,3007
1970,1235
3793,3142
3621,2232
2203,2255
63,2193
1999,1793
2878,1869
2153,1623
897,1867
2162,197
7,3004
412,2923
2634,3776
3472,2723
2140,815
2122,3516
1175,403
306,501
150,2986
429,992
1793,3406
2997,2309
1783,3318
2957,1339
1884,1318
1841,2120
1751,2645
1762,2550
749,2996
2396,357
3043,2232
2377,2203
595,367
2874,275
3420,3840
1620,253
535,592
485,681
2465,2326
2694,2699
2662,1325
2542,2254
2454,2668
2448,2310
1857,1684
1597,2549
1947,3041
1292,2145
2020,2884
74,3318
202,1337
2041,1704
3610,1147
1798,292
1959,2366
3615,203
2120,870
96,1388
3310,3318
2107,3673
1207,1831
1985,1829
2997,2840
3223,2192
2780,2057
3958,2225
1352,3241
3253,2066
2359,1892
2103,1892
1433,3573
1717,2430
1923,1760
679,1610
34,2063
3099,3176
1863,2056
2786,2131
2062,1711
496,2362
1697,3318
1687,785
458,589
3229,2082
3301,3982
1614,2199
2703,2308
43,3743
1991,2311
195,1970
3010,2633
1959,2842
3696,2078
2332,2091
1771,2515
335,2638
3329,3319
2621,1999
1847,1765
546,45
2724,672
3870,2643
3813,1608
1148,3488
3360,1003
3242,1614
2701,264
1402,1574
1690,150
3777,264
223,2840
2930,1912
1017,610
2087,561
303,2171
414,2146
3010,1127
1717,2196
2199,425
3877,3148
2215,3299
1735,164
1818,1097
772,3413
2131,1177
442,3224
1834,2308
2563,1281
2334,2064
3096,1406
2410,94
1863,461
1927,247
2156,2203
2191,654
3341,1386
439,3891
2326,496
1563,2645
1441,2131
2919,487
3852,3988
2312,1348
1015,584
1658,3737
2824,1158
3359,61
3490,1429
1710,1469
2989,1744
293,2489
2486,2013
1750,437
2274,2549
2780,431
2781,2879
2599,2317
429,72
1614,3194
1019,2999
1771,86
3904,2882
2410,2322
1190,2680
900,2873
2792,2768
2877,2091
1062,2455
2751,3422
2110,2155
3989,3217
2102,1390
3639,3714
2110,1127
388,2717
295,762
1585,490
1870,461
1614,1865
2232,2134
273,316
1300,1244
3390,1939
690,2282
3305,3902
2091,1458
258,3918
932,55
1416,524
222,416
2609,2407
39,2987
802,653
876,439
1390,2814
894,1848
897,3986
2287,3921
1629,713
870,1970
2096,3961
541,3542
1504,1219
2333,1559
599,2599
2286,2832
2059,1769
1001,1714
658,2650
122,148
1854,1607
1732,518
2816,1798
2662,453
1640,436
2326,1787
3016,2179
2758,3826
1604,2200
663,858
1255,1772
2,3576
468,1614
3133,1811
86,1187
779,3301
1894,2321
3018,3359
3021,179
2,487
3341,2217
2637,802
1314,3860
1402,2477
1973,3043
822,1649
2792,2394
3253,425
2085,412
620,3725
2481,3294
608,1274
2029,493
2358,3943
2028,1696
2999,2911
2302,1531
2740,3355
995,2060
145,1017
851,1957
463,1628
2681,1834
2623,1975
3851,2493
2461,3829
2077,2644
2121,1907
2350,584
773,2142
189,2002
1322,2524
2130,2107
897,3200
1995,535
1709,2515
1775,1918
658,1979
2318,1339
2138,3536
1393,293
2350,2023
3757,1164
139,1488
2737,2609
527,3016
3529,3904
2775,2276
644,3622
610,3700
3321,2622
1837,1605
485,1566
34,795
1673,2122
3118,2636
1748,2517
1394,2690
3557,2145
94,2347
642,429
2672,3891
1857,362
159,386
463,3597
2699,3543
136,3200
2199,1985
34,318
2162,2644
3527,1809
2218,2084
2489,3436
3322,2664
2246,1839
3463,3343
2639,1255
1062,713
2134,599
3490,1948
1291,3873
2615,2115
3156,1607
2477,528
538,479
2145,161
2770,1111
3841,2625
2514,2464
1684,1802
2274,3366
187,3532
3148,2091
1716,1987
2955,3064
86,969
1255,2077
335,1996
2416,1001
125,1767
2947,3697
2658,658
1523,419
3337,2711
2897,2333
2716,457
2937,2272
2378,1855
2141,3087
1919,1952
277,386
139,35
313,1783
1470,2207
2256,2633
815,117
3284,1379
2644,3118
3218,313
876,2775
3827,3329
3813,412
2456,148
2416,1553
89,2105
341,2434
46,2911
3970,3343
3264,2512
335,2893
2771,3618
2077,485
3684,3725
1594,1947
2797,3184
3781,1362
1833,1649
506,3720
3212,2952
3526,3154
3199,2066
1440,2321
3640,1858
364,3863
1818,2430
2015,1606
1848,958
3875,73
3062,1611
1703,3046
2700,1389
197,1851
3654,3982
2055,350
3318,2079
2326,160
73,1021
1879,679
3346,325
2244,2777
1314,1339
3355,61
713,1430
485,76
2839,3016
639,578
535,3428
408,2665
535,3573
1252,1995
891,2691
662,3406
2322,1111
3709,1675
1891,1395
496,2543
535,902
1870,680
1665,2932
2535,1488
1723,1094
721,2145
320,471
1333,1554
2671,751
3826,3628
2539,2915
2058,3444
3943,419
2984,2008
1929,1966
195,2188
58,3176
2407,3388
672,1371
1252,525
356,335
2775,3902
3515,1147
2045,2110
3494,2699
2911,671
1574,2984
509,3720
3559,1981
3739,2
1658,3559
919,2931
2157,2164
35,122
2322,671
3443,3893
3921,671
293,2197
3038,2300
1628,3073
2764,1992
2758,1912
493,3513
3988,1086
1736,3370
378,3529
3542,445
2555,2058
490,3200
1717,2445
2008,1602
1525,1783
3891,3741
3937,589
571,3737
1161,1350
556,1161
1501,1686
538,3490
1207,1795
1097,1882
159,40
3898,298
1824,3028
3758,2494
591,2069
2523,320
3772,2957
616,1901
2989,3228
3773,2894
485,3517
1535,403
3566,2448
478,2841
2322,1839
304,3450
3900,784
3947,2722
404,1748
3123,419
3494,1872
3848,1003
2193,2091
253,388
3741,1640
546,2623
3741,1221
2776,3955
303,515
735,1255
3696,2673
2659,3137
412,3653
2444,2315
976,2170
2765,138
177,2276
2430,2126
467,1140
272,2639
74,2924
341,1999
3540,1207
2173,3173
2823,2684
2879,922
3252,79
3028,154
1430,3543
361,815
2919,2241
451,1996
3948,3590
58,3124
518,1781
2089,2472
293,1111
477,3106
3704,1914
3253,3917
2381,1557
2118,3891
3692,1999
1788,3648
2899,2244
2253,3200
3024,219
317,1510
677,2850
434,1086
1747,533
1345,2810
2443,1760
3709,2801
363,320
2722,2215
451,1892
715,1970
642,3966
1742,3436
3992,2132
1966,2192
3595,1503
3464,3318
3292,326
2922,2328
3224,1877
237,1781
42,2673
3257,2579
3932,3175
2132,2003
3033,1430
1703,3346
675,1991
3709,2695
410,440
579,1843
599,2224
4,2671
2997,721
1783,403
2494,2776
2775,3045
1016,1337
2251,3422
2325,1973
585,2930
2712,2714
2124,1718
612,2891
1507,3253
475,1854
2786,505
2466,3741
2911,2322
2419,3863
2428,2726
915,277
2218,3355
2188,2662
2266,2019
2242,1824
1869,973
785,351
1888,2061
1717,506
772,2631
1074,548
564,3403
3434,1984
2102,3203
3686,2737
2295,593
2671,1943
496,459
2179,2609
457,1458
3891,2457
2096,3930
2004,2438
1781,2193
2370,1845
1768,719
1967,3948
164,379
2278,3229
383,3930
187,2367
454,3024
2797,485
419,3422
2552,2241
658,1864
1762,3502
1869,1228
2859,3378
1021,3554
2063,141
2539,936
1576,3520
2859,37
1596,1731
3631,1614
2228,1602
592,635
2141,1504
3199,3112
3663,1147
1648,358
386,160
1943,3378
3305,2141
1845,3210
2001,2859
265,2107
2655,3105
3934,253
3674,2273
2226,2789
1651,346
3891,2891
2606,17
3209,2262
1771,1300
139,3527
593,3629
675,3781
692,2836
1803,427
1526,1649
24,1886
1999,412
2699,51
37,3579
3725,419
3573,2091
3756,2803
572,3491
1604,697
2424,1762
1395,448
141,539
1448,143
2163,2158
585,21
1854,932
2058,2508
1813,3772
3829,985
312,37
2238,1907
20,762
1161,2142
58,3504
2199,460
2585,711
141,2964
613,2210
1966,485
3977,145
2430,804
2188,612
2723,3566
654,3891
94,141
2156,1990
89,485
2241,3955
2020,3430
2380,497
2364,1103
2832,2793
985,3571
3557,2802
222,335
3699,1573
657,2671
3988,2008
460,2764
2691,1909
1307,457
160,325
2765,268
3606,3581
454,2303
3355,3771
3873,2188
1512,556
1891,483
1845,1892
3532,177
2803,1684
3657,1923
679,1606
1804,50
3687,1252
2818,254
456,654
1912,3628
442,292
2163,498
148,1607
3873,3378
3704,3190
1999,2552
592,2476
55,3253
537,2458
2435,3596
306,568
2162,100
3756,2210
2146,542
107,166
485,2832
995,3415
96,1970
179,268
1972,318
236,597
3105,2627
815,2403
3050,529
173,533
416,2777
3947,363
2899,1967
314,2464
3615,613
822,2786
384,248
1999,572
164,408
1429,3593
1783,1921
2753,1487
280,2023
3891,2515
2075,1103
435,3292
2003,2959
2809,1845
3599,3113
2842,195
3235,179
277,610
3898,2767
3243,3543
1798,214
214,654
3380,3934
365,496
3478,540
577,340
616,3747
2305,266
751,1883
4,949
2922,1944
3878,1892
650,3772
2879,2074
2091,264
3253,512
1911,1806
37,437
2964,3720
3697,1710
1916,3621
3860,2118
3135,425
1458,2966
2681,254
2308,2122
1907,2477
3359,3883
2307,3863
2013,86
584,2308
572,1255
2027,1458
2317,1931
3891,2700
255,343
3133,3504
1433,2075
2841,2919
345,2408
37,702
1238,1251
3599,2286
3940,3092
614,2384
3687,122
386,949
3001,2959
728,891
3921,1807
1999,891
1753,1983
3695,2542
185,2547
2486,2832
583,45
1914,3199
114,498
3217,417
1892,1834
767,3229
3663,217
2585,2537
1929,1757
2000,1765
713,2654
2004,1750
2378,591
711,3661
1399,3684
106,0
2203,637
2958,2655
3505,1832
2733,583
2479,1941
1255,42
318,524
2162,3709
3533,3355
1255,1999
2050,2879
1888,1878
2774,3033
3811,376
1762,1228
2308,3906
2132,2324
1941,2524
1471,2123
3745,1834
3543,2508
515,3793
473,518
298,169
1972,2645
70,3956
1999,9
3657,3210
3596,593
1651,518
3422,580
588,470
1882,3961
86,2066
254,355
1699,391
2664,3769
2928,851
177,3264
7,3076
2899,1608
658,2172
650,2438
1367,264
762,313
1982,764
3940,3406
1866,3783
463,2307
3253,72
2626,2152
1953,508
2904,458
2327,2257
548,3464
3543,2932
2290,1874
3866,675
2786,3511
459,97
314,1074
1399,1978
1574,3385
2367,245
2932,671
3228,2853
1851,574
345,1999
1974,3045
2623,3253
1834,3773
3022,612
2287,3793
2891,3882
10,2932
3085,481
2775,357
713,2192
650,2102
410,3532
590,3515
2140,2085
3663,1445
612,3016
3777,3714
38,463
3882,2224
330,432
3827,512
2902,2594
2515,3961
415,315
654,498
2711,2274
1986,1935
458,815
1875,485
2681,701
510,2069
728,318
590,1949
2606,660
3873,3932
1015,1959
627,2384
463,1606
3771,2256
2437,409
2585,3281
2645,404
815,2795
1975,145
3116,1711
3533,2512
1999,3660
3045,1574
1526,439
1963,160
3782,2000
3473,2548
2460,436
2277,3347
408,3741
422,3224
3453,2244
3491,3905
2724,3699
542,3241
815,1602
293,2746
1348,46
384,3490
529,162
719,268
1877,3055
3982,2636
107,1602
3961,2270
264,255
3769,3995
23,112
1290,2022
2658,2085
371,1792
2261,2891
3794,518
2308,1908
593,3224
1361,2140
436,3756
21,2552
3799,1828
3024,764
2664,3001
662,314
1815,320
2758,2798
440,1429
2854,2609
3355,340
4,2091
516,346
141,255
206,485
2695,116
236,2079
439,1896
2364,425
2727,3970
283,2499
2089,587
3595,2092
3281,1338
3818,3085
2645,3676
1957,2561
417,2928
922,2767
385,570
150,1943
2552,2147
2277,572
2381,2155
473,719
2469,2536
485,2395
76,1329
116,2481
2155,2850
2959,419
217,2030
506,606
2218,2721
1791,2781
1959,1789
1704,2359
357,2879
221,205
2897,2515
3301,3224
472,617
418,2132
376,1062
384,749
2,457
2437,2112
1707,371
2136,96
1717,172
3517,1721
2891,2911
525,2819
3743,1362
2757,335
3882,2220
317,542
2892,21
2775,1804
3628,3210
1429,1177
1746,418
572,185
434,1697
122,2578
206,1708
301,3491
3862,558
97,2648
1811,2141
3606,311
3062,1874
219,3815
266,169
2335,238
2464,2699
1799,2040
1818,3123
3229,219
2505,485
3781,3756
3866,2873
254,3653
418,3516
3010,715
2437,677
599,2367
3506,3047
2625,1972
2147,2044
592,3891
3852,97
2879,3989
538,2231
3229,202
3006,518
1986,1746
3732,2680
3632,93
2027,1867
3596,1892
3281,2302
314,3878
2112,1390
2680,1471
1872,205
483,455
1708,3622
3732,376
2723,629
719,463
2007,1642
296,293
2674,3961
3109,2680
139,159
117,3378
529,2030
15,1338
31,3542
2322,2091
3852,3170
318,1711
423,236
2274,364
195,318
677,3063
1190,42
2250,1815
659,448
292,3415
3450,46
352,2937
3274,3921
98,1972
2118,1624
427,538
1974,3389
3543,1807
141,3092
1999,2627
3229,404
3976,2218
3187,2410
383,2795
493,2201
3398,342
107,1857
2273,3415
1775,2712
1620,356
2102,1901
107,455
2040,485
391,219
3536,3494
3789,1870
2273,485
24,3606
2508,3823
122,3891
1704,2508
324,3536
3861,141
3170,3106
141,3113
9,542
3528,2270
1820,364
3182,1746
588,1999
2070,3006
1927,3915
2273,613
485,3303
1980,3547
1939,2040
2118,3536
1872,3826
2724,2203
245,1888
2684,2758
3756,3799
3852,3494
2038,3092
342,3415
7,425
1772,3261
1332,3989
1888,653
3697,3883
315,1818
2816,2664
217,316
648,17
2975,415
2261,293
3863,177
1338,104
485,3559
454,985
2818,1765
3643,3763
2841,673
2145,384
543,3096
485,1620
3032,1888
2256,3639
2512,3756
1972,2538
1746,1646
114,3253
3380,3763
3852,1831
378,2044
3559,317
203,514
3507,424
3540,3840
223,1931
1569,3615
2157,1996
3874,2299
2648,452
3866,2308
3318,352
2102,3891
385,3511
542,187
84,2118
505,489
308,1602
3756,2808
3229,2274
6,3921
447,125
585,3835
1332,851
2278,3166
23,50
1798,122
407,3930
3303,385
3095,3124
424,400
174,314
2513,2775
386,3747
2919,3246
3781,1320
1627,1999
2326,2191
404,2367
452,3125
2116,429
3598,3937
3006,1797
2884,440
3615,3758
232,2370
1892,3184
137,2832
165,3915
3826,1819
3781,2287
2680,2957
439,1980
3709,3891
1329,1820
3781,398
617,347
70,2250
3059,1872
143,3141
3833,1338
137,78
1429,3380
292,1826
2633,3320
1845,431
3692,1594
404,312
31,1620
3918,210
2437,2197
1488,2079
345,2273
3874,2322
268,2961
3884,308
141,3334
2809,253
391,34
558,206
2781,122
350,3818
293,2507
233,585
300,764
1571,138
1931,435
3772,851
97,1924
2928,2989
10,514
3153,1927
3303,447
2095,508
578,1765
423,379
376,3840
3899,1806
172,2658
55,3758
3615,2996
642,3782
3096,3579
505,2805
160,2655
91,3921
2542,1852
2479,86
2680,3836
2100,3943
2140,1687
1651,3709
34,2092
2140,948
2095,202
335,2068
3451,3789
2458,2068
2928,2100
3194,2633
107,2068
2366,3391
292,92
1190,2542
300,2928
2840,3059
1458,985
1806,1746
223,141
138,2685
922,1746
3883,585
197,174
648,141
3793,1614
2508,1873
2840,3852
267,2471
629,1458
84,209
3406,343
72,3190
2256,188
2537,3387
1699,2727
2419,3777
527,3835
1487,2879
43,61
280,231
141,3704
2878,3162
2538,1723
3480,129
3688,1487
14,160
1547,3660
407,719
388,505
2140,2718
3788,2312
3967,319
585,2989
9,3937
252,3891
485,1717
2542,3955
1833,1190
472,96
891,237
1981,20
114,1604
3631,3763
2695,3905
6,1103
3799,2695
280,425
2578,311
9,2961
312,139
410,293
72,2231
3115,1620
2726,1559
314,472
1553,410
3628,2578
3643,317
31,236
3628,2775
3863,1924
1310,314
117,384
2764,2718
309,125
2854,2742
2075,3788
3318,337
1553,113
1357,3777
3299,3261
3817,1627
2726,2728
3921,3852
1762,76
2556,3674
2145,314
2524,188
1068,1855
613,3905
3559,34
3709,2818
3756,267
3823,451
2716,3017
86,80
3599,292
2733,2809
2842,2786
108,591
2508,2182
1807,634
2030,2727
3628,3156
1815,206
3864,1068
728,505
3170,2106
2437,851
162,277
3253,3786
3559,148
3581,1601
2840,3687
74,3010
2890,2728
3253,3629
3452,159
206,174
1320,3697
2691,1723
236,613
1769,3209
1877,715
141,3643
634,253
96,129
77,2145
79,3732
2156,3906
3772,613
97,1999
2435,3087
162,2989
2556,2126
173,267
2280,815
2824,1699
1807,2359
78,3560
2775,253
1103,2315
3579,125
1963,3136
3673,3450
384,176
3769,2507
254,1379
2359,1874
2179,2781
3387,61
1746,1975
107,3200
2379,3732
485,90
1892,1107
673,3385
3833,3480
414,124
3452,2250
614,3687
40,97
2350,2556
268,3162
24,3772
2695,634
1362,1512
11,3654
158,3385
1559,3378
98,1975
205,141
3687,2522
3020,3976
1571,94
3793,2476
7,2878
2764,172
330,680
2809,0
3911,97
3709,236
585,293
2780,108
55,61
3345,447
2645,2507
2315,3844
3833,3724
0,2859
3904,614
2122,1602
38,61
1765,2801
3507,3660
473,24
141,3210
2141,719
2126,45
3387,652
3628,2777
1320,3131
107,177
202,2308
505,80
1602,1807
2726,173
3936,79
552,2354
1614,1329
642,451
672,3628
2687,2043
2182,3687
652,164
2,264
2388,427
141,125
15,2708
3827,3844
3345,634
3511,3229
1916,2695
3709,1329
2716,2315
915,1845
1594,330
2231,2469
1512,21
435,172
3841,851
141,3228
2508,2070
2594,3087
1362,2489
851,3606
2801,141
19,2091
1594,3223
2,1649
1975,1571
3087,2349
447,2091
2315,3786
2957,93
1877,2112
3516,2354
176,3229
1988,2136
165,113
1908,435
3695,3387
505,3852
3583,113
3615,1959
3911,169
634,50
311,414
2381,3817
129,2100
2191,236
138,1815
3136,1782
3692,114
141,613
3184,447
1807,141
2414,2126
56,2359
94,43
141,478
161,3253
1665,148
1746,2100
1362,2695
31,3421
3844,63
1433,542
3835,7
3724,2957
2809,542
1746,542
141,3986
2553,90
2723,3475
2156,123
205,1963
24,205
40,2100
3010,45
3904,1975
2315,1107
2801,425
3210,1862
2687,19
3229,2
3319,2608
97,2381
63,3228
1647,1620
94,335
671,425
2231,3475
2695,42
1553,79
3986,9
2118,659
283,1362
86,2777
1512,1807
1785,446
3253,291
165,2
0,1988
17,77
2136,1785
2,2287
3891,2287
76,2435
113,1988
2,24
2100,386
2531,9
352,40
308,2594
308,2367
3904,3059
238,264
38,3786
3697,97
2786,1807
1924,2513
3756,2156
21,3452
3955,146
161,91
2538,40
79,1767
113,19
146,11
2594,1357
3793,2
56,2593
1959,42
138,283
2578,1857
2884,2775
3184,1767
141,3709
146,3966
2231,652
3695,1433
94,3560
3986,1975
427,325
23,1767
3184,42
3986,672
2884,3639
2538,2040
26,3724
40,72
3554,50
45,3986
3724,3253
1746,55
40,1767
56,2354
2231,2531
2854,7
3793,14
2,50
26,3229
278,3421
1433,3391
2136,3905
24,165
2884,3387
3182,2435
2070,23
1981,1959
2435,1767
2,2112
33,3793
97,205
56,1975
56,3182
3793,2414
141,31
1975,3793
689,17
3956,311
3387,45
205,7
3953,26
205,283
2354,3817
217,56
17,3891
3844,1981
652,1433
3507,56
2191,2512
3844,4
446,2728
1746,1767
652,3904
205,3507
1433,3841
1857,7
17,2608
14,19
24,14
3904,26
2414,21
283,2381
3793,922
3024,21
652,10
14,3904
3841,2728
2593,2354
24,3131
3430,2126
3956,24
3823,2354
19,1767
4,2308
1767,24
2381,922
31,24
2,14
2126,2231
31,1357
7,2593
17,10
2,3430
3024,72
6,72
2928,1357
922,2231
2512,308
10,308
2593,2381
2,3956
2928,2593
2,2512
0,2928
0,3024
2381,3956
3024,3904
