2756,166
3717,1717
209,2260
1435,264
142,3039
1260,2931
2282,2668
2263,3189
579,1943
3363,2715
3687,3389
3004,3843
2932,1282
1779,1586
2379,1197
3074,2330
1099,379
2601,3967
3699,2893
903,3046
2203,1250
2787,3108
738,3704
499,1236
1076,2336
1423,320
619,2741
2419,2812
3684,2016
2883,3362
566,41
1608,3779
98,1191
1322,1403
328,3744
1040,1680
986,20
2729,2250
2773,336
3450,3227
1639,1299
1261,952
2774,2929
3838,3642
3618,3424
822,939
863,3606
2237,2899
1439,77
2786,3827
3350,3670
933,2954
1581,2879
2760,2011
3921,343
770,3782
237,3775
1469,3415
3607,1704
584,318
2705,2997
3305,3060
1017,834
942,798
753,1675
2160,2973
794,1990
3235,1959
2810,1389
3989,134
3311,3567
2495,380
528,3176
2872,1803
2741,1978
1396,1186
2869,1865
1675,1392
1487,1844
3863,514
1732,969
3963,1245
1221,3589
2059,2353
2865,2325
663,216
1701,821
1135,1640
392,3458
2394,1683
241,3734
475,2130
2020,253
2003,240
2965,857
1641,603
852,2938
811,2881
1241,2567
358,3640
569,3114
605,572
3917,697
1926,1100
655,1426
1630,2108
2722,2026
980,3733
2648,1512
2278,113
1511,2431
404,1581
3958,987
1770,1740
990,2053
3073,2582
1141,3545
3895,3190
2347,1027
3019,567
3361,887
2665,2094
329,2828
3464,1491
1735,943
257,1656
618,3912
411,350
2214,2627
347,639
3220,2642
2635,3810
624,1813
616,1517
385,3895
3279,3855
2771,1932
2683,2048
3824,2268
2938,2801
2049,140
2609,1158
1817,1956
1206,3907
389,2301
736,1940
1491,1088
3913,2328
1775,3645
3516,3614
3021,3816
1849,756
1018,1397
2551,3318
0,3686
734,1114
3329,3475
2279,741
2032,3141
697,52
2578,3546
992,1312
2031,2877
1000,509
424,3210
2399,3889
880,315
3557,2553
1912,906
2498,3470
3079,1915
3197,1335
1804,886
3959,2942
3120,361
1762,2775
513,3365
537,2552
3435,2367
213,1483
615,3580
2820,1581
3679,1195
2925,698
2841,2328
1247,2341
2999,2881
1028,147
39,482
1422,2623
3198,842
1766,2577
1754,3579
1579,3760
2831,414
3721,3975
3346,892
3259,1132
3338,1766
259,343
2708,2219
1795,2595
333,3211
3894,295
1498,3431
996,1605
2523,1987
3300,1304
1797,2012
3112,227
3411,2993
3502,1454
301,2081
3907,2168
3543,2451
166,2821
864,1146
2764,3924
3365,2967
2647,884
1715,3926
839,3341
1422,3053
3392,2706
3734,192
855,2868
636,3054
3090,272
3908,1944
2645,3740
21,2257
73,3950
934,856
890,2684
56,55
1089,2071
1251,1402
3203,3844
2498,1398
3039,1813
3915,3580
576,1772
2534,2410
2513,3908
3292,1498
2657,699
3092,2093
1267,1378
2703,2349
3499,3667
2608,2258
3956,1286
1773,1877
2400,2322
1150,1411
914,2391
794,388
2414,3864
1504,1531
2818,1692
967,1773
2123,3979
2297,1626
2445,468
823,2357
2163,1462
272,1668
3331,1266
419,2763
398,1159
3318,3306
2808,2196
2146,2740
606,3580
2538,3489
484,3895
1510,1978
166,3710
828,2221
3422,3103
2348,1591
3149,911
837,786
2898,853
3435,3542
1660,1588
3369,1110
363,622
3873,3121
2004,1315
3382,764
3253,3683
1974,1038
766,362
1108,3223
1286,2024
3928,3560
3192,1327
3091,574
968,1453
998,974
382,1274
609,2823
1244,3886
3967,3998
1726,2317
1298,1336
238,254
1135,1012
895,1778
1877,3078
3205,1816
2039,2055
3043,218
2045,3834
3727,1646
89,3792
1329,1198
2028,990
1422,1493
3323,2565
2073,1916
352,440
2273,594
2584,2291
3503,615
1995,453
3380,2983
2735,716
3,1643
1130,3629
2015,882
203,2860
168,1599
2050,1138
1638,444
883,2374
3106,3753
1148,163
1105,2901
1936,2209
3781,394
3370,3177
1187,1877
1894,3896
404,3217
1342,2165
2295,972
3464,1606
1172,3222
3069,2052
1507,3756
2341,3976
584,1377
2718,3910
2654,84
2473,1037
1847,830
1303,3695
3376,1162
1288,2776
151,3022
2217,889
2305,3884
3726,3818
1877,936
2963,416
1876,2997
2040,3308
2696,3585
3154,3227
1332,2276
914,1429
2428,1750
2619,3713
3337,1916
3747,660
1365,1205
3494,1706
2380,522
1912,1711
3557,571
181,3036
3448,2782
3343,2154
1736,1101
12,2241
1357,993
1824,3040
2743,3395
536,589
878,3487
2135,3098
2610,733
2699,2312
3373,559
3098,2489
1177,2494
1569,3342
844,3580
2770,2247
867,2046
3878,2256
3740,3830
3252,3420
209,1485
1552,3587
3897,767
407,95
3734,1016
3622,3930
3058,473
2039,2258
2159,1202
301,2057
3173,1899
1426,2703
1719,2833
1371,3498
2068,816
3504,2381
1585,3652
2158,2230
1359,680
1450,2308
2325,891
2659,1850
1280,1242
1327,808
973,2177
1173,3709
143,2191
2277,1890
1258,2085
3406,602
2658,1127
2210,1515
356,2567
1281,1654
3669,1292
166,1517
1133,2020
3761,1278
3867,615
277,616
1982,257
1586,812
506,3262
1877,1432
997,3761
2336,2655
2643,1793
3357,1360
824,856
1295,319
1325,3180
3354,2374
3790,2120
774,2145
2759,3119
1735,1101
3202,302
233,2814
662,2069
3099,1774
1950,2121
2101,3734
1799,3734
35,501
1125,3953
3432,3200
20,2344
1350,1685
2354,196
3487,1486
1709,3491
476,611
336,459
2280,150
2771,1422
2450,2656
1585,1559
928,1196
3066,3077
2435,2879
1634,1253
3187,3306
1040,3802
2038,144
3786,3663
3692,1797
592,2930
3631,1464
3162,260
820,493
1227,2876
310,2417
3384,1919
1884,1240
3209,1785
1217,2520
1575,1961
3513,2675
3941,3120
805,2916
3940,2189
1495,2332
1516,2701
1068,3991
2677,3325
1546,2206
3027,825
3734,3213
2511,2904
1406,746
1045,3880
842,2662
1106,797
1909,69
2097,3580
1962,2730
3942,734
1220,656
925,2552
2558,1057
1153,3693
77,1355
3520,2501
3301,454
1877,3081
573,1191
3359,485
2797,3702
3581,2601
933,1461
2143,1877
3409,8
665,312
1398,1862
913,1144
380,1794
3949,2231
3483,174
309,2874
3775,3258
1004,437
264,740
3569,3123
3576,3915
835,304
3637,1836
1024,531
3081,2728
1369,1731
372,1731
3772,1966
1534,3611
3302,2486
2586,3114
2684,813
2872,3353
1296,692
980,1431
521,1020
964,321
3117,3405
869,268
3575,3956
530,454
2669,86
3419,2356
3981,3452
3539,1972
1708,3469
436,220
2054,1113
2678,1577
3823,2912
3763,714
3533,547
3257,3476
99,2371
2908,200
561,1112
3915,946
3076,207
3191,2788
1080,975
1253,1224
3222,2596
1599,1693
2914,2480
2459,1078
2614,2287
1057,2474
2430,2537
3785,2395
397,770
3428,2020
1272,3520
2154,1567
1478,3611
3398,1486
1625,2723
486,1873
804,3283
3079,784
3211,3616
3474,3326
1323,604
2209,3514
3007,3639
3493,428
1728,2757
759,1255
95,1340
851,2387
345,529
2389,1581
2,3526
1532,3861
2570,3452
878,907
1831,3127
3959,3290
904,405
1252,3860
2699,425
1088,2428
3755,1049
3123,1970
3879,2062
2111,3997
2578,1234
135,3533
462,1446
3081,2284
909,3387
3797,912
327,2530
1923,3381
3086,3129
3420,1997
623,2662
2361,2025
938,2760
375,888
3124,120
199,703
1574,1975
503,3020
1402,487
3503,2101
1927,2460
1225,1841
379,3849
569,60
2969,2033
948,885
983,944
1013,1560
1697,2333
335,529
2711,2512
2564,188
896,3703
1615,1637
3680,1770
881,2469
1390,787
3208,1964
2398,2198
703,1426
1733,26
3218,1823
3508,2153
756,1112
916,2014
1659,1590
1918,914
1306,1688
3991,1687
387,2488
786,766
91,2363
2664,3007
3277,3354
1204,2347
1009,2940
854,2221
3795,3056
3749,370
834,3398
166,384
3228,3008
1061,373
761,2305
814,1877
1627,2120
3547,3806
2303,1765
3046,2976
3422,634
3724,3229
2825,2752
2908,1488
3014,3764
3509,621
293,3934
2831,570
3055,1170
1739,3782
1079,2170
3985,1310
684,662
491,512
1021,1581
1851,497
2103,3819
3825,733
1389,2544
841,930
3081,2062
338,495
1584,3731
1283,3203
3525,3436
969,268
201,3580
1532,3701
29,1372
964,2967
3910,2296
766,3955
30,1263
1145,3048
1869,50
3371,1362
3811,3592
586,1973
2966,2139
948,2491
1036,3788
3445,1789
1720,1046
1464,971
2119,2853
120,1006
2612,2413
603,1466
2872,1398
1333,1996
2480,582
2671,1465
1383,3631
902,12
1794,2206
830,1881
3130,3595
3640,2798
3838,1965
2169,359
3090,2478
2250,255
2878,328
2094,3521
1782,2283
2674,809
2744,343
1010,1354
701,2184
1837,1856
2959,1401
549,2908
1461,792
3418,486
3951,3433
117,3638
3643,900
3837,111
475,317
1139,2044
1597,2079
120,1243
1111,2581
636,1885
1276,1273
2884,1645
1877,2077
641,1451
2083,2546
336,1922
609,415
3706,794
2590,1809
2033,1043
2465,2798
2855,3244
1250,1142
3192,1901
1731,1710
1316,3320
907,766
2020,474
3217,1187
460,1930
285,3059
3056,1805
67,3823
1403,2086
3367,2646
887,2489
3582,1297
673,1949
1044,1600
3254,1675
1880,116
1147,3683
3977,159
3712,2187
1499,1019
299,348
247,3482
708,3049
1676,57
1659,1417
2403,322
2989,3825
3322,3783
1893,2136
1394,2759
346,581
3954,1456
3215,555
1575,3593
459,95
2636,2262
1868,1738
1153,765
1110,1417
3786,3435
2757,2383
1722,2476
2212,3393
1792,2584
1969,850
2849,2517
696,1945
3833,564
310,3465
1029,41
154,324
1774,186
1589,2019
3523,988
2886,413
2847,3087
649,3888
2992,1545
66,824
893,801
3504,3462
1233,939
73,2908
10,2361
1689,2252
3231,2866
2866,461
42,2720
3698,2274
3894,2403
3930,2321
349,274
10,2803
2921,2321
3458,544
2316,1720
586,2226
2211,3609
2779,165
1120,3947
3172,1581
2311,54
117,1028
887,3389
748,1617
963,2238
1781,86
1670,2919
1633,2970
608,3848
2577,492
1813,2447
1212,2723
486,1097
2625,2089
2956,2928
2571,2926
1777,3235
3690,2498
2166,48
516,3672
3440,3628
3413,1353
3580,3355
1426,1455
3385,3171
1398,3414
2995,3602
2000,1612
1821,1534
1435,2234
1844,3223
2549,2813
1533,3540
3147,2409
151,2324
783,3888
1165,2200
2803,972
284,3849
966,2617
963,2982
1055,3751
1950,3959
2311,1830
2654,1184
2064,1491
593,2713
1230,2206
1907,1185
643,709
1528,480
1264,1443
2246,2664
885,2535
3352,2555
2826,705
576,1810
946,3582
942,3812
2876,189
700,2443
3636,3565
544,193
403,2467
1112,3770
2797,1418
1794,1384
916,2538
627,3463
733,2856
319,1949
2408,2438
1243,2175
2594,2094
2762,2956
1173,2783
808,2872
2426,2366
3207,3567
390,2178
3942,3143
2602,400
2226,672
383,2827
275,2550
3809,1877
3243,2035
487,1095
1703,1537
2526,2489
3551,1368
1663,998
2491,3387
1449,3038
1636,1535
206,504
105,74
832,3210
1263,2582
1933,1447
844,681
2634,3396
2922,1047
3131,1233
2763,2582
3523,829
181,223
3801,1447
1571,2302
1727,2675
689,1823
2447,1416
1194,3615
558,1071
2872,2967
3691,2581
642,2113
1794,2979
2014,2378
2149,1858
3284,1896
1083,3470
3830,1591
2404,1326
2096,2359
452,198
131,3432
1024,384
2871,2113
91,1063
1049,3564
486,3081
2732,1347
1440,1378
120,699
1730,3516
341,180
3723,3484
2949,2875
2169,108
2260,1750
3171,1632
2891,985
3480,2858
2985,2705
327,2630
2470,376
1794,1170
2935,2598
3966,1691
1016,1093
1905,978
3056,665
3467,3282
202,2082
2,1725
65,1877
3265,3977
299,3315
131,3656
3845,3313
503,669
591,487
3748,941
2651,3402
1428,3146
1581,2315
1265,2023
1118,524
1939,1256
1776,2797
2154,170
3524,179
965,1714
1398,2909
254,1739
1083,588
3973,1293
632,3512
23,374
849,2412
1569,3454
1536,1444
217,1039
1494,2406
2548,2947
2837,1307
463,1328
444,883
3282,2181
1065,1822
3906,3751
3062,1741
3851,2606
2128,1043
263,758
3158,661
2386,340
1147,1405
2639,3729
3482,3227
870,226
3607,3647
1202,3719
3124,3234
442,3639
1771,1981
457,3923
624,2006
1828,2150
256,924
231,1142
3454,1164
496,1527
2396,736
2636,1733
312,263
645,1288
2240,3451
366,2754
3322,1807
3282,3698
894,2858
3018,1207
2327,2931
2810,758
1150,3778
2942,1221
3703,1453
1306,2991
115,162
26,1449
255,2772
3197,328
2083,3924
3307,673
1628,521
2431,1420
2623,2173
2318,1834
1176,3014
1511,3478
1488,2479
2693,3321
992,815
2941,1564
850,1289
3742,1581
1522,3788
2914,318
3538,3510
625,2240
2957,1100
169,3421
2540,1581
3460,3085
2563,1795
580,137
3644,42
2396,1752
2092,1833
3918,1345
1713,2510
3319,2193
1611,2500
1340,2707
1903,3377
7,2235
2323,1153
3099,1193
2672,2805
3706,2724
1969,59
458,2444
508,2342
2228,1171
3176,632
3166,2079
3776,2624
3432,2295
1162,1433
1098,1616
1169,3443
2648,2315
3031,252
2227,1003
2213,3705
675,2040
3043,560
551,764
2686,271
2431,2870
2178,97
123,1475
3673,2440
1946,760
2122,2599
2333,2961
2254,228
3086,1129
555,1800
2322,1430
1383,3587
3133,3952
2851,2703
3167,1760
1122,708
92,1754
1056,3780
2274,2731
1074,2806
3347,2191
1736,436
3175,1129
2697,796
3803,1596
1092,3074
2679,822
1946,2986
1734,1513
2190,1125
3436,914
334,1367
480,1836
2422,3001
3397,3370
3163,612
1665,2651
2579,488
120,3612
1404,102
208,777
2649,3427
3199,65
2272,177
1582,1686
341,3333
2271,311
2394,1576
1547,1139
1216,2840
1656,2065
2218,2799
2858,2339
709,1824
1292,962
2650,2373
2024,2282
2699,754
40,167
2913,388
3490,3267
2069,3470
19,2120
2586,1549
2703,2409
3620,1156
1134,3590
468,2843
841,289
3897,1140
3251,2342
2463,1972
2043,605
2468,3291
1049,1353
146,3043
1209,2482
1239,2717
3154,773
2894,543
2041,3681
767,899
2889,2767
3718,1691
3682,3893
2481,659
2969,1205
3559,3922
3970,3721
749,529
1744,1660
117,988
43,1037
778,3832
2622,2277
996,3390
2102,2879
1664,3892
1756,261
2652,3096
3784,1899
2600,2597
2211,296
1403,2293
345,1211
1208,1992
2092,276
556,1332
3558,345
2585,2080
1025,3081
3711,163
2259,2172
1984,3022
739,421
3281,1913
1366,2344
1821,235
3735,431
1581,1859
3167,248
817,3250
1265,494
1628,2419
3473,405
298,1326
3309,2194
386,852
947,2620
2689,2604
3730,3839
2887,2676
356,3470
372,166
1640,1561
1330,357
330,3000
2811,2489
617,1897
455,3911
2757,1282
1002,1745
1422,578
1634,2856
3800,560
1472,2823
1561,3278
1048,378
572,1695
1261,28
1564,727
942,1084
96,1503
2273,628
344,3189
1921,2136
700,2679
922,276
2299,1779
2108,721
3311,672
3757,3257
2013,1196
3964,3184
1256,130
3333,1313
594,2326
3762,1901
1477,695
881,3204
1846,2728
2707,462
2009,1941
2815,1514
2318,830
1549,2125
3136,2514
3043,2751
2257,3214
72,3199
349,3725
3843,612
1515,2100
899,1463
534,3139
3346,1442
3302,3012
309,2975
1403,2375
3282,3931
171,3256
3734,75
1953,1879
2332,314
3186,1388
628,2923
2364,2587
909,1707
3384,3999
432,3646
1228,1867
1403,2219
1985,12
3659,1566
3468,1768
3625,3648
3089,222
3441,3436
3363,1972
3078,758
2678,2846
1467,995
3920,722
107,2858
2058,1956
3787,3142
742,3324
2588,3011
1473,471
3269,1829
1928,2964
3093,1954
3470,2738
3194,2629
1878,281
89,3546
2474,2162
2562,3206
1613,583
650,1208
1869,353
1612,3522
1151,1492
1090,3450
1856,789
164,1910
1171,837
1064,640
3443,2271
3289,3469
71,1663
2582,2148
19,3071
2056,297
2699,1630
3059,1745
1675,1862
418,2418
894,3886
2575,2981
1216,961
768,499
2855,1885
95,3568
1221,660
83,1139
2492,1833
322,1756
225,3334
3591,1103
818,2946
1394,22
714,1799
3253,2047
3959,2757
1581,2154
923,454
2542,3762
2264,1718
581,3808
2285,1763
477,538
2928,924
2898,594
2300,970
3200,1499
2703,3249
2749,1020
1986,1489
3604,1411
3361,1190
3196,3945
721,3532
3722,1832
99,46
3074,2001
448,2341
3890,0
2008,2425
2182,2257
21,2830
2476,2346
3511,403
2523,1857
430,2249
3383,849
326,2124
3791,915
3061,3003
161,2929
2460,2916
2770,3580
3432,2879
1160,3137
2632,2183
351,1211
2159,2262
2758,2958
3783,2335
1853,396
1172,408
3013,2656
3512,2525
3339,2918
3683,2389
1751,783
579,3905
3982,3580
3105,2702
221,3974
3132,2714
1103,994
912,3452
1609,2329
2068,171
422,1851
1796,3900
1581,2824
2172,3346
1271,3580
1883,2031
1351,2327
991,3544
638,1554
1131,479
980,3898
539,33
3240,1268
1725,1972
1485,1804
767,1481
3650,1907
3486,978
991,3478
2497,3309
1434,1291
397,2878
3416,3153
2257,2076
3561,731
1673,149
3593,2141
1725,3490
1694,3116
1094,3027
845,2170
2958,1541
2126,2499
271,3648
645,1036
2630,3862
725,3331
1269,3009
739,3812
3299,2377
1650,937
2856,1669
554,831
679,2439
1050,531
733,3836
1073,2406
2452,3020
1379,549
503,1794
3256,2156
1662,1807
3064,1452
1445,3067
560,3054
6,3842
845,3768
2618,15
1920,1382
3528,1963
858,3826
2783,1007
917,926
3857,2624
3773,177
3649,3641
3855,2322
2456,201
1604,3162
2574,2858
3023,3493
1225,1860
686,1915
2573,3885
3753,651
1296,2521
1422,911
987,2809
3774,211
3199,2359
546,2529
1189,381
3600,1222
85,2608
2345,995
3993,1730
2124,2398
3026,1892
640,478
1740,897
1443,3793
3229,1328
2932,2237
803,296
2116,2175
1640,3545
1034,1831
3224,1143
3599,887
2489,3156
3962,3002
2908,2091
1319,1064
3295,50
79,510
1514,155
2832,99
167,2437
2379,833
3459,3969
226,3690
2449,3308
3757,2498
3254,2948
247,129
3440,1536
3912,2102
1826,2529
1203,733
541,806
3003,1765
3151,1882
2806,2652
3527,1849
2532,160
606,2742
3065,3481
2228,926
2125,114
2588,2632
2180,1038
836,3655
3431,1171
3232,1895
3242,2144
3126,3317
3621,3876
1522,3572
3866,959
1650,331
3753,3254
1004,2331
1005,3017
28,3595
3165,3305
1783,1595
1232,184
1820,543
2880,1055
715,3083
949,3985
888,517
3424,863
3321,2585
3666,678
1255,2937
676,2168
3902,861
3396,1982
588,630
639,662
3799,3283
1520,3785
31,749
3813,3518
1294,1980
727,2754
2888,1126
3402,948
2861,1729
1457,2949
3660,3248
1584,306
1859,175
2464,2582
1264,2695
874,831
945,3549
702,3076
333,2432
552,2990
879,2238
2915,1276
3109,3622
3247,3556
2197,1920
106,1065
3335,93
1470,125
3237,2870
2244,3394
1099,1672
3082,1113
1331,3472
305,2507
723,1158
915,212
2501,83
2349,3079
128,3109
2468,2429
3151,2171
3630,2454
303,1268
818,3083
751,13
1986,3378
2462,3859
369,3868
3266,3147
3750,2215
2872,1868
2918,3471
1617,2593
350,243
2034,1105
3609,2209
999,1221
3693,2166
2922,3275
2488,853
2687,1035
18,1992
2832,3510
3880,3276
846,1722
3248,1749
646,2794
2445,1755
2059,2616
132,3694
2434,1463
3875,2017
1758,1850
2471,2991
789,1117
2229,3677
3293,3993
1906,3833
1877,439
2082,3272
2416,1395
3432,2377
2872,3325
121,466
3871,3790
1479,3382
2540,2007
1265,1783
3201,2717
1179,143
3507,1038
3877,3127
1767,376
1716,3850
296,3876
1840,745
797,465
3095,2858
280,485
1575,2583
1023,2919
283,13
1097,2952
15,3236
3846,2088
76,3949
3764,2869
1860,2930
2102,587
1695,3823
3730,3741
3517,451
3191,3988
1601,166
3226,2161
2485,3831
2974,1240
1812,3006
2392,2644
2074,3873
157,560
1700,2415
1581,327
2321,1655
4,1246
3030,2952
3201,482
3447,2817
2147,3769
635,1639
3035,2889
1371,1618
2585,2133
1840,2321
2173,3865
2996,1361
449,2967
1563,1320
424,1497
1589,2615
2107,3015
2796,955
135,677
3094,677
1270,691
3325,402
1098,3126
334,364
1559,751
1629,2185
3263,2939
1747,631
3684,1560
2734,2286
3251,472
3072,1792
402,450
2056,1049
2395,1342
454,1457
1575,3311
1574,3360
2170,1581
1164,2967
1283,387
2534,535
3110,1192
2597,1519
154,3737
518,523
382,809
3763,940
87,1497
2576,2117
3726,3928
3303,746
3183,1819
429,59
460,1988
3887,1544
2582,81
2157,1581
2600,109
1583,657
3771,2034
2967,2066
3904,2434
2346,2314
834,2262
2641,102
1238,1529
2422,1748
1409,2852
3159,3532
382,280
1413,1112
104,3774
3943,160
2673,1891
3725,1725
1071,1805
1482,1714
394,450
3463,1653
2011,32
97,2235
2722,323
1011,971
2367,1635
2246,3234
3427,783
3138,3180
1185,3348
2154,3241
3191,591
2487,3280
532,166
3619,1941
2578,1656
68,1480
2830,2129
2860,1904
3222,772
846,58
1790,426
2519,1403
650,1737
3231,1096
3519,1380
1743,3687
1620,2254
273,3711
1681,1991
121,262
1398,188
873,3643
2746,1918
197,1933
1573,1209
2345,3336
2507,590
12,706
1186,393
902,2853
3821,2808
2907,2697
2102,1537
806,278
3822,840
2392,3933
3440,3598
164,846
1139,1262
1790,1855
2547,2760
1184,3139
599,218
3915,1562
629,1626
3608,2461
1415,2542
2496,897
1166,2725
2494,862
1877,614
3853,860
1740,2845
252,2431
713,3296
782,368
3352,898
2072,1700
3270,3583
1400,1937
1343,1407
1119,92
1180,633
1459,3872
2621,2784
3477,1089
119,2334
2698,2816
2582,3937
783,40
2319,1662
3566,1440
713,337
452,3085
2307,3159
2298,2594
3168,1758
568,3952
3023,2025
2340,2516
1138,2239
2234,623
2498,3304
528,1970
1761,1993
1811,1159
1414,1178
2008,320
2291,3515
403,1573
3055,1721
3277,2966
2309,1199
3878,1877
3000,3909
3554,1937
2875,1045
3215,3208
2095,1929
1640,2393
1888,1490
3874,2239
1769,560
1182,3631
449,395
3939,3641
290,1094
2198,3446
3510,1093
778,1112
3665,1835
3498,3025
3252,3614
3205,2834
3802,719
2263,1944
2047,1566
1451,3441
1448,985
455,3594
338,3373
1975,2709
3326,2807
2872,3701
447,359
3889,190
1998,2184
3601,2201
1140,1921
1155,2637
1121,2155
2547,2241
2108,1722
2814,1644
1898,1011
390,3562
1287,1193
2631,1899
1017,595
2196,1323
132,2000
1889,1070
1750,2781
2589,2448
3984,3662
1008,793
485,2313
783,2340
3480,1977
3366,3063
2834,920
2838,148
768,178
3225,208
1734,2306
550,242
3834,3344
1251,754
393,2307
2399,2109
986,364
314,3143
629,3031
3034,291
3096,3265
1740,823
1595,1592
3287,2090
3149,3869
2574,730
3473,332
104,1671
1295,707
1197,541
957,3707
2099,3537
268,3983
1053,693
1114,2745
1189,2016
112,1358
2322,2186
901,1305
1381,3113
1817,3734
3930,53
1215,409
500,2978
2274,3627
3620,2157
640,1677
1921,3519
1087,2883
3597,324
1798,3071
3803,287
1222,2564
726,245
204,2405
3903,166
101,1709
2613,3134
2559,525
1749,966
743,2926
567,2154
1567,33
2822,2408
2317,451
2521,2248
3957,1277
3635,2190
174,3605
1994,1427
608,3594
1699,3767
3881,547
1245,2348
1181,122
2346,3935
2713,2733
2035,698
1398,1976
642,2669
1896,246
3374,92
3717,2737
377,2704
1152,2436
772,1221
3393,2301
3345,343
2374,829
1530,294
279,2131
1618,118
2170,259
3687,1895
305,1335
2267,3903
344,1401
3948,873
1807,1227
3440,3375
1666,100
1471,2764
3247,3749
1580,63
419,184
3765,674
1812,595
3680,1530
3685,2202
2052,1875
3619,926
1409,3110
2555,2799
306,176
1696,3984
3791,1112
3449,3931
1668,158
2923,2872
2027,2730
2397,2383
646,2486
2661,1468
2911,2811
1570,1081
577,345
75,1871
3051,3743
712,3481
2098,282
1581,1
2683,3045
1667,3591
1690,3746
2607,2710
3310,363
3323,78
3972,644
1655,519
118,37
3570,1692
1402,3068
1904,2556
2081,3661
3980,3738
3466,212
744,2988
2178,3797
1460,748
232,3358
1887,1858
1069,3432
1881,3702
2294,950
1481,890
1592,3280
2503,1746
495,3898
17,1500
3410,1746
1862,1802
1381,1669
3944,3627
1655,2156
3401,223
3766,2669
1704,3681
763,1866
166,3477
707,2376
2581,2745
3536,3049
377,869
968,1727
1977,1151
3704,683
2647,22
2988,1370
1428,2809
1433,1090
1980,3881
3892,128
3847,2978
2355,2026
3466,2428
2522,684
3188,481
3251,3584
3943,3215
3394,447
1770,2275
2613,1366
2162,1550
1610,2442
14,3084
3840,3875
1123,2200
3218,1367
432,3492
2950,3589
1640,3995
2619,1524
3685,1127
1583,785
486,1501
1244,2194
827,127
2490,872
3705,1063
2225,2292
1061,1092
297,1698
2533,3065
431,1012
3506,3778
3289,2727
1571,1974
3921,2226
1422,780
3521,2277
3358,3598
3548,2725
3895,173
456,1581
3601,585
361,3139
3586,1470
76,1137
140,3914
2245,464
1638,2029
2767,1153
1412,2151
166,2003
2917,2791
1750,1206
3592,2527
2321,2649
1994,1679
1476,3470
2419,1322
1046,3044
2441,410
656,422
451,2368
2566,215
2463,2155
3864,347
1543,3979
3517,271
1437,2569
2595,737
94,826
3564,1909
2677,283
2844,351
2692,1724
3035,1581
2174,1380
1275,3376
1487,3452
1432,423
1447,1385
1613,236
2660,3787
2792,34
1861,976
1267,2037
3115,3615
102,2090
2825,667
3260,3668
498,3410
744,1194
3184,427
1047,2126
1513,3067
763,3800
3468,774
1877,1948
3585,3094
2264,2391
945,982
1846,1188
3750,3230
295,2561
3050,730
2815,1136
921,2321
3415,241
2891,2142
117,3386
2639,3616
2154,3203
3015,2274
865,3135
95,2695
3576,1237
2296,166
3695,3787
127,81
2390,1594
526,3817
1863,3102
1157,482
977,3118
3700,1951
3338,3609
2736,1681
3186,3294
3821,2762
1728,2967
3580,2063
1431,3091
817,688
2474,938
2063,3268
1025,433
1021,2650
3752,3442
1304,2962
3102,2055
2411,119
1709,460
3291,320
1081,2955
141,1704
3918,1174
3971,2698
266,3330
864,1075
1058,3890
334,2385
3939,3351
2366,1985
3968,3199
910,3188
3563,1814
1077,3419
2327,3816
113,2742
867,2299
3209,2277
2635,989
1874,1900
2616,307
2996,1015
486,2832
647,2892
291,3174
786,3238
3742,3534
1191,1966
1843,3739
1026,2489
166,2667
292,562
3818,3790
2108,3511
3267,1201
974,3691
2974,3743
780,2859
2527,865
937,3838
438,2466
3336,1410
1313,1041
3144,3916
2285,3432
1558,2545
3476,2285
3449,801
3784,1633
1842,2167
1218,557
1863,2274
3817,3291
2484,1349
1926,236
3746,156
1422,1687
3125,2241
100,1031
374,683
2744,1906
1067,2220
3380,3488
826,141
1967,1877
2493,2310
3804,1111
3100,3155
984,3913
3930,588
596,2514
2850,3531
3188,2829
1697,123
3074,77
3515,2879
2064,212
3779,1003
3223,1753
2483,2971
1938,1794
2508,3891
3254,408
2018,2088
3555,975
540,944
1496,1609
3744,3896
2264,1293
3905,1235
1017,3679
652,3959
2680,1915
1434,2872
416,2391
2380,1199
212,3553
2474,3485
302,3728
1244,486
1269,3139
138,1230
1343,2681
186,3304
2599,3471
2766,3922
3934,2010
3113,3530
1647,871
633,2963
2165,2477
2712,2381
1007,3378
1940,3437
2479,401
1344,1436
2272,3355
560,2637
2089,3271
87,1605
3137,36
211,61
532,3185
1871,811
176,437
2785,626
3633,538
587,1797
3437,2139
485,3224
929,109
2510,1620
1801,1877
2178,3560
1404,242
792,662
2203,30
2627,1656
621,1321
1102,2661
571,2692
1744,755
1280,733
1281,1516
2118,3403
3286,644
1123,3719
85,222
3461,2900
977,2793
3242,1820
2473,953
207,2143
3610,1397
607,53
1797,1604
2096,3320
45,2036
2615,2841
998,1300
1947,2018
972,1802
2879,451
1275,1307
3454,900
1297,1550
2609,3426
486,44
3979,1925
752,1686
2872,520
2094,2836
2078,2397
2281,139
2593,2109
3773,2605
904,2800
3193,3157
530,3079
1120,1249
1701,560
1258,2102
3028,1197
1877,3016
490,3364
47,3840
287,3830
391,3828
2659,2591
3061,2880
719,1575
1220,2747
199,1687
1526,2058
1931,1270
781,3573
2113,1445
1323,472
1541,1777
3654,704
1712,3255
231,781
3288,2965
3254,2154
64,3757
2541,2187
512,1499
188,2265
3867,2926
1477,992
3375,3472
1644,466
613,2070
1351,2691
1610,3070
908,2281
1768,2049
3150,936
1878,3766
1309,509
2907,3836
731,2298
1723,3288
2407,3779
1506,145
2174,3571
265,2793
3734,1689
3819,1714
1711,491
3340,2857
3212,2940
325,3264
596,517
2927,680
2334,114
418,1808
737,1469
934,3941
2872,1195
522,3062
3501,383
2706,2699
1134,2364
3768,2050
3409,1112
526,1759
1221,794
3278,2677
1200,3798
515,1685
1857,2607
156,2531
182,2569
216,1957
1506,3407
149,23
124,3170
1852,2849
3160,1578
2443,2935
2208,3529
1137,3765
129,1995
142,1180
2178,2753
1934,1166
1066,1236
3116,2384
2998,2057
260,3452
416,643
434,560
2401,105
1904,1770
794,717
1717,2207
3677,3883
1983,1806
735,787
1508,3182
1229,2326
1609,2225
3877,218
3631,1107
1814,303
1080,1777
2563,881
2902,2432
272,965
3299,3551
1999,3081
3734,2556
11,1126
767,1911
2821,2346
204,94
1629,2829
2549,1830
3138,3642
1811,2352
2761,96
1133,3621
3607,497
1382,2592
3203,3506
3696,651
438,2716
486,1266
2944,3553
1119,447
3529,1048
3379,2427
2819,3508
534,3980
601,1414
1354,1818
2474,1454
626,3675
566,1955
3364,2177
468,64
3600,548
3486,3820
2904,726
847,3712
3479,1838
2939,560
3720,2084
67,1598
2776,3549
1538,1856
2404,1581
1480,1468
2911,1648
3169,3728
3074,2393
3135,2041
2865,3388
1575,574
239,2705
1627,1001
1006,3632
360,1867
1791,3669
923,3125
2013,3004
1813,3847
1572,1602
1794,800
293,3042
2350,3979
3738,3996
219,2243
2337,3155
415,139
3577,2985
1852,2108
2992,710
2303,2424
3973,2610
1616,2804
3484,3314
3948,790
2267,959
216,2984
386,187
2512,3959
498,1727
1072,2115
3223,2598
1137,2802
755,1593
3223,332
3244,2027
52,2435
496,217
229,1153
2093,2924
1732,554
2251,2779
3697,196
1680,3259
503,2980
3895,3054
1861,1786
2960,3755
3940,2407
1908,3274
2132,1959
1872,1684
1838,126
1856,212
3074,2528
2960,3893
185,2792
2280,215
2414,2205
355,3093
2936,3366
2015,2666
1657,1813
1606,296
3206,3882
518,1290
3069,165
400,205
1103,2076
1115,1343
3814,1581
1444,3250
1214,320
3672,2592
1356,2313
560,898
805,3179
674,593
3566,1800
872,3631
3772,3895
490,807
2132,166
2622,417
2116,317
752,2236
1079,485
2750,981
1349,1752
2048,2100
662,3826
760,169
1341,1933
1192,3342
2872,163
3366,654
511,3959
3590,3470
1146,3081
559,489
2430,440
2337,3653
1643,1543
1623,3796
3955,266
416,1958
1415,1399
3153,598
1648,3140
3467,1116
3392,3036
3984,1019
2142,2075
1050,1680
130,880
33,513
2774,182
600,519
3346,3882
3652,2345
3190,1568
653,2925
1797,2557
3606,3574
2426,124
2474,3569
364,2566
1364,2132
2322,2374
1393,3509
2308,3831
2896,919
1780,1143
3213,3712
2265,1837
3767,573
1615,2210
426,1166
1987,3241
1095,2840
1317,2465
3273,666
441,1467
3128,2572
2017,2972
2948,3216
3412,3407
136,728
2807,666
3025,1026
2454,2446
70,249
1024,2036
2296,3129
2374,1304
3833,3654
3862,1485
3399,2968
2266,1077
2222,3115
2959,838
437,3608
3319,3645
476,701
3919,473
2312,1474
3953,2087
1921,678
1877,243
3865,2848
272,1491
758,2589
2388,1224
914,373
3554,1948
2765,3426
876,101
3505,1524
2872,3316
258,2277
537,2106
24,1624
1581,1168
3676,859
1331,3270
696,3807
920,2951
3909,3164
3412,3781
1588,1877
3856,1658
72,2086
3470,2134
2006,2655
1232,1060
552,55
1352,1478
3494,1092
3287,9
1309,3413
791,2430
2845,1935
775,2355
3266,2274
2787,2351
681,3581
3383,3870
747,2327
1392,3173
3662,2544
2862,339
1042,553
2400,2915
597,862
3146,3510
3360,1954
3457,1807
2976,1031
1373,2852
1163,2531
1729,3584
1203,1891
3853,3806
2214,463
1104,1997
872,1750
868,2913
191,3631
1113,895
2370,3623
1657,1533
821,2164
3012,1877
655,1061
3863,2673
2410,2733
1731,1739
1737,3268
166,1624
1033,3736
3599,1166
3578,2663
682,3753
3351,3297
2782,2536
3962,3540
3851,1794
435,3207
508,1493
2817,1825
1055,3496
3294,2689
37,2242
3470,3019
3259,3164
448,3722
1375,1022
2818,3776
486,1664
3759,572
3429,729
1835,1590
1642,2284
2179,802
3650,1339
1893,2351
367,784
3830,63
2487,3254
2128,796
654,2466
2078,2885
648,882
3300,1447
3238,3008
25,308
272,95
2364,27
146,3371
453,1925
1490,1813
3674,1759
1403,2429
2968,2516
3950,2812
1675,1459
3995,2153
1559,906
3947,2621
1479,2321
3989,1930
1188,776
1038,1108
3575,1001
2838,2921
3974,430
187,788
1062,80
2335,3925
3107,1201
795,3927
2642,2580
3547,1473
2022,1274
3625,3263
3804,3841
103,3666
3583,545
860,3651
3246,3160
799,2672
166,1386
3430,1884
2910,960
2582,3408
295,2554
2671,3285
3657,348
1757,692
192,441
1842,2482
2401,1074
3530,3989
3187,2327
3141,272
3312,3729
676,1902
2216,2638
115,1624
648,1619
1675,2085
626,3343
3714,1059
3530,3901
1213,1311
3963,225
1130,3372
562,486
961,1785
691,58
998,3883
1496,2760
420,2833
1828,1300
2258,689
533,3889
1875,2685
270,2127
3139,3536
3282,3603
3495,352
2525,627
1218,653
51,2979
3232,3356
690,2322
2975,720
1226,2587
2290,2023
1581,3379
1523,2757
3607,1030
1054,3156
1237,732
2410,1678
135,1942
3745,3227
3971,3032
446,315
175,3174
2933,3527
2833,3904
443,3451
248,229
2633,251
887,1747
2520,469
2710,25
3082,2451
908,3688
3624,2038
2874,2694
1422,2498
2302,973
327,2104
3670,3911
3617,2687
2959,3148
2441,36
1370,3936
3317,3029
3057,1051
1658,3259
3580,2755
1698,3064
559,2993
44,1742
3452,3368
166,133
307,1809
1616,2863
172,90
2129,1161
814,1932
1614,2953
298,711
1713,3633
2603,3160
3216,203
2943,1458
2795,575
733,464
881,1892
3618,3442
1635,1653
2611,679
1702,1013
34,1344
2789,2873
100,1302
1308,3906
3930,2387
2043,2562
3957,795
3794,2411
3497,1724
2898,3101
2685,2269
5,1200
1073,2224
875,803
750,2513
3805,2545
3779,692
3930,2247
54,3861
2957,820
774,2905
3777,979
395,956
3047,2896
1815,2143
561,371
2423,2524
3087,2760
337,1378
2739,1971
3063,3899
1248,3936
2022,2757
3207,2112
3017,2144
401,3636
3688,1410
2679,3081
1646,1687
2004,2650
1848,2178
1688,3630
3710,3324
2266,1315
910,3121
2910,1976
563,3193
411,1285
2937,1995
3621,2362
2486,2604
782,3720
2934,228
3275,3032
369,694
2920,3260
443,2784
3623,589
1998,1271
3551,815
1204,805
3037,2141
1484,485
2769,3983
994,1778
1167,3097
1854,2477
502,1694
1338,2066
2276,3678
1587,635
1674,3514
866,3505
1983,142
1622,2781
3997,3108
1840,2495
3239,2094
213,2152
1797,767
2522,1797
3148,1719
3106,825
2108,1580
2657,2402
1269,685
846,2060
2418,147
2362,2962
1581,2384
484,1642
2280,1343
3199,3676
709,3054
3395,1358
3297,1917
3455,3538
2780,1369
2130,2189
776,738
2935,29
3556,2729
2227,1323
583,847
896,2726
3617,559
1169,3264
1084,166
3671,2858
558,1319
2010,1156
240,70
3245,1301
677,3430
3315,1753
1782,1398
1365,3690
2877,1155
2714,2420
1386,560
342,3753
1509,2568
2947,3607
366,2559
2509,732
2690,1649
1341,292
300,1508
258,1641
3759,215
95,3978
38,2298
3668,3734
239,3368
3052,2312
1442,284
2433,1044
3734,3741
1124,1726
3081,3223
219,353
1014,2145
3895,3346
1827,2737
152,1284
2827,2768
2455,1794
1075,1958
1018,1418
1631,1107
1214,3649
1345,3931
1993,2791
362,1161
2186,1661
2413,483
1647,1174
313,1372
976,2748
511,1560
3101,1917
49,1330
857,3811
1502,3789
2786,1551
3033,830
2511,3637
2579,2304
3531,2691
2712,490
2480,1030
3844,412
317,1572
2133,327
913,378
3139,1318
1629,1973
712,3445
2628,2446
458,1121
1027,2352
3969,2224
730,2900
1707,267
1082,3732
1548,3604
2773,2102
385,1348
3452,2046
982,3421
2223,3822
2427,2500
2580,3850
718,2365
3981,2760
2551,3251
445,3000
2105,2967
1141,1262
1877,762
1798,2506
2835,2134
1283,478
3479,3018
3550,1363
2686,2839
288,1416
3842,2493
3292,1597
3316,275
2277,3946
3495,1265
1786,3607
1165,1619
381,224
3530,31
2388,2864
3170,2868
3010,435
2464,1636
1456,774
563,1391
3459,2483
1914,2760
2839,32
886,2535
3282,3128
2477,1735
1539,1361
1679,3987
2438,1494
1177,830
1102,2490
3664,477
1581,1198
1553,3221
2971,1789
3805,2862
3582,1320
2320,316
2758,2379
2846,2001
1721,1676
2761,1876
1816,3353
1234,620
520,3889
190,2688
2204,2245
2550,2780
1576,1625
107,3313
467,3931
2847,3104
2755,545
3027,1278
2895,2871
540,3033
1476,3261
1039,3682
1171,2629
3815,3372
1029,3195
2954,1967
1483,68
2906,1368
3179,1265
1507,1167
412,3158
2711,2554
2835,1934
2676,2999
2040,3332
3572,887
57,3512
3716,771
3026,1988
1085,2472
3990,261
2644,2977
932,2233
3111,486
3221,3491
3778,166
3339,1352
2620,942
2223,3077
2634,2369
3845,3902
3446,1154
949,1239
3961,134
1112,848
2995,3696
3603,2192
267,490
675,93
2630,1564
3165,49
3034,957
2222,1761
3402,253
1971,1336
1575,3891
1324,1808
2478,390
133,745
153,3359
810,1540
82,95
3152,2899
3798,1757
1788,1960
1137,3835
1314,3470
492,1874
604,1503
326,3944
2216,1221
2790,2496
2731,1505
810,1847
48,365
3474,807
3200,919
2746,1531
2442,3734
2665,331
3390,493
474,3665
854,1022
2690,652
3937,1661
1355,3500
467,273
3855,1776
439,597
3168,1438
2105,1471
1570,2277
3418,1235
3416,1343
1299,3626
1526,417
1968,3
1059,3258
1365,1254
3926,455
2415,962
993,2171
95,1770
485,1398
2199,2964
2138,927
762,1341
286,3088
1160,1303
2585,1221
158,1497
3414,2356
1076,14
3072,2074
2801,529
294,2499
1879,2882
2778,794
2009,428
3051,955
3048,1117
1528,34
3694,2505
3196,1505
2123,410
159,2111
3624,2653
3732,812
1387,1886
3095,516
3386,3930
1283,2822
2565,1905
1337,274
161,590
3314,494
3914,1554
1931,641
3927,1348
210,343
3678,2666
446,1683
2863,3638
1922,39
2573,917
2591,2005
945,1229
1412,710
875,2220
2061,3935
2231,572
370,2867
69,3994
1429,336
2748,658
2002,2575
3130,2696
3837,2020
375,3080
1303,1877
836,2973
3911,1629
414,1742
3951,2117
564,3307
3558,2421
1085,1583
1144,1557
3269,1674
1622,2805
1564,2458
3427,3718
148,2455
1112,2555
951,1688
2627,3613
3510,3887
1014,1439
1425,3438
617,3830
1096,3933
2137,2252
1576,2766
1387,2042
941,116
1338,3357
2214,3555
618,2137
1651,357
767,2253
2115,2097
316,1952
3239,503
3530,527
2864,1585
1518,2469
2581,3225
851,3219
3856,339
1191,103
3754,2374
3084,195
2848,879
1546,1622
3737,1082
1337,3122
1236,510
711,2602
486,3699
1478,2319
2283,3461
3789,1427
2753,1316
2694,2890
3771,3236
1346,2150
3337,281
1562,1817
3895,1182
1919,947
2152,16
3917,881
2357,1621
1942,735
1009,3223
981,2721
277,2502
622,2213
2872,1042
2108,1775
2898,1568
2743,1866
237,2612
3027,671
1945,188
930,1424
1810,3824
1888,1976
3219,1249
2650,3105
1770,2617
2182,1015
3958,2253
3748,61
504,1682
1652,881
2270,3178
3125,3002
2312,2892
2760,1499
765,2202
3181,2967
3223,3060
1234,634
1602,3223
285,2102
599,1493
3112,2193
1767,1671
951,2294
1587,3574
1212,2323
2053,2394
1764,2943
3349,2331
2207,1794
1066,3489
2030,2402
250,3976
3756,2606
3298,3550
706,3827
3194,3637
178,542
1547,3548
686,1402
3730,300
2842,1215
108,2884
433,138
1686,427
3764,570
3453,1269
2560,84
833,268
3088,1696
1290,16
1538,669
1318,1672
2515,2667
1176,3125
3605,2633
956,1495
1554,1402
1723,2072
1446,1067
3621,3925
3841,2327
392,1529
2095,1051
60,3452
3140,1010
1981,861
3988,2528
2297,1806
2390,1903
1493,1948
587,954
1388,3805
1207,17
952,3931
1886,1131
2382,1667
2288,1254
1154,2075
3574,3145
2358,2127
3733,523
2626,2114
191,3858
256,2209
2195,685
1979,2405
1056,2475
2160,1781
3423,2802
1581,2978
3144,2197
3708,3005
2819,2640
2208,1437
2239,1861
2641,1464
843,3452
1495,242
670,1953
2668,1935
2183,943
1493,3119
601,1448
1870,2933
2572,2233
3831,3388
3596,1750
1106,2462
3916,742
3365,1257
3249,3228
2722,487
2474,1092
3198,3485
2444,3993
1460,2256
5,3350
3528,664
3075,2670
80,1238
2371,3657
162,2982
1518,2430
3214,250
1898,1718
942,3185
741,619
1219,2732
872,2872
2449,2543
2912,2777
3992,2718
1705,918
3311,3205
1718,513
524,1817
2450,1801
3142,704
3262,71
1523,3736
2249,2524
3233,3281
3846,461
3349,665
126,927
668,3713
3609,3226
38,304
3970,1654
1035,1032
1581,1535
3792,447
2700,3530
2662,150
3629,3621
1845,3404
3401,3429
2095,354
1438,3408
1854,918
1450,1148
3134,3664
3240,3438
2195,1900
2623,2051
1574,3777
1333,1991
3874,1000
3613,3284
3161,3965
1183,2704
1581,1741
1078,3172
2481,1916
2682,2708
1542,2436
647,3986
1265,3992
1894,3327
3118,2570
3848,2289
319,1631
733,456
3938,3041
1822,3835
2987,1052
1466,750
2453,2561
3879,1086
3001,1341
3175,3332
819,3470
2278,3716
1521,3714
1748,3871
1898,2892
2909,1152
371,970
3731,2453
1279,560
1560,3417
1873,3634
1520,1570
881,2329
2581,3830
3066,3609
486,3900
1484,1703
3689,2141
3885,9
3107,1054
2660,2353
2895,3559
3656,407
1952,442
1794,2163
2603,1690
329,2021
2920,1312
3053,2984
1424,3581
2289,172
3049,368
565,1864
3658,1897
1581,3369
775,1678
1157,2094
82,791
2854,1738
1578,2314
773,1651
429,2539
2154,1565
694,470
771,2902
3411,1999
840,2378
2850,3735
2596,234
1608,3328
3183,3440
3037,1556
2112,1563
1655,572
2705,3075
2927,2107
2681,1168
3999,1853
270,2274
3787,2772
1632,1086
1652,399
2118,1115
972,3850
2674,2558
396,3832
958,3447
246,1819
3653,1223
166,179
2860,2885
3057,289
979,3793
3966,3931
230,3683
1807,2946
759,2868
3122,219
2164,56
3810,1170
761,457
18,3537
2614,1493
3854,876
1246,2795
391,2134
1472,835
2842,2760
1827,1062
1287,1796
2536,1957
3557,112
1760,3635
1395,715
3602,2472
2356,2503
1603,3487
3960,3930
2035,2997
1321,398
1112,3571
1788,3456
1376,3932
3986,2368
3734,421
1210,3106
1499,2843
2459,3967
3132,3866
3345,1817
2603,1219
3501,1231
2324,2631
3016,893
3672,2020
2978,922
2518,3200
3478,1308
3541,43
1347,3920
3301,3397
1272,1902
205,3588
1104,1557
3708,3563
3723,2275
1491,3452
716,2804
1845,3400
3293,3612
3707,798
3829,342
3097,1939
2983,3081
2504,2346
3552,1770
2085,2309
600,1699
3483,2571
3242,2721
234,1325
1034,3074
1257,1899
582,3081
2433,1474
3633,1780
406,1323
2005,2316
2702,155
2663,950
3780,3945
3687,3448
1138,2067
2920,2760
3979,2091
2290,1403
471,3181
3938,2045
615,1555
1041,757
3444,3979
3017,3542
2888,2757
2288,1936
1825,2255
3191,832
2788,2248
483,1754
3237,1542
1989,2682
891,1291
1284,3298
3829,4
1880,802
2457,2873
2934,2040
3032,2646
2980,469
827,3609
3391,3923
2699,2236
490,360
1596,1408
2716,2064
1791,3586
3330,903
1334,3907
565,1279
1955,2386
3425,3456
2489,1682
90,3050
2176,3073
527,3145
3044,1334
2658,2458
1762,3069
2977,1666
3377,3522
590,2777
455,2181
2785,2618
3901,183
1989,2065
843,1500
2890,1175
1725,3344
3080,3233
3010,1877
1728,3465
1374,1277
1190,2448
3439,3045
3839,2518
2084,3857
1560,813
1769,2360
2623,931
1552,960
2823,272
24,3760
3136,1289
3543,1743
3715,2872
2680,2765
2261,1374
3204,2502
2950,3049
1581,3024
2338,1832
3960,2738
2067,3801
406,1118
2723,3356
1913,3915
3541,2583
657,1364
889,1407
2360,1489
515,1223
2188,3334
3609,3290
1965,1252
1053,3434
3868,1413
3667,2376
2736,553
2394,2688
1877,705
3195,51
1645,2653
1899,1784
1008,1005
1890,536
2119,989
2042,3929
544,1834
488,2072
185,3152
3111,611
2179,2478
481,921
194,517
3285,2897
2327,1455
2041,2509
313,2967
1579,1116
3223,3425
3058,2905
2790,2557
3012,1247
3734,3577
3286,2643
3104,3261
2970,3042
3646,613
1430,183
1248,269
753,2768
2415,3655
1359,1149
227,145
3580,1403
695,3808
79,1273
200,2959
3423,542
3887,95
3754,137
733,3081
2749,3621
2961,7
3833,3544
2321,1181
1914,767
224,1877
2537,1396
729,916
3807,1341
336,2560
1714,575
1889,551
3362,1132
1441,1706
1784,682
3254,929
1311,769
2750,355
1228,75
2070,173
3919,2279
2467,144
152,3052
3795,3661
2028,425
1739,2505
3931,3674
3796,2375
206,571
2987,720
1558,3663
2170,2990
1242,670
838,3568
3455,2218
932,2292
3274,2232
665,188
3518,2972
1124,3496
1419,2941
690,2343
1391,858
2370,365
214,2373
3889,367
594,2605
1408,3131
2094,649
110,1069
323,235
3227,249
2858,1848
1141,2715
3964,3994
1929,2580
3385,2110
1210,1787
1,1635
3720,2030
238,1339
3405,740
3794,1234
3381,3869
3989,3439
3946,1665
2575,2548
3852,500
2470,2121
1708,2994
3032,2955
688,828
505,3778
1379,1033
2365,722
1540,170
1058,2110
940,189
2813,2421
1175,2201
556,2293
2701,2778
767,2851
2886,1755
1241,2350
816,641
1521,470
3202,2452
59,88
3626,1375
279,1637
202,1356
767,2800
524,3497
1666,3245
2255,718
3647,2757
3230,1924
2363,892
2515,2775
3341,1510
2752,2339
1855,1527
66,1640
1231,2268
578,779
2071,2517
638,2484
1314,1629
1087,195
1943,1581
1901,931
54,819
2944,1109
2155,327
1565,3561
984,777
717,709
3769,2917
637,3434
1793,614
2306,3374
3715,663
1582,117
1911,2533
1718,3579
2120,1649
1343,3279
539,1663
3161,3660
1865,1137
2370,905
2903,3005
877,1360
1294,1421
244,221
3348,2568
2341,1614
3406,454
2099,2797
3597,2044
3526,3915
2994,693
2229,1923
2167,1376
1607,2002
1963,1128
548,1178
2338,983
3932,210
170,2138
2828,434
3460,3596
724,3631
3954,1425
3724,3739
143,2719
2437,2565
255,3675
2385,2471
1302,163
3859,620
3462,2872
2887,2261
2423,1153
2412,485
232,3417
2700,3325
3747,1525
2760,2080
111,3686
1593,2936
3828,2508
1864,1577
1916,3565
262,1968
2703,2287
2789,607
747,3212
1323,2300
2945,2475
3697,925
1393,3470
2998,3457
2029,1556
2205,866
640,1482
3864,3193
1485,3758
2722,557
3820,2372
2429,2131
1841,954
3310,1870
1145,2483
1961,2709
1324,8
2054,855
214,3030
2854,630
1072,1716
2953,1465
1553,1492
3029,110
2237,687
2543,2870
2816,1818
420,3659
2822,1555
440,3243
3502,1350
2076,465
230,1423
667,46
718,1260
136,2461
550,507
106,560
804,2019
790,3271
3870,2440
3745,1419
2259,3205
3255,340
1285,286
2530,901
1377,2575
507,2901
1217,330
3673,1385
1787,3830
1179,2310
953,2670
2576,1091
269,631
389,1499
3327,3671
2893,3196
839,62
2185,358
1544,233
3081,197
2416,1938
3770,2836
3028,193
1899,1704
2032,2539
3276,3987
505,2151
3024,759
1908,1421
2457,1502
265,2857
2549,3799
1475,335
198,1673
3074,1128
3899,2722
2546,2188
3884,423
3990,1405
1872,250
779,533
2146,2981
3312,2769
2286,1551
2903,3150
2230,1951
661,1763
1420,1647
1843,3328
2104,3478
3227,1122
560,3687
935,1329
3632,3163
3524,568
3329,2322
1556,3273
3488,2541
1504,1794
786,1829
3500,1622
1077,1684
1984,389
529,3854
659,3982
410,3965
1877,999
460,870
2506,3814
1815,325
1149,1024
1581,3452
88,736
2148,785
2212,3000
743,2132
2504,2098
3968,3335
1594,3041
1581,180
2872,3644
1715,2012
166,3182
2859,2590
2826,1259
637,2532
487,168
2037,413
592,3295
3223,78
3539,2199
1826,3585
3552,2735
1384,1462
687,1357
3507,27
245,625
3470,2906
3996,724
489,2734
2474,2382
955,805
2372,2796
948,409
1710,1622
3092,1402
2161,2986
610,733
1705,502
1265,3994
3634,3492
3009,1663
535,98
2264,2051
159,1129
3157,677
546,3470
1068,2243
2756,1400
166,664
3860,2123
3428,1441
1750,95
3347,1581
2327,3689
3978,1601
668,1996
2214,2820
2097,3453
2861,1603
2417,1545
220,74
2751,3864
602,1915
3998,3658
1163,848
1390,11
2140,2060
1607,525
598,2519
757,3382
2526,2628
2158,3444
1924,1501
282,514
3752,2603
2945,2113
1024,2358
166,35
1611,905
868,1724
3103,1023
2894,1927
2378,2021
2114,1600
1539,2747
1226,610
2794,3303
2192,2369
3100,2018
967,3340
1091,2135
399,2215
859,3535
1663,2989
346,1109
728,1910
1581,1002
3734,157
290,45
2242,2176
1702,3106
3656,1960
1213,354
1712,2232
1422,3246
2204,1979
887,1509
2149,2924
2456,321
2858,3534
2343,2330
3223,3013
3562,1598
3588,3475
3021,6
2703,3047
2425,3399
3573,658
725,2882
2237,1399
2721,2638
2645,1928
479,524
2720,1317
288,2269
1962,2244
3727,2061
1301,2270
1771,935
2625,1183
997,1049
3570,3367
153,2118
152,3513
1686,1298
3403,385
2354,3400
871,3700
437,1990
2640,541
1040,2739
1032,2007
501,272
3133,2160
2217,122
1452,1449
3117,3813
1693,1883
3165,1310
2823,2837
1887,580
3139,3391
2726,2073
2766,2867
3765,2087
874,125
3709,251
2077,308
1519,1363
3578,793
3872,3975
445,2664
779,671
320,577
194,2140
2872,1406
1512,2724
3930,916
1751,2585
1052,1621
702,800
788,958
1525,1803
3628,3220
3178,2951
2492,1060
2420,617
2553,1670
244,1581
1373,2693
3815,3068
928,1436
1677,1882
2251,723
1305,2497
102,2320
2147,2424
3011,2757
1259,3525
2740,3038
2180,877
311,831
3272,1458
3929,2824
1136,3169
3879,2833
3177,99
3576,1548
2709,1346
3296,2719
3758,884
1581,1839
3089,3651
799,2106
3017,955
2844,3852
2439,769
3961,2304
1947,1772
62,3404
47,3535
1362,1964
2908,1397
3224,278
2666,585
3166,1623
3379,3070
3835,3499
166,3858
3081,1764
3006,3692
2103,3433
3268,1070
92,2699
2626,3972
2703,506
1839,3247
2727,1137
2861,2122
3610,2611
2485,2897
3040,3809
