1456,147
2919,2576
2915,1945
3934,2581
600,1774
512,1660
9,1592
1762,767
3396,1477
3222,848
847,3969
2785,1687
2417,1254
2557,1282
3165,3975
1328,2428
959,1016
3631,2338
2830,751
1984,3135
3843,2411
1517,2427
3834,3989
621,555
2721,3956
3126,1241
1442,2283
2154,2053
3791,1364
2647,1767
1544,3896
211,2910
3740,3167
1208,299
883,1453
3581,1010
3636,2669
489,1013
2145,2771
1930,1214
940,3890
2419,1927
3657,1845
1746,3471
2599,1144
871,273
2262,3686
3612,2315
2187,3147
3679,3347
1497,2501
2922,3631
2192,2541
3711,366
1929,2287
1369,3707
768,332
1854,2720
1011,2065
2082,2719
370,602
3594,2274
2982,2613
3397,1745
2751,3983
2408,2704
2499,961
2739,784
3470,1000
3380,3208
2538,972
1015,566
1453,2971
1925,2390
1574,2537
2062,3175
830,3902
450,1855
2778,2113
1403,401
2028,3191
2574,2537
3547,3569
3629,794
2390,3957
3359,424
3244,3011
3500,1953
1443,1062
3709,3604
2724,3858
3544,106
2547,3725
2811,1089
3631,2167
1413,1297
955,1906
3749,3876
1867,3462
3821,109
3271,2558
3885,1496
2172,3317
701,916
1354,3102
3403,410
1978,1414
3952,3103
2961,3922
3175,2692
918,1146
250,2115
1089,2492
3131,855
3224,611
969,630
141,178
1487,1403
2625,3288
3429,2920
1021,2344
439,1821
3536,891
1142,2250
2898,3774
138,3634
1753,2244
2580,3252
1595,3846
1942,925
1683,3954
3029,3648
1825,2918
379,231
524,776
463,1708
2295,2858
233,3675
1464,1266
3868,3191
2309,2597
577,2721
1029,2078
2234,1853
1921,193
1205,3464
2515,2340
2687,753
1146,1418
2639,1434
2236,1301
1700,3038
2378,3889
91,2115
922,3299
2283,905
2717,3281
1775,1671
2789,2914
2245,2571
1732,1070
1945,1913
1242,3938
2976,1204
3247,2050
1631,2101
1588,1041
1729,2892
1745,1385
57,1802
2113,1814
1190,2328
913,519
144,1442
1464,3097
3369,1878
3212,1834
415,1576
458,856
1821,1767
1503,3205
1918,1723
1020,1069
2037,2826
3640,3423
2181,2186
2514,610
3012,1598
3604,1338
3476,330
3392,1977
2230,2012
2572,1060
147,2474
2945,644
2553,586
3927,3876
3077,1942
3744,2233
1741,2191
3113,427
2435,977
2360,147
1739,851
3175,3171
834,2333
3060,1838
2826,2379
2105,946
85,2969
3404,1931
1976,712
1424,1645
439,1208
3121,1495
3392,3245
2738,1827
3576,3934
2942,25
1216,3575
3860,3054
3440,292
818,2058
3152,1299
2424,826
830,3932
1668,2922
775,542
1703,1404
2036,2566
2558,182
3420,547
2452,3703
680,2428
1777,2028
380,2203
3671,2061
2826,3587
2244,190
2274,859
1798,2599
1953,2586
2095,511
2410,3867
3068,1160
188,2610
3205,2496
3604,3853
2407,3656
212,2626
1133,866
2442,3895
1848,423
2024,3468
2082,654
786,2026
109,2192
146,2866
735,339
59,3463
3760,1780
2989,1120
2621,3878
1957,3707
249,1438
3716,2287
3741,3483
96,623
2837,2414
1742,2175
2280,2542
2324,858
72,299
479,3705
627,1946
2312,41
432,3103
3000,2113
666,907
930,3181
3297,33
3576,1897
1282,3493
1724,1082
3240,2777
181,1091
3142,2930
3642,2827
441,2214
2959,1109
1848,879
750,2104
1220,1323
1905,436
1487,2073
2747,3262
197,1687
2269,3525
2601,2256
3155,2537
3859,126
1648,2858
3581,1982
2961,2874
588,2521
1762,2024
2357,3245
940,1412
3895,2016
3392,1459
3046,2559
478,1907
3126,1791
1126,2653
1712,3244
601,2478
2864,2732
2689,517
2647,187
545,3723
408,1848
960,3766
412,2812
2110,1225
3113,827
3849,1202
2061,654
100,2855
3682,3116
1356,984
3296,3980
2506,2549
1758,433
3579,2537
1490,1473
2436,671
147,266
463,2853
294,1036
1679,3285
2991,1497
609,1727
1290,3990
834,2690
2050,877
1527,3638
515,2295
2502,1107
1894,3369
1547,1323
2451,568
1054,14
1357,3926
1921,1311
1734,2585
2423,1671
3358,2456
25,3218
3543,2847
3766,634
236,2207
3125,3411
2973,3450
1910,1422
2891,643
2279,2762
2318,92
2959,2844
2698,516
797,3184
2559,1747
857,3360
2043,631
3413,1402
2070,3629
2269,2815
2364,16
2397,1396
3040,2628
855,3678
1876,2051
1377,1981
1454,2250
2882,576
2950,2210
1094,3541
2879,2915
2939,2101
3292,764
196,927
2814,1329
231,3494
1096,3943
1232,290
822,629
1276,2527
3249,738
1504,2514
3800,1371
3551,969
2169,1646
1453,3500
1217,1806
3471,3460
2080,1256
3703,3405
2744,501
550,2522
1798,1882
3654,1102
2566,1061
2648,2592
3315,683
2696,3182
3062,1804
2990,115
1911,308
2668,3103
3974,3639
2659,1306
3037,2315
3955,3467
2578,195
904,3525
983,3719
942,970
3208,3132
1264,3165
3824,2325
3270,2226
192,3953
1338,1892
1329,1630
2678,2591
65,1903
2093,2766
2849,297
736,3353
589,2933
1622,182
3112,616
1472,2961
3879,3939
2696,3625
1061,2733
759,2008
140,1548
1527,578
3180,3270
1902,2364
1297,33
3285,2931
1414,1095
2826,2557
2408,2023
3703,2933
2244,1621
1058,866
916,3963
1407,125
3921,2965
2965,1202
2659,1900
2733,3603
1444,3297
66,80
1071,3176
2095,3963
1155,2240
3052,1688
882,2087
3235,2826
3440,2914
52,2322
2435,1300
837,2370
2537,1745
617,1425
2798,2120
3230,3557
3928,3033
1697,80
2200,1816
3537,2657
2933,1911
2405,317
231,769
1536,3481
347,2655
2107,3743
1425,2113
1271,1362
3544,3634
2138,2710
2617,111
1228,1649
713,999
2426,2312
1146,3404
1900,2965
2052,325
506,3509
69,2733
2349,3379
507,3117
1505,635
709,1404
1566,2531
480,582
523,160
3703,200
1527,1388
1585,2477
852,789
3011,3444
609,854
1437,20
3182,738
285,3223
732,2479
3342,2613
665,2754
3027,2774
1059,3382
3728,1917
2357,2552
1020,3288
2959,2600
3539,1828
1407,1858
3812,3247
522,2665
2092,3520
3667,1956
1634,1374
3189,1678
1761,2896
3340,2899
2663,3707
164,3407
3154,394
1160,1358
3889,309
2980,1478
2971,3459
346,1848
2783,3548
1043,3383
2416,233
135,2804
275,2661
3590,2856
3692,3354
591,1281
3942,720
1996,1935
642,1224
2345,1149
2467,3506
2995,2052
3875,230
1453,3043
271,3364
3430,2867
881,992
3707,1142
2385,1909
1751,343
3065,2306
1355,1901
1825,3082
3537,3543
49,2565
1259,1704
3869,3868
3513,1708
1061,2261
18,2877
3668,592
2002,3226
48,3287
211,1527
925,3252
3078,966
1806,1033
2338,1978
2359,1654
2282,2446
866,1906
3648,2749
3925,3540
1130,1619
586,2701
2073,2471
958,2784
965,3992
3278,769
51,3480
2980,632
977,2428
3636,3374
1311,1954
3849,102
288,997
787,3310
1533,2014
986,1429
2346,1031
1986,390
2151,2085
1671,2132
2971,1652
3146,2571
3008,1429
2939,2501
3544,3177
3582,2504
2933,1065
2390,2567
3950,2302
616,3872
1530,260
2343,1503
1524,1919
2296,2626
3985,129
2122,1802
1054,2713
3392,1793
3772,3095
530,1574
2098,2446
3322,2729
1846,1321
1984,2711
2965,2475
3719,1385
2264,1688
1305,1646
3395,1617
33,67
928,2876
126,2920
1797,2129
2213,1634
1637,530
3393,1931
968,3034
2186,664
810,1387
1191,1171
37,2614
202,773
706,2271
2618,3516
1616,2436
530,1428
2073,1916
2189,2405
3230,404
3067,17
1745,2918
1835,3647
726,941
843,3618
2000,1664
668,3225
2685,3347
1479,2089
1606,3909
1951,2439
181,3193
3868,1835
3296,838
2483,2211
739,3889
1595,2787
2479,507
2344,2514
2344,3800
1754,1211
147,3533
2310,366
1005,2228
2054,1216
3496,3266
823,2169
1775,1934
427,1774
902,3691
205,3897
1548,3144
2077,975
37,3381
3093,1123
915,3281
3211,1256
1045,2678
2728,2776
1899,336
3789,3549
1959,2203
1228,140
1141,2306
2757,3114
1435,2643
3738,540
628,1845
719,1979
1811,3588
3210,2134
1286,2814
2863,536
1558,2260
1229,2170
1104,858
202,43
1654,3717
544,3389
3126,1005
837,3301
3703,3481
611,1840
2583,1178
2674,1993
2952,3506
2984,1255
476,2689
491,161
662,1986
498,2921
3957,1995
2791,2898
765,589
569,1374
2551,2753
2861,611
3546,2302
2017,706
2128,2746
3352,2942
3191,1287
848,2108
72,2301
2912,3826
3621,857
3625,2955
3949,1476
3120,526
13,3732
1329,636
724,3159
3136,1900
593,2003
739,1050
103,3746
2395,3344
3825,358
2059,3395
3174,2382
789,1025
1655,1972
2935,543
3357,48
259,2244
2234,2834
2921,1291
3739,3345
1249,3855
1799,3760
3939,1958
1043,3183
2008,3184
3314,3177
1213,244
2537,33
1888,1031
26,2451
2093,2934
2974,1379
2597,215
1152,2646
3635,390
2671,1091
2361,3063
3873,2130
2639,3927
2475,772
1969,30
1733,2816
3494,649
996,2142
2252,1286
2970,3613
121,3112
381,1637
1817,790
2942,2055
1882,315
2792,2974
1055,2450
1580,1016
63,2471
1859,84
185,3654
204,161
3051,1805
2106,778
244,3523
2249,2968
2896,3097
2411,2902
3700,2452
3700,2650
3151,191
1623,2807
3655,1539
3751,3582
1812,147
2096,3707
3974,3759
1948,3328
782,2050
1715,2480
433,3358
2134,3917
1893,2553
3513,3361
2589,3180
120,3492
3415,1987
1473,2640
3033,2485
3082,3884
2260,506
579,2934
2355,378
3665,658
1372,1545
164,2366
2759,3652
419,1263
2536,2640
1672,3295
2026,3325
3786,1997
3726,1080
1888,1190
378,740
468,1047
2971,476
2852,2971
2957,1847
2528,3352
3685,3994
433,3151
2379,3412
2635,3473
2478,2428
2446,102
2739,709
2252,2779
2619,2035
3220,2821
2187,3156
3092,2648
2616,3417
731,3419
3011,3141
1059,2758
3759,464
2487,2993
3254,1539
1991,1096
1551,3569
2686,1708
2212,1942
154,3399
741,3466
1409,1033
2761,1557
3508,2692
723,1622
3125,539
767,904
2758,413
1722,1955
1774,2504
2254,890
2975,2544
1442,1043
2861,494
3012,53
3797,3070
2420,3124
2345,1675
1882,3078
545,1513
2120,3573
3729,2978
1453,470
2998,840
1864,2134
349,1954
583,1622
1142,2440
3444,2364
3333,3315
2199,3385
3175,3474
3224,2585
3302,3824
405,2608
1461,2994
2886,3327
3311,863
3703,1887
3405,3038
2593,1291
3252,587
2971,3877
2430,2395
1854,259
2059,3830
2860,3944
716,3135
1402,857
2749,1291
139,2396
70,3446
3222,2785
824,1853
2195,2830
1853,2348
856,2153
2241,2376
3754,2185
2468,3039
502,2971
2112,3116
1988,3942
2672,2022
992,2117
2542,1241
2118,1714
3051,2656
2149,350
775,3104
2701,1149
2829,3234
3500,3113
20,578
3644,1539
246,3077
86,2767
1147,2315
3786,2410
2727,820
59,1943
363,2065
3177,1733
2236,3019
3978,272
1147,2406
3702,2765
3707,2274
2092,1131
2837,327
503,3604
1956,3665
295,1920
2833,769
1990,560
3106,1569
2313,390
2882,2621
560,2482
2038,3378
3501,1920
2554,3398
2050,3390
2481,3450
2434,2047
3525,288
3057,658
3053,2451
2553,2277
3581,3019
1726,2685
2987,3540
2870,183
3204,1759
839,2792
3592,1104
2596,1997
536,1211
1513,2471
3142,1402
297,3522
2091,1411
2201,747
1721,1306
2837,1411
3250,3643
1761,2939
978,2616
34,522
2366,3541
654,3268
2934,966
822,3667
1855,1315
1914,240
1328,3064
2757,1453
461,3700
416,2791
390,2783
2098,3935
3980,3471
3241,3993
977,2709
2701,604
888,2683
2495,2791
377,3014
3600,80
2301,2573
3046,3051
3038,726
3830,1995
3862,1780
2948,2233
3142,3618
453,2421
3313,2607
1549,1766
1984,543
413,3861
3065,2622
917,2728
2819,1468
991,2586
328,3571
3618,2257
1920,696
1136,3394
3443,1807
2400,92
3311,2422
3753,952
2924,1842
1862,2091
2640,1669
2971,616
1270,268
2331,604
2243,2530
2986,1716
2012,2840
3712,227
730,1837
986,2251
2135,2040
1055,2942
2104,2940
1155,3823
16,3921
2959,171
3776,2071
3435,2746
59,953
2272,1977
2832,88
3695,2145
3382,269
1877,843
1882,3153
2786,963
2990,3069
229,3182
3338,1695
2566,3568
3477,3434
2038,2601
1770,3463
3086,3440
2781,3395
3758,1046
45,3604
3792,3051
2697,3620
1054,5
155,1284
820,1453
1323,1101
112,543
3889,3401
1808,1206
1349,1882
2370,2806
1728,2957
2770,3081
641,1453
2785,3153
3098,248
2893,3466
3107,3254
259,3910
2257,993
3082,2056
975,2786
3126,3858
3899,1885
1715,1855
2911,1405
2745,3707
3011,3407
3598,2965
2012,1009
2619,3971
2737,984
3408,927
848,3303
754,143
1997,2276
2621,1453
658,3705
1252,329
247,2137
949,3511
384,323
823,1092
1653,3467
1566,1957
3025,2412
2653,934
43,3139
2768,2659
3788,1453
36,2720
308,3043
2893,455
3811,2788
1310,1522
3046,2734
3569,3238
339,2393
3127,3372
206,2353
3240,3123
2971,1777
2017,1862
2195,2940
1316,1845
1970,1156
3255,3379
1918,1318
3044,2387
685,2036
246,2450
2206,2970
2802,2952
2056,3714
1321,316
595,2204
3635,1052
3715,645
3590,1396
1002,2077
1539,2694
3089,3032
2623,2112
662,1323
1858,3707
987,3596
3076,45
2390,2973
2115,3035
1861,2754
2344,611
3875,2527
545,3193
975,1453
3751,1134
712,2032
3654,765
3382,2754
810,2032
322,1578
3782,3311
906,360
381,1015
2439,1719
102,3631
2867,2889
1457,3005
2204,409
2613,1799
1548,3668
3652,3555
1401,3494
520,1450
2945,821
2746,3367
1165,558
640,1453
2830,297
2916,3447
1244,1350
2765,3337
1414,1077
2998,2892
435,3817
193,3201
3199,927
1506,1453
863,2971
1882,263
3748,2498
3011,3520
1821,3180
48,2476
2059,3703
3102,3980
1524,2380
3271,3638
2248,2949
3172,371
3581,1176
1266,2856
1461,2660
405,626
405,1453
3824,1581
2556,3233
2552,281
3625,3129
2053,2871
3415,317
124,126
2660,2340
3373,1866
2707,1058
1441,1176
2608,562
1129,226
2461,2738
1724,2696
3472,810
2344,1941
2895,1865
2659,3301
837,177
3474,2343
3105,2602
946,323
2702,27
2795,3033
1443,3367
3520,61
1524,2642
1922,1732
3120,143
3333,983
3750,1805
2509,154
1383,1818
3747,2213
2198,2115
3713,2622
2772,1328
1416,3191
1216,824
2692,3398
1317,2195
2771,2454
3032,2340
3377,1584
2585,588
1373,595
3668,329
3972,2393
1932,638
1146,2643
3488,617
2196,2757
2397,3782
3448,1550
1610,697
3628,2290
2596,339
823,1891
55,1512
662,2238
1588,2871
1724,3059
1001,3483
2862,1810
600,3555
387,2442
3070,3133
2814,3281
61,1070
52,1329
2672,2977
2448,3238
3663,1898
1021,1195
3357,271
2114,2906
633,2537
11,1664
2526,1849
2148,1453
3089,2969
1847,263
3533,2722
3868,93
1162,2541
3041,2423
2951,2361
3113,2939
1930,1878
3406,3544
3020,3489
138,390
3415,3147
2698,2183
162,2498
2489,206
1804,1862
2325,2057
2009,2914
2135,432
3039,588
429,2710
1043,1942
341,2282
3122,3626
1797,1882
629,735
267,1461
1976,3323
2358,2769
2317,697
1709,147
2471,1522
2344,1683
2115,1985
2918,1519
2592,1123
2299,3494
1732,2588
1183,2524
3002,1708
2694,846
2691,736
3108,2278
1920,2266
2488,1287
662,2577
3045,3460
2207,2166
3504,2445
837,1037
526,1540
1491,2714
2842,3192
2178,2729
3023,3582
523,2241
1805,2980
2471,1453
3758,3827
139,225
992,900
788,1532
3910,45
3206,3189
2579,3931
1517,2008
2141,2224
2756,1893
2085,2457
1402,706
1744,188
2866,2045
3043,2023
3362,3373
2079,2390
2570,2616
3703,2584
2612,3569
2087,3359
1405,3371
2701,531
3054,204
2758,1806
2960,3038
1725,2526
2147,2994
1937,3703
1796,3417
1171,2516
983,2229
813,3192
2042,444
681,2557
3931,2246
2348,2474
115,2589
2665,545
2362,3125
2564,1715
667,1202
2711,3359
545,2364
2224,2734
11,382
2715,2849
2557,2076
1215,2084
330,3153
2437,2532
2376,3373
3593,2168
2112,2718
2785,3779
765,2656
3750,3388
1504,1282
2751,3604
1973,3800
2190,3546
202,770
1866,3975
2650,2527
1907,1986
1878,882
37,1726
2699,545
2031,172
2670,320
370,3269
3894,2701
3103,1596
1778,3929
17,3827
2537,2855
1424,297
1617,1453
3734,852
510,2577
1845,1453
3272,3491
2711,1850
538,1300
3646,256
1407,157
790,3184
2971,2939
2374,2961
1894,3928
2320,3495
2372,2264
2365,2147
2082,2591
2082,2827
1623,3386
3470,2008
2732,2751
2701,3018
3525,3694
3067,1301
3445,2711
2274,2193
2261,3349
640,1085
3132,1342
2073,2968
2832,2131
1453,1956
3239,2933
2796,3033
3703,3941
3257,706
1134,2968
2296,3541
3745,1123
2367,1459
2529,3884
3713,3594
1932,1730
2412,3837
2220,3433
263,229
2657,3026
806,3514
1223,852
547,2588
2066,3303
1997,358
184,1450
2437,1689
2307,1280
3363,2065
153,2249
2321,3019
1847,2865
3292,3525
2680,1328
1044,2139
2212,2356
3875,508
2965,1188
2504,3857
1785,2790
2700,3008
2160,712
722,414
2797,2809
461,1916
3707,2225
1806,1235
2945,3306
439,2712
478,1237
3317,2249
1984,1709
432,2355
3738,96
390,3756
3021,1995
2220,3418
2537,2236
3487,384
2970,1588
2568,717
3333,2547
3144,3232
2537,2376
1715,2482
1931,2452
462,1972
409,3379
2038,3152
1091,2244
3058,3305
2901,1129
662,2165
506,1964
3006,1909
2335,2798
3996,2701
2166,260
2358,433
2387,1061
2156,2597
3231,2400
2440,2607
3889,842
2210,603
20,1442
330,3296
598,1294
1029,2341
2395,2775
1519,1882
3969,3090
2511,2852
3715,2646
3793,2916
1971,3359
3675,840
2106,2364
2411,2403
860,2650
3215,3706
3113,2377
2407,3898
1461,1509
2655,2643
2701,2330
2153,3131
2288,1475
2700,26
1868,2595
2662,2534
2329,2731
2717,1761
61,3552
1953,2335
2308,55
2035,3004
3675,1428
3434,1417
3307,2118
2629,1388
2598,1471
1171,3296
3051,2478
2858,2194
1727,2597
3171,1807
1905,588
1705,3988
3690,381
2344,2271
2274,3281
1995,1862
545,2158
2922,1853
33,2420
1047,3231
1900,2057
697,3376
3119,2425
3083,1515
249,588
1173,1054
1942,2133
3083,2837
2479,3239
1020,2274
1916,526
1716,3549
856,3707
2996,2168
478,2968
127,2999
3500,3011
3176,3850
3678,782
2850,3382
2019,2449
3033,2294
3574,1792
3704,2376
546,2831
1937,3839
2806,439
3334,581
1863,3957
1897,2706
2754,379
2173,2156
1614,3377
1213,3295
645,2339
3011,162
3770,2657
1476,2448
2130,149
80,1498
2007,3392
1519,2753
1993,75
2658,3778
3386,1730
3319,2926
3078,2391
615,2132
3691,219
2134,1973
377,2516
1347,3684
1519,3126
3331,3304
3953,291
1936,1201
321,3390
2303,3917
98,3112
2925,2615
2247,2931
1952,2451
2134,1747
2107,1974
3150,2573
2120,861
1594,1527
3477,3240
2051,2011
3440,1578
1153,2087
2175,2117
819,3367
3177,2240
3161,2336
3959,1350
1071,772
2883,949
1137,3374
2818,3587
3789,3909
2254,3121
3370,3785
3837,1300
2564,988
2834,2033
86,179
1812,3853
2173,966
2842,2543
3671,417
2310,3940
3741,1950
1340,901
2365,2696
1916,864
679,2352
3782,890
2624,1062
1763,2415
2081,3229
3837,907
2529,3579
1620,479
3750,2774
3928,2659
2518,2153
2148,2649
3781,721
3214,2723
2646,1347
2483,209
847,75
1830,2855
143,2056
416,2721
2711,3757
2832,3540
321,3473
1047,1605
2127,3605
3592,2776
2132,1785
2147,3713
1724,23
2239,2932
215,2714
1140,3132
1866,686
2769,2869
713,2443
3223,2691
961,2558
2651,2199
2901,1664
3900,3726
2469,2464
1943,2367
3382,1539
2364,2716
2701,2158
1921,333
923,3342
1399,932
3707,2184
1892,1085
1215,1417
2191,1453
3105,3077
3200,1575
3810,3973
409,1174
142,3572
2648,1856
1658,3065
278,1724
2847,1156
3782,921
1399,3152
2956,816
1925,635
1037,2875
566,2668
23,3359
2113,2213
614,701
2402,1410
3013,807
2505,2148
2589,3034
2071,652
2894,3865
105,3684
1634,2455
1995,52
2260,2477
707,2760
3829,2011
3051,1337
2054,3371
1973,2223
521,2188
2146,3062
2912,2133
3435,886
1829,711
3045,3444
1913,2987
503,3574
2145,2524
1548,3352
1052,1268
622,3212
3515,3074
2354,2516
3891,2736
2552,2563
2707,2529
2544,3851
2492,949
1686,2782
1512,3569
574,2358
942,327
2760,1827
1083,2634
2390,1930
1747,3276
2584,951
2941,1984
229,2334
2542,852
3567,3919
751,2207
3263,3572
3454,813
2009,182
0,3520
3706,1859
1459,2631
1412,3668
3285,654
1818,1710
2551,1982
3399,2351
2157,1701
2497,734
3988,373
1284,3180
1720,3684
1777,1359
2106,693
2074,3100
706,1920
1384,3486
2977,3649
1201,676
2842,2318
1594,1901
2918,2479
2086,1712
542,1405
2719,3498
3399,2206
321,2516
1985,3355
1839,2278
2465,2079
220,340
2112,3613
2269,2162
3862,3665
642,673
2278,1888
2791,3703
1744,1752
2470,3144
3549,342
1745,2314
543,3146
954,2635
1451,1903
754,3526
1572,3723
2847,2657
3936,3548
3301,2274
1466,309
3029,411
2340,2434
2519,2604
2159,2496
2825,3226
3800,1191
1685,2387
712,3684
2894,1811
993,220
3702,1845
2309,2291
2789,2163
3800,3481
2231,1329
2453,2940
3050,1687
835,3359
476,3658
1001,1080
1984,2885
3477,754
3440,701
2532,1287
816,2007
1155,2392
2696,2200
476,2468
2282,2112
1773,2359
3113,918
1953,1838
1850,3597
3235,3413
586,2155
2533,3782
2152,2668
2860,1858
1721,3527
1761,3255
1633,2969
1105,894
2956,693
2258,2290
1577,2554
2709,2798
2306,965
3324,3098
320,1704
670,188
2246,2884
2364,2306
778,521
2142,2098
3026,2483
211,2083
2791,2382
2443,2405
1472,1610
2645,271
379,2596
2244,1228
1477,2284
2066,3644
3781,3312
2277,2210
2288,1879
2098,2320
3175,3038
542,415
3230,3865
3194,2987
1754,1355
3791,471
855,2707
2307,2338
3706,2198
2175,2676
2938,3859
2321,3212
2452,3315
1905,2378
1368,2089
1547,2350
80,1503
1553,1624
736,2969
1872,32
569,3315
3099,354
1438,2412
2386,2286
2626,1560
1984,2758
2268,1960
2023,2909
2372,3965
3110,101
2865,1680
2080,3013
2056,2536
2145,1831
2707,1958
432,3328
3006,2144
2457,1760
423,1213
315,2483
3515,620
2747,3522
2193,2839
1882,204
316,3649
2348,873
3113,2347
3717,492
2763,2681
3509,2001
2308,1459
616,2904
3441,1942
3226,232
545,3592
1926,3016
2461,3302
2745,911
480,3717
933,409
3586,367
2028,1919
1129,88
1701,663
3688,1745
2780,2788
3410,2167
1071,3051
3684,2288
2057,2511
626,427
2049,3753
1716,3177
2308,528
1982,661
2782,1860
269,3052
2955,2014
2612,3858
3966,740
635,848
3478,2804
2001,2092
30,2916
2547,3254
2243,2380
3970,1073
1417,3524
2881,2221
2807,2084
3153,1783
1609,629
2501,2277
3113,3444
1670,2244
303,1968
3752,3785
134,1768
593,2221
2973,2579
547,3304
873,1860
2127,2234
2422,2577
2216,2904
2131,2376
188,3727
341,2361
1410,2545
2221,3199
3191,390
2248,2359
1814,2377
693,993
2717,1956
364,1962
2141,3155
2210,3664
634,2118
2026,2222
284,743
2244,2500
3413,3021
2147,2124
2117,2824
1542,1886
1722,1942
1755,484
1962,3827
1980,2404
3684,2231
2946,2677
2086,626
2629,1927
2431,2597
611,545
2387,2954
2898,3499
546,258
545,2021
3786,1164
2215,2704
106,260
2196,206
738,3809
2741,1054
2321,1866
3623,2916
407,595
212,126
1544,2518
508,3688
765,3366
1965,2080
2651,573
764,108
3557,2687
3253,1725
379,48
1287,2537
2751,2851
1858,749
2518,2921
2862,2221
3511,1632
1447,2000
3801,1558
1669,2601
2070,3737
2487,1701
3516,230
1163,680
1619,1989
3755,2246
2231,2116
3044,3139
700,2503
142,2898
814,2632
228,3703
2833,2933
2847,3140
2720,2131
3401,1067
2274,236
3729,2154
3848,1058
3517,799
2616,2514
2364,2788
3765,1961
797,2409
816,74
1453,1229
2165,3655
2416,3820
1216,3725
1722,3195
938,2979
1365,3943
3499,3757
2099,932
1891,2299
1611,1796
2136,1779
1611,90
1659,2731
439,1728
417,591
2320,2199
2198,1839
1875,2387
184,954
1431,3539
1933,1468
3782,706
1939,2939
3041,2173
545,1931
1846,2003
91,2577
2852,2615
2667,1041
2518,481
3797,1795
3963,1884
616,3077
210,2025
1497,3214
3493,1847
1558,526
988,323
3083,553
1464,2984
2798,2688
3140,1990
2267,2121
2307,153
2145,1146
2355,441
2294,163
1718,168
554,1644
2470,2484
1639,2
2222,3455
2244,2010
3421,2332
198,1453
3172,2700
2959,316
484,3567
122,528
3232,3782
3695,947
2107,609
2242,1710
1513,1921
2025,1896
2244,2277
209,93
115,197
1317,2593
1201,976
2404,3359
2308,2580
2135,1927
406,519
709,108
2471,1739
3035,405
3083,1972
2244,2183
2879,384
2244,2172
751,2134
717,2845
3068,251
3371,2984
3068,1332
545,2934
2217,2545
1610,2792
3504,2449
2475,2884
2261,498
1308,1785
2034,2661
2997,788
3970,3172
1897,1740
162,559
3414,779
2096,1450
1955,2528
344,2750
1551,312
697,2362
2089,75
178,3042
1985,1896
2179,3592
774,2332
1792,2118
3666,26
448,285
1162,1389
1997,901
3288,3049
2567,78
298,1042
3778,2814
3392,2721
1463,2302
1859,1233
1845,1942
3515,3303
2417,3512
3837,764
661,3873
45,2566
2751,1838
3257,2112
2424,1455
2696,3839
2609,1895
3530,232
2320,302
427,3000
1657,2211
2950,357
3151,2235
810,1558
2858,1800
1828,2048
2207,2106
2634,514
3041,1546
3142,200
2029,2261
2460,820
1863,3435
1,2007
3380,1562
232,2065
2383,2048
2519,3500
2162,1451
1670,2890
397,1550
2973,1446
1726,17
3706,259
1140,1544
1867,3226
2908,1976
2583,1108
3113,2293
3544,917
3707,323
2414,2832
2540,3334
3230,2085
2122,1943
2246,920
1626,2807
2146,3371
2418,731
3359,2897
388,2573
2375,777
2791,183
2033,2924
861,2304
3631,3869
3832,2686
2119,2032
2038,568
1993,2480
2263,673
2234,3760
525,171
1720,2554
3825,222
1701,32
1916,2222
370,3100
3008,2269
2428,3041
1605,281
2280,3993
1478,1932
3938,816
314,947
3333,1437
2066,2319
2371,2328
26,733
1929,3985
3265,3858
2246,704
545,3329
335,1944
98,1550
2405,2231
3049,1262
2134,3930
3272,1818
2572,28
3993,3753
3723,1810
2659,2059
2022,465
2108,1689
1631,3798
2296,1835
2845,2374
2834,2073
2480,3511
2803,3474
2956,3980
2714,319
2428,1813
1832,3013
1427,1373
3234,3800
3461,1001
951,2211
3938,1575
382,1882
1982,1970
2577,3646
1453,3159
1966,1823
2149,1929
2144,2516
1163,2088
882,186
2255,1979
1995,2372
727,2079
1403,2109
2318,2422
1616,2023
2243,3132
3698,3207
162,2341
545,1879
1912,2720
2810,1373
2504,2027
2392,2193
3498,3162
2712,3703
2682,2453
611,1175
266,3543
480,642
546,532
43,3372
3336,2082
138,664
3192,162
60,3052
2473,502
2621,2109
1965,1890
3103,1730
1929,1906
1453,2089
257,3087
654,3836
1824,615
1635,1795
53,1892
2651,3557
2724,2934
1965,2452
149,49
2058,297
3900,2268
2614,251
2380,3075
1593,70
2092,1755
1686,2831
764,2147
1670,2426
3326,2512
427,2403
1465,135
101,2720
546,658
2821,1797
2134,2806
2219,282
2429,1921
579,134
2008,2387
3575,1908
3078,2066
764,971
2154,2519
10,2500
3121,2714
3131,2001
1403,1433
3224,3069
3072,2028
2251,2938
1547,641
3117,1821
740,1924
3515,890
304,1147
252,2098
1804,2284
3089,1869
1845,3713
388,1291
1667,2979
462,3145
2873,3478
3931,1878
1859,2707
3026,686
1381,1930
275,2838
1824,307
1600,2557
2148,2659
1918,2344
1512,3595
2647,3957
3586,3231
2832,537
1872,994
1816,27
1861,1484
2555,1175
212,3224
2263,2701
2396,1671
1847,1901
2987,306
2545,2312
1633,2834
2332,3517
3145,2712
373,2316
2184,52
3400,988
2321,3931
1908,254
3699,3963
2827,2824
2999,2712
3912,51
1830,297
3017,2965
2388,2234
2664,2767
2308,1581
2093,595
2301,1042
549,2625
1377,2133
1755,837
3865,562
551,3778
2598,2281
2346,3190
3996,3713
1637,2006
3444,1640
2718,3444
1795,222
3569,90
1989,743
2647,3444
1800,1995
2209,1952
1637,2604
2609,378
1720,2061
1634,1845
2589,3500
2101,1982
2395,515
3797,2601
1191,689
1839,2741
3052,2034
1935,730
3708,2967
3906,2004
2413,2540
1848,2116
2582,3049
658,3130
3704,598
702,2123
303,2166
3569,547
346,2786
813,498
2198,2255
2884,595
2436,1847
215,2774
2242,3390
23,1929
3703,2471
200,3797
963,2223
55,1931
2795,966
1461,3717
654,2006
475,505
736,2484
445,2387
214,53
1683,694
690,2662
3604,2306
2033,1932
2832,1897
2881,2262
2120,2689
3113,2638
925,460
537,2539
1848,3146
1301,2562
1882,1512
2897,3159
3556,1974
2710,3151
1888,2634
2279,3633
3994,2916
3033,11
1157,629
2493,3160
2329,2039
884,978
3340,3172
3646,3171
2852,1989
503,984
149,2125
3596,2980
322,1895
2742,2283
1943,1913
2088,1897
1284,80
2235,409
2069,2510
2375,1988
3142,3066
2807,2498
2933,1923
575,415
3566,2879
307,3296
2164,390
1779,1721
860,48
2068,370
3946,1667
1798,2821
3051,1934
2499,698
2250,1958
129,2246
2458,1421
62,2609
2977,332
3950,306
2962,3544
1976,670
3099,3048
230,680
68,2108
1829,2019
2059,2294
469,3281
3685,2013
1807,251
1982,2537
261,2164
2988,1868
2467,2312
843,3528
1588,3920
1484,3824
3851,903
2244,1302
3306,3250
2966,475
1725,2213
3052,2200
329,2072
2390,2516
1689,3194
662,3471
2522,3748
250,2419
417,917
417,685
3678,315
3387,264
683,2787
1724,3819
2307,2331
2616,1384
3232,2981
3049,2162
685,3386
2030,765
2036,17
785,2210
638,2770
3207,3796
764,738
2948,1461
297,2526
494,613
2361,3203
3500,2788
2324,3168
2187,520
3178,660
673,49
1978,1982
3118,3907
770,1903
82,2614
3570,3420
3044,2383
3932,1670
1946,2364
1648,3011
377,1963
3658,3818
1331,3595
3740,422
2646,465
1283,1950
918,940
3110,1283
3672,743
2601,2761
2068,521
1073,1862
1888,2047
2967,1778
2147,3725
262,379
1792,1917
3543,3428
1648,3842
2300,1741
700,225
3542,2211
1812,2815
1387,1900
2245,2331
598,498
3835,2960
2308,209
2455,265
3626,2121
2519,545
2303,1796
3092,3238
1882,2366
2437,2361
2545,130
53,2995
2092,824
209,3544
3004,2150
2331,3963
733,3516
521,2275
3797,2193
2210,462
1956,2973
1956,2162
315,1938
3047,3424
2084,837
2763,3566
2058,2516
3771,2520
2769,2659
726,3635
2218,3703
2318,3770
3999,2684
545,3570
1848,2570
1096,1920
1740,1832
1802,1845
1270,2829
1775,630
3544,457
1791,360
2524,837
1825,3742
476,3150
1632,568
2648,332
2477,363
3837,2540
303,3335
3363,1463
3250,3405
1399,2011
2555,685
606,3572
571,2334
2928,1845
1983,2097
1468,186
3384,621
3520,2607
3000,3570
1843,1906
3180,1906
2574,2008
2332,2137
3556,2814
186,3460
1829,2598
2086,509
1308,2318
2150,3858
1929,840
1399,679
1453,287
2036,2059
3522,2775
2847,3041
3261,381
1644,315
3910,3461
2234,788
3436,2221
1828,2971
1989,1091
2132,254
3978,1683
2583,2137
522,754
703,3703
1850,2865
2742,1422
2923,1862
1953,58
3103,1480
2428,510
1842,758
1940,1301
614,1380
2181,1407
2908,2428
2583,685
2217,204
1613,2463
2367,1642
3438,2378
3372,2787
3755,757
2430,368
2787,2427
3202,743
551,2861
1839,2520
14,2420
1855,2155
1755,1882
2227,1983
3652,75
1455,2063
3684,1904
2538,3363
194,2024
1918,1799
3103,3113
2647,1817
3417,2930
3505,2995
3,3499
1267,3539
263,3736
546,2716
1998,3295
1792,497
3008,2344
2408,1830
1945,3713
759,1983
3144,2254
1256,915
2017,520
2374,2919
1884,3460
358,1998
2600,3410
3665,3556
588,2275
520,397
1342,264
562,2384
1646,3072
182,351
1997,665
1009,583
2832,3131
2162,546
2929,763
3745,3604
2621,2537
1691,277
2200,2473
3717,587
2109,1222
3110,1244
1903,1795
3340,3858
3631,2596
2487,2018
1667,3230
602,544
1407,2129
1807,1527
573,2825
2876,3694
1062,2310
3063,3837
3569,3958
3444,3254
1469,3557
746,197
2109,1983
3525,3066
2300,2313
2263,2841
636,2842
2720,2243
1854,3912
1600,3367
3223,641
2414,2104
3051,867
373,2569
478,2156
2592,806
478,1721
17,127
3506,591
2072,2423
769,1140
2050,2166
1882,324
2882,3264
2467,2645
2537,2480
2580,72
2979,3702
3798,301
1459,2307
782,3065
373,1896
1451,3573
2261,2300
3684,2722
752,2908
783,577
736,162
2393,3224
2277,2059
2071,1826
2694,3057
1869,2020
549,413
3333,2723
1997,407
2063,2220
616,2695
1493,1042
847,3394
1845,2198
2211,3709
1453,502
55,2164
155,2153
2563,307
2200,11
3051,2422
3292,1986
3658,3950
74,523
2012,3277
3095,1818
626,1968
2156,3910
3140,36
683,2893
1138,679
2344,2864
1901,11
1471,2391
2373,2242
2265,1512
2136,1481
2940,758
694,1657
1223,1988
711,2142
2502,1995
162,761
2157,3604
423,1147
2505,1619
1884,2441
1889,2064
967,1461
1833,3912
382,3076
545,424
3392,1450
435,3736
2336,707
3829,3359
1747,2013
476,3703
3703,2222
2867,290
381,1342
1794,2971
3117,1895
1142,183
3493,408
1777,3707
2835,3272
3029,2833
390,2399
278,2971
3732,3101
3370,1280
32,1433
340,2761
3139,1676
1389,1859
595,1817
3533,2182
59,1265
2298,1976
1560,2384
2614,2035
2710,3589
3525,2369
3152,954
3872,3246
3781,2055
67,3633
3382,3517
499,3992
28,1223
1845,1201
250,3799
3871,1681
3871,822
2483,3834
3365,2759
1875,1960
1924,999
3752,3707
3,1896
52,2190
2391,3471
3471,1759
718,2476
3671,3444
3755,2420
3422,1860
1853,3514
2704,93
1169,3424
3118,3004
1409,3799
2467,2936
3851,433
60,2539
3119,473
2086,1263
2567,823
3162,790
3000,730
2741,2137
3095,2522
2936,2229
3998,2181
661,476
966,373
3329,1453
1981,1940
1845,614
2301,3191
2537,1444
2458,2929
3603,3004
384,2210
2008,3210
3171,2921
142,62
2293,593
9,2435
617,406
3917,1877
3329,659
2935,3671
1816,3470
1793,2362
823,2815
3912,733
3766,155
1488,1826
3261,2102
2566,2695
1747,3025
146,3042
433,1928
82,1537
1409,1188
544,2017
1292,2730
2036,2523
1929,926
3811,3085
153,2277
3087,457
1961,545
390,2707
2678,3604
2840,3497
2013,2502
3132,2597
546,3119
390,1323
690,2075
664,1131
2133,654
2170,3205
146,3622
2467,2971
3556,1055
2366,1147
273,626
2050,717
3318,2878
3464,1608
3910,2132
748,2427
3746,654
2265,2791
2797,3053
556,368
3569,1126
3781,1142
2038,409
528,510
3704,2146
2212,3571
571,3819
563,2804
3736,1493
3410,2633
67,416
1453,1849
1509,2558
2879,3156
1845,3277
785,1701
1892,1093
160,816
327,16
593,3422
2003,432
3907,1757
3296,746
2638,1876
2318,1706
3226,2450
2990,2112
2393,823
2863,549
185,2513
2863,96
390,3378
2971,250
2599,11
3028,1947
379,3192
674,1244
51,48
1610,458
503,704
661,1073
781,2685
1450,2861
3338,1235
3468,1610
1105,2861
540,41
1505,3021
1796,539
727,439
551,2158
2973,566
1468,1550
3680,3624
1906,2025
2156,2462
2348,1737
3329,3694
2122,1649
3282,2361
3713,823
2712,2941
3471,1284
1920,3471
227,1961
1903,2745
2683,3679
3841,407
1872,3829
659,2558
74,3725
384,3750
2971,3325
1653,3493
606,3461
2635,2649
2628,112
2199,2318
761,3988
3819,556
2236,3224
2200,1453
2790,380
1721,3387
3382,504
21,487
291,52
3282,301
2741,516
222,1803
1519,588
1129,3742
1885,3207
1065,3221
821,1855
1653,2007
2884,2170
3295,3253
551,2361
1746,823
2260,3652
14,290
971,2304
2888,674
2679,1811
2075,3121
3781,621
2874,654
2055,2965
2769,2936
3592,394
2580,1721
778,2391
55,390
2383,2977
1459,907
2361,2149
1453,2464
2318,2241
98,2265
1872,823
1877,2504
3400,2768
2941,2329
3873,746
2922,742
863,2383
2343,2695
2526,2074
3546,2856
1866,35
1444,2018
2068,3503
2076,415
1805,2489
3085,317
1,2219
2529,525
2742,2034
1929,50
2938,1757
3707,267
3632,439
961,2008
3628,1374
3690,3232
588,2071
473,1950
566,476
1387,1985
615,146
259,462
2798,350
3549,1746
2770,1580
2771,1845
323,2144
1918,1728
3738,2331
505,3574
2693,3703
2598,3022
68,2324
2499,2738
3844,1856
297,1904
1861,399
1600,1789
3215,96
1982,3066
474,2458
1609,2320
661,606
3707,2180
1830,153
620,545
726,3339
3253,1682
3443,3875
3965,231
2712,3235
3359,626
818,3250
248,3452
3075,3896
2132,465
522,478
1566,514
1875,3666
3942,2638
97,550
659,2198
2523,2143
3101,626
2413,1740
3684,3831
1626,1254
315,2054
3931,1661
100,682
3306,1983
1575,2152
3474,2176
2791,915
2825,1875
2691,1724
2155,2234
3119,967
1921,947
2009,3529
1724,1730
785,273
126,376
2563,528
3708,3095
491,726
49,698
1803,2302
1453,1359
1254,32
3973,648
2311,3707
3371,2242
2022,3776
2769,541
390,2080
2585,60
2145,2343
1845,3965
1222,894
110,3703
1596,1422
2249,1960
757,3359
3191,2002
390,2050
2700,2033
693,3760
478,195
2874,92
2244,622
1862,1866
578,2241
641,3051
2791,3309
1990,3652
96,2894
415,2176
3542,523
1971,2539
387,3369
96,3312
1835,554
1869,79
2059,3999
3667,3029
2203,2861
164,718
685,3403
220,1937
194,2965
1704,701
399,52
1193,3
387,724
172,303
2149,662
149,2921
3282,19
2896,2286
3815,1815
2431,2769
78,2625
2008,3722
2745,1724
2263,1986
58,3066
182,3707
2034,301
2484,2769
1244,3875
1046,3041
2329,626
2029,218
2464,2971
1763,3665
3950,200
660,3649
3517,528
2376,218
206,3255
1412,1873
3837,3464
2420,1414
231,1943
3374,278
1616,2416
2580,2068
2343,494
2566,1971
415,2244
2273,3019
1889,458
2302,1945
3362,2140
2869,2941
2331,2890
2087,397
2956,571
2242,499
210,597
3369,3741
2599,803
3112,3481
1816,1715
3942,3834
3067,3153
2040,588
3318,546
3699,2322
2087,2598
618,1519
1900,3437
2273,3317
433,2560
111,2434
3030,2376
1816,2154
291,2863
3110,1952
206,3191
2965,2720
2187,2758
2446,859
3471,2012
212,689
3029,790
3755,2896
3377,2759
160,1447
3750,545
1904,2950
713,3503
1233,266
613,142
3899,2278
3162,2588
1989,1978
632,439
439,3296
2638,1355
3552,513
1940,638
1642,3950
706,2928
2069,101
2971,1904
838,482
1940,75
2832,1801
1893,3377
2401,2979
751,3656
3392,508
2882,2490
603,575
1893,1724
470,3839
2241,2696
129,2140
3837,1990
2894,1945
3117,325
638,3
2989,2391
1784,2050
3786,743
415,2083
588,907
3520,1742
3300,2891
2971,198
2249,2204
1646,390
3994,2421
2385,1990
3847,1013
1845,3129
465,608
390,1937
1160,1949
736,664
2071,2928
77,446
3646,1469
3325,3957
1792,1977
3110,3171
3827,2890
3899,530
3405,1783
2177,2443
3866,2265
2992,3514
19,1712
1804,816
1688,465
545,652
3110,2344
782,1816
806,2423
3542,436
2076,629
2597,1744
572,3296
3329,406
231,3600
406,3312
2385,720
2176,2499
3067,2910
2823,3444
1814,3304
1688,1882
2446,3178
777,21
2798,2073
2017,863
1637,484
3703,2282
1938,448
2374,688
2241,1798
3075,1359
1451,1814
3798,3074
321,2355
435,186
1342,2838
2716,3011
163,195
546,202
2941,132
127,2791
2376,2597
1837,816
1746,3533
68,571
478,2399
195,403
3047,3549
2578,2852
1808,3471
3227,3665
619,3858
473,48
2200,689
572,2193
717,3671
2323,80
2607,3126
2963,3844
2246,2458
550,2391
2874,482
3356,1268
2919,807
3964,621
2212,3372
3085,101
1856,379
577,2597
2458,3104
2455,2359
3665,641
728,228
593,469
3068,182
3839,14
670,3707
2361,2554
2876,3156
3113,1596
1772,2091
109,2329
574,1960
2963,162
2894,1812
1892,2716
1963,520
1872,264
530,1916
500,3963
130,2129
3261,2009
134,3649
663,3400
583,3025
3707,2921
3848,514
2112,2307
173,2265
1828,523
3068,622
7,2879
552,1657
2184,2341
124,1844
1897,79
200,3237
471,3837
3619,2143
3562,506
636,2334
993,588
1744,554
3819,2265
3359,2359
627,971
166,1989
108,549
390,2798
3580,2459
2361,2824
177,2891
2045,469
2543,3890
2831,3703
1804,966
1784,1459
62,546
1662,2808
557,755
3250,1817
3428,155
160,2262
415,2476
378,1712
1853,694
181,3558
3094,3746
1934,2177
3653,3889
440,718
407,1480
168,441
26,3478
3078,499
545,1486
3707,2797
1954,713
3215,3799
3703,2687
3912,2519
1410,503
332,41
3062,2580
2956,2434
2733,2254
1942,1797
572,3950
2771,2833
2512,1453
597,1244
40,497
2144,410
2024,3085
476,2265
3011,90
3410,507
2122,499
727,304
3180,554
3702,1605
3295,3424
1918,1775
2007,332
2519,618
611,3324
2574,2468
611,2329
550,198
698,381
3378,605
782,137
3076,598
3408,3906
2202,3571
743,243
225,3172
3800,323
2273,415
782,278
3666,3304
2355,106
2018,5
547,2685
1712,2291
658,2481
816,2159
1417,2391
1912,1924
182,1453
1915,541
2080,3178
814,2273
3030,1774
1873,2076
271,194
1412,48
539,2202
632,3712
1682,167
2965,432
1414,470
167,2743
79,2815
3251,194
2484,2260
3649,3875
325,446
3210,3469
433,487
79,390
421,2518
3520,2833
837,181
407,2069
649,458
2154,2273
2008,1811
2790,597
37,3938
554,476
681,462
251,730
1193,3216
413,641
2597,3712
2313,3848
471,576
2006,243
411,2636
1721,182
3667,3216
454,1835
1761,3362
2085,513
3504,277
1630,688
298,301
1259,3889
2393,547
33,417
378,3800
422,383
2424,321
358,2808
124,754
14,2791
1374,951
68,1480
301,2218
185,2024
3394,101
3350,2549
1761,380
3162,21
50,3378
394,2190
3912,2863
1990,199
2922,525
3600,698
3300,1233
388,436
2548,525
1667,2685
2918,522
273,3063
1533,415
2992,3818
149,218
390,1233
782,379
2242,416
417,2695
433,3755
699,194
3331,1259
1986,3967
358,3799
227,1981
1976,72
3372,1772
2035,3400
3885,315
1915,2869
2029,2863
2427,2522
3839,3656
340,588
523,708
480,2222
2962,358
1596,3765
600,373
491,2041
3765,1995
2283,3162
1409,2452
2791,3746
490,2743
1795,523
415,1908
855,2963
769,209
3818,528
3580,814
3688,1244
2041,449
3216,101
3963,3078
1653,3033
3382,2074
557,3369
457,3051
358,2242
2928,2308
408,1616
1952,2469
315,769
2179,290
526,2988
2890,2009
2361,581
3371,730
92,2273
182,129
38,2129
1721,435
45,1775
388,108
2693,340
273,681
435,376
1908,1919
126,1929
533,2129
2469,3600
2600,199
34,3950
395,1667
3382,518
222,2711
2890,117
721,135
3439,411
2146,2149
2757,79
3103,53
2537,1793
539,602
2979,168
2779,263
2081,200
2987,2248
1958,415
384,180
2069,3827
2399,2678
3153,3931
2446,2790
1922,3662
716,542
3,516
2248,552
2412,907
510,1431
743,275
3329,2481
3552,1704
317,2779
2286,523
527,514
40,3699
545,70
378,3237
1480,363
3913,62
1878,3633
132,2770
3317,2190
112,1978
1707,3713
3760,200
409,557
424,53
3632,2345
2197,1342
3156,409
2021,1988
3549,1919
375,3103
3766,797
100,5
2179,171
126,409
2574,2504
3199,409
2265,2012
2184,110
3503,66
2423,2936
656,2122
588,171
2971,86
2968,3715
457,3884
2540,3110
503,226
3103,3285
3994,3156
1747,2372
162,350
2051,3087
2711,632
3,626
528,2474
2962,165
2446,2622
20,1499
378,110
3087,2019
3087,2608
3254,1667
363,626
1915,1987
615,2320
199,379
3690,200
1704,1994
3601,814
204,1422
1704,358
2840,1350
1877,2177
3216,21
7,3251
2890,41
1769,359
3760,77
11,3896
3382,2190
716,2086
534,263
552,1769
2357,1874
2941,694
2938,1442
1302,2458
2059,1646
418,330
3285,72
3889,3042
2017,218
3335,3994
2464,3865
460,2458
2607,2505
43,109
409,273
2050,1986
393,2511
1812,2143
3019,2540
2190,3087
2852,1769
2511,3724
2291,409
2622,210
3104,407
3371,3362
2736,2600
2696,324
200,399
2146,2790
782,3146
3,2128
1793,67
2968,1608
48,2008
2761,149
2029,3371
129,1784
3380,2428
1963,66
3950,68
3223,197
2192,142
2791,2697
1755,2936
417,1845
2021,275
130,3260
1244,129
3,629
527,2008
3113,263
2149,127
1605,2328
1998,689
342,405
320,414
3162,2481
116,2265
3939,556
316,562
218,2504
2780,3216
3387,3325
2076,1877
230,2154
557,378
2833,389
2869,618
3546,1616
458,304
2745,3380
178,1900
264,3713
383,790
2248,2059
162,3889
3199,1990
3478,508
3520,303
3939,375
2906,202
2697,373
3929,2622
41,1509
2050,323
1195,3255
1845,2548
68,2126
2291,160
3964,155
2880,1616
2154,656
91,520
2146,2212
159,1922
41,951
342,2739
2179,2306
3677,2426
3282,38
3417,549
2423,1845
214,1388
211,225
2179,2696
1922,3896
2275,3760
3016,611
1987,2384
588,2146
2295,3818
291,3392
298,3694
1476,214
3802,708
2184,2344
162,2791
59,806
3750,790
1244,407
3325,2304
1302,1995
545,3104
2823,468
3016,2126
3119,43
2361,358
301,457
79,1302
59,863
3464,3994
2893,1533
2771,2308
2199,291
2320,397
1533,335
140,2512
2129,3713
3896,2308
2295,11
168,1986
2808,2028
358,149
3494,3786
1845,1707
3392,208
1442,1388
658,48
77,2112
200,1721
3707,617
1811,1721
265,3317
3906,550
2071,2891
712,181
2833,3964
3199,2863
3712,3913
2932,407
1513,3819
335,2963
290,458
2,53
97,2426
3931,915
358,59
397,2458
2823,3707
257,2426
34,1804
2512,2218
1244,2968
208,3713
1986,181
3715,509
218,2361
33,469
26,2548
3493,3329
25,2474
3950,178
3295,2303
1856,2906
230,863
170,3288
132,264
3819,116
3,1442
3016,172
3993,152
966,2938
476,3964
2430,491
1874,2979
41,3912
159,220
2537,43
2696,53
2320,2390
2427,1769
231,423
3677,5
3848,146
3065,210
127,284
2430,3277
484,1998
588,2328
202,1450
3216,19
546,1
787,3350
3140,3633
79,263
163,3104
106,3677
227,3386
2537,19
2236,2697
3004,3065
98,1955
611,11
382,358
3263,1874
2574,312
17,2028
797,3004
3394,2028
3802,3848
2013,1533
291,465
552,163
458,2320
3255,2458
3140,2071
3811,3380
602,3604
358,806
3323,3677
2021,3386
435,1724
2725,1721
3110,2399
3978,3263
220,3156
2823,413
1302,183
3848,520
1900,3424
71,3766
2847,137
1302,2891
572,199
3619,3263
528,200
199,3468
649,110
3216,478
3912,2081
3703,1721
491,199
3406,1814
1476,124
3295,2112
3065,2367
2085,2357
1450,3468
3818,97
550,1900
160,195
3068,435
2193,107
415,2303
109,3380
124,142
184,3889
3573,167
58,3662
3786,45
2992,3019
2963,146
273,2574
476,67
915,617
2081,2869
2232,522
1646,3380
3140,108
2725,3562
3394,2232
3387,2890
172,3802
2505,458
3707,478
2427,2847
97,3950
76,3282
1,2549
3004,2367
197,143
2987,390
40,390
3090,578
703,140
1904,2210
915,3684
2291,106
2474,146
2508,2968
135,1955
3786,98
2154,20
273,2956
26,2823
2086,2045
2696,206
107,2697
3468,3237
2508,2979
2129,3741
2238,91
358,146
3703,25
2511,126
3387,1476
2193,110
97,1755
382,130
68,43
423,397
502,2357
3818,2076
3851,2210
2427,409
2753,3958
1812,21
3468,45
14,556
2367,67
1476,2968
50,2232
3814,67
67,2076
101,2028
2320,3741
1804,2932
20,2028
2050,1451
3632,2081
2320,2711
502,100
2146,516
915,3251
97,2320
2919,101
3329,1963
3562,108
3889,66
2050,48
3090,550
3068,390
3394,1943
168,60
2177,3295
97,1943
3205,93
3285,159
3205,129
2367,298
55,2050
67,3263
3287,3471
3646,478
2291,3950
45,3335
2574,3406
550,55
2013,21
66,48
2880,3978
2938,17
273,2938
197,2021
3913,2474
2399,2829
516,3263
3210,3350
1755,2979
3317,53
2938,3978
3703,10
248,3604
109,291
3263,59
2823,3814
2869,7
17,168
152,7
60,3741
70,3818
2399,556
17,556
1963,248
170,67
1828,20
14,21
38,2630
11,2869
2823,3068
3287,76
291,1982
478,3103
2880,93
10,2988
76,2574
1,3068
3978,550
38,21
20,3978
3851,3978
76,166
2880,152
3851,1804
3494,3712
3766,2574
43,248
516,3818
3814,2291
166,1828
10,38
2936,3712
50,26
21,2771
40,2197
3619,3287
11,1963
3814,3406
20,19
38,2890
14,2426
2177,1
28,3889
298,1878
3619,2890
3712,3288
50,1769
1769,2426
50,3350
1,3335
2399,1721
1721,14
41,14
14,1878
7,2
3075,1
40,3766
21,2890
3090,2771
14,20
3350,1721
50,2177
1804,37
2426,2
2177,291
14,1
2177,5
3494,2
2890,37
1,7
41,93
2361,3632
2,1410
93,3632
2988,3090
3,2771
2988,5
2890,1
37,3335
7,2771
2,2890
2771,3335
2361,2771
