4034,5408
7138,3898
7034,566
2250,1724
4158,6337
3251,2192
3442,1158
158,586
4798,2204
595,1335
4218,3942
3209,6528
1048,5123
1463,758
3198,2513
7522,7535
5253,6870
27,824
638,995
569,2157
4507,2790
1955,2238
6453,3118
4448,2658
150,4189
6533,4976
3202,2767
2682,6176
7560,4647
6848,7992
584,7159
518,4206
2587,4296
7797,140
1164,3605
792,2642
4419,3124
5890,5858
338,4135
1552,3079
441,2916
4361,6342
4854,5538
5866,6106
5199,1003
7950,6584
5840,6609
5025,5614
6185,7815
6547,2114
3288,7483
882,6651
1561,4598
7336,740
7149,481
959,1074
5378,749
3270,3472
2733,6659
1616,3772
388,1061
5022,3514
6386,578
2658,49
1666,3699
5617,1010
417,398
6259,3448
4282,5198
818,1376
5563,5493
6822,535
7446,5079
7387,4589
4718,3308
4074,2372
6875,5354
5528,6098
3973,4771
5162,2962
7219,1142
5646,7806
311,5402
2508,7502
272,503
6166,2468
4457,6083
7148,3305
7934,740
6779,4936
5998,2585
3703,5852
4568,447
6057,58
6665,7648
2018,5338
1120,4970
3518,2321
4676,5655
1401,2162
4217,2533
5052,6851
4975,3182
7199,762
7873,6435
1086,5855
5198,6485
4987,5131
7727,858
763,2420
4491,6851
4548,4530
7402,3939
4674,4157
2743,3452
3200,4828
4431,1343
3319,2449
4662,1902
2126,3625
4709,1741
5784,1495
1645,2609
4785,6590
1819,6790
3087,7048
7619,6754
2850,1557
6737,6689
7117,7780
4410,515
3010,966
5102,4067
1026,6863
6278,595
1391,5126
5038,2407
2156,2003
1135,4893
2805,3355
2237,7545
4112,5285
4552,2518
1895,1693
2508,3903
1922,3921
7948,329
5441,6482
4056,709
7207,6153
1948,7990
4702,6199
239,1761
3463,4367
3700,1969
1809,2251
7222,7089
394,7894
427,7686
312,1297
1722,821
1618,1590
3770,3617
4176,1761
6243,1789
1266,5146
6729,2950
2769,6546
3796,3704
7724,4770
7121,1004
3679,1238
4049,6694
6366,680
5330,3769
3400,7248
991,598
7573,6539
5912,642
6786,1777
5218,7662
6777,6543
2012,3170
4337,1948
5692,7055
3582,3198
7976,3212
3018,3039
2074,4602
7131,80
5935,6362
2571,4876
2290,6557
6344,4162
711,1600
225,6718
2375,6562
3338,2122
5599,7214
3707,2426
6835,5692
3530,125
747,6037
2671,5935
3167,5413
1381,5907
7638,67
1102,2671
1885,966
2332,887
7405,5430
4114,3390
1307,6749
1159,815
4723,5239
1129,3646
7372,3771
954,4400
3919,11
2219,6147
4367,6840
4570,5097
6769,2520
6330,4386
743,7305
196,6790
7943,6495
1392,6154
1571,2600
3781,1346
4247,308
2432,4467
3954,7943
4213,6582
4592,5493
1772,3234
3379,819
7948,59
5543,2784
1569,431
6029,2230
2441,349
6399,3918
6304,1644
6463,1344
5103,3214
1767,6561
2353,6461
5014,5909
2164,2459
232,978
4216,5314
3609,7753
7108,2775
2687,2161
4042,2403
3671,6281
2752,4345
3143,528
6075,1323
5044,230
6333,1333
5967,5356
620,3091
1336,2655
2273,2319
3053,385
1997,5210
3820,1977
1388,1406
728,5689
6538,4529
3977,2396
2861,2139
2929,6008
380,2806
4301,7438
3680,7845
3185,3569
5170,5654
3267,5434
4057,1762
5331,752
1403,6885
1659,5694
2155,138
2031,1294
6707,4015
7579,1431
7820,6282
1993,7466
4698,2192
259,5803
5074,192
6343,5524
5013,4526
5389,3568
355,5554
4116,6472
1433,969
7804,6422
2565,7176
7254,1326
1712,309
5439,6576
3691,55
5967,4954
1529,921
7704,4823
1154,2592
4974,7856
1115,3362
6862,6032
3760,426
915,5149
5984,5624
2170,4456
49,3214
1576,5715
6278,7973
4106,6179
3506,1708
6108,4072
6568,4204
3588,3100
3393,7683
1381,335
7973,5551
6109,4003
6622,5729
7168,345
665,4469
1313,7148
7606,2672
1985,7589
1472,2423
4442,151
425,6676
7254,6873
2941,3374
1350,2274
5700,7406
6126,4556
6917,1178
2728,2921
5118,2104
5703,3236
5437,6765
1580,7659
878,264
4646,6125
2172,2553
5743,3802
189,6600
34,441
4357,4027
1057,5714
7193,5992
1166,37
1061,7674
5504,7063
1519,6993
7376,99
5147,2997
5679,438
7650,6997
1348,376
4822,3460
5363,6209
6871,5596
5269,5796
549,3511
2692,3130
5507,1728
1072,237
6168,1427
4376,5647
5300,6410
1595,597
3442,5250
3407,5443
3844,4684
5471,7754
4642,4528
4281,6739
6244,2055
7774,4289
6297,3385
233,7745
5999,2063
3512,3349
1866,7495
6569,6398
5565,7148
6516,3238
3264,2188
2936,4798
1654,1231
7926,1799
4640,3283
7879,6177
1247,3128
7447,2863
4292,5923
1997,2386
2710,4875
5348,3079
1973,188
4153,309
668,176
4307,4602
6828,805
1791,1144
5438,466
2053,332
918,338
695,4208
4,5918
1194,2709
1220,6059
2409,1830
3339,7837
2929,128
5686,3766
601,7426
5613,4200
803,6327
3437,5279
3445,1167
1530,5060
6257,993
7924,879
6412,5319
7207,1607
2338,190
1804,7261
3831,5190
3386,3129
4534,3840
2167,330
4455,6322
1346,5409
7242,841
2840,6636
776,866
3621,753
6968,142
2557,3281
2875,1502
3562,1782
7460,4715
2834,5317
4324,3196
7915,3630
3977,6889
2172,692
3293,4395
4640,2611
3381,881
1397,5042
154,5980
4456,924
869,4784
4730,6406
2565,6135
7422,4421
2506,6772
1076,6588
5165,6783
7317,4244
3922,298
1470,7058
1673,6511
764,1539
1023,5791
5904,6196
4922,7940
7450,3551
1762,4227
5290,4854
5818,2565
2757,4209
2801,2665
5498,801
3352,6214
6266,2388
5914,5488
5187,5494
7425,537
1547,6853
5933,2464
1905,6165
4626,6139
6634,3768
4207,4805
2924,5640
7690,2522
7922,81
5371,3919
552,1766
368,6999
5870,5661
7543,962
1259,7606
3619,5698
7587,2917
319,79
7251,4200
7936,237
6873,2768
1739,6986
3162,3494
4427,5571
3936,4178
267,7104
5715,6414
38,4759
3993,7025
6969,6925
4160,2521
3667,1951
1391,6561
369,3854
7823,278
3853,5891
5113,6148
7895,6731
5380,2831
6582,653
2235,4283
7537,4523
1698,1984
1006,4454
2942,2772
2999,2564
161,4351
2342,2246
5529,187
3688,5796
2009,3213
5024,7437
1647,1940
2714,3642
1999,4695
3021,3787
7694,632
2103,403
6496,7625
6493,4747
2771,3778
5799,1269
3513,1414
5356,4874
7691,2837
487,1353
1118,1534
724,1731
4328,67
172,7857
6060,2786
96,2106
5531,3288
1649,3536
634,7803
1408,6933
2382,573
2,6903
5820,3941
2193,360
6169,6676
3662,1306
5739,5726
1108,7430
7484,1559
6932,3512
6211,3985
7788,7569
4846,6742
3120,3596
2554,3215
5900,7206
1340,4777
6052,6391
3046,1944
7088,586
5449,4225
2731,779
7560,4320
4105,2099
5763,7375
2985,5859
4950,7006
6318,7882
4953,2687
4176,5616
58,5729
5167,6812
5386,5031
623,5277
2349,3629
5217,3448
3026,6718
6753,6196
6174,1634
4237,2921
360,4123
2052,2206
4787,4
844,7316
7240,1873
4926,3573
3991,1532
3380,1148
7855,4920
6836,2701
4981,1210
6837,4925
3569,7139
6504,879
3457,2948
2013,7374
7746,1761
3454,2072
496,2852
6058,6512
6152,808
6946,7664
4318,917
3704,2879
5008,5935
3362,1336
2641,7433
1661,6085
197,6645
5698,4492
3457,6896
5891,6306
3767,7781
3459,4264
1800,4576
5542,2072
7063,514
4344,4546
1180,5685
2609,543
5740,3930
4143,1914
1308,207
6506,3466
6696,6988
2636,3243
2381,5935
4828,4441
5845,5660
6924,2623
4204,1996
4341,4423
3250,3232
2354,3222
406,1769
7109,1597
3833,2051
3391,7005
797,7142
3668,3701
6413,6243
6194,5136
5829,2240
935,4129
1393,6573
2665,6183
2928,6494
3382,7802
1816,2057
6910,5032
5181,1567
7393,4271
1233,1449
2379,5208
2792,1343
4716,1122
4071,3374
3471,1289
1180,3569
4107,3482
5303,6250
7966,5504
2027,4597
5369,3746
5899,6306
3097,17
7616,2019
139,476
4518,1582
3928,5835
1763,5798
2231,3325
1366,561
4794,1918
4765,7579
3908,4518
7432,4466
3454,6010
3811,7456
7157,6649
4152,6290
7523,7805
4929,3069
2933,2321
7418,3937
981,4207
5971,7392
7147,4270
6605,627
5242,5629
4312,3524
317,6891
4960,2665
4500,4169
6395,7912
5465,3699
2767,2747
2148,7054
430,90
1626,7992
6604,4959
2111,6033
402,3567
2305,1092
1267,5042
4209,6044
4561,1800
7029,4974
7151,4505
4085,5696
1838,6942
7046,4867
5035,1863
4541,2203
2525,2045
6560,1093
147,4068
3465,6536
4254,5186
6970,6087
2591,1039
3884,772
1736,3785
4502,6929
1052,5180
3258,4948
6128,1537
6377,2289
1573,5090
7355,7862
788,3002
6142,4991
3217,6913
1682,4128
2614,671
3817,5463
7124,3185
6484,877
5238,120
4375,4368
6846,4909
7779,4108
1814,576
7567,5979
1941,2326
3027,7206
224,5558
2975,710
5577,1246
1499,7444
1652,2773
6356,4908
4606,387
170,5593
2220,5097
334,1479
2828,6306
2883,5299
7988,7447
3330,1632
6684,1752
5577,2194
5486,4862
1868,2527
3992,5324
7611,6162
7148,6862
7076,2418
6962,7220
6695,4808
6070,5678
3136,1525
1925,316
2575,6313
4545,5889
6967,7473
712,7653
5957,1769
7880,6446
3291,1097
7482,431
831,6589
1087,5188
471,3007
6709,135
3084,5443
3627,335
5475,880
3672,2915
5651,3727
245,1827
7286,1597
4486,2106
942,4449
5625,366
200,5412
6610,3159
2631,5333
1436,1743
5504,3895
2809,7604
1349,7957
4382,4521
582,969
2480,6278
2457,3529
177,5864
7963,5532
5700,4567
544,3693
3956,3738
3978,5045
3047,5011
283,1854
5669,5404
777,5941
5761,1574
4957,2036
6501,3121
5318,296
6219,3648
5417,2995
997,7549
4854,141
3772,2113
7941,5841
1483,399
1630,1851
1014,7683
3792,3038
7061,4739
1007,6599
5416,5089
2187,4931
6382,5309
1703,1964
2271,802
7244,7860
3746,7199
5250,2335
1484,7343
6021,1831
2770,4190
6850,5254
3476,1035
7919,6424
973,440
1761,1977
4815,7015
2913,5730
5095,5927
7608,6827
315,6927
6352,4631
2461,5943
4701,6982
2304,1288
6065,2205
5155,2569
7129,6662
4119,6132
2569,7820
4489,646
6503,774
2362,7519
6838,7935
7960,2167
6935,6464
7152,2315
6915,3474
4247,2994
6503,6137
6896,7319
5415,6240
1104,2138
2550,3773
1671,7780
6559,2092
7570,7258
996,5072
7842,4871
6396,3643
1638,6411
3976,1967
6197,5606
7798,7988
1762,7870
2588,4571
3127,237
2793,1950
5456,3964
3785,2677
2585,5548
4980,6649
6787,2295
1259,2981
3087,1044
3701,7233
683,4938
1192,1572
1048,1675
964,6977
3353,532
834,674
6302,3046
2431,2399
3756,5831
1711,4821
7615,1415
5812,1759
513,2784
3432,1667
358,6849
6861,58
5308,5213
6697,2902
4235,1148
5773,7263
2687,6367
4285,1628
3122,812
1973,1701
781,3730
7897,3599
4142,2924
6120,2665
3564,6620
5468,342
1454,135
359,1462
3197,6237
2827,7671
5002,6933
2474,5157
4861,3940
3739,2044
5030,7861
3360,3647
4996,2877
902,3984
5559,3884
71,1149
7273,5674
74,4880
3184,738
3846,3934
3651,5258
4364,3585
7072,3311
7533,5882
6555,1149
7961,2778
5258,4143
7631,4115
6354,4726
7849,3502
4712,5432
1249,1265
4285,5652
6403,6909
5888,5834
168,1779
3891,2834
7369,2134
3653,1489
5396,2865
6570,5399
5415,3724
5905,1711
153,7628
7193,7778
7969,6265
2624,6320
596,6306
6043,6436
2573,2232
3479,2296
5374,2665
252,2424
7313,7448
2641,6737
7139,75
79,6817
2694,4426
305,1274
2071,5948
4061,5381
2412,7902
931,4572
524,3375
6236,3332
6693,930
1826,3918
5665,5935
4021,4364
2604,3354
597,5086
5019,7610
1489,5160
3851,1390
5344,58
2803,4855
3693,384
2927,1038
7347,4137
5673,1424
5507,1567
4117,1291
1475,3721
4154,109
6340,6757
1802,2410
5057,648
1802,2895
6756,5838
85,1687
2576,5722
6816,4545
7910,7243
3900,3518
1892,4684
6004,352
5174,2972
5467,2723
5224,2774
184,4552
6152,113
5247,6669
982,1938
922,5400
2361,1765
5831,5988
6077,6621
1623,5024
97,7726
3524,3129
6821,7640
4416,448
7148,477
5717,5136
3777,2649
1636,7148
3307,7486
1448,1214
481,3986
2736,74
954,6827
6294,4864
6180,1843
4263,26
7812,440
999,3927
2458,6767
3179,7426
3168,4402
820,525
17,3005
3913,7057
7045,1828
3295,6719
3855,5824
7645,3023
3674,5166
5240,7028
7823,1086
5535,4191
276,1427
4260,2973
3891,7288
7188,3073
585,314
7176,523
7787,3419
58,7435
776,5353
6635,6966
2122,320
424,4703
6050,2882
5718,1084
3187,7542
5935,2037
3190,5566
7045,2645
7923,1615
7194,5710
910,6727
4807,7125
494,6075
4842,3566
6074,6377
6038,1818
2404,1976
6444,7300
7732,4153
6359,1242
3685,7042
1671,775
3805,558
2917,222
1028,1425
3299,178
731,3871
6440,2762
6967,2019
4182,2987
356,6761
4852,1882
1232,2686
4662,7403
5201,275
6785,7864
6875,2372
6486,2634
68,7277
2218,5123
274,1093
6355,7147
5162,7496
7646,1175
2112,533
7566,455
3270,4935
2301,3695
7405,5225
5663,2283
6239,4823
4139,2537
7352,2712
4517,4836
3576,5832
3218,3920
410,2311
6387,5065
4,5618
1429,7865
5152,5955
2099,1639
5352,7951
6014,2026
6766,6738
4505,7282
4967,7370
5394,7451
7798,5577
5501,3635
1463,6903
2838,2672
1500,4693
5884,3941
1082,393
703,4711
2516,7578
376,810
51,4494
7517,4390
911,3196
4736,7807
77,5937
5569,1289
7959,4499
2196,5482
6667,7122
1371,1138
1123,5419
4600,872
3454,1021
5690,1515
543,818
2580,3076
1586,6637
2272,4598
5335,5726
7228,4121
5522,121
3818,3546
1472,7390
2014,5858
6607,4813
7976,555
5450,3670
3285,4338
4828,562
1080,3431
5942,206
7287,2939
6359,5368
6480,3541
4703,1201
7463,3244
351,7289
5205,59
6103,3078
11,4826
4779,6377
5617,4243
2119,2056
4041,3043
5043,2045
2674,7742
7339,2842
4089,5200
241,2502
290,4580
7419,7192
7058,7332
1748,4707
1706,7405
2337,4197
3694,6372
1942,3193
3989,5259
3623,1888
673,6580
1387,2487
5552,1333
1556,3636
4047,3653
7301,516
1806,1555
5115,4842
824,7600
6641,577
7322,6888
6596,3060
3601,6288
5007,4818
1653,2627
6349,7721
7542,6674
190,4553
1287,7082
1565,1943
4845,6567
6793,6240
364,5964
6073,5889
1182,1056
6180,4741
4342,3924
2540,7340
853,3053
5864,756
6387,6908
7097,1834
3858,3868
2058,6867
5359,4204
1501,578
2002,6936
3846,4828
7640,3952
7936,186
7790,3386
2962,6137
4612,409
1809,5229
3986,6795
7222,7882
6848,4333
2456,5660
6270,4533
929,5161
66,6698
2184,3346
2515,1011
1659,4414
1821,5392
1153,5589
1202,3971
2799,284
1099,608
6815,97
861,3317
6022,6872
7392,1622
4581,3719
1602,7908
7074,3259
3850,603
6755,2317
4984,4108
2877,2188
1928,5499
6877,7761
7027,7525
4465,850
3351,3618
3103,1143
7461,5970
7749,835
2280,4392
3680,6505
5289,7912
7528,250
562,7416
3008,7712
5714,4326
1278,2359
2215,7801
1849,7579
3690,5036
4764,3337
7991,5433
6667,8
7704,6782
3142,2206
1844,248
5040,322
4544,4629
5573,4233
3564,7451
3182,3001
4828,5371
4917,6082
1261,1686
1215,4380
2252,3225
3191,3788
3596,3117
3829,3851
4653,765
1215,5624
2004,7080
545,5530
5221,2751
1059,5761
2402,7447
1480,2482
5235,5583
5802,4928
4005,4706
1168,1834
2631,2763
622,4933
5953,3276
984,7132
6798,1478
6775,2659
750,2114
3581,7403
1584,1098
4234,3680
2931,7114
5060,918
1337,2728
7252,3356
5346,6196
6762,7217
2224,3832
1813,3528
3553,4775
5910,4372
7774,4393
380,4369
6743,1783
7133,4672
744,3278
1095,977
1496,6874
3942,1861
7380,7863
3497,7438
546,4136
2060,2871
1630,2955
26,2955
4727,4740
1738,5010
3157,1283
6949,7513
462,7367
1235,2698
4425,7226
2386,2436
2211,6328
2306,4607
2938,1156
1970,6207
2414,5272
4463,1395
3804,5276
204,5059
3948,7900
7043,3953
167,5698
5871,2908
5541,1362
3085,4011
5839,1068
4847,1640
5180,2815
6899,2059
4302,7185
6090,1024
1060,107
2023,6566
2814,1286
5308,3466
3315,2803
7068,6944
3139,6434
3303,2785
7946,2394
755,4890
2765,2202
7655,5666
130,4327
7951,7120
3274,7803
2896,6778
2146,127
5170,7852
1460,4052
4614,6118
5086,4397
7267,4828
1107,5192
467,7090
6326,7345
5526,5295
3749,5684
5041,5183
7416,5833
3662,2267
2594,4235
7836,1762
2370,4599
5069,5505
924,4918
5392,854
1854,4133
6449,64
211,2497
7591,4261
450,7795
234,438
1221,5977
2788,7812
5178,7643
2161,7878
5490,6943
5704,5934
7925,7154
260,7733
273,6755
7811,1124
2075,6999
4950,3447
168,5576
2868,148
4204,456
7870,4059
3308,7890
6736,7848
4971,1314
5587,4180
7893,3261
952,2252
4002,21
2782,1619
6603,6306
7111,7692
6484,3925
4919,2302
7821,6765
1606,6992
2024,5017
5605,1389
2920,1987
7158,6641
3441,6612
1309,280
2931,1685
4625,624
5481,588
7386,4692
3428,1001
422,5901
1901,1092
2220,1910
3365,4528
3718,2116
2909,7410
5862,331
58,4575
6607,1415
449,4924
2082,2746
2194,5415
2011,5802
6133,5425
995,1992
7363,5699
7070,4520
2438,2073
6212,4320
1379,1341
7083,3823
751,5868
667,7876
1679,6421
4690,1078
4285,5874
7223,3737
6657,6702
2213,7928
2313,4438
7435,3966
6469,4856
7331,2706
2102,1550
5580,6393
4944,2503
4738,7493
6036,4379
809,3996
3574,6233
4238,5039
4557,4094
4137,7060
3709,4060
1002,6120
4482,830
5415,6854
313,4857
7870,4503
3083,4256
5995,4106
699,2433
7889,1596
5057,651
2983,7551
2043,6893
7869,6282
1625,931
7824,7982
7719,7759
2787,4851
1076,2484
5114,6512
650,4942
7886,2385
7026,1580
920,1777
3440,5536
5635,865
433,1219
7708,3719
4031,7593
2937,7977
5042,5094
5,1636
5100,1064
7956,4254
5610,1457
677,6711
970,2318
6034,6078
245,5006
3099,6275
1910,5020
3328,7085
4352,6168
3909,6269
2521,4797
174,4676
5841,3372
3598,4125
7414,6941
216,1497
5560,2389
1957,6280
5316,6360
7914,5916
5382,6222
2524,4979
4240,6418
7847,7680
1541,6286
1431,3958
6228,3024
3949,6554
6911,5014
7383,7733
1175,5061
5519,1964
5031,1666
815,3317
7744,5938
4557,1893
998,2324
485,2901
101,6375
5633,848
150,7401
4927,5411
1734,5983
7118,2796
5360,6146
7260,7015
4543,214
3604,4112
6820,3599
612,3560
7772,6225
3863,4112
3178,3398
323,3393
310,3242
2434,6994
5366,6712
3884,3590
4960,6148
5479,5177
5592,2337
5691,4705
5881,6383
6998,2680
3836,1670
1535,6192
7429,6899
3653,4037
1601,4080
6510,3594
6913,329
1708,7479
851,139
3632,1706
2416,1249
736,1985
4347,5857
7911,6047
4,4080
1825,6862
6759,5667
7106,4505
7367,5989
2021,536
569,6104
5435,7213
84,5036
6881,4055
4409,4539
6473,458
4076,3183
2854,874
6237,7673
4134,4524
3616,5168
4359,5357
58,1581
1062,4351
6314,2197
1877,7713
2099,3066
122,6303
2610,128
67,7899
5093,3164
7913,5302
1449,676
5099,7588
4768,7627
6864,2861
2884,7249
2641,2952
4823,3304
5092,6539
7457,7119
3974,4145
3115,3330
5862,2461
1616,4733
243,6145
6809,1492
2443,2716
5472,7689
1030,6341
3210,2551
5407,294
937,1248
7273,405
7465,2319
619,7292
5548,7240
2513,3214
7323,1720
634,5610
3372,4423
6122,5287
3361,3185
111,5267
1745,6679
6912,7862
2574,4333
6477,5169
4946,6720
14,3408
7927,3916
3387,2357
5213,6946
1062,3680
2670,1773
6704,2294
5485,2398
6839,739
2037,2234
2414,6550
7949,236
2175,4973
3413,2980
3607,2950
146,700
6923,7080
541,7890
5106,780
2392,7552
6687,3223
3889,7903
490,6447
2177,2977
7062,5320
2222,2813
6900,4328
2839,2596
2141,2961
7592,4008
1220,428
6281,4208
352,4665
4010,7996
662,4223
6877,292
2054,1275
2173,1719
3937,7291
5325,6084
1601,4112
5373,2321
5813,5815
5630,1294
5598,4744
4065,1361
4194,3262
4829,3778
6865,725
2970,401
2826,1429
5483,7870
2141,3532
6129,2603
934,6139
1598,3957
4697,3125
1701,7109
1450,3324
7282,6273
4522,3272
5301,7557
2872,5342
3015,4903
5674,6915
1957,7763
1218,7111
7343,5512
2170,1311
1508,6391
119,3639
960,3422
907,6071
5434,5923
1074,6499
3480,4982
3068,1276
456,6256
1881,3325
3802,183
5131,7101
1126,7506
1597,2910
467,5566
680,7983
3491,1808
7355,993
6373,2413
1280,7771
7344,2484
1620,7128
1504,4680
7179,3480
6061,5771
5092,36
5631,6052
2757,1332
4285,2503
1432,3680
5390,1997
5436,5642
4850,3365
3084,2994
7598,5569
7755,802
5388,6187
3489,462
2560,4445
3415,4803
4551,3999
3373,7144
788,6497
6340,6818
6392,7785
5848,1025
2558,4902
6210,4274
1819,6731
6671,988
6508,584
3247,970
1224,4585
5768,1111
6230,3050
343,833
3426,7507
7034,2843
1700,3394
2957,1230
1732,644
5044,3212
1360,4975
900,4579
5544,1477
4587,1455
7892,2690
6592,4988
3188,585
7382,7954
3745,7539
7765,7024
5983,4450
6125,1886
6050,3970
2081,4095
7308,5893
4212,5979
619,1323
2744,7031
3577,5837
4372,5546
2151,7583
6051,2776
7832,5326
7218,5099
6172,3370
3094,5118
1004,4470
3968,6283
2563,4167
166,4998
2801,249
1109,2934
6985,7825
3652,547
2377,5956
1461,136
6007,2062
2982,468
3711,3828
7795,4333
6631,5845
4420,3233
4752,5759
3977,820
931,1161
688,6196
4279,7151
6653,1586
7749,6042
7326,2314
1820,32
1527,3133
7501,3113
6168,1375
2633,28
4858,7439
6714,1334
3187,2275
5649,39
4667,2422
7436,7158
277,3571
2469,4731
3126,148
2781,2093
1303,5147
3643,4049
5327,5391
7674,7918
7514,718
1202,6328
2976,5073
7496,2746
4586,4991
7201,7281
5645,3540
6381,1458
1557,5695
5148,7498
3678,5155
4365,4671
4792,6110
6768,5386
3530,3225
1481,3430
5466,2208
5011,7181
1410,6998
7148,7975
4022,7319
5685,7728
5288,4062
6002,5014
6801,1417
1104,6789
3982,799
3150,1667
2957,2433
5827,6258
857,2189
7508,4480
7675,3912
1803,6116
1894,5770
1290,2028
5680,5985
2845,4285
5954,901
2818,730
3818,7901
7026,6208
2588,844
2237,270
2081,5088
2536,3145
2661,2741
7017,7857
4858,6014
5034,5120
1496,6094
7623,4295
5551,905
3151,3511
1812,3815
5030,5176
6857,2579
2778,4594
930,5910
27,25
5018,10
5447,5405
4624,5114
2754,3408
4122,3299
1721,1751
16,4407
7279,7299
3983,1801
1280,2321
5154,2339
3274,3009
2743,6824
5111,4020
3641,96
4640,1551
4268,5622
4981,2618
141,303
7155,4617
7765,5935
4069,2055
6156,7628
614,6041
3893,4361
4810,7994
4009,7398
5259,5693
1776,7752
7631,4513
3843,3387
6298,735
3061,6844
2243,4839
7985,2305
3396,3753
2370,5012
171,7238
7504,6108
2024,3171
1867,5073
143,2844
2526,7357
1351,7111
1761,4058
6947,3499
6575,6781
5649,1213
3481,6012
7078,1730
1018,3384
2855,4029
2442,1375
2641,1184
5981,3414
3588,7875
6031,1635
6131,7818
4675,5392
3016,5047
3268,2016
5646,2126
1856,7622
4737,6709
5886,842
46,282
2665,3161
774,1997
1435,5837
1186,3700
4348,625
2618,7008
1349,218
1900,3150
4699,5261
5965,1785
6907,7764
7962,7510
2814,7118
3791,3342
6804,556
454,6029
408,2967
257,6705
6283,1518
6677,6683
3873,104
7458,4833
4949,6205
5721,58
7668,3864
3712,6340
738,7031
4262,2242
2061,7801
1263,3358
1666,819
2739,1346
6691,5911
2125,605
1346,6909
5658,2214
2810,2784
6156,6421
7394,6063
3487,6376
6679,5246
5545,1462
6619,7552
2579,3782
6624,3638
7823,3028
3405,2313
3787,3116
4879,5389
6512,3525
7241,2670
4787,2690
2808,7366
4175,1206
3460,6388
1876,3989
5100,7205
1669,256
738,6310
4588,3450
7223,1914
3608,7805
7616,586
7977,3894
3239,1440
2205,673
3323,941
819,4610
6536,4767
1066,7897
5766,5640
5991,3216
3667,3899
7371,5476
4999,1223
3122,2653
6174,7230
5520,3977
2656,5969
7962,5144
2365,439
4694,2190
4906,3554
3199,2711
3982,4900
509,2752
4632,206
3110,1473
1091,751
5688,2607
6952,5513
6511,4296
7262,7175
2930,6159
4349,3702
3423,1095
6351,6202
1797,1252
6402,1465
4112,349
7953,4508
2245,5749
2093,6952
5245,4613
4203,4595
4986,2696
3458,5357
6496,345
7883,3171
3086,5379
5786,6058
5219,3445
1848,6147
5317,2267
7441,2642
3338,3487
5501,2644
4584,1441
1981,6638
1886,3025
2978,2403
1772,1421
7922,1796
7145,130
4409,5619
2622,6595
6854,7572
1060,5510
15,5615
7909,4955
1278,5498
2004,1798
3045,737
6190,132
6720,7577
2030,5732
4289,5488
6715,1949
1680,3202
1438,768
3122,2494
7742,715
1327,1037
3724,3337
2675,3459
7239,2858
7507,7651
7028,7778
3043,3282
1310,4523
7285,1273
1714,608
5525,5595
3742,5202
2145,7203
7151,4204
3297,2299
608,137
4498,482
3368,2034
743,321
2130,1692
2222,6339
627,1761
7619,778
6455,505
3058,6413
6845,6807
98,757
6184,3848
3143,7091
3261,1794
6806,7561
7279,4392
7947,4743
5492,3339
5549,7231
3229,3399
2152,3583
3496,7757
548,7866
7768,6781
6016,4554
6852,7887
4938,7787
7442,503
6567,2789
4129,3106
4272,6105
7071,5659
237,3405
1467,4685
551,4823
5748,1992
7269,1702
3620,5877
1048,7958
6685,5749
7868,698
2254,3506
804,3810
1209,7771
3522,7579
754,1594
2367,6176
4774,4708
5042,3342
3341,1860
4739,4817
7204,5424
3409,7550
2308,4952
4259,7717
1566,7132
7917,857
1830,6778
4075,4519
7987,6692
4355,4600
82,4619
1663,1779
7711,4378
1370,2358
5875,5571
3326,1764
7368,1896
463,2545
1549,5781
4679,2560
398,6458
2501,1221
1507,3658
5150,1387
1237,3965
3946,7938
7443,5408
92,4762
2407,3915
4262,3046
4899,7047
1426,4405
2009,5362
6519,2162
2894,4928
188,2120
5933,1485
3873,1569
3332,7132
2745,6911
52,4937
29,5677
6415,1898
7318,1733
7985,14
6264,2239
257,4022
689,713
955,4527
7226,6629
5191,804
1380,6325
7111,4408
4591,6802
4782,6269
932,1285
4989,4309
2301,7156
7246,1318
1962,6121
1197,3613
5449,2753
7052,2051
4036,5161
2684,3555
4458,5360
7735,2822
639,666
6142,962
1683,7739
7548,2009
4820,5730
4348,4211
3879,7421
5192,7144
5931,238
6291,4517
1577,3024
4415,7777
641,7838
1983,6798
3733,12
1066,4198
4715,7189
5512,4668
6,263
2168,799
2371,1011
5248,4535
1101,3275
4347,7593
2842,3931
22,7186
4877,3165
5062,5131
1632,7915
6411,1889
7202,164
6287,2190
6565,7192
2957,2768
5282,4110
6945,5270
5713,3693
2261,7641
3409,6372
4923,6918
7068,5347
5747,6049
3486,7073
5204,276
1822,7403
6729,4548
4382,166
7856,1499
6016,3566
2097,1768
4131,1639
7873,452
1409,4842
5767,2632
3105,6732
3904,3032
6370,3014
5367,3469
1202,6578
6334,2072
2835,2759
5683,1438
2104,6750
4399,931
6427,109
4551,6196
3957,5916
3772,827
7675,3935
3495,6417
3,3055
3088,550
2148,7701
5347,7295
6656,7412
6175,7427
3880,5485
3943,1260
1812,2467
6321,4926
3563,5401
6010,4478
331,2755
2358,1293
7930,58
3189,4291
1916,4076
4944,6538
2853,3655
4594,9
4586,7607
598,5878
1079,7450
4035,4729
2249,975
4439,6632
2487,4534
4777,6407
1384,6389
4204,2570
3961,6901
2140,3086
1465,7518
6265,7001
7968,7299
7918,4324
5374,6207
6456,7853
5819,4678
4780,4943
7759,720
3606,5068
58,4124
4643,7454
2453,730
7330,3048
4828,5453
6897,4403
6371,4542
3995,7921
3253,4914
3703,210
6753,6975
5026,474
7758,1556
5427,1232
4447,685
7314,497
3912,5043
6096,4827
3271,4800
1022,771
3470,3108
2239,1526
6905,7373
1234,1570
434,5787
6835,7528
5554,5689
1303,5020
1693,6280
2108,3902
3914,259
6692,1485
1128,4888
216,1623
4417,2117
3236,6771
4310,1947
3912,6437
5562,1296
5551,2546
4669,6252
3667,4930
3639,5720
2069,829
951,877
6770,5301
4288,4077
1277,2160
6661,403
2265,4483
3732,6228
6358,581
3833,7
179,4972
1110,5473
6752,7712
5313,7620
1577,7101
1183,4204
1599,637
4697,6502
2620,7095
6989,2953
1829,934
6819,2457
1839,3888
1846,1766
2545,5564
5780,837
2373,3101
5644,1597
4132,1990
1287,7459
293,1501
3965,7916
1405,5774
7500,337
2971,1346
6604,3906
7327,5327
6127,836
5206,7455
5746,2422
6876,3806
4010,2145
3345,4880
4570,2014
6642,5268
383,4202
3593,4098
7670,2208
807,3708
4453,3504
6960,4443
1248,1554
1859,1473
6331,316
6646,66
3876,3727
3628,3713
1668,2964
5251,3127
7408,1377
272,2048
5500,3406
439,1837
974,1696
5727,6756
7498,5105
6774,807
7447,2089
6960,1524
2159,6783
5697,824
6627,5750
7062,6040
6026,5207
1071,3271
1722,6160
7806,4879
5981,5241
6617,2088
2555,4648
1195,1674
859,1077
7041,2099
279,3257
1902,5347
5237,1482
284,4962
152,123
7257,7723
6602,3706
5668,3944
812,5057
6418,6606
3264,3211
4796,1814
6095,5597
6442,1173
2225,6613
5550,5312
4948,2523
1974,4253
1114,3654
57,454
89,5015
3237,1297
2517,3726
7619,119
6018,6498
4994,5225
6065,5283
2275,1732
2096,5376
6210,3510
2534,1125
5230,2294
4109,7189
1656,5821
7097,6003
3183,6008
5127,785
3230,6439
4819,452
3636,793
1256,6850
2820,2442
3091,6880
243,7491
307,134
4123,2949
6798,4322
1681,3612
2748,3475
3566,7075
6528,3838
7052,6504
4001,5404
6518,1592
4292,5140
7881,6260
3574,3862
5956,336
7636,1871
6184,4079
939,5899
3814,7511
7358,1274
3484,2189
327,3132
4210,7904
7288,2997
7957,7935
2840,1611
2176,8
5610,4335
2883,7117
702,846
6820,1052
2278,4690
925,2336
1603,2000
2530,509
765,7970
7905,2124
5061,3815
1199,238
7603,7404
1800,6913
3152,251
3399,1120
3199,531
4939,2
4597,3809
6563,7725
2162,1311
3652,5731
4759,7609
1293,4749
466,3526
4098,5491
4823,6505
3930,5828
2495,291
449,7850
5735,7979
7880,3469
5477,7747
4470,4225
3145,5296
5387,5425
4718,5223
4636,1331
1959,7004
6810,2084
7102,6378
6687,2785
4439,5952
6813,7670
2255,3185
2898,3385
2862,1002
5851,7379
6811,3936
3905,387
1119,7361
2132,19
3485,6117
726,7480
609,3065
5451,2500
4323,7615
3134,880
3424,5994
6178,6325
156,3451
7966,1307
3922,5121
1299,3107
419,6425
5293,4668
4804,7756
2700,5942
2637,1666
1924,1991
6398,7594
2821,7546
913,4537
4320,7652
2665,4729
652,4091
3756,2099
2704,1990
3622,2236
7865,1493
2429,2279
2123,423
7970,5249
6652,6051
4046,7350
435,2038
4112,3586
3205,6062
3011,6348
2507,7555
6792,4444
4670,3752
551,1965
1621,5998
695,6798
550,6099
76,1221
5896,3076
7363,6290
7570,6870
3093,4868
446,7325
4109,3096
5189,4844
7768,5844
6367,1593
125,6433
6569,2976
3929,4809
1662,2355
1697,6855
1884,5754
4811,465
5504,3736
6950,5276
5128,7030
195,7447
7203,5336
4986,4657
7131,2481
7672,3019
7086,2440
5297,3539
3468,1268
6237,1620
916,7148
2009,2618
878,2368
4314,397
6066,4399
5117,7625
2721,2465
3682,522
1731,5323
5459,5445
7837,274
6855,4646
3491,5088
2217,2922
4211,6203
792,1417
7229,3053
7613,5817
4347,2691
276,7539
3094,7968
4663,1867
5793,5418
3090,4396
827,6478
1064,343
6177,3242
7615,4154
4343,3612
7877,1451
2443,7516
126,7106
5511,7885
1405,2215
2543,4522
7438,6311
169,1190
6872,5378
3349,1354
990,1900
6005,6822
7007,3167
4404,811
1509,4894
3484,7540
6462,6258
4793,3885
2533,6308
4434,1083
4277,5852
6717,2513
2677,5394
7196,5364
4832,7010
856,5863
3909,4170
3307,6575
1338,4715
2233,5675
6713,7579
87,3742
3478,5481
1329,1467
5430,4058
7508,3693
847,70
2554,6619
131,5689
6954,7874
3744,2964
3998,495
3462,3157
6830,886
7256,4910
5495,2256
5603,5772
3324,7121
7004,836
2597,1944
1106,5390
688,946
665,6366
6530,10
1514,5238
1740,7061
4746,484
6537,974
895,7978
1079,3417
5469,4526
6913,1782
7767,2001
3390,5913
5574,3027
1047,1171
57,3148
875,6268
1113,2498
4183,4677
1345,1132
2812,3965
6149,3967
2965,4829
0,4030
3584,643
5973,5634
2535,2922
4812,3686
2611,2022
4898,4438
2689,3566
5593,5509
6677,6382
2844,1594
2473,6271
3433,3548
7773,5431
4531,4601
436,1241
6814,3210
4830,3799
6017,1954
6886,719
6088,1436
2267,4313
2406,7887
4578,3266
5755,630
4843,6937
1476,5471
6869,7077
6202,4627
620,2207
2755,6769
4474,3972
351,5048
1760,240
738,885
5777,4654
262,4533
7331,7095
354,6489
3140,5196
3467,836
1760,7910
7452,249
233,5093
4659,7767
4413,6913
7681,5960
29,326
4808,2955
5978,5094
6201,508
3754,7432
682,6364
5811,6847
1747,2303
1241,724
3987,5625
1197,6764
6887,507
2014,442
6516,3376
4175,4940
2221,3988
4461,7846
5319,783
6003,7266
280,5677
3537,7531
2274,3409
6866,4353
1784,2058
7340,6978
2269,739
7329,981
6799,1780
5478,738
2360,193
6888,1009
2088,276
5709,5400
3397,1255
1172,223
6710,6316
2634,5358
4603,3674
7483,4016
6060,4184
4903,7700
7987,7737
5555,4704
6711,2079
357,1195
3508,6432
7334,5175
6524,5148
4388,6028
5126,1010
6313,5734
77,7823
6878,4710
2899,882
2229,6833
5217,4178
4224,6331
5985,5744
7415,5432
496,1129
938,5705
7875,5682
7783,4905
1698,1410
4280,1989
1348,4838
491,110
477,3964
3589,2873
6216,928
2877,4155
5028,4779
311,2511
328,4084
6904,6576
3267,96
1073,6480
4086,5700
7995,3579
5793,7808
3176,4547
3923,4156
4240,2573
5307,1049
3945,421
5912,5922
1072,4068
4342,2075
114,6140
4744,2662
4925,7760
5042,1330
3420,2253
4032,628
5347,6832
5773,78
1400,6540
6386,1
6036,5551
2588,1081
4679,4133
4954,715
5499,5283
2260,6934
5075,7678
3566,5769
4055,6119
2935,5070
7469,5789
4454,6939
6285,2007
152,7161
6493,7819
1085,5103
7210,6409
3053,1029
4828,5278
254,1437
5184,6477
1663,2638
3303,1625
717,3898
2589,5553
7544,5305
124,189
3286,1444
5719,7601
3803,469
425,7180
6340,3825
7191,2629
1804,3602
4530,2946
1911,1897
531,7562
2581,1272
7646,3624
3042,798
5055,6763
5780,3512
7178,1232
3520,1748
7473,6668
4868,2249
5139,3184
939,6513
2270,2599
6175,2101
5282,5116
6263,7276
3074,7809
7304,3172
3762,1371
5974,5764
731,2780
6751,1366
671,1398
4095,75
4785,2637
2524,5240
3867,247
116,519
5935,4854
1115,2558
7332,2623
2798,6312
5076,6334
2060,4898
4884,1178
7191,7751
3505,5703
2708,6667
5982,5016
7931,4358
2240,6325
3519,2389
4972,5600
3246,606
7225,50
4069,3531
5135,542
1319,2281
564,5350
6417,2162
1652,7822
4848,2149
1317,4566
1542,983
2532,3856
2877,4549
5805,4987
3244,5428
5882,114
1017,4609
2203,3749
6462,2185
722,6740
992,1180
2489,2263
6920,3606
690,5688
4336,5009
2046,3258
3201,2424
1742,3388
4749,5154
7053,1715
2618,1426
4908,4339
723,855
4839,5815
6124,2252
7067,4947
3946,7796
4896,631
1898,1889
3089,1994
5039,5134
2527,4550
5107,3671
3291,6100
6984,5371
7335,3719
5502,618
2311,5733
5903,1761
3459,7155
2919,5203
4493,3030
3384,7275
2616,3793
1710,3006
2618,2767
6746,2437
1096,5803
660,4113
5427,7294
3826,837
82,4773
5816,4618
1625,7082
4736,6860
5324,6127
5007,7734
4761,5612
4828,4788
4484,4823
6934,5452
7669,2707
5808,2230
1780,5179
6454,3590
4145,468
4459,6102
4130,4997
5305,5131
3578,5766
2285,6404
1804,2639
353,7790
3874,3452
5992,7659
2348,681
4498,2925
390,2770
196,776
6609,3217
6370,2502
2548,3032
1666,6614
3654,7709
4791,2665
5570,7727
2892,3693
1432,7084
1693,7681
2227,2973
1763,2828
7553,5395
6606,1977
7376,6076
365,1020
367,7067
3644,3988
3729,6535
3961,6490
219,6633
1368,1534
5046,5605
6189,1831
3840,243
40,2687
3281,365
3321,2960
7541,4229
4231,4172
5299,6475
2393,6067
1269,1807
2874,3780
3588,7179
3780,738
5939,3481
4499,4841
2581,6802
2913,7458
5687,2288
1469,2129
4179,2902
5383,5965
84,3965
3807,2834
7242,6771
2898,2617
748,1960
4948,6187
6943,2465
2556,2761
559,4045
2637,4870
2970,2825
3503,1997
7472,7384
7564,7358
6653,6020
5083,4790
2016,2351
7960,5664
693,678
4828,4694
4141,4297
3435,5959
762,1329
4189,4198
3712,1106
4696,3152
2546,6410
6339,963
2382,3227
2926,2040
7818,373
3763,2226
4224,1312
3041,6203
843,5528
3751,4400
510,4983
7992,1124
5510,3314
2918,4949
6139,903
1538,7136
2174,5082
2119,4046
5836,3161
68,4828
5117,5988
4486,3859
5247,5564
5345,3185
7041,617
2297,4362
1481,4
4163,7616
2018,2763
2116,968
281,2788
7944,4384
5820,5550
7374,2339
2151,2187
6305,7745
5477,163
7396,6751
2156,3869
4199,4613
5877,318
814,3007
5334,7958
6663,4885
509,1761
1936,5988
999,3752
1545,4837
4946,4695
1597,2811
7884,4816
6001,5042
6231,2154
5989,4136
7536,5950
4228,1100
6905,3118
6608,4150
4274,6680
1690,2056
3287,6693
3462,1810
6972,7304
72,2062
5504,658
6478,5483
2688,6169
2380,3810
4402,2779
867,2018
198,4650
1059,1363
4285,2379
7617,5311
7266,5008
7537,3246
7028,2010
5396,4732
6213,7347
3204,129
73,3795
5860,3873
7328,2153
7284,7871
6092,7360
5263,4872
7877,3932
2486,556
429,5278
5916,2637
5641,3251
5571,6525
5399,4650
747,42
35,2783
928,1872
607,5425
2048,2878
7341,4391
2966,5816
7355,4828
5078,1778
4360,1799
300,4504
6196,7964
6450,3672
6334,235
1704,1790
906,3765
1588,2532
1610,7944
3739,6434
4655,5120
4350,4074
3874,3912
3348,4495
3040,2930
4720,4865
3629,5489
5211,2769
2878,1787
1666,21
244,3970
3804,212
7582,6483
6942,4828
4817,6509
7688,2857
3,861
5586,2653
6955,4055
5570,1490
328,7519
5906,5898
2282,6677
4626,379
6445,1970
4786,1180
4118,6739
744,1548
3343,1382
6299,4565
1404,4482
3970,3435
1056,5091
7364,1041
2455,6839
504,1968
4811,7204
5778,1558
3531,4731
1165,4751
6639,7525
5463,111
967,3823
4776,7099
7630,6222
6176,5103
6145,7864
6453,4451
2798,2213
185,3558
3309,4004
1083,2663
4660,58
3450,1272
106,4491
5260,1808
4480,6523
7362,3965
4012,5935
1075,289
117,540
936,2910
3327,603
609,2423
5698,1118
2327,1021
6413,2744
4589,4854
6063,1592
211,2770
256,5613
7688,5489
3507,4318
312,4187
4860,1122
2571,4506
922,1855
6004,6726
5385,4330
1157,6304
6882,3948
6921,480
5169,4244
3615,35
3912,6896
7165,1219
4116,1029
2118,6893
7148,5470
3685,716
3094,4625
7044,4406
4752,7563
1563,6460
5361,6465
7114,6143
6670,7418
6701,5763
1641,1423
741,2206
1841,971
5082,7064
1112,5962
2496,3953
5129,6435
1949,1168
7212,4497
6406,3049
2194,1907
2578,5339
5517,1454
3538,2350
5241,6919
4666,2635
1128,532
252,2312
4429,5876
162,575
647,6900
3092,6444
7082,646
1217,5770
6665,4997
2515,3327
5463,1605
4750,3119
1974,4445
7834,5767
2791,4271
6181,7438
7099,5417
2959,4644
2589,1963
7632,6851
4878,4120
5988,4562
3314,1669
4963,4848
4310,4748
5183,2950
3072,4633
3144,12
1151,5143
960,6306
2257,2659
1190,2638
7564,7907
2608,7964
1342,842
6488,4231
7472,322
6949,4546
4631,4705
6167,4846
65,1650
539,6059
1394,4196
7030,5594
2974,1220
3195,1920
6824,4245
6039,4614
5003,1648
6045,5990
3099,5284
6428,6066
5740,6134
7581,2946
2340,1885
7282,4723
6745,4414
2751,2384
4397,5052
2860,486
5713,3912
3463,164
5753,4637
5958,3738
1693,7638
120,6572
1165,2696
3517,4971
1258,5231
2290,2865
6193,4854
6139,6448
680,3691
4746,5378
4714,7003
1019,2775
2363,1776
6426,7829
6485,553
6754,4428
6226,418
6000,2668
451,5854
4778,7084
4793,3758
6119,6191
5552,2832
2186,4144
129,7717
4233,6843
1716,7252
6515,396
967,2852
2092,5146
4701,5909
856,7690
7173,6916
5023,7557
2894,3216
2149,1487
849,460
7725,3340
3115,3048
5514,2109
1733,3262
6735,1050
7270,5425
7557,7697
4574,1036
2767,7514
3505,894
5119,4635
1574,1046
5368,4112
1766,2791
5871,809
6276,2180
7297,2544
1930,2266
2148,5172
3926,2260
3786,2833
6651,6208
6002,6803
6309,1746
1999,1281
776,6254
2891,7664
2191,291
4851,4781
4673,1626
3619,5140
297,3333
3586,3092
1474,3334
1679,6618
508,5924
2529,4249
5029,5201
6743,5892
3417,4316
6155,7838
1610,6821
6965,4437
502,5469
7695,3369
6429,6176
1986,4922
3366,7573
4004,2995
1308,3421
3022,2439
1419,4128
3914,7364
5292,4007
5304,3350
3019,6800
574,439
511,2906
3680,6473
22,741
3170,3175
6941,62
3932,602
1367,7906
2881,457
1522,1188
720,5757
5502,5885
6388,4099
7872,1347
5539,4740
5745,2968
7952,5833
3246,3762
406,972
6253,5506
65,2490
7618,4662
5403,3006
3534,3504
4488,4719
1513,5087
6931,7796
663,7678
1396,1818
296,6296
4623,299
3471,6123
1065,230
1912,7826
1874,2085
1221,872
3924,5150
6868,1720
3031,5793
12,7736
4062,3141
4197,4104
941,2374
4072,1358
4577,7172
7984,7963
765,528
1845,1913
5023,1240
4418,7687
5193,4204
7087,5534
4689,3226
2287,3907
2530,6595
979,1015
7493,159
6569,2356
1713,1536
5135,3656
7721,2307
83,5425
3012,1892
2315,7509
4202,5115
2596,534
3962,490
6834,5375
4070,126
742,3684
7585,461
361,7047
7931,6209
2073,2759
4867,7978
1633,4181
1965,2262
6298,5051
2876,3675
5827,6114
6656,4102
3428,2784
290,5119
6596,6818
7274,2931
2146,7140
6963,5905
1305,6481
7574,5253
5830,2234
1125,7362
4229,7316
2342,7108
3911,1853
4663,4236
1583,3894
3814,6431
4146,5645
6706,48
6365,6996
3021,7210
414,1376
2143,6535
3956,3968
2679,7652
2764,718
7800,5166
2709,5016
1660,6866
6124,6703
457,6721
7,6237
5698,1707
4022,4479
637,84
374,3046
3989,7192
362,6677
997,2845
3044,6020
1956,621
7314,1394
5264,6138
3965,1512
6972,1389
3245,6219
3735,6344
7576,1036
5117,386
5414,6708
2392,7298
3859,2466
5648,6033
4048,4169
5425,3674
4873,1600
1038,7562
2617,5572
1465,2157
1452,5480
5156,7835
4366,5556
2258,7786
4893,4896
7662,1564
3929,133
1646,7461
171,6165
3418,5907
2817,5084
7167,3692
2445,340
4318,5306
3492,7280
819,1498
6384,2838
7307,6978
5776,4468
7472,952
4859,6260
4101,5921
6859,5453
217,6405
787,3715
176,7264
96,3054
989,5741
5537,6257
1744,6961
5966,4310
7689,5231
6471,2390
3312,3497
3431,782
683,920
378,1404
1874,1696
3465,4630
3100,6162
2040,2483
7253,5003
6214,6339
1527,1517
919,889
3347,2435
6624,2843
5446,1201
974,7108
2986,6176
569,703
7163,6451
1374,4126
5656,6734
2242,7680
1054,1615
6922,6476
6650,2915
7764,4097
6715,1751
7172,4194
3550,2499
1267,1625
1865,3054
200,1236
5420,6376
5356,2765
6475,732
4300,2095
6380,498
2014,4681
1866,6237
198,5271
2670,3645
4387,6463
4184,5758
1228,2770
2096,2387
996,7989
972,3545
3305,6424
3587,2400
7739,942
96,5050
4721,855
1762,2420
940,4948
832,736
2787,5506
5983,517
5029,394
3353,6891
5575,1963
7991,850
3790,3661
6293,7474
2015,3796
1332,4562
150,6029
4185,7429
4017,3047
7917,2856
2751,670
677,4923
7607,2523
5484,0
3231,5098
7010,7967
3983,3634
611,4078
3124,2121
5698,4371
2905,7789
6225,680
1662,7360
134,2052
2445,1180
1625,479
2427,903
7661,6758
7238,4210
2605,199
53,760
5900,71
3328,6218
4411,348
3965,509
3675,3827
6786,1693
1372,7711
6919,7575
847,413
7568,5444
3373,2509
3709,4691
3959,1315
203,1857
6198,2383
5527,5896
2391,2758
2952,4966
4807,158
3147,2287
5425,7410
7317,3990
899,7602
2864,2875
7596,7776
7698,5105
4205,4724
1511,2586
1836,6494
5764,7457
6109,2971
2259,2072
7399,1796
5017,4978
5233,7770
1932,474
5165,2476
5454,2259
1901,6699
1585,6789
1288,7866
6614,2127
1316,6303
2858,5623
5344,1146
5468,4053
5944,3254
6747,1522
2107,6912
1068,4912
5281,1727
7962,7290
6768,64
4828,5604
5477,1109
133,3320
2542,1208
295,309
4150,4073
2186,5235
7978,2051
4525,144
356,5092
2367,892
7000,5806
2543,1699
5984,4040
3660,500
192,783
6759,6486
240,6540
4204,6597
7998,3712
3301,6791
184,2435
1820,5097
4304,6578
6210,7532
2749,7478
4305,2295
797,419
6592,2605
3545,7113
4141,7929
5602,3190
2480,4538
1434,6828
4794,6277
7283,3036
300,3203
5681,5658
6785,2080
746,1925
3478,1018
7932,3757
3917,1707
2649,4214
2492,6085
7595,4293
3435,702
4240,5972
4761,3973
1650,3000
840,7137
4559,7256
5353,5315
7810,874
4192,6611
7707,4890
2334,4412
5173,2511
727,1904
2043,7110
6377,7369
6122,522
5478,1132
6964,1477
7920,2132
2832,3874
4458,3375
1876,6794
5533,1955
5382,4117
1959,4649
7515,7713
5616,4990
5454,2555
7344,3046
2566,4195
2538,773
1586,7469
4013,2761
7310,3012
6452,7424
5415,6408
7182,7115
3078,255
1762,204
6392,2836
7111,770
7979,6829
5976,2572
1312,563
2755,2986
650,7594
653,7658
2107,1491
4969,6212
7463,3383
3532,7385
7908,1156
5101,2350
668,5252
4477,7328
5168,6144
596,4285
511,2419
7897,5190
2863,7088
4085,794
835,4624
6035,4770
6936,7982
6940,7075
6594,4687
3273,5957
3861,7947
6183,7969
828,489
464,2413
7741,5508
680,1458
3917,6130
3955,4683
3456,4230
3726,4959
2144,643
6661,2866
5808,509
7769,4828
85,1185
6605,1301
39,3879
7809,7954
2284,5558
7509,137
1709,3292
4306,1926
1879,1988
680,5988
4510,1225
1181,6013
6521,1765
882,3181
914,103
3329,7046
3600,5108
1321,6049
3927,3014
3409,6663
2721,4380
2044,7999
6024,3056
3835,3411
5585,611
7327,2510
3876,738
1374,3425
989,5420
7644,2486
4038,3095
6309,651
4352,6617
234,2795
6798,1848
3713,2419
7756,4047
6109,1243
1923,5195
3649,6798
6776,6089
5010,810
3889,3852
5338,6938
2622,7475
610,2804
6677,4869
1146,3755
6602,5287
6078,5737
4145,4304
1960,3362
2302,5540
6788,5429
1033,5295
5405,7065
6524,2960
6867,3774
4664,3950
4743,3717
3228,4017
6719,6705
366,7634
1990,7661
7703,1112
1998,2491
2199,7897
1829,1544
844,2877
800,5846
33,1551
5108,2597
2318,1986
2093,7022
1282,470
4617,5425
1754,3260
1771,1521
4305,1631
3979,4072
5036,575
3828,2848
4088,3446
2750,860
4258,5812
4232,28
3913,4766
1586,6468
4054,2813
3644,4682
3699,6805
6246,1531
1488,1658
414,264
5511,4748
1063,7438
5038,5863
3122,5501
772,1997
4090,3065
288,2474
1865,3949
5626,7752
3707,4711
4540,5207
1123,3172
2600,4451
7843,1738
5085,6786
7994,6645
3310,530
3097,6311
3832,6986
6478,1744
269,680
5364,3316
3032,6678
1597,4828
3522,3454
2415,4246
5935,3146
1920,1546
6685,7746
7003,478
2713,6195
7693,2057
5091,6618
4159,2627
1575,4336
7407,6830
2013,7087
2969,840
3554,1528
3318,541
5501,4353
3306,2603
950,7111
7220,7129
3088,1770
3665,6526
7718,495
3081,482
7440,5668
1774,4443
696,7285
3438,7009
3598,1784
5793,616
2138,1275
4509,2611
2831,4317
6683,4968
2551,2477
4033,4790
7584,1568
7107,3363
3844,3764
1969,4911
4669,7105
906,5567
4588,2819
2337,2830
3263,4183
1899,3860
729,397
3013,2493
5997,2347
3495,4318
1385,5598
2244,7412
7080,58
3413,7819
6766,3352
2328,7626
6263,6254
2816,3501
5597,5004
7003,716
5212,6064
7731,2654
3244,3005
33,943
6340,4716
3468,460
4690,5414
360,7839
2444,2958
2661,4248
898,5890
4973,227
4459,6598
6042,4837
2725,7394
5096,5330
6487,6913
4431,3309
7049,5921
4844,5110
6387,2316
1359,1805
6315,2680
1774,4346
4799,3610
3698,6760
998,6498
1599,735
3241,2891
7227,3032
7766,3591
7003,3252
6710,5249
971,5980
6534,4779
6626,389
6585,592
4918,2058
7939,7530
7028,7315
4883,7757
7002,5152
1695,7185
5751,43
6737,687
6011,3680
7428,2665
2561,5116
5976,514
1356,82
7350,5211
5581,5367
3438,437
3045,7705
4024,5874
1908,5856
3342,6543
4343,2517
2421,397
2516,2987
1559,5695
6168,3602
3333,4365
5102,2132
2287,7553
1645,2679
3206,7946
1633,5369
1223,2736
2362,1805
6976,375
7668,7619
3869,4226
5614,145
4515,7053
1523,738
3523,4188
4934,6962
2951,7662
3034,2519
3824,1150
90,7867
3633,4032
7534,4043
5171,6227
6431,3064
30,2201
7846,7170
5424,1423
5577,4900
5676,1007
5460,4415
3996,4020
1617,5724
5917,2565
4199,3402
1883,4920
7142,149
6322,2991
2547,4707
1238,1197
1403,6702
191,1487
5868,2859
220,7202
3945,5797
6797,5425
6171,3748
4065,6262
6157,7156
629,3433
2074,2742
5873,535
2797,5990
7932,6151
7494,5006
4239,4420
7816,3416
843,7098
109,1618
400,5950
3382,4006
3621,1346
2956,5448
5307,150
265,6689
910,2598
806,5536
346,7358
3002,4327
181,798
1162,1761
2344,2941
3971,339
3703,1651
3114,1501
1868,4700
7530,1546
2544,1678
1824,5365
2337,4016
4828,2262
1179,723
1548,1844
4697,2282
6231,3971
1295,4000
254,4994
3933,1890
199,5372
4659,1823
5937,5914
100,6249
6928,5999
1194,283
3952,7145
7919,1412
7237,7221
5826,5543
7352,1719
7794,3217
1604,1758
5932,5523
202,1933
4658,320
779,5085
1373,4560
1962,228
5177,2602
5552,7148
1214,1020
539,2592
7032,6635
67,7670
3083,4965
2164,6474
1330,1934
4204,212
5793,7473
5968,7091
208,4934
1899,3880
2276,5608
6109,5708
1452,4720
4564,7605
4424,6632
6274,4150
2428,963
5586,7171
909,72
6883,4245
23,4019
4532,217
7558,7679
2352,7239
7403,4913
6126,614
288,5723
3415,5397
6321,3287
7863,2063
897,2247
4938,986
1181,3410
888,4270
498,5975
6599,6817
801,7081
6698,5712
5648,3794
1291,3195
5462,6898
4332,2518
3640,3827
278,5908
571,3376
43,6482
4238,7192
1045,4874
3664,3453
303,1806
6686,7378
5487,2040
1738,5523
7982,832
6135,5894
2957,3427
2959,5610
5643,2730
4475,5888
3376,2811
5895,3230
1690,1681
3359,3077
4177,5455
3723,6981
2252,2980
6317,2762
6283,4346
734,846
3404,4012
1239,697
6727,7684
936,4112
2687,1252
1672,5380
2590,6338
6856,5270
256,5842
4948,4181
6571,3845
1196,1797
7970,2408
4516,75
2369,6427
926,2094
2756,308
2387,537
6783,3041
3577,3275
1045,2692
2356,1961
1693,4648
5583,1515
958,1597
417,3789
1666,3155
680,3540
3917,2319
2155,3695
3191,5834
2862,978
4186,7621
6975,6319
2841,3912
2647,3907
5852,945
6405,75
4524,591
7415,1767
5254,1579
4758,1851
4963,6102
2818,1916
6532,2881
3341,5262
2099,7723
3211,7271
279,4219
3149,209
1126,4809
3839,4410
4603,3680
2785,2087
105,2784
944,4311
434,7272
232,7556
489,7813
1057,3614
2326,2767
4066,4978
4801,5431
7423,1672
6030,2646
2041,5363
3997,151
6701,5993
3320,6419
4938,7235
1,4166
6784,4030
5033,6798
6542,1825
3839,5905
98,2259
3512,6788
3813,7148
2470,2097
3667,1501
631,4025
1625,3580
2395,3056
7931,5633
4756,7373
7035,1411
3759,5580
761,2951
7259,5220
6591,2005
7719,3038
3543,7136
1562,2251
6894,560
6130,2283
6422,5996
6190,3635
4001,3696
7402,2448
1101,4256
2804,7232
7770,7852
4930,6217
2563,6955
4641,7074
3193,6897
2199,679
3555,32
3335,7231
4185,3260
606,174
5772,1262
4976,1919
6346,7400
5702,443
7454,5387
6329,1755
1346,7669
209,1777
2823,6933
798,4212
5628,3412
6549,7610
1169,4284
2268,1533
1753,3687
6637,2708
2993,7112
2123,648
548,3304
1317,3774
6299,1284
2909,6399
2989,4802
6944,1355
5742,7528
5928,763
5214,2098
4084,2023
256,2663
4549,1304
7163,6887
5403,2802
5035,3864
1967,4853
836,2996
3101,4620
1442,1361
4055,480
5352,241
6864,5629
2198,6491
5945,2618
1812,629
1216,247
4948,2296
180,1781
4559,3527
6153,395
6101,3821
1739,7439
2627,7658
3623,1746
3562,2705
2665,1958
3482,7173
4662,522
7842,5281
5384,4345
7257,2125
2540,4543
4514,1136
1543,4636
2135,5417
3871,3502
1416,5232
4535,5508
1926,102
6601,3519
680,7211
4985,6363
7720,6261
3395,6993
4906,644
1287,2100
2914,7467
4970,4349
3161,6550
6247,6799
332,6105
2936,382
7655,6113
1014,6093
2479,6007
3757,3578
3631,4724
2312,4308
5959,7059
2673,6181
1614,3098
5745,3391
4449,2514
210,6236
7726,7897
4241,1730
2583,3969
4166,1327
3120,858
7609,4354
5525,2089
826,5776
5221,1627
3976,5699
649,6332
1108,5474
6394,4473
2965,4849
7503,4964
5426,2099
1300,871
7148,863
2354,1665
2347,1033
3094,2790
3566,5664
2330,6748
3078,5487
6401,7152
692,1670
1478,393
7130,4478
5440,5516
2729,144
4422,1717
6143,4395
2555,2046
2430,7040
6241,2969
4850,805
7647,1395
3855,6188
2306,615
6340,7937
6069,729
884,3411
904,4828
3933,4477
1793,2109
4363,7608
5872,276
6438,70
3354,4999
5002,3174
4717,1143
60,6054
6977,7615
7791,5066
4892,1989
2598,173
6235,304
2144,3323
579,7383
457,4178
3315,4453
2476,7272
3020,3989
4668,3032
7488,1716
7950,7300
4633,5872
4332,2699
1200,5699
2646,2833
5722,3188
863,4169
7970,6931
6722,1180
1842,7724
3936,3584
1629,1749
3421,2506
7344,6774
7731,5926
2452,4276
3353,7122
273,2854
5482,2369
55,4432
370,1762
4652,1047
905,5769
6874,3808
1301,968
4070,5861
1240,6670
6141,6267
7255,7417
1245,694
2897,5901
987,674
285,1541
2749,7289
1677,5200
2479,1617
4812,6478
2807,1012
572,13
4149,2669
5949,186
12,7018
7495,2877
3721,1982
6400,1789
6537,2935
5721,5164
697,3626
3025,4555
5205,2877
3244,5315
5732,3521
2195,268
1147,1383
4048,374
6022,4039
5178,4832
165,7892
749,2169
4771,5033
5748,3702
7604,4608
2539,6038
1930,3221
4859,3591
2939,6024
2133,1870
3583,7538
6292,1316
7751,669
2082,3180
439,6508
1284,2210
436,6463
4951,4051
7734,4362
6306,2954
1034,1121
7523,4887
708,7554
2069,4675
2656,3149
4664,3730
7800,574
5902,3557
5657,7827
4228,4082
1459,348
2383,4698
4035,6990
6393,2217
7417,6154
4347,4102
3867,992
7092,359
6678,5574
6045,4036
7563,6179
6815,4754
749,3665
4524,6922
58,222
1102,6226
243,4828
5335,587
5162,1078
7826,7405
1147,6323
2908,2666
884,390
5929,5450
1832,1635
6299,1480
2154,6617
4134,5705
2448,2182
4003,5428
2795,1320
7460,6600
1584,2522
3298,5328
1840,1700
5209,3758
7738,2851
3454,2990
6068,2140
2186,4871
1550,471
2783,6739
1180,2654
1445,7766
7201,1421
4260,2712
6677,8
7761,3916
3656,4173
4042,3866
7613,6981
1654,3243
342,4263
2944,3680
6793,3052
2823,2034
2692,7413
753,1997
4564,6176
5377,5153
6101,7195
7356,2927
3469,2737
5063,6733
3046,3659
3403,5886
6287,4024
3346,3935
3234,6669
7262,1131
6026,944
4026,3913
3256,1612
2452,2688
5627,3798
891,1558
5284,6380
1684,6938
6006,2715
2885,3498
6237,7028
1243,7456
4144,4006
470,1434
5218,386
5514,7794
3613,6603
1641,1983
5744,1937
675,5522
1506,2782
1974,6965
6369,791
3904,2276
7995,4094
5141,1860
6933,5762
6248,3741
4873,5121
4728,5459
5316,3703
3611,124
899,4566
2022,7834
5799,4126
2428,1519
7268,2219
4563,4440
945,4148
7388,2039
1299,4149
6970,256
7037,6841
2890,5089
569,2722
207,7344
7797,6707
7387,7793
1085,5928
853,5410
6627,6335
1067,557
4388,4668
7208,553
4316,5186
7897,3035
1984,4995
4879,4866
3923,2556
6253,2874
1159,4786
7050,3960
3215,1150
7021,4452
6168,1739
6159,3803
4222,4256
2794,1978
2079,5515
680,7956
7100,4023
5246,5804
5377,1255
7784,7853
5759,6134
987,1271
7019,2819
2047,1880
4755,6015
6947,2739
1883,7933
5149,1512
4250,4253
4872,3282
2918,4160
7547,3872
1459,4772
5226,4236
4911,2587
7759,6400
3106,6886
3396,7184
4214,7568
6835,3180
5855,2741
3144,1816
5462,7194
4168,3255
4489,2715
1924,2794
5824,4114
3905,7271
4728,3868
2867,540
2512,160
2697,7399
789,1529
2067,6514
4891,6741
5639,7913
1144,2011
4699,1535
1847,1811
3132,3566
4234,382
582,1247
867,5251
5361,5883
2535,3359
7829,2030
1227,845
2325,1341
6275,3822
7637,5591
3017,3786
7729,750
2366,3224
2953,2139
5898,2489
5012,4300
2637,3207
2020,1400
6230,4512
7433,1414
3633,4329
1096,3839
4257,6242
544,263
258,7324
483,5994
5212,7351
784,1886
2235,6276
1012,3547
70,2263
593,2008
3366,6564
3033,4984
4618,6917
6625,2793
5846,5810
3975,3186
2993,7449
4622,1425
242,1560
5546,4857
7263,2464
6764,457
670,6638
7828,826
3710,4708
6716,533
7276,6509
364,1057
4801,6666
5790,5272
7109,6684
1351,2180
7758,6798
3817,862
7813,7955
527,3883
5137,6305
6976,3074
1407,7124
7930,7269
5946,6553
1524,2929
3965,5849
7527,4196
3558,6114
7927,3736
526,5833
1300,5181
4623,2845
1677,1430
4745,3427
3912,1009
998,2299
2420,6192
580,7526
7649,765
6879,2946
6616,4457
3493,2826
7071,3378
6640,2615
4803,6622
754,3246
3350,5725
7151,4436
3402,5151
4585,3488
6247,353
5475,3621
6697,5101
6870,829
1563,5354
5869,1180
5785,5946
5756,3436
638,4595
4176,3890
7005,4726
2081,3646
6840,3913
4747,800
2364,7312
5982,3706
3917,3459
5227,1079
593,3154
5936,157
3329,3895
4338,3048
2628,7188
2648,6261
2304,927
3401,2334
4866,263
6186,4331
7635,2186
1792,6080
6118,3600
2168,2325
5455,4774
7975,923
4547,7868
4933,2648
4015,5351
7421,6784
6271,813
1718,6297
821,2078
5298,7536
7395,1917
3062,2505
255,5080
789,2496
5794,3226
680,2271
7565,6314
567,3681
4130,1296
3603,4174
3313,912
6294,5341
6090,4853
500,1982
1739,433
3872,2155
5730,7165
7337,4418
4670,7599
3037,7302
5347,7699
7355,1167
6914,2774
7915,84
4248,381
4121,6780
5584,1591
2223,5817
4070,4583
2151,6635
754,360
5535,986
6761,6581
6803,2860
7300,6871
3710,5418
3966,3910
2261,7922
4582,4188
3165,766
2800,3067
5892,5760
2471,672
1154,3559
5633,2277
7808,6159
6363,6074
2451,492
7660,4217
979,3841
7079,7107
4311,4856
6959,4164
2344,2644
505,7844
501,2016
3017,2744
6858,7657
3563,6481
4120,6385
611,4784
1053,4685
3565,4196
2737,5880
7934,3231
1531,6037
2625,173
6064,5962
2115,2360
1777,5984
1817,7277
3093,392
4070,1979
2954,1114
6330,3424
6170,6836
4028,5644
5734,6317
3656,7997
791,3759
7754,7103
1528,4087
2336,149
1510,5848
5932,3906
5503,2599
7436,4295
3610,6775
5576,521
3113,3912
88,682
4195,4145
4783,4434
4828,3538
287,5881
6532,1775
6512,915
2490,2882
4377,3292
5244,2890
7904,3316
1283,2705
6971,5716
4048,2212
3412,2166
7162,4442
2764,3770
1762,7438
6277,1270
5709,7518
3807,178
2255,5717
6675,404
4525,5829
1206,1758
5049,765
195,2601
7197,1979
4932,2015
1843,3521
5762,7896
473,7879
5682,1894
5706,7851
412,5042
6015,4044
4354,5111
7565,5623
4370,1743
266,3334
6870,4078
4854,7666
6121,6552
7370,7981
2777,7971
7816,1497
2907,2829
6390,7141
7156,7940
2919,1412
522,1786
2178,6628
7802,2848
2934,7472
6630,5545
579,1496
7859,6231
5113,5790
2870,5042
3057,7090
2270,4221
6677,1855
33,6180
1821,7888
5931,5515
3339,3126
5612,1878
2394,3760
5940,6293
2702,7599
6336,700
7148,1517
3755,3553
2859,6845
3890,1509
5142,1817
5279,3529
7521,2483
6677,3994
7981,7633
5696,7512
4452,3378
7698,1988
2495,4450
3443,4230
1000,5027
4591,3416
6544,2231
2946,5920
6112,6376
1413,6338
2932,3512
4826,1972
1997,4203
2824,1579
4635,7825
6612,182
7303,3107
5291,1203
5875,2937
2618,6151
3140,6951
6284,4953
6545,4256
672,6430
3250,5906
7348,4674
5624,244
4323,5425
4267,4081
7529,6233
701,2525
748,3397
3003,4788
497,6055
5590,4582
3122,7908
7572,4840
6732,7426
4050,7175
7615,7321
3703,112
7042,3244
2608,5125
3065,4310
1205,4011
6831,1788
7428,3098
459,5830
3201,7824
7740,7653
7167,927
2376,1692
4240,283
7623,2582
6399,7921
7354,5455
7677,2845
3783,4615
3358,6808
6266,1608
4356,6039
1494,5163
786,5053
3363,1875
4064,2744
4398,1587
2710,2042
1451,3866
420,5825
5075,7495
7003,6095
5366,2944
876,2267
7897,6688
160,1186
1703,5811
4709,7033
2066,6914
4384,4754
5756,2036
4671,5097
1723,5437
5216,1929
1065,6352
1230,2411
3439,4080
2647,6349
3103,6688
6844,20
271,907
1338,2224
4171,7333
7475,797
5634,3771
4460,7390
4374,2781
6223,5753
5672,7962
2967,3298
2695,6245
4265,1131
2053,2393
4471,7441
4886,2059
6335,107
3950,5328
6256,6274
113,7066
5138,5329
7635,1314
3353,714
3797,2726
5702,6976
6648,5433
1295,3475
5584,2303
3884,3283
3878,5277
1385,6239
7781,4138
6658,4910
7942,88
7938,7089
7069,1582
7792,5172
738,5289
6910,4557
1008,2131
1351,6913
1324,3486
362,7037
1157,542
3784,4596
4621,5474
2583,523
4226,713
6072,3783
882,2846
333,1328
5048,7489
5042,2686
3837,4982
5496,5518
1482,313
6377,2246
7615,2335
4658,2226
4763,3660
2316,1902
7538,5850
3257,5539
2800,5839
7073,3089
4510,1055
7869,7662
6884,5057
1309,420
6782,4173
4692,1134
1638,5306
2417,1474
2629,5632
6306,1133
5684,1039
7748,3750
2258,4755
6926,5986
5637,36
3049,1683
263,2835
2071,5021
4760,6606
1464,7736
4932,4192
6180,3010
4067,2090
3641,4772
175,626
7001,4227
2501,7706
3423,572
734,1736
5590,1117
1318,1770
3181,2841
7516,4847
6191,4403
2892,4892
3244,4147
2714,6961
2839,5438
7490,6842
6892,2330
7307,3667
1755,860
1906,2914
47,6401
3449,898
4064,4401
3566,3926
6415,5513
4113,2418
6991,6933
6913,2552
7591,7329
1910,6763
6078,1264
202,982
161,3693
1192,7481
7939,4865
5005,2121
7234,4066
3434,7789
4218,282
499,6377
5969,2650
1972,5391
3249,7444
3051,4170
7615,6690
849,3572
1246,5936
3235,2845
229,4025
4512,1725
1847,1320
5849,4405
6146,318
5340,5369
6123,3273
4444,2531
6150,5913
5264,3862
4936,3720
7293,2675
6019,2771
5538,4216
4501,1827
6306,2405
3486,5000
6232,7708
7103,719
2380,7559
5800,2309
4020,5109
4112,1430
1838,1386
7081,6798
4063,2323
759,4516
7665,3073
7782,461
1117,3526
6681,5343
7619,3835
402,7013
2447,2308
157,6279
4883,25
6798,1067
457,6013
4550,73
7110,4879
1935,6734
7750,7996
6374,7524
5239,1927
2213,341
7293,2151
294,4615
1362,242
4828,5297
6794,5013
1511,3670
3637,6547
7134,1306
4229,2545
4797,7423
803,4879
3227,1642
3600,7080
90,388
5857,7305
3029,2903
4541,2520
6710,4775
1553,1978
7365,15
3042,5752
1991,604
6443,2703
6623,6569
3418,2706
224,1287
5370,4686
1193,3951
611,3705
3685,6795
2584,1586
3371,6316
7040,3209
2827,3023
2991,7526
4965,298
4215,7384
1956,1003
662,2513
7654,7836
3284,33
2988,917
2990,1107
1907,7012
3345,7337
7250,1903
7086,921
5090,4766
2928,109
2526,1728
2287,7980
5925,4800
7992,3335
3542,5885
4140,5935
7500,824
7406,7153
870,5209
4008,3255
5234,2664
5636,6957
3525,2471
3743,151
870,3166
3078,34
5293,4111
7478,5385
6133,2151
738,1525
162,1431
6478,1509
7178,7031
6730,1042
545,1544
1863,645
3822,1795
2132,3029
6343,6224
4828,5934
4603,1000
2072,3105
7883,5561
6439,1179
7484,7094
7546,5219
3455,6740
5216,5832
5961,3464
6433,4861
6139,6070
186,7612
7023,7099
705,738
7149,3185
3897,4503
2807,7854
5410,1325
4059,6374
956,7577
1354,4500
4211,3256
923,6906
1304,6478
773,5129
6930,2938
3034,964
5919,5641
517,4563
5865,2284
564,5425
5285,2887
4964,7579
1804,5853
6526,3808
305,1933
883,5941
4079,3400
52,756
5783,7396
7424,6476
4970,5757
6557,521
1950,2980
358,5371
2518,4485
4282,957
453,607
1359,1103
6306,150
6555,2166
4819,7558
464,5521
6329,4321
6642,3353
4604,1815
2080,4158
5049,7971
1080,7386
7385,339
7333,3943
6376,4575
4763,2899
1651,3441
3104,707
5130,1302
2504,7830
7905,2914
7308,6103
3095,1917
4886,2329
4904,4885
6760,86
92,4164
1553,5393
621,4879
1835,3851
2588,6648
1921,994
7629,6229
6071,4220
2007,2014
2361,3645
1884,5435
7116,7858
3570,6221
1954,656
1310,6295
7446,6672
5814,5128
5809,1174
223,3624
2068,2159
1968,7168
1699,7054
1253,4299
7554,1468
6079,3277
1436,1614
6862,6646
6173,1882
7323,2849
616,1573
118,5987
3893,635
1069,7325
3503,1364
6958,459
7411,2619
6023,4697
632,2009
3881,1682
3507,4642
6964,7157
3357,4661
1836,1947
1643,2796
6565,6220
5991,5419
5388,1786
1035,1276
7425,194
7135,3580
7666,3980
1842,2707
2309,5378
5375,370
7348,6664
7645,1862
3500,6308
5461,1890
4891,5835
6714,4583
6158,1191
4733,957
1728,6629
4810,6834
727,3128
1356,104
5577,7737
2738,7928
5304,7715
2206,4584
4266,7274
79,4294
1105,1644
5567,1609
2218,455
5594,4211
9,2067
1613,40
4252,1098
6432,5822
5226,4937
4907,586
3800,7845
3908,4757
2172,994
1437,3729
6215,4590
409,4071
7092,3682
1160,42
5015,1666
3874,84
1507,2228
7942,2626
1856,4967
7056,1187
2426,2618
4985,953
6733,6379
5578,794
4691,5691
527,2396
301,7491
7217,4916
24,6300
7094,2567
5056,4821
5053,7244
7359,2438
5974,7929
1492,3587
911,2462
2619,4948
5902,6781
4989,3489
2507,2408
2925,1646
2158,4822
213,2950
1824,7696
6982,5098
7449,38
5930,3398
463,2175
7247,7011
2391,3887
6606,1260
499,2070
2128,3666
771,4990
1340,4275
4796,2711
6887,4101
6414,6166
7959,5223
1089,6112
7701,6030
6023,5458
5359,2227
5733,3169
7150,7983
5286,7716
4719,5062
7278,2869
2081,7571
6111,5606
487,4638
1757,813
3628,4132
5594,3790
3194,5765
3888,7126
3224,6926
7215,7095
7013,1754
5248,3141
5578,1935
1433,3537
4881,3339
2594,2131
3559,5720
5736,4293
6420,4882
6273,4778
2568,1420
7025,4814
1254,325
2029,5801
839,6463
5455,4929
4738,7529
2938,5054
6326,6695
586,6414
4741,5312
4721,3148
4014,6307
7241,6626
5641,2617
4269,4156
5076,6804
6752,1174
3830,7676
4,2674
215,2584
170,4493
7431,3597
2732,4406
3032,6506
6035,4599
3848,3244
1775,3261
5406,6954
4223,5084
6365,2142
7328,4322
465,3989
3248,6512
1495,6534
1046,3454
5826,3515
4841,336
6884,5303
666,248
3664,7365
7471,6948
3779,1905
2846,3204
5302,5768
680,2463
2002,3536
7962,6163
6527,3718
5298,745
3667,213
6746,1005
382,6682
367,2466
3667,4335
3870,1103
4578,2211
7663,5822
7549,4947
1976,6009
3112,7584
1099,6721
3678,6361
628,6667
7654,6332
6416,6394
4845,3219
4018,5027
1031,3020
2287,1466
7747,7632
2209,4496
44,1835
4680,2613
3265,5036
4111,4540
5604,4257
4259,6623
6918,3296
7070,5807
5710,5417
2884,6951
1222,4754
1980,5765
1151,4648
3492,4325
5844,6426
3567,4753
940,6206
418,6858
7986,4639
1578,2812
5953,6984
831,903
1864,7629
3731,2998
7740,976
6533,2853
3380,4537
576,3634
6223,2837
3981,689
5643,3534
7933,1759
6548,106
1032,1869
706,1409
2574,6933
4215,109
565,948
7585,3442
4021,2566
1436,7925
156,6182
6728,2557
1566,1902
78,5541
7535,7139
4115,4977
1568,5412
3979,7702
6333,267
3161,1840
5634,7408
602,3714
4715,1510
4464,1380
4730,6994
4647,5402
7186,426
693,4765
7339,984
6267,1547
4611,536
882,2652
3244,136
6568,3754
164,1050
6751,2115
1351,7911
7371,2247
7818,3196
7476,3537
6395,5746
7048,7586
585,425
7785,2758
226,1688
1383,1396
1213,5784
6459,277
2717,306
5001,5991
626,3265
7547,2241
1503,454
3159,3676
4080,7438
1952,933
6660,150
7162,7174
4814,1514
7251,5669
6531,5290
5743,4797
7248,307
664,2456
3548,5671
6072,3938
6738,591
745,1973
1494,2865
1631,2549
7792,82
4590,4556
7470,1006
1595,1446
3135,3999
4286,4364
4993,2561
3615,1251
7338,3895
1347,1189
6724,2112
2388,6012
2298,6465
586,3515
1768,6356
7309,7420
5739,7154
7949,3829
2500,2867
1509,4623
1180,1587
1728,2980
7298,635
7177,2078
2519,2618
5457,2137
3971,5689
2940,509
1918,2958
7924,2572
239,4961
7320,3136
6979,3348
659,127
3523,6062
7972,5589
3632,6232
2651,6430
1323,5079
6920,1786
3566,2074
5661,7060
7974,2366
7587,4191
372,4656
5860,566
4601,4693
7965,3213
3539,4472
5843,6383
7346,4931
2821,3357
1891,4461
4756,341
3915,6948
255,3737
4654,1653
2102,2377
7078,7703
4797,7401
2555,767
7452,2293
7009,833
379,4072
2744,371
1572,6252
3253,3091
5789,3280
7630,2411
6438,630
7751,3863
3611,5193
241,2621
6455,6571
2588,4325
2277,6404
2481,738
7400,3669
350,1729
3472,4996
3327,7462
7676,2504
4484,5665
3769,5504
4073,6041
5167,1094
5318,7814
7055,4875
572,4315
108,1357
851,4688
4820,680
6521,4321
165,6812
2750,2065
2702,3776
6673,3761
3467,3022
3151,6133
6558,5811
54,7575
1262,3698
5557,4150
7505,1848
2698,4193
686,3722
7582,1613
5736,5976
1792,7632
4620,2183
2420,293
7093,3705
5256,6397
4899,4514
1070,948
6860,5124
93,1990
1875,4842
2760,4026
6639,6581
4791,3805
4151,7448
7840,7579
519,7472
4298,226
7438,2630
6449,469
5850,6068
3133,599
2018,6289
7284,271
1718,4103
4014,1028
7225,7098
142,2210
2202,5162
1737,3667
1116,4140
7203,1888
2010,7970
4776,301
6853,2694
7916,2701
6412,4863
483,3364
5500,636
4090,6451
3313,1826
6478,7916
4995,3784
275,3741
1133,7039
5542,6115
2541,3383
2390,3331
6594,4096
3219,594
7174,7935
5679,5187
3355,1058
7148,3570
1335,6954
3541,862
7146,1268
654,1443
4831,4941
3877,5935
5748,1666
6065,4206
4419,7259
2975,4957
6113,5607
2254,1208
2434,4604
2437,4919
2198,7663
6620,746
6186,2401
1508,4034
6585,2545
696,2314
7851,572
4828,1084
1588,3059
2966,2277
5527,265
5752,214
5267,5145
3920,2636
7111,6773
2424,2288
2130,5935
4059,6654
7318,3655
3936,2553
3082,4431
4250,4751
101,2772
3163,3673
7008,2225
6913,7989
5838,4446
2444,2989
5887,221
1673,1870
1627,7730
231,2836
5620,824
5723,1852
2132,1234
3595,3392
4329,3797
7233,1839
1180,5260
6837,3892
4683,1127
6672,4131
4485,3461
5887,7182
2693,1861
5365,2683
1605,7568
266,1455
834,5288
7221,7389
5135,2847
7313,3549
1709,3892
2876,836
302,868
492,4697
1277,6908
1600,7531
1571,4828
1814,5805
7970,3901
7094,7916
3708,5632
3333,6767
557,3796
2637,3657
172,4734
372,4296
7187,6377
29,4511
6554,4110
6935,6634
1693,5621
6104,7967
5707,1664
6573,4651
7872,4536
3963,2165
205,6700
5372,3836
5995,7692
7150,1210
3335,2904
5568,4769
7232,5676
1447,2027
6494,45
945,1873
3669,2269
5492,3997
6902,5544
6161,7295
7464,4608
3109,6559
645,3123
7123,7326
5332,3137
140,63
4087,4394
1987,1903
5851,2953
570,5667
258,1469
1142,7014
7884,3729
2612,3238
3138,6566
4901,2871
1676,1518
538,7682
3642,2588
1237,2463
340,5927
5904,6551
5963,4862
1369,1761
5813,5480
3430,6478
3451,7691
3241,4476
976,4887
1001,3849
3689,6647
1468,4810
2945,484
4334,7945
3711,5653
7454,3882
6005,3729
6492,6458
3290,4112
3767,2695
3177,4779
6018,7651
6907,2008
3547,5599
4063,4609
6117,2974
3731,5137
5577,2345
5256,7901
4825,2281
3934,4579
6674,1989
1738,421
3801,5342
6461,795
2660,7511
7544,454
4645,2204
2153,5045
3899,2032
2427,4952
2562,2404
2950,3500
506,5389
6699,3160
973,439
1302,1737
3543,3576
4804,3981
1501,7494
2086,3158
1010,1024
7127,3609
971,6241
2643,7312
4634,7381
3779,5717
5963,7422
4783,1762
407,784
1422,605
699,5058
3266,5378
6890,236
4387,5185
3295,4592
6913,2141
7476,2135
7038,5440
2132,2021
1324,1152
1200,208
3715,913
1536,5978
1637,4834
5034,6345
7707,6745
19,286
2455,4523
2128,5951
5787,2723
7044,7657
3059,7477
588,6235
5222,6053
6083,2887
7953,6093
6730,7978
3139,1685
4945,7391
6869,5561
7418,7267
4023,6786
3052,270
908,7187
7487,6904
4942,1694
1713,3321
2963,253
7671,3854
7411,2412
1668,4941
6879,2632
4725,4319
391,7296
2900,3388
2136,1164
75,5268
5785,5194
4667,1589
3687,5735
6959,2724
6644,894
4475,5694
1693,7580
1342,1739
2637,2957
838,1025
4722,1413
6110,5458
7592,2599
2381,1545
3011,2700
5865,2346
3395,4430
2012,1893
2845,3466
1728,6700
6409,2693
7619,1749
479,6780
4823,4100
4883,60
6025,4905
7878,7464
6088,1424
3436,760
7320,5560
2265,76
3176,3456
7517,3663
1736,4476
5300,5774
6251,5556
2537,4833
1460,1728
5104,1040
2550,2083
2064,5325
6805,555
5650,3819
2355,2914
6893,3081
4041,623
6589,3777
5778,1266
3227,7159
6467,1013
2006,1932
1176,2943
2084,5261
1088,6723
3376,2177
4385,7620
7335,3156
6675,3340
6569,6347
4282,3124
4904,5628
1102,7550
7138,7871
6954,4697
2984,3626
1236,1091
946,7036
3166,1152
2847,2291
5139,1239
1953,4973
3912,23
58,7920
1931,476
41,4007
3969,4768
4110,701
5595,5160
4722,7590
2792,2576
7506,5159
512,590
3845,7823
228,5727
7715,1032
613,6995
7409,949
2760,7027
4308,4100
5081,6437
317,3886
2905,2152
4363,3893
2074,3680
3791,371
7481,5908
4562,7082
6077,360
3272,1139
5339,110
346,2923
5637,400
237,3903
2943,6288
6742,4668
3544,5340
1365,2099
2025,6467
5547,1352
4436,5966
325,7823
3625,5951
3259,7638
552,6371
2683,5358
6852,3681
1725,2343
3102,6357
950,640
2667,3792
865,1488
1650,2017
3896,3849
7522,6951
5274,7773
2401,2668
3223,3985
1803,5924
4319,6812
1180,1530
1542,6928
5182,7849
3902,6157
6525,2289
1315,5228
5680,613
3437,2349
7082,163
889,1505
1513,2957
6927,1624
6577,7198
4789,7993
6307,1750
2397,1043
2475,1697
667,5275
568,883
1915,486
7212,7393
4927,6956
6588,6460
4340,281
4496,1684
2877,5393
1793,3566
7580,5670
6377,7641
2273,2487
3454,943
6499,1687
3237,6610
5819,2351
243,3453
2911,7349
24,5866
4309,7776
6569,4956
191,3298
4651,3407
1088,5397
3592,7564
7847,4757
3290,3955
6660,6666
3177,3082
4854,1875
7673,5037
6218,6725
2541,1226
6854,3796
5273,5195
4742,1740
2374,1922
2591,6657
6615,6125
3768,1339
725,3205
3367,5322
7096,4256
7502,1441
3389,2134
5620,2820
7480,6324
3616,984
4824,3276
652,4948
3437,1264
4394,246
4408,6194
3019,2018
6826,4027
3003,7749
6923,472
1446,473
5758,502
1346,4280
1773,3180
221,5795
1250,932
7952,1442
1891,1924
742,6650
2064,4992
5158,3980
3865,1470
3666,714
4339,5652
7338,6655
7133,5210
5752,5504
5809,4827
1596,1887
4261,5577
680,5109
808,3192
3009,586
7321,5350
3819,7561
7667,655
3878,1089
6057,709
852,2468
5197,5975
4921,639
6323,7596
3111,7100
5452,5940
6341,6092
841,777
464,5738
6047,5381
6413,3104
2197,2877
7214,4187
4075,7250
2889,6389
357,1256
1600,817
6518,5273
4165,875
2920,2747
1681,7799
2740,2337
3716,1642
5937,7605
873,7722
3575,706
6530,3722
2038,7951
2333,7603
4961,4737
4639,6103
7414,2142
4255,6966
2606,4806
1845,1402
4178,1292
977,4481
824,1461
3676,4662
205,5966
7823,1904
5686,4086
3017,959
1833,4151
6040,5935
7748,4750
3270,6213
7134,6862
2602,2110
2881,3595
3573,2628
4340,691
5505,2493
5779,7228
2105,5630
6654,7817
5894,7143
3614,770
3816,1975
3294,2635
3455,7016
2756,1279
5347,6176
2745,5592
654,2170
1493,5425
7786,6076
7051,7937
6272,3874
7750,1849
5920,7359
5314,6895
649,7007
468,4277
427,2676
790,5322
3574,5142
3729,6478
3528,7445
6367,4337
7861,7505
3919,6396
6708,4190
2127,2630
6979,3225
6387,117
764,1322
7219,2035
3686,1233
7361,4256
5378,5215
7171,1016
6574,7497
4605,925
1373,2179
501,6109
752,3391
4472,5464
4496,5585
6289,182
6200,2722
684,907
5751,69
2110,3342
6901,5590
7103,7775
2637,6529
3296,4096
4864,1604
2850,4894
5351,5766
6220,1946
680,2577
3717,7916
5536,2766
1077,5413
5398,16
6284,286
4080,5191
7287,6701
7788,3566
3645,2400
6883,2050
1887,5547
7453,6097
3697,3067
1163,7903
4363,6940
6364,1526
6354,1471
811,2657
1017,6786
6809,7012
3199,1997
1791,1364
5442,95
98,333
5531,3582
6995,6939
5577,2617
396,3775
1781,1453
708,45
7859,2724
6951,1216
3216,2320
3959,2449
2292,7951
720,7961
2829,1146
1350,7779
5407,3286
5712,1702
5472,6355
6706,3747
2685,4487
4038,3131
6353,512
3692,2003
6631,5095
2907,5635
4290,1710
4359,1439
7874,1486
3875,1891
1419,6456
2536,6360
5266,4471
4568,5294
7844,3026
1938,4939
3627,5681
5245,4172
2041,2938
3360,2676
2171,1505
5172,4666
2588,3860
2200,4441
6413,5996
1896,1657
5935,3723
4318,7783
907,7209
1257,1853
6125,2978
5526,2207
4641,7446
4712,2956
1448,4307
5728,1155
7495,1386
6149,1741
4682,7655
1415,2233
2004,3850
5618,7520
830,1381
6507,1172
7020,3788
6098,3575
7028,3063
2740,3556
6090,5678
7588,5173
7353,3699
7997,7395
6204,686
563,7130
1995,2333
2311,415
250,6770
1204,5897
6856,5491
1952,5490
5222,7510
3524,1879
3885,7583
4558,900
4118,524
5518,1850
567,7807
657,3875
4357,2459
4621,5184
678,2193
2049,7763
5957,3603
31,1540
3795,2486
2606,7064
7387,7907
2450,6141
7986,5811
4056,4466
7265,7839
408,1244
5426,4193
3640,310
3001,2047
3037,6206
1141,4573
7211,6479
2243,4031
7682,4532
1321,7083
5174,6306
4077,4081
7296,43
5130,6601
680,3331
3617,2830
4020,5777
4504,2160
2734,5355
5349,6107
5719,3406
4797,4013
7618,5555
6447,7619
2940,3989
3108,761
5621,3650
5186,8
1913,3747
5601,7762
1207,18
3513,5252
429,7791
522,2650
2363,5230
2755,1966
7216,4
6217,6221
3469,4411
1271,3112
3369,2765
98,2549
7843,5984
1440,3102
5296,214
5944,2529
1044,2726
1351,7828
4508,1135
2329,2497
4734,7143
663,4521
3992,6479
7003,1313
6357,6792
6985,6662
2716,6091
6625,1794
2717,6178
2429,6292
5195,3987
2462,4268
95,6061
6496,5724
2513,5445
2478,7867
3884,3127
6259,5611
6255,5275
1581,2868
3969,471
2570,4239
5337,710
7434,7111
5957,7324
3838,2491
590,5986
4403,5587
7914,3714
2568,4795
1811,1419
4848,754
5009,7744
6197,2893
1813,6082
2320,2337
7835,4828
7376,1693
132,2720
577,1381
7203,801
7301,1407
1946,4520
1612,6472
983,3035
7368,679
5042,53
2248,7132
5828,392
2699,243
3683,6906
5204,2462
2810,6523
2341,2933
6881,4388
2241,2785
1188,447
100,6193
2095,6556
4039,7290
838,5145
3269,1227
7123,7057
691,5987
7714,5081
570,5930
3816,5378
5173,6983
1786,7898
5321,3194
912,1607
7437,1140
428,7140
7488,2472
4112,765
2185,2777
1657,4835
3882,7718
2398,3028
3468,938
7579,4596
4742,3744
7644,2926
5716,4435
1115,5781
5162,5202
1575,1693
3561,3673
6580,4303
444,5227
1570,5067
3218,4513
3628,5176
1229,6958
416,33
1416,895
2923,1456
83,5157
3910,2397
4044,6507
6737,4127
1199,2173
1170,6572
4799,3546
2727,5717
3131,145
5281,6628
4221,738
5572,1802
375,4816
6590,1368
5911,2150
3478,2603
2099,6139
5683,4506
5001,4945
1218,1355
4281,642
6306,6011
2458,61
2285,363
1560,3782
3488,3720
7261,431
2666,7182
6551,7612
7794,7501
569,4255
4163,6668
2716,3036
7858,2549
3994,7832
601,6991
3728,796
4837,276
2063,953
1812,5782
3684,2929
3069,4091
4881,7512
1859,219
4269,4146
7224,6703
5425,655
7626,5520
1880,4515
6054,7897
1971,7019
7002,5559
7466,7066
4779,1428
6870,1229
2586,4681
2236,6722
6813,2098
3857,1082
143,6032
1875,7139
1262,890
1538,7245
6319,1069
1753,4813
1862,1146
1139,5610
5798,6301
4870,4849
5540,5800
3476,951
3277,3969
5103,610
5609,306
1245,7283
6053,6859
3413,4314
1993,5524
7224,6027
3312,3740
5884,1068
3717,5738
7082,5954
6348,2542
6429,4571
3896,2416
1875,4072
405,7993
1520,2035
1043,3156
2977,7611
5801,5843
6514,5607
3494,929
5893,3984
7431,5790
2042,6086
4656,6973
617,7258
372,445
6898,676
6443,2341
4383,6320
3535,1153
3542,3107
5576,6777
825,1927
2976,7827
7877,3164
5132,4806
1334,2363
4237,5392
6009,324
1675,1971
6296,1005
1502,7700
1346,6997
7049,7574
4451,7149
1031,2345
1540,3954
6315,759
4767,2979
4333,2425
592,2945
5970,7619
6397,2100
1516,368
640,3679
361,6497
2716,852
6562,2488
7503,5031
3796,6046
5529,1290
6880,1736
7310,1292
424,6913
633,177
2163,782
3072,6365
5233,1980
7190,5162
5,988
5706,515
1881,7889
7215,5947
6577,1163
354,5782
2238,5164
2147,7926
4907,1886
4725,822
6887,5842
1973,3977
7377,6441
3696,2895
1134,2903
1353,6882
488,7804
5642,4838
2735,4433
1242,6048
5171,1119
7938,4696
600,961
5662,3322
6531,572
1464,6265
153,5477
4714,4889
6158,7973
3103,1377
4072,256
7237,3442
4092,1597
1325,1141
1593,6069
6980,6529
2039,1160
7409,5292
1521,3060
3401,381
5071,4820
1724,3622
7180,2534
115,3826
7900,4704
5185,3440
1021,4652
5950,3830
1176,6865
1902,6587
6,2972
5439,1136
3620,4297
4727,4863
2454,3000
4815,377
3951,1649
2816,4301
6268,5451
4211,3367
7326,4860
4655,4665
3160,5486
1919,2880
7351,6270
707,7355
3776,5662
2020,235
7115,4033
7685,6677
4758,901
3158,3279
5112,2213
1564,3031
7534,2582
594,5286
6106,3054
3306,201
4633,2595
6081,2171
1170,1445
6384,1346
112,6913
5058,5856
3549,458
6615,7974
5521,935
3134,7474
1422,4768
7524,7990
3751,5416
7649,6139
5215,4350
1153,2754
3809,3077
5265,4779
893,4879
7753,3377
7571,6929
6248,4977
882,169
5873,4428
1273,3637
6569,726
4053,4028
4407,4901
7141,4657
690,6963
1543,4792
7315,2802
5509,902
197,7722
1448,6726
3649,3931
1983,7137
2855,2768
3881,4802
4029,3991
839,7430
5214,3740
4619,2932
4993,7391
2947,7069
916,6725
1883,5321
3517,7308
2292,5228
4439,4481
6358,62
5750,7951
2548,369
315,4241
2090,5063
5401,5867
1479,7660
6644,7566
4374,1857
7684,363
5294,4587
4687,3062
2864,2470
4830,1911
3716,7404
6894,5700
7029,4267
3419,6810
395,1393
7216,5096
6306,2613
297,1657
7357,4020
5760,5917
4542,6390
3745,7775
1026,5496
453,5664
3990,6974
5059,5213
1322,6463
5806,1909
2906,7160
7309,2374
2087,6953
3469,684
799,1655
4242,6255
1453,2279
5087,3561
4823,7236
6549,3550
4753,4781
5421,4145
3211,6327
886,7440
6414,2738
7699,1185
4425,1450
6457,6823
1995,7003
6442,3044
5747,187
1931,4632
3734,1766
5349,1183
675,1298
7622,6345
37,3712
3409,7831
4468,2999
3214,2378
1688,4429
2703,4915
6164,6895
5466,1655
949,5331
6346,1019
5080,3123
3403,775
5028,3750
799,5791
3685,1250
6640,6527
6686,2070
6673,3220
1057,326
3311,4643
3347,1923
3680,4326
1399,1958
3861,2877
1331,4029
2665,435
2715,4611
4251,3651
1345,7197
1704,7521
2744,2376
6249,1198
7886,5345
1097,3391
709,711
630,7472
6643,4366
4689,2610
5666,6410
3821,7209
7670,825
7270,3798
4112,3178
6466,3781
5961,4298
5895,363
4204,3556
4264,243
7203,4713
3392,6717
5050,2742
6385,6440
2105,5110
7850,6339
3912,6441
4381,2297
1182,3351
5172,6983
7945,4165
3446,5552
6474,5672
879,1656
391,7601
5779,446
766,410
3520,3773
1775,1621
1951,1871
94,3618
1137,1486
6312,1130
896,2567
2681,5537
1761,6378
1447,4912
1228,504
7397,1721
1428,3897
6647,2560
6546,6694
3154,5341
7050,2603
2845,1815
1516,7730
1945,2896
1637,5775
6913,7311
1841,3173
2806,7897
6772,4449
1869,2685
5134,6500
4005,4446
4581,758
3883,6705
6111,7755
5320,1689
5078,4878
3477,4943
5243,1121
4895,4119
2136,4463
116,3117
5263,3572
7569,3040
3912,3228
310,1643
2244,5041
7815,5362
422,7286
2250,5194
3019,3655
314,1008
6264,2176
253,6131
5236,2682
7785,2076
355,1244
881,5220
4312,5797
6578,6616
1562,1491
5925,5255
1752,4162
6381,7032
1253,4467
7485,7541
1158,3793
3865,6500
3650,412
3703,5494
6513,4627
1070,1040
581,2405
3370,5859
4697,2849
3050,7840
3046,1471
4393,1369
961,2673
3394,4043
3689,4424
765,4983
1048,3551
91,7438
6043,7854
2450,2912
7696,50
5879,6373
2555,947
4917,5599
2732,220
5949,6842
1786,6215
51,6833
7894,5939
150,3780
7349,4637
7482,3560
2399,1554
3419,5929
5067,5321
518,7161
2228,1090
2744,600
5083,5046
4831,4347
2117,2690
2806,515
680,3592
2083,2718
4051,5847
7543,3900
7330,4168
5725,7230
6956,1232
7980,2914
324,778
785,7177
3485,4479
6378,6570
2718,7670
7705,7021
4019,2660
2486,2845
5200,344
7018,1747
4427,6185
1384,5206
6492,5446
6779,1415
1021,7342
1997,7311
4706,1075
5741,5728
6347,4288
1877,6019
1022,625
2872,2670
589,7183
2384,4303
347,1742
7567,4678
3153,2293
2562,3581
2191,7665
5232,1490
937,2505
6361,5376
7120,5718
3725,1533
7999,7356
4605,2499
7382,7195
5429,5461
3032,2346
1823,4379
5973,4391
4628,6006
4921,2223
2618,7610
1111,330
3473,5823
7555,822
6457,7375
115,1674
1372,522
3653,897
2000,3080
1285,7893
4286,6402
5112,6541
5811,3409
5915,7639
5467,3834
3146,5663
6808,7358
7876,529
3289,2181
4211,5144
1390,3439
520,5534
3925,583
268,4497
3928,5671
6470,6129
1591,7848
2983,3416
6199,6091
5444,6553
7077,2560
5051,1382
6704,806
2514,956
2137,4884
3019,4375
3278,1500
3437,4404
6139,2748
4275,2004
7621,6735
572,4205
3429,2049
3058,3034
416,781
6814,323
3655,1235
7181,7597
7003,876
1558,5880
5922,7784
4045,6301
1634,1484
1207,2308
2409,6450
6849,7743
6161,4536
4966,7306
1402,3173
890,2992
1081,283
6201,5163
712,6092
5333,5356
2734,5032
6857,7822
5040,4152
82,4306
4082,4161
1648,3447
4583,3030
798,2257
6302,6889
4171,3800
3989,1034
5179,1013
4266,5025
3831,1100
4612,3096
3658,70
7455,2307
63,520
5708,4136
2580,5343
430,1664
4464,4834
7127,6611
6306,5786
6501,4333
3901,3197
3216,6747
680,6741
203,7105
7438,121
4483,559
1475,2214
2681,2655
5677,1807
7039,7442
6496,1439
3593,2729
4782,6825
261,3571
6172,4992
5227,3508
5203,1105
4607,1862
4531,3319
5448,99
4037,757
3293,2129
4462,5775
3229,6369
7624,1750
5825,6166
5673,5631
6680,5307
985,5897
3944,1087
6407,5579
1339,7732
6613,1715
3186,4488
304,5069
7576,6375
1027,2608
4895,7968
6729,1937
7043,2021
2158,5737
3252,7427
534,2637
3111,6318
7710,931
7799,658
3607,7116
5409,5501
5425,2593
5247,4492
2985,4929
4529,5907
3391,3254
6885,85
3155,7648
6245,384
478,5601
7119,4988
5552,6399
7096,5465
4161,5497
6563,4331
6583,2901
2624,7205
4662,3004
5323,6084
4430,4142
5659,6706
2870,6470
2667,1619
2025,669
2773,7532
3447,2124
5573,1205
5654,5000
6160,4416
4184,6835
1934,2200
2889,5971
6080,5656
1023,350
5810,4610
3432,2371
5876,2753
6980,6324
5626,7470
5516,2776
2689,7246
5321,2076
475,5274
347,2181
5310,1788
3055,3189
885,5861
7243,6089
6723,568
7451,6128
6446,7743
4093,5840
7931,1691
6658,6056
2446,2789
4390,5690
2981,4135
4435,1549
3794,1785
6472,6750
2485,5172
891,817
5441,7906
4847,4561
3668,1406
1864,6587
2994,6517
5271,1909
7895,6847
4560,5918
5530,2094
7527,3960
6238,7833
1180,2652
5532,4080
7916,7038
2272,468
13,648
633,5055
5704,6878
4294,3168
980,1130
3075,2593
6469,5754
5118,1953
5903,488
5728,3185
2195,3939
796,4538
4660,154
3764,3947
1370,3441
2684,3249
1145,6876
5042,6773
4697,3222
1628,6164
7076,7891
20,7085
7550,4869
89,2421
6425,4397
167,879
3748,4389
4265,6297
5143,6454
5054,7579
7260,4760
2454,411
6448,3663
2192,7782
6696,6542
4447,6918
2620,5476
47,5356
3831,1180
3380,526
5495,4097
3834,6724
7190,1936
6342,2063
4951,7738
4980,3080
2809,5422
215,1265
4616,1549
4420,6512
2005,7093
319,3297
4186,6691
1680,3064
6541,4204
2268,3837
4440,5557
5952,2359
7342,6826
2559,2578
2477,2856
1378,4358
4569,7465
577,7112
2300,4370
7998,3381
5870,7556
415,1027
554,1198
4572,3661
1116,991
4684,1585
2453,2183
3125,4040
2209,2914
6428,4398
1344,5608
5133,7548
6116,1928
4843,3130
3512,2066
6681,3851
3853,6819
6467,4333
3175,3420
2324,3886
2432,7941
3594,1729
3857,5814
5534,7559
7595,6812
2968,2091
3998,1850
6829,7479
3447,2897
2851,4805
1629,7617
5456,7735
3958,2843
3070,7729
1365,1211
3493,2510
6797,4232
4333,6205
5519,5127
4490,816
5383,1658
5373,7490
2900,6545
1435,6716
2916,7403
5636,4287
87,18
6021,4389
5878,2184
5384,6664
3887,1177
7702,5097
1254,3116
5107,571
1994,2645
1417,4824
7994,3458
1790,2604
2904,1137
2780,6591
4922,1054
4052,2232
6335,4807
425,7247
5398,2730
3557,2786
3735,1298
5346,3137
6048,2278
6781,3371
1209,560
6295,4421
2460,2286
2873,4593
4455,7121
5158,1326
378,1961
85,3142
5313,3579
3232,88
5018,54
132,5533
7685,7897
516,823
4373,2348
2640,7643
659,1231
2885,3207
6031,4340
478,769
5257,4251
2482,5337
229,4317
3386,2108
4897,4606
1832,6548
1660,7793
2575,3799
7679,2441
146,2086
3061,108
5783,698
3693,1858
4653,5189
4628,5175
6863,491
6989,4593
2163,2287
6306,1762
3018,448
6216,1597
6491,3514
6579,3300
2192,3667
6838,3552
6954,538
2077,6073
6188,1063
185,2091
3842,5153
3695,5411
3019,2019
7801,2196
656,5138
1597,3015
2785,4469
4633,7687
5619,580
3379,5104
105,765
5336,437
4519,2637
5996,2264
6012,2099
82,6244
7291,5794
81,1397
2662,3688
5133,1187
6806,7245
2719,413
7642,6303
2472,2310
4138,5229
2879,90
1639,2979
3326,3483
5415,5425
3071,4677
5421,1411
7065,7598
5651,1162
6067,5821
6630,4494
7006,4383
2029,4273
893,732
6300,2893
93,4710
5504,4634
3566,3300
6643,586
1912,6471
6896,4272
3377,1602
694,4715
5370,1561
6606,7183
3597,6246
3516,7023
5280,3303
3552,6932
3442,1444
4252,1979
5993,2054
7855,203
1537,5562
4956,4386
2182,2026
2099,2528
661,4818
4390,1367
4511,787
4376,1576
2165,1141
7411,7468
1042,2564
2944,4554
5224,6633
4138,7639
2446,432
4930,4515
155,6757
7982,122
276,5124
5122,569
2560,4220
4377,6087
6408,3743
2888,5808
6951,4213
848,4290
5577,1378
69,864
5588,4717
3361,7487
2844,6801
3404,2473
3807,7229
102,1609
573,2844
5553,2912
3601,3071
868,7984
1606,1058
866,2322
816,1398
1053,6459
6340,5132
262,4825
6351,990
2310,1041
4450,3310
4219,7169
2547,5701
2323,2727
7915,6336
6416,4576
1897,7955
2961,6081
4180,6423
4644,4686
1260,389
5064,6561
2331,2206
6096,7610
7499,7160
7346,5208
3680,4159
7334,7126
2595,2357
450,4054
2133,3983
4242,6109
1640,3638
569,2206
7136,431
4155,7551
3677,7710
1846,1189
4002,2286
4273,6056
6452,4110
225,2128
4558,5457
1043,6445
3789,547
5823,1388
5141,1539
1945,7128
5939,6515
1666,1352
5869,1055
2059,67
3971,1676
615,5065
4422,181
2150,3512
7297,7670
6902,604
6353,5318
828,4789
7637,6812
1418,6171
1169,7677
4888,7471
1727,5255
7581,5582
2478,6992
7397,2467
3051,3974
7965,2886
7182,5236
5600,5447
1665,3391
61,5867
3544,1598
2947,4417
7619,3824
5161,5071
3343,4050
704,7051
1852,7728
3301,6164
6335,4284
6224,7372
299,3921
7170,493
4433,3327
947,1734
4222,648
5394,5073
7923,3208
1939,5603
4332,819
4276,4913
6176,3690
7281,6335
5088,2766
103,6846
2814,3425
6825,401
3368,1226
5675,6816
6728,7300
423,4672
3912,4652
475,4835
7443,1225
5484,5788
721,780
3695,7156
3302,565
4105,3410
7833,1921
165,7378
5691,1689
561,5563
1723,1981
7891,1942
4764,3843
3565,4902
3206,5698
7135,2779
549,5615
5159,3008
1795,6659
1498,3389
7166,4702
3075,3732
5955,7811
5711,7888
3841,2755
1161,6144
1500,6556
6238,6832
2322,3978
4555,3975
7600,733
3344,2664
3693,6927
2808,1532
836,4334
6155,3893
1337,4278
4840,5602
2298,5853
4745,5460
4616,6285
587,3364
7111,4279
2822,3987
442,5122
5915,1503
7336,7000
3836,1155
5151,7810
5792,1263
7453,3322
334,1015
6597,3566
7376,3510
3289,1127
7255,5242
1203,1828
2201,3509
2621,5639
3527,934
5588,2328
6195,7268
6564,5131
3473,4897
7292,3039
7121,5843
7153,5670
2678,6759
3533,680
4167,6214
5795,2101
3801,1705
3138,4211
4385,6988
2264,2447
3013,4673
6419,4538
5551,2061
3630,7533
2216,2415
2343,4018
3208,7205
5983,554
6164,1906
6916,6234
4299,2948
4125,4182
6028,5591
7550,7072
6717,2626
2280,660
3336,6749
2332,1457
1381,1051
3268,6744
2590,5995
7139,1382
5266,859
7148,7650
7741,4315
2460,5334
7720,7694
4622,2113
801,2193
6558,1307
1872,1260
7033,510
3004,2980
3162,6675
404,2141
664,7693
933,6055
4437,3239
2155,7056
260,2395
896,7184
909,5836
1833,3856
4148,7841
7148,5609
4432,2942
7635,5501
193,1998
399,2352
2368,3733
3220,7814
1191,6671
4057,1666
4863,155
7586,4879
6368,4789
3135,3574
1624,3032
2539,737
1578,4124
1996,1608
7203,7177
7762,6552
1257,7146
6420,525
2801,5022
2485,7020
2245,2756
3648,4368
5847,7624
7113,4935
3490,3496
888,3765
2077,7302
1714,6251
687,1446
4139,2417
5622,6350
5818,5072
5307,7656
1408,3858
4202,7844
3005,6423
836,3016
2081,138
2328,4258
4914,1506
2229,6682
7366,4371
3677,6086
6579,3269
2785,4460
451,5943
1647,3659
5479,3972
5326,1251
5077,2065
7898,5599
7817,80
4502,3294
2378,4969
3479,7388
6100,3443
6368,5578
4088,6173
2032,4355
6736,6713
5596,4201
1735,2752
4852,2687
3683,6535
871,3235
3285,6971
2697,1757
2588,4093
2528,1895
6001,7588
7772,3376
1736,2193
2439,6242
4527,5019
2797,4396
4509,1145
2340,1140
5700,6281
6510,1138
6487,3464
6027,6796
63,7614
1798,767
6502,5021
6524,980
5310,377
3963,7513
3647,6025
6204,6586
7885,7249
5575,3240
2992,1258
6892,3516
3199,6791
30,5497
445,6483
7447,2365
5655,7978
5530,7627
2880,3318
3248,5771
3444,1661
1787,7970
2406,5106
3694,6787
3245,94
6046,6495
4544,6163
2612,2017
2713,6583
4573,4287
2988,5947
6608,3444
4661,7830
1686,685
6800,4909
2827,1726
151,7016
5378,6413
4381,1466
1556,6987
2256,1016
1939,1611
3820,4565
3697,385
5792,7968
7169,7445
965,6762
3852,2494
4412,1270
1764,546
2248,6976
2373,3153
269,5582
3469,2498
2206,80
530,2169
4177,6621
4889,1915
7459,6279
2451,2327
7306,1778
7769,2425
6569,337
7714,7227
6044,4373
2824,5977
6606,5423
7354,2143
2744,7633
6831,507
3356,2436
4501,2253
2475,7164
721,1418
6953,5693
4356,2559
1166,6200
3938,46
1090,7550
4732,1456
4567,6286
2402,6606
2639,3068
1404,7540
3870,4762
4915,7462
1141,1941
1436,1073
1282,3728
7647,3426
5195,4876
7504,4773
4496,6034
6000,6176
4916,5423
4465,5379
3109,3110
3813,5948
832,5309
2984,5056
7695,3842
2577,41
6272,7219
958,7564
7353,4089
7166,443
3263,7528
1565,4000
3812,6593
3498,4769
975,7968
3533,7125
2440,612
6945,2643
7381,6379
1555,2291
2669,86
4147,7236
1110,2488
3163,4487
5945,287
4958,6807
2725,6522
5565,790
6488,3434
1975,1504
5348,5581
2651,1705
1520,3483
31,705
7014,7821
494,7467
7355,7420
6776,1821
6291,1196
5265,6097
3633,4092
1908,6606
3877,5972
1382,2512
786,2678
7307,6937
3653,6606
1212,3761
755,4662
1080,6017
1922,4649
7198,44
5742,385
6099,4462
6973,91
4828,1443
7294,6843
4688,1695
506,5057
864,123
7411,2111
6823,583
2963,261
1173,5938
2120,1552
7589,5255
888,599
3912,3066
1279,5425
3509,7200
1745,6811
1756,5257
5960,3477
3753,485
3121,6211
1583,4797
1783,2869
1600,904
2174,2068
1404,7777
4735,6126
3734,2509
3284,4302
1717,3247
6748,407
4713,814
1217,618
4553,3763
4176,4743
444,6561
6377,2385
1523,4313
4955,2733
3302,1447
6489,1979
3936,7642
2410,7595
2735,2266
2513,6350
2817,4629
6466,2657
3336,3847
5057,1905
302,7515
6921,321
5939,6812
7265,4877
2085,2331
1801,4050
2178,1281
3070,2625
4249,2614
295,5197
5470,6340
3962,7636
6229,4103
7200,2911
6586,3993
2538,7477
1094,5919
965,5926
1244,7760
7253,5244
56,6168
5638,1305
4179,201
1691,3823
4104,7208
5014,1381
5711,5627
2633,7102
4780,1666
3454,7634
3257,7389
529,5517
3766,7345
4495,6744
7377,2946
6520,5037
6968,5552
443,2338
7507,5311
5269,3429
3490,6092
3461,1012
7709,6593
5958,1212
5650,6132
5503,4401
5182,585
2982,2949
7655,636
2375,2147
6164,5638
2996,3344
2050,7902
4341,5701
383,4369
4789,4060
4449,5423
131,1589
5406,4539
2431,7131
4623,5473
2640,1943
6464,3811
3825,3033
3422,657
6925,7697
6574,1177
3725,6138
2857,7899
5983,887
7407,6969
1940,2615
3667,3672
4958,2799
6165,289
4763,2704
6136,5280
728,3911
2430,2364
1966,56
5968,3192
2877,5004
5687,3775
5196,5703
3244,6578
4662,6107
5464,6337
5188,6115
2563,7972
3169,5077
1339,7841
6413,2216
7497,4866
6655,6990
344,7235
2888,7413
437,6234
4630,3631
5422,3604
4795,4633
3147,4283
5262,472
6176,6787
6041,3280
7860,327
4968,4882
823,1224
704,1771
5653,2028
4201,6598
7443,7234
2018,3707
4962,4278
1726,506
5997,740
5395,6054
4059,2360
7022,6140
4474,478
1211,5804
7492,4836
7492,6362
1126,1037
411,5807
2825,3501
6950,3085
6974,6544
1059,2031
4855,2588
180,7341
1238,147
4507,6012
1401,7672
4581,7196
647,159
5611,7213
768,285
2588,6094
7597,908
1955,7011
3414,5442
48,6490
6262,4473
2616,3585
7716,1800
6436,1051
914,2118
3200,6079
6517,4426
926,7520
6126,3568
7024,6957
1171,3589
1483,7489
2469,3090
1848,7104
5549,4490
869,4310
985,5879
522,373
1319,1810
7184,7036
6841,7602
6996,4828
7017,7706
2805,6868
6890,5568
1102,4107
6798,6924
5989,6182
3535,5579
6150,7614
1597,6957
4828,1180
2886,7322
5318,4645
3279,3987
6250,2607
4378,3119
292,6758
7495,3967
5358,1184
4291,2300
4638,5234
6198,4061
2998,3353
5707,2877
1399,4157
4448,7545
3057,7164
661,251
3940,2317
7035,6569
513,1590
218,3608
4243,1392
3947,1173
194,5964
1071,4700
7667,3221
5291,4998
680,3939
3203,2006
2731,577
175,3063
5237,7881
1204,7278
2103,600
5572,4330
7831,7656
3474,717
2492,1597
7499,4310
4360,5070
1476,6910
5877,4202
5047,2601
1756,4083
3470,4344
4122,892
3449,586
5417,7079
624,5883
6465,1286
1358,6652
1912,118
5355,5005
5329,4285
4788,6796
5731,1694
5436,5332
7485,6354
3806,2353
6712,3605
854,432
681,2033
3240,227
7438,1113
1261,1363
795,7303
4979,6690
5243,3032
7686,7275
4174,2815
2179,558
3107,3995
2531,6189
7909,1818
2552,7486
5064,3499
7468,5647
3581,5068
6606,970
6170,5983
3847,1420
6136,3812
4580,246
2866,5026
4099,6227
3445,1878
4574,769
3179,231
7280,1030
4863,6584
7380,2346
5074,4145
4940,3693
1822,733
309,4009
2691,3303
7419,5156
2212,179
1546,2932
6519,6414
919,5697
4569,4496
2221,932
1360,183
2920,5755
1712,6520
58,7398
6636,1858
1929,7379
4735,6310
493,1049
4924,10
7578,1193
873,6167
2472,7358
1666,6560
1021,6861
622,1837
3174,5854
1678,1379
3210,6976
6403,2001
4413,2720
7434,722
1478,5504
3657,3233
7059,1222
2879,7896
955,4577
5066,7590
5199,7264
1603,5788
2033,1328
4127,4246
6468,845
641,589
6339,7218
1357,5125
1622,5657
6987,3114
4834,4083
6930,1220
2719,793
2542,1735
