4896,5311
817,2294
7285,1237
4183,4070
7477,6152
4365,3047
6883,5756
2136,1087
6211,7508
4085,4485
4278,7736
4941,2778
265,4662
5732,215
7684,7773
863,5715
3031,7666
1990,3895
4564,424
4225,1826
613,3289
1238,2697
4132,3767
7605,6500
1548,1714
2639,5875
4952,7532
6296,4209
7651,2406
1951,7909
3356,4299
5082,4735
7568,7099
1473,738
480,6992
3224,240
2897,1949
3406,5203
6846,7684
3046,6097
7293,3447
2426,6001
5632,5996
6261,1119
2353,2850
6829,6289
4295,3003
2070,2325
4920,7990
2709,1492
1424,178
2002,7530
441,5413
7625,4352
4861,7042
5794,7044
7580,2466
511,3089
7564,3661
3217,494
6272,2801
74,6900
3599,4397
3034,1407
4787,445
4004,7639
1107,1843
116,3303
4350,2877
5113,6455
3525,6669
6984,5109
2963,3501
4204,4240
139,2418
3254,7575
3283,1406
4383,3792
5062,5522
7115,7366
6073,5467
2424,4294
7601,4216
6377,3279
1275,2861
6229,7246
7463,5528
5984,6397
1620,2087
687,5878
5816,5839
7901,3539
6139,4835
2463,179
2630,5408
826,1739
3623,5596
1080,7610
2846,3915
5187,2057
6412,4294
2877,529
6154,4427
3247,1557
1588,5528
3095,7988
1044,4502
2744,1403
4404,4291
5311,3429
1535,4452
236,4074
1801,6270
742,6771
6845,7844
3520,6944
1879,7134
6487,3995
6092,5398
1816,2445
595,7779
5794,3534
3804,1267
5090,2100
3103,6113
4888,300
5148,7694
1133,5732
2831,5757
2299,2998
6078,1066
3663,2653
2043,4570
5290,5925
6558,7668
38,3812
971,4918
1820,1491
610,5842
695,6838
3519,2633
2158,3805
5178,5112
89,3427
4590,4568
2509,5018
3711,4455
863,3736
6416,742
6987,1238
323,3879
2480,6165
3920,4112
892,3539
5121,4747
3080,84
6570,4770
2464,695
2189,1059
4990,7979
6500,2148
2151,3042
4017,1591
5276,985
2095,3863
2870,2975
6125,7564
4745,7828
1859,7077
365,2431
4925,7309
76,6413
5691,5931
1662,5052
7105,3047
771,4279
6763,2014
5471,7854
7933,6352
2774,1184
1561,1178
3587,5839
6420,5262
2003,4076
954,7733
5732,4169
3497,1262
7601,6430
3723,700
4396,4578
4217,7338
3524,3601
5310,2888
6934,6334
6454,6320
5764,6032
1755,3521
7299,4279
164,4178
1920,5040
3808,5827
1077,2797
2966,525
1396,1235
6130,3154
2453,2136
250,7444
5732,3269
3842,5503
7875,1475
6497,4388
6921,6772
7171,2585
6372,3062
5966,4106
5520,4119
2374,788
2525,4479
7922,7069
7917,449
3419,7406
3471,2401
6820,7180
2008,5355
5467,3459
5732,7638
5783,5467
6974,931
7793,6480
1723,4372
5543,1833
3819,1229
3112,7730
4495,1095
2586,4382
1061,5258
3500,1216
4172,8
7492,6218
1625,7437
6776,5980
336,287
1273,3473
2456,7534
2856,5182
2046,7008
7540,322
6254,7916
6677,2562
1257,3889
4548,7034
5649,5361
4509,5132
4524,7822
2860,3113
7334,5502
731,6619
896,5598
7595,6609
5820,1814
482,3727
3107,5137
7354,6405
317,6592
3193,6417
5480,308
521,5445
487,7950
2056,7817
6224,7904
3114,1637
4004,689
11,1461
3597,5326
4102,2224
3227,4666
814,3113
6148,7584
6357,4749
4335,5151
2791,4869
258,6777
6908,4906
6440,3725
4038,1629
193,6497
6174,3777
1669,7629
7368,5324
4165,6809
6709,6436
4616,6852
7650,6155
7679,3276
926,6933
6274,5123
3972,5013
756,72
5369,3770
5650,6630
7173,4325
777,174
4093,5883
2255,6146
6757,2838
6227,4233
6421,7291
6104,346
6774,6772
5467,1942
108,3309
987,1627
6683,7060
2118,6540
7376,7199
4101,1208
7249,5906
4720,824
3036,5907
7901,3113
5862,6958
7175,812
4449,4649
733,5140
1220,7468
851,6015
3520,4344
2354,2431
7577,3986
5224,4981
7308,3750
2654,7219
7811,7320
4493,6486
7764,7300
4183,4332
1251,5924
7954,642
1215,1610
7872,6772
3849,7258
6531,3646
5473,3723
6835,3188
3895,1715
3738,1168
5999,1343
6931,3726
6164,3072
193,2300
5644,2547
4777,7492
1006,3109
7924,907
51,2767
6098,6229
3709,5328
3856,5513
4749,99
7595,3158
4122,2812
5732,4357
2858,3710
1505,5946
3712,129
3312,951
4680,6852
7062,4091
1432,2742
1413,4239
4385,1392
607,4665
3713,2843
4042,3198
4821,2458
7656,1148
556,2531
1060,4865
6644,5585
7845,3504
2817,550
4308,6446
215,4486
6387,3847
465,2428
138,4320
4834,1461
6655,3282
6032,5130
1888,7553
3322,5669
7239,7601
870,3604
4994,2864
7035,3521
5158,2154
804,3535
4206,7086
3459,7873
7789,1803
186,6290
6954,2226
6156,2277
474,5877
5830,6171
5388,6304
6903,7440
1846,7868
4604,7335
7938,5952
4691,2697
4467,7547
7088,5745
6976,7007
3836,5250
3881,3850
1729,1210
582,7615
3934,1150
3117,1292
3594,4451
6049,2207
2605,504
2706,7608
1409,2548
292,7310
1036,6830
1406,3376
5280,3052
77,1628
2254,6075
6928,7429
1063,6571
7622,4169
428,6967
2241,7476
4149,2425
7437,5279
5447,6224
2989,2011
2109,3687
6043,2274
629,288
3539,191
294,3869
700,6301
1495,1999
2442,3866
2442,3648
1773,3586
2138,915
508,5341
1324,5096
6712,2221
7696,3832
5804,909
6605,1318
6578,3138
1738,5980
7043,5209
7270,4073
4618,4909
3660,3259
3643,4983
7805,3806
5266,1854
7860,1875
6703,3912
7010,368
4447,5972
627,5732
5810,4625
4003,1494
2647,7531
5262,4974
3914,4955
4099,6068
6853,4746
2518,7994
7113,4676
4831,6592
6677,5777
4653,3141
5167,731
581,1109
2927,4762
5944,3299
4411,6920
3542,29
79,4111
4830,7127
1352,3122
1394,5932
5329,6186
7227,2364
6582,4381
2964,3022
1945,761
5343,2955
3625,2210
7777,624
5135,4752
7468,23
3198,7564
1921,4637
4859,2014
539,2889
5508,7587
6043,1159
4817,6072
3834,266
1237,1933
5425,3096
1177,831
3235,5467
997,729
1589,7053
4890,6384
6985,1058
4648,3014
5178,4709
5732,505
2088,5247
7230,6068
5246,2323
5483,3779
2491,4461
7783,6237
1252,1911
2142,4591
2729,7055
6409,2165
3092,6237
6532,6148
4280,2265
6131,612
3945,6528
1970,2692
2921,4912
1417,4647
7533,1314
6226,5334
5783,5528
1134,6860
5732,2709
7547,2912
4723,4228
2769,5945
7826,7020
2638,2911
5302,135
4211,6142
2802,176
3065,5797
3172,5605
5477,1193
706,4115
5117,7991
4669,94
3815,1455
4441,1040
4790,4373
1818,7334
4453,7405
7208,186
684,6057
5467,7673
4633,3438
1796,7446
1828,1834
7845,5439
1806,774
3669,1282
7761,257
4343,3274
2162,2338
5995,3570
4535,7300
6072,3352
6689,234
1734,4005
6860,7584
3136,995
2131,7445
7494,6601
6955,352
2919,4500
3009,3534
621,4773
4183,6907
6825,923
4542,4976
5642,5467
6122,2529
3459,4167
5362,4838
409,5732
6314,4878
6443,3970
4803,5832
6772,4273
4280,93
4207,1277
7749,2925
7717,1861
1806,4448
5454,7109
2141,7076
2202,3526
3062,7648
1539,7234
747,3307
7609,4721
111,1710
795,1543
1377,4599
6971,2898
3618,999
5749,6608
6598,7708
6158,7623
5997,7932
2524,6801
2498,660
3026,4009
4059,3263
7872,4151
7550,6527
44,2757
2888,6578
4937,2
3104,6095
3391,6504
4363,2937
4786,4725
2402,7893
5804,640
2895,5672
4690,2624
4977,5532
223,2297
373,5581
5466,3547
3064,743
2873,6502
2777,1726
4905,38
3736,227
3816,7166
3484,1323
6285,3158
4898,636
1520,6736
4785,1895
948,7196
2510,6844
5895,2449
2543,4092
5,2813
2000,5537
5429,6361
4834,5528
623,2876
5971,2330
3973,6546
2764,1462
4984,3333
2834,2437
1539,878
5755,1028
1136,7967
3093,1176
2435,1130
4515,1837
3164,4612
3440,2719
3085,1142
6464,7939
1782,6825
5634,6313
217,5635
3582,6300
580,2709
7013,3725
4287,7239
5336,2864
4251,7296
1714,5732
5035,2100
345,2347
437,3099
6318,3132
4156,1619
7394,7560
5463,2315
4137,518
903,2688
591,1009
5245,6602
4877,6155
537,3268
2969,2513
1297,1195
4022,4550
5546,812
33,2866
5347,7895
1644,2803
6237,2590
3174,4428
929,4717
6629,5637
6584,1919
5653,6005
5853,312
3237,3547
1051,2135
7600,2718
2691,1363
6787,7449
4870,771
7273,3399
1108,1558
7035,1311
2331,3283
6567,887
5467,5188
2908,2049
7525,228
2427,258
1082,197
419,6358
1179,1427
4118,726
6006,2450
4664,3691
5831,3451
7426,6344
7510,7348
735,2826
2503,5679
2885,7564
2208,5936
5032,6489
2877,7932
2877,3312
4221,5732
3182,1587
5599,623
1445,6232
6216,7386
6640,2726
6063,5641
6848,6119
1681,1472
2699,6554
619,2827
1826,4824
6122,3915
329,59
1448,1536
3128,1539
6971,2973
6666,2472
6555,6070
7142,5
5801,3274
6881,6873
3845,1985
5331,2335
1672,7955
6853,4524
4377,7172
663,1457
7331,3258
6960,5653
133,79
4703,5386
1669,2679
7310,6096
2881,349
2620,5907
5110,4336
3176,7891
7703,6119
5323,445
4004,3000
1438,6694
6057,7283
4126,3907
188,4067
7380,7843
2444,855
5374,95
944,7433
2945,2988
832,318
6944,4662
3070,2617
6662,1927
5123,6028
7004,3594
674,3512
5952,454
6100,4426
7368,82
6836,4807
5923,784
5473,1002
4730,623
7948,3431
6311,5924
3759,1638
6874,1488
2057,287
2258,7346
503,2377
5172,7273
1749,1470
5483,4346
1502,996
3113,5005
5023,1746
7660,4257
3650,6493
7184,7683
7239,252
2824,1158
1099,2731
10,995
6633,1680
2122,4183
2825,1726
1073,51
7905,5655
3504,6742
406,6806
4263,2255
2110,4855
560,3658
5441,1546
6259,1664
7391,1366
1338,3125
3032,2421
6410,4183
1615,1301
3002,2892
605,5703
3425,6847
5893,4741
6200,7231
2604,4234
4126,3950
5653,6090
930,6277
1246,2862
246,4324
5357,3229
7186,1686
6197,2869
5639,7738
7978,5296
5623,4621
4406,841
5991,6719
3338,7261
5000,404
5228,4933
6487,7734
7931,239
3952,4756
7286,360
5601,6094
6650,1646
5892,985
1216,2939
7172,461
1904,2420
6958,3672
59,3070
6623,6127
1148,7861
1643,4424
2877,3166
861,5678
3196,3690
3705,450
1721,2765
4849,7765
7124,623
5528,1243
6906,3342
7567,4844
7736,4288
4124,7336
1433,6607
5528,4527
3647,7197
715,2068
2297,4292
1065,1442
6599,4514
3079,2907
4575,1605
3822,5192
3609,5
3239,2316
3954,6145
7722,4054
1532,4963
523,7697
1915,1286
3894,7679
2891,2502
7654,2252
3388,709
6408,5402
4440,343
727,1809
6086,6915
2357,3968
812,5802
5235,5024
290,3861
119,3160
422,7388
4214,6155
1354,6837
5866,5679
95,6662
2998,526
7050,7402
1333,3087
4313,5613
7841,4792
4763,2250
6994,5470
7477,3054
156,5024
1843,1076
7247,4361
2174,5619
4476,430
5631,1550
896,2759
3999,2352
5994,1621
5459,705
3977,3519
1300,6123
7390,1416
3792,7396
3292,913
1776,2656
707,3539
2695,3749
796,3711
4121,1924
2602,3185
1812,972
6521,3126
3990,6622
3963,2096
3240,5467
2820,165
2114,7475
4919,6828
5326,1222
5022,7391
4463,4457
3618,6919
868,2028
6133,7466
7045,4350
3951,4443
374,7309
6859,3921
7470,6565
6118,6323
3017,7552
4981,7464
3245,4368
203,7661
7967,61
7135,2000
7752,1947
6850,4061
7392,7361
3062,7528
5911,2938
731,4152
5132,7087
3826,4248
2872,5904
3539,3280
1135,552
3167,4558
4840,3391
7012,6745
752,6069
6157,1852
6680,5696
3369,3883
3844,6492
3620,6482
5899,5159
845,4501
1168,5318
5284,7172
7732,593
7649,4134
3573,2324
6737,6284
6772,1107
7621,3341
7724,3481
742,3339
6437,309
3016,7696
0,2350
1140,1415
3860,2431
367,391
3539,7655
779,4110
656,6546
4151,1844
3929,1900
2604,3962
2985,6233
520,359
664,6237
6566,3668
2143,7354
5172,2560
7298,978
7263,763
6591,5747
4907,4822
7550,2204
3884,5121
134,1576
3919,260
5239,6195
4408,3739
4324,1728
7822,292
1105,51
1761,1231
862,1106
6048,6479
5489,3208
4434,5192
7527,3330
7488,1762
4823,39
5103,5797
1003,745
2507,785
5395,1357
6485,5506
2875,7194
6353,3504
6751,2309
6612,2957
3389,7232
1648,5100
443,6131
6741,6177
118,5354
2318,5867
29,3676
6333,1795
5408,4066
5111,5959
4131,5452
4304,3482
4176,2917
6945,472
3919,3458
4171,4328
599,2276
6343,3632
4113,6575
4056,2565
680,1448
4737,1611
3695,932
724,1029
6287,3957
6435,571
7484,3695
2309,6833
979,3081
1811,3957
2758,482
2271,5134
860,6691
7520,2003
3703,3740
7798,1414
2006,731
6702,1860
7776,6118
7591,7018
7548,6411
5530,6513
4886,3789
1906,6087
6291,1868
4346,1079
3357,6330
3707,3905
5696,875
2839,4779
5915,6780
1968,5815
4620,2168
258,3811
7834,1765
6763,364
7367,3020
1512,7455
1898,4933
2145,7152
1676,3863
4927,6548
2956,3513
5429,2964
4748,5757
2331,4513
7238,4768
792,37
3999,2166
2877,4945
1169,5467
774,4981
5045,6532
1644,2533
4697,4462
7377,1894
1624,5782
3278,1219
1482,5616
2000,7713
3841,1540
1493,5219
252,3081
3571,3348
622,4547
4325,1630
6255,2431
866,3546
6308,7632
933,5208
2784,6412
4915,4231
5312,2080
4126,6422
4503,6339
4923,224
2088,7658
5237,3448
1916,5208
4786,6943
7126,5485
4922,3689
2279,6599
2546,782
5545,666
7477,5500
38,6276
1385,5506
3857,986
7790,4667
1331,7408
2338,3783
6839,7575
852,631
4341,326
3547,1873
1012,3640
1975,5528
24,1772
5031,3628
4919,2066
739,911
5308,4978
7837,6237
675,5037
3316,3146
805,2997
4715,5628
645,2259
3567,3051
177,2431
3331,754
7431,2659
6688,321
5294,6131
6150,5519
6977,1270
4402,3655
6494,5322
3518,1865
1169,1821
3733,6022
7385,4944
7631,3003
6155,2195
6129,5016
2535,7491
6972,6016
7986,4131
2400,7587
5470,62
6690,7918
326,920
1369,2943
6363,4837
3932,2097
4176,3685
1846,5734
1805,3537
3902,1698
5630,6844
6373,832
5844,241
4068,3025
5358,5176
5723,7161
4520,6113
121,1537
6913,362
142,6164
7224,3504
7121,533
6349,5101
3953,2082
2994,7516
5683,4444
2382,757
6350,7199
2534,914
3904,5850
7604,5365
5648,2326
4902,4359
1951,1324
4362,2515
2089,7539
5741,5421
5919,7059
3734,1812
6389,4879
1914,2283
5261,208
7211,2752
4893,5636
2720,3068
6188,3509
2067,1201
5,49
4340,7190
3339,4420
1406,1067
1807,5680
1020,5365
7583,4504
7124,5275
6398,2596
7707,7436
5634,1954
1421,3262
4820,982
853,1401
7407,3812
2417,2212
5534,2056
5159,741
575,307
7925,6269
6164,6687
7023,6396
1383,1801
5370,7896
3988,7904
6400,4768
709,5998
3487,2578
789,1102
2904,7451
1674,7952
6111,2628
5467,6733
4434,1155
7158,5457
6373,7261
913,6620
194,5439
7592,2782
2565,3595
4405,4000
5688,7024
96,1730
2058,4126
481,434
1086,4115
356,4568
4699,2229
2365,2761
7192,4392
731,2852
4926,1641
7971,4906
3380,5907
5605,2375
58,1715
4466,6858
3308,5487
4651,3573
4309,2485
3492,5789
4895,1544
4810,4727
1574,1708
7902,6894
4819,3147
5680,1459
3979,3994
4485,2371
4845,934
1808,564
1139,1281
2223,4365
2962,7013
1398,1625
264,7305
5293,970
328,4084
532,5966
582,2492
4697,6393
5467,2990
6676,2413
6967,516
64,7378
7385,5732
3843,5355
2094,2453
1252,6037
1497,2041
7826,5020
124,2265
6620,2013
2968,797
6847,7083
749,2261
1825,2387
4650,4219
959,3570
1284,6278
2022,5513
2371,1018
5987,6727
2960,4235
2735,3835
67,6637
6232,6222
2288,4139
1,448
5944,6959
3390,464
6671,7697
5138,3545
1205,7759
655,4613
6017,4822
3038,2115
157,5007
3722,4108
5861,4241
3199,1782
5732,1966
1572,2558
3399,1201
985,2055
411,649
5700,262
4517,4477
5025,1005
498,6302
1274,3358
7297,3757
6460,636
4914,1404
3628,1719
4542,7389
6993,2748
6159,2178
6895,1777
7783,2313
6408,131
3109,550
4824,7053
5895,7337
2002,61
7388,5422
6030,1241
7367,2565
425,5614
1463,5800
2491,2784
2689,1890
2263,5534
3611,7497
4800,3048
7959,878
75,4104
7351,7706
2946,4794
2504,3459
3994,2343
2823,6117
4810,5546
1114,2729
4422,1137
3547,1397
6679,4726
1614,4992
6743,818
3831,7369
1895,748
3530,7652
2431,1950
4899,1155
5978,3461
1352,2500
6952,6776
6761,3068
5988,4500
640,1824
171,310
4371,1125
4085,5327
2154,5834
6536,6145
1109,3539
1333,12
7905,2662
3956,1528
6834,5142
4265,3539
7901,6202
6498,4242
1464,2410
5013,3692
1282,718
3593,7573
3993,1765
4420,7069
6889,5336
924,3917
1847,940
860,6256
6807,7566
1737,7967
370,2078
3026,6129
389,5087
291,1157
1051,802
533,2809
7122,281
4126,3449
5750,4935
7599,3117
787,7175
1953,4143
6542,3539
1912,7432
2800,6144
5900,3091
3791,4062
423,627
725,810
7807,4132
872,7427
6131,7219
7804,4911
2191,1884
55,4299
4838,2452
7941,4548
272,7189
2915,2194
2910,5042
5069,2105
2600,5882
1482,3373
7818,7738
7373,4973
5190,1754
2060,6380
6844,3515
5403,1091
6517,4522
5970,4831
7423,4873
4881,6723
3294,3186
5970,5481
6615,5559
2542,3182
6844,5732
1052,5662
6854,2941
5852,1115
7790,5316
7077,4526
5089,4607
6393,2709
7210,3599
1422,2685
4886,3933
3796,1228
7593,4032
1467,6060
5191,453
1855,4491
3529,4984
1763,2707
5102,1221
5344,2922
4510,2631
5549,1204
7553,7678
3767,695
2773,82
1692,1294
361,2967
6811,2482
2576,1642
6575,2401
5580,1380
4022,4102
3326,2626
6852,6365
1007,2871
4201,5531
4511,1155
4327,1686
1157,7504
7562,3644
3588,4718
2561,6866
92,3000
4095,5124
4604,963
3046,3377
3353,1427
4546,7036
3863,4916
3896,6473
125,3858
235,321
4548,4179
1876,6847
1091,190
625,4701
4775,2816
6103,1617
3494,2164
5687,580
4736,1711
5688,407
5945,7667
6272,2985
6411,497
6720,3512
6417,5415
7862,2993
5956,960
7412,7056
2583,2010
2393,7307
2431,5952
6283,1883
399,341
712,5875
3318,3740
7478,4758
6401,893
7969,3134
7147,4917
2311,2874
534,5134
3334,1728
4332,1972
5314,7072
784,649
4972,860
4938,4522
1474,3764
653,6634
6851,2508
5812,6015
1395,4736
5554,149
3457,6270
414,7343
5238,6457
2431,3003
1555,1763
2859,4646
3012,1354
4176,2550
1598,5907
2981,536
4671,167
6363,7542
1033,3238
1223,5240
3072,2238
6472,3406
6170,4151
882,256
5653,1210
5719,2715
947,691
330,2121
5618,3455
2252,759
1199,6763
4832,1030
2886,2823
4053,516
3339,4665
6235,5283
528,1874
2543,4008
2701,6093
7919,2598
2438,956
3285,1117
1911,6294
2903,2651
261,7209
2578,6129
2060,1603
3057,5433
2280,4566
7061,1801
301,5479
4240,7899
5135,7961
7903,1121
7930,4103
5969,1864
182,5987
3135,6395
5255,1084
1724,4913
1116,6774
2593,7314
366,6865
7243,3435
477,7760
2717,6657
5967,634
6772,7617
7918,7788
1185,4012
7436,5424
4608,2612
7256,4339
3033,704
5270,7529
7939,6784
7389,7045
4688,6379
4244,2627
1678,7821
4808,7289
5037,597
7025,6469
904,2539
7012,3287
3686,4521
4578,1754
4757,1533
6023,4014
7027,4161
2503,2772
4071,5691
2478,7601
3002,5721
7578,39
7880,992
6653,3954
1629,188
6468,2193
5023,3457
1304,4748
5010,2567
209,4505
3962,5261
646,2877
7062,759
7326,6813
3655,6341
2477,7172
2721,3129
6505,4736
4811,2309
1600,5760
4722,6758
1126,478
623,5661
1078,462
3788,7727
5975,567
1812,1740
5369,5213
3694,7719
4550,2822
2159,837
2836,5305
6423,2306
5624,2419
1378,2977
4199,5073
1247,2551
5427,6039
4079,5170
4395,4483
2357,3122
7852,7330
3876,4798
12,2520
2270,3608
2991,1965
7215,4342
4439,6809
1943,2554
4958,6465
5609,1860
6240,2850
5149,7597
722,4998
2113,5241
5276,5981
7612,2101
7606,3992
3270,1449
2732,2311
7048,5709
5908,1846
623,1543
3035,7151
6154,6282
3532,7109
2431,7037
6969,5858
4658,6380
1509,7849
6549,7557
2005,4300
1292,6748
6165,850
3669,5133
527,3637
355,7787
2562,4607
2295,7695
5117,2304
6691,1479
2131,2725
1097,1688
3357,1958
4549,7785
2711,1278
7328,617
1741,6995
3481,4812
7382,522
4970,4154
129,5248
2566,5560
4126,6735
5024,3644
2362,3643
2785,6879
7563,5136
3894,5888
4473,7440
6876,6291
2780,1300
4968,808
3291,5467
585,6065
5269,2788
3796,692
5604,7302
7088,7858
4431,5688
1268,2299
4837,671
1330,2877
1848,1796
202,6322
7166,1272
4901,6307
3528,2061
5171,4083
6490,6870
7912,7816
1092,4955
5401,661
4668,6199
4502,3272
953,6669
4686,4447
1581,486
5292,553
7425,4958
713,1413
4087,623
6771,6237
2454,5067
2901,2342
359,413
5732,7157
7759,2853
2216,6490
6975,5366
5205,2028
4942,3342
2082,1810
4709,1315
1919,7103
5092,4692
38,1722
4755,3180
2366,6707
3790,1991
311,623
5437,3130
447,2814
2411,1603
1349,6908
4594,5467
1944,131
6377,4487
1508,6188
941,2792
2526,3693
1990,2633
2862,332
4,1420
2073,3400
6428,3540
2328,1659
4975,7587
1080,3058
7694,3813
4338,4382
3420,3377
1297,4050
7680,1166
6225,1478
5604,2112
3615,1982
793,2106
7747,6455
6474,7796
7005,3665
2907,4910
4721,718
7705,5856
1542,1290
6110,2101
644,5941
1454,4256
6237,3170
4373,7683
4894,980
6380,1858
6538,2104
695,4628
5227,6138
7803,4761
4067,1070
92,6726
3568,5420
2639,6391
2435,6131
7842,2628
4183,2683
2260,6721
2663,3493
799,3897
7909,4123
1812,241
429,3091
4121,5671
2374,678
2863,1595
3159,301
2939,3420
4091,1574
623,4488
4080,5131
7999,1493
2594,4963
4969,59
6832,1817
5401,4807
4497,3814
5305,7143
7926,5095
5639,3875
3520,501
4286,5015
7693,234
1916,2619
5900,6170
6048,420
2097,7500
1194,4283
4995,2591
4398,240
5595,7630
6522,1745
5080,1090
1329,4835
1411,3432
1297,1351
6312,4411
70,1922
6583,5754
6896,879
3790,3137
3745,2926
6632,5297
938,880
3529,1019
4732,3295
1578,495
5292,7182
6977,4961
6151,3700
6444,991
1036,5937
6772,6607
1741,2362
433,4930
5813,5807
7460,5195
7306,5181
2000,2411
2914,1441
2332,2839
476,555
1481,5498
7041,2300
1062,3968
3377,7020
352,2074
7118,2538
662,5078
1803,2424
2381,1523
6857,4804
984,2740
4653,5732
379,3217
5515,132
4095,4500
4816,6638
5553,5682
1189,2873
5985,7677
734,4387
5369,5076
1006,2786
1744,6574
7605,5381
4740,5007
5945,6143
4895,4541
7875,2792
1861,5952
2057,3444
3985,1449
5479,3341
3868,6155
416,1162
5803,3306
3813,2128
3504,6923
6907,1559
5733,4176
673,166
6095,7375
7436,5238
6012,6019
7642,5418
2435,29
3709,3534
5953,6705
3839,3150
5024,579
6858,3560
1478,267
5905,3516
6307,1206
1597,3483
6099,7951
1484,553
5428,1482
6223,7118
4166,4964
6575,3539
9,5989
2812,7944
382,7936
2454,6028
5356,7397
3405,4734
5375,4079
5692,4459
2077,6708
483,7163
1585,4441
5677,5126
7651,3018
579,5014
4788,1296
5653,4410
6404,3181
195,6789
2088,5811
2431,6511
455,6055
5867,4391
3148,1082
5803,1367
2796,6513
7806,7567
6873,2866
2100,5097
2868,4413
6160,5593
1758,7003
6155,383
2508,6429
7453,4932
6354,4640
4414,1403
2360,1501
3202,7511
6659,2721
1302,3531
1548,5719
2347,7068
4790,2370
350,6062
7220,2012
6255,6700
2376,7583
250,4915
5454,2865
73,3604
7167,7885
3309,1530
53,289
3562,987
5373,7664
4600,6765
7232,5005
1380,4725
4027,5259
4815,7902
2226,4814
2613,1713
3206,6657
3668,7664
1463,5960
7791,5620
7371,6920
3066,2972
1480,7766
6237,710
5334,6324
5768,3280
848,5234
4054,5570
229,2544
1834,4541
1303,7398
4188,1176
6696,5077
5599,3351
3493,3948
4410,6030
7838,7467
2090,4626
1329,4935
499,5049
2252,615
3459,6614
5287,904
6920,4072
7322,3831
3480,7348
4185,1188
5442,5228
6131,714
3838,4757
3401,3493
3456,2547
2627,1246
3372,5954
2181,6243
4959,4651
7764,695
541,1371
5158,457
2278,6333
4347,2430
2723,3792
4575,69
921,5409
5405,1772
6725,5578
2970,2259
5660,3890
7729,4188
6863,591
5948,159
3659,7831
5703,332
7433,6215
1308,6856
2815,4436
1081,849
7709,4073
7030,2289
4801,2300
7715,3840
1827,4079
842,342
200,2489
5688,3782
1323,2803
60,6833
586,6174
651,3350
102,6971
2516,7523
5961,5400
5464,1168
7516,5054
787,892
5715,5175
7976,4609
7415,3855
6194,108
4231,398
4763,5162
5477,150
6436,669
3627,3960
4138,1547
1517,5493
2470,6954
5319,4582
4213,3373
1545,1810
5009,2447
7789,98
894,1403
3859,5805
7864,2431
3417,2365
1960,7953
5828,7064
4769,2116
1596,6189
5124,1979
2123,2495
2582,1418
4631,5845
6405,5971
2883,2728
543,263
517,3133
4290,628
7916,5443
241,6026
551,2740
4974,7041
135,4965
3003,2230
2843,4558
6178,2174
5615,4662
2696,1973
7618,3181
7963,1085
6099,4140
7282,5332
5024,6862
608,3345
6941,3051
7102,7167
4201,3053
4525,1271
3339,29
7539,5545
4909,4289
1331,5960
7601,5664
768,1939
1019,555
4305,4367
5247,6210
4253,6971
3932,3013
1284,3104
3522,7667
5197,3634
4336,5528
1882,5697
2759,2501
4847,6728
7579,4089
1564,3384
4200,7348
1128,1550
2736,4599
2940,5446
501,1978
896,117
1983,5588
392,6244
5698,4700
4811,3622
6450,4341
4636,3094
1085,1742
957,7438
101,1048
7205,1030
6164,7251
3427,1039
5607,5528
6183,7144
1482,1416
1852,1491
1044,4052
3833,3578
4952,7731
753,2812
5671,6988
5523,5134
2749,1480
2170,7929
4987,3290
3564,4355
7949,3812
5800,3302
3601,2594
3391,2382
3183,4221
4665,1406
6037,7865
7576,2798
314,103
7391,5963
6579,1503
3161,7564
5707,1260
3365,8
4946,3547
5826,1218
4572,1127
7432,5986
5020,5515
7783,164
723,972
3023,5109
1644,5659
3120,3466
3080,2681
6950,1857
5588,1254
3273,1046
3287,24
2915,7284
5456,821
5610,4903
3955,1978
2148,2972
946,3762
6310,558
2306,7207
2616,834
889,3794
3404,5809
1762,584
6262,221
4416,7496
3755,626
5467,1174
3795,5597
116,119
3726,3439
4095,5728
2752,2486
1346,6380
6109,7385
5823,5387
7743,1404
6552,4957
1376,1690
3532,4738
4798,4432
4987,4586
7192,5644
3429,5017
5461,5079
1561,4660
1703,609
6980,5748
1927,3443
1321,4506
3687,2807
3315,4520
695,1163
3729,6565
2203,1419
3288,5960
668,178
6569,4420
5830,7242
7928,5944
6973,4474
2950,3462
5830,6734
6909,2915
2340,475
1255,2339
7767,7066
4034,6278
1271,708
7551,4095
3056,5946
177,125
3082,3652
6775,6112
4144,1938
687,4274
4407,5512
4302,4610
7965,3506
463,3496
242,5911
1802,6937
5553,5742
7881,2025
15,2977
865,3525
2727,1328
7238,2173
4808,4956
137,5472
3908,6819
4164,6899
5604,2466
1283,1065
1175,4855
4398,4095
770,2112
5142,7277
1327,796
7481,3314
6237,1487
6891,2147
4017,4252
2669,3496
7592,1556
297,6852
5741,7015
3784,2086
2395,260
6508,4774
4218,855
6875,5528
5492,1243
7925,6886
4093,2431
6695,5207
4627,1542
5372,6808
4446,270
4185,858
4620,3508
4280,3504
2432,2333
3145,5693
1965,6828
2008,7048
5758,4484
5600,5821
4030,2952
273,2755
7070,4280
1027,5589
6275,1665
529,5755
2385,1923
7446,7393
1930,5732
3356,2369
6902,5023
3084,6106
7416,5863
2367,3536
6380,4565
2336,6995
6542,1801
4220,2446
5111,2606
7042,7447
4841,7601
2247,574
4792,377
7822,1482
2610,6488
7154,358
3653,4019
3934,3412
7500,3292
5732,3152
2770,1684
7349,3329
5059,2527
5868,5464
7884,6815
6759,7709
4356,885
1952,747
3486,1192
4991,2881
4564,5467
1233,5732
7118,5555
4227,3355
6991,6078
7318,2078
6667,3419
1759,5205
1427,4604
5175,7201
2191,6953
5796,1426
5889,7387
3236,1081
1651,5391
7221,7212
2536,4335
3547,4979
6130,7962
3014,5846
10,7450
5800,1824
1002,6234
1552,4670
6453,2885
2505,1234
6673,7538
1069,4730
4445,4698
3614,1783
7370,1775
6155,7434
6663,5410
4666,840
6339,3922
4106,1889
2407,4421
895,1666
7160,7682
5560,6550
5441,2019
1606,5014
7030,7784
6720,2398
6636,2747
4608,6257
4548,3957
231,2401
5082,3387
2760,1992
1266,1869
21,5004
1506,5697
6632,7538
7728,2015
6359,623
4872,1410
1600,1058
508,923
6607,4845
5441,2891
1809,5730
5023,1030
1675,343
3539,7897
6560,1311
6402,6710
2222,7431
5630,2729
6399,1439
5501,6024
1980,703
1330,2133
2243,5084
146,2233
3045,5550
4591,638
6251,790
6847,1100
7391,5041
1202,7614
6765,6080
5615,2458
2391,2102
5541,1523
1747,4126
3131,6440
623,2116
3870,2097
2645,439
3249,4345
2412,2688
2054,4626
3267,2079
3551,5782
7603,7473
6387,6283
3244,3175
4117,3352
6400,1703
5027,6286
2565,2899
7812,466
7877,5090
6024,2309
4233,5361
4619,2327
1477,6237
1993,489
2811,7986
241,5568
3664,5597
6077,1401
2243,7564
897,1298
5249,6697
2709,3717
5534,7854
6237,3140
2938,5069
6265,4805
227,1213
5166,1242
5913,5177
1491,1312
5916,4226
1583,4146
2758,7347
7525,3186
7086,7799
4868,4925
1239,690
2231,2176
5801,5497
5906,5498
7794,2124
4464,2456
7981,3354
6889,4654
6802,2982
2560,7256
7151,4601
7792,6338
7657,5530
1152,3803
7839,2553
3526,6586
1372,6333
7634,7792
5212,1042
7112,2733
6564,5140
7272,1411
5702,7524
3872,6002
295,5325
899,4641
3946,5041
7225,2686
3931,5229
5242,3075
1412,4882
1660,6506
3909,207
3905,1057
2761,939
6864,2227
5153,5265
2965,5446
7372,6713
3239,5746
7022,2599
7852,7505
2342,4651
6927,6939
4308,2097
2836,3061
6185,7074
6444,668
6263,7019
1369,7417
4250,5344
7558,251
4943,583
4428,25
6915,7073
5542,2664
6453,2263
691,1979
4096,1567
6589,7901
5435,7928
5521,4972
3327,648
2298,2244
5855,2244
5064,4170
5267,4637
2145,4419
7789,4197
4446,7407
7681,3839
2659,1234
5094,3586
3264,4076
468,190
5732,5331
6246,3689
2995,3790
1488,2300
4691,4349
4973,6145
3958,6734
3506,7802
7693,5467
1722,1622
3365,7762
6575,128
278,2588
3392,5739
7967,2048
277,6666
5999,3116
2755,2819
735,4690
3166,7677
645,2391
2924,2108
7610,5157
6586,2477
5825,6131
7326,2310
2718,990
544,1940
7629,6464
364,523
1444,2712
5732,603
6944,6052
5480,2478
7195,7230
6536,5089
3192,6798
2632,590
100,4625
2185,847
5942,720
1116,2422
5855,4225
7204,683
7538,5370
7890,4126
5134,6249
4245,3801
2928,4077
2674,509
7864,6392
6617,6811
7363,4667
5229,6968
3739,2685
4840,3667
5283,534
430,6752
6150,1500
4317,4364
725,6701
986,4540
3213,5264
2775,3481
5991,3435
7458,110
1341,2690
3737,4041
1035,4779
4892,6926
359,6514
3228,6861
258,1428
6940,51
7911,5969
5352,7633
7479,2126
7130,5225
1695,7347
5465,7609
3321,3379
3206,1164
4384,4604
1801,333
142,7612
934,683
4754,442
3598,731
6433,2912
3855,3539
5323,5053
4506,2114
4390,7743
7591,6044
3418,5950
745,6260
7198,2597
4453,7027
2055,2069
3085,702
4383,7945
6247,6305
3402,4402
4334,6797
3416,2821
6516,3310
3812,6056
4863,5723
4692,3978
7477,1526
3544,4457
896,457
2140,3087
6383,943
676,7921
3260,5611
1227,4813
2553,2986
5221,3870
5199,6585
7569,5021
6535,4326
5370,5007
1164,6138
0,1471
7914,1446
4058,6228
5068,4360
229,4247
51,3539
573,3074
4928,6580
6549,7480
5395,304
6783,3467
5951,5736
331,4678
7356,5416
2950,5815
7746,4126
1676,267
2364,1030
7900,181
3394,2535
1075,2513
6901,2665
5939,72
6769,3622
6581,5230
2775,6624
432,5453
4297,5645
6258,2705
4445,4035
1418,7825
4433,5511
3450,3874
4725,6989
6912,5982
3547,7083
6700,1248
510,1519
2920,2000
4847,3681
548,1716
3981,1953
2467,6752
1483,7536
2755,6155
3323,647
3559,3614
623,3039
1306,6507
5743,7914
3309,7442
5071,5019
2467,4529
2072,501
3374,3534
4192,5625
4490,4069
1218,629
3828,3560
5309,1906
6803,643
1400,7463
7879,2175
5292,5774
7421,4532
4677,5295
2634,7483
6471,7802
6736,325
1393,331
4889,6122
7789,3336
7405,2286
7420,3489
320,38
6790,4083
574,6664
1957,1598
3423,6164
623,3257
4010,3918
7003,1526
6305,6925
3548,4477
5788,4245
2675,444
3403,4057
5416,400
3433,3965
1657,7704
2416,3922
470,4141
7154,4890
2276,6685
5359,685
2878,6213
7987,2755
4388,6822
3698,5467
6026,7897
6299,1688
1622,6665
4306,7974
1158,5122
3364,7049
1527,2947
1710,6301
752,1910
7772,2117
3967,2351
3585,2976
837,5683
7791,3853
7158,7750
6191,6254
586,5096
4724,5723
5732,6931
5350,2723
6618,7862
5210,1721
7905,7124
7454,2936
7670,7772
7159,3800
5842,2858
475,4481
7671,6164
3313,5706
1287,7187
4576,4204
818,654
3767,2591
7375,7125
6335,3396
1909,2573
3501,1717
258,1883
2854,2083
4010,3360
7647,258
2753,1076
1532,401
4563,2089
281,2247
6643,30
548,5888
2687,6051
2069,1182
152,4663
3101,2309
7501,1114
4183,5792
2047,566
5470,162
277,4512
7355,1889
490,3708
5823,4082
2009,3626
7161,4040
366,2070
1377,3893
5732,5929
2564,7762
7954,7867
7266,4168
830,4682
1711,187
1041,5827
1609,6325
2572,6824
5427,7399
6496,42
1036,1770
6779,3576
7395,1759
3504,7632
3554,3047
1870,7235
474,153
2041,6902
7029,2180
4739,6466
2423,5796
6463,244
775,4560
4126,2461
5918,7152
2363,4930
4538,734
5370,4942
5237,5369
4482,5467
1507,7324
677,4880
5800,1127
7353,966
3843,3662
613,4881
7460,2830
4775,4366
4039,3367
3407,6309
1696,2164
4503,5325
4417,1365
7124,1654
2728,7296
3028,4579
5406,7138
2487,6571
856,1961
751,4850
7930,2877
4874,1817
4212,2285
3997,5550
3480,2748
1522,4090
3539,5312
587,967
2366,5251
4954,1444
4280,291
611,4238
5093,5382
3976,4957
4269,2599
6060,2895
6692,3301
5473,2771
5944,7133
241,4409
5390,5528
809,3755
1718,1364
2157,6269
4205,191
5286,2241
1016,1840
666,2252
1200,5799
1089,4848
4385,5107
491,2103
7611,4874
7182,7513
3409,4575
623,6585
2931,877
4593,4384
5072,1854
7728,5311
7285,1594
1855,5036
7473,5394
7609,5782
3361,2750
868,731
7170,5829
6233,6294
3601,494
5847,4502
5075,4638
2257,5529
327,6248
6946,6726
100,4370
133,455
6621,5557
6929,5333
4014,6006
7768,3877
2062,4709
5795,4499
3851,3158
5528,7400
7179,5012
6982,3832
3862,1508
1239,6454
4046,621
5355,3202
1677,1282
305,80
2389,4177
695,3233
5337,1683
83,6203
6069,5076
5186,1141
797,1233
7306,2082
6634,3617
952,6382
2597,6554
6004,7999
5732,1322
3609,6862
3742,3836
6271,2787
1230,1751
4827,799
3761,6209
4897,4267
2781,7811
3541,3255
918,2308
5560,4303
4987,6649
6454,6335
1654,1966
1244,677
3539,1656
7787,865
6119,5201
623,2250
6749,1383
7946,3670
2087,4232
7721,2261
2161,6139
7086,5735
5334,5488
4246,7930
5156,2696
773,7313
3510,6644
3510,2902
6000,7992
1034,1673
3785,6287
4691,3569
6191,685
7207,4569
7462,6271
905,5990
2415,916
143,435
6962,2149
1701,6468
1833,984
5952,7588
750,6353
6534,5007
5448,3953
6196,7687
7295,6810
7410,2167
2649,2882
103,7604
5552,6682
753,1812
5085,6921
3678,3528
2512,4996
2820,29
5864,597
5736,4761
6852,4081
1507,7589
639,2036
2710,7261
5781,1361
7116,3653
4606,3801
3438,3155
871,7304
7177,6895
3383,6891
6590,5110
695,4518
820,7362
3064,5769
4186,1655
1835,5330
7216,1084
1707,1424
3938,6435
6164,2125
4500,4575
6647,7147
6802,1939
7350,6678
6904,2589
2334,5928
455,4
2997,945
5301,3659
3125,461
3250,5323
1574,1753
4584,5156
3410,2776
6800,3433
5290,4397
1429,369
3319,2966
607,168
5718,5633
1533,6475
5239,1014
4230,7105
2180,4780
4949,5018
860,4227
4013,623
482,2100
7624,7206
7716,6062
5372,4598
6455,6732
4685,1866
6794,3822
833,2359
3157,506
6821,5339
2320,4581
5816,2373
4826,6816
4007,3588
7464,2790
5200,4240
4713,2097
623,2437
7705,6499
6552,2224
126,4314
2540,4216
2724,545
3682,925
5772,4557
7865,2700
7103,2028
6704,900
1373,6377
2666,5751
4252,498
543,7722
5581,2195
4060,1650
5528,7327
4679,6189
873,6882
325,988
1846,7155
295,6604
5579,3782
1768,3529
719,1011
1240,7782
4916,2262
2720,2440
6347,887
6680,744
6624,6877
3313,302
6152,7496
6107,983
2549,1419
6331,1469
2409,4642
3693,1054
6193,623
3984,5000
798,5370
5313,2338
4033,5026
1066,2423
1590,5565
7734,4471
7750,2166
1015,5943
3579,4059
7509,4368
633,6177
6966,1641
2694,4442
3149,1573
989,7876
586,5430
3387,966
6877,7036
195,7160
5306,4063
1514,7448
3477,1273
7824,5047
922,7920
4416,6330
7920,750
4829,986
4623,4934
5951,88
2921,2024
1308,3837
7259,1244
6846,6539
3539,5780
4135,19
5528,2061
7110,4583
1836,1202
4205,1174
6997,611
3995,6959
2085,7094
2301,4778
4036,384
4035,4176
2995,7138
1236,7459
1021,174
3743,2595
7968,4176
6366,5272
4001,1350
79,2737
7702,38
2337,1728
6639,7741
1997,112
7422,5552
3517,3991
4588,1925
1660,3668
7783,7122
1706,5447
2531,5165
6694,6190
5441,324
2755,6367
6986,5305
805,7021
2481,6738
1709,6482
5732,7150
2876,3929
516,3570
7463,1397
2403,864
5207,7274
259,5885
3897,405
1974,7247
1111,5017
6424,5202
569,3436
5926,6312
1230,7803
7219,1844
4883,1393
1257,4425
2878,5713
7970,5962
5285,4318
6613,1016
186,629
6394,6380
1276,1800
652,3303
6080,7116
3904,1497
5975,7166
7983,1878
5323,7901
7169,1710
975,5685
7372,2922
7096,5726
6686,3767
6654,4222
327,2518
5370,3996
5757,2853
2799,3252
2484,7225
877,5599
784,6672
3392,821
5166,7213
6566,2606
7073,3047
7009,5608
47,4607
4818,1759
973,6763
4028,3330
2708,3652
4649,7740
3825,6544
961,2661
3245,5440
2127,3047
4419,3756
839,6791
2818,667
148,2779
6725,1884
6954,7084
1216,3823
2165,1586
157,2997
4296,3720
3259,5876
749,7634
4439,847
4065,7958
7613,7061
1415,2011
6903,2970
3818,1444
4270,958
6912,273
7329,1198
1388,2990
6893,2894
4659,4787
3756,1544
1801,6267
4976,5304
1216,6336
3910,6589
6922,5915
6457,7275
6682,1338
7477,6562
2159,1822
1804,6921
7128,4833
1664,6938
2455,2097
6141,5918
2038,4857
7038,1932
6718,7674
1809,1857
3322,336
4126,394
5927,4644
4698,4877
3591,4394
7240,4126
4589,6886
950,2232
55,3157
6050,5534
4406,1633
2989,5467
6785,5467
3477,5222
1980,6344
4376,5434
7279,3728
426,121
6922,1752
7380,4860
3063,7219
6647,7701
5843,1152
5844,6778
5577,2605
822,3349
1988,5586
5147,6948
344,5009
2918,2132
4438,1908
7463,806
725,5863
604,6883
1789,4736
6622,982
4126,5549
4750,7059
3909,5195
6105,6892
6508,1012
3543,1699
5718,5949
4825,6740
5119,2833
7883,4280
5467,4449
4988,1946
7572,7213
5235,4012
1050,3076
1159,7701
6746,1454
2242,7236
4561,434
5753,6547
3593,2670
5582,5217
1560,603
4657,466
1068,1527
295,141
187,7948
6535,4594
766,2877
73,1926
5474,5957
4771,3354
4190,2805
4088,2836
4147,1727
7323,1992
7424,107
6201,671
2176,328
5861,3317
1544,1806
2569,1151
5857,6573
3556,56
1934,1574
2049,7523
5969,1862
5752,2847
5488,2172
3379,3761
7101,723
3016,3804
890,6559
6612,959
4426,6429
2709,7422
1368,5776
458,3257
625,5467
6237,688
1745,4285
6131,7857
6298,3670
3901,7582
3784,2686
5348,4058
3666,3399
7545,4794
6753,5381
4120,1357
1592,1901
1613,4924
3850,190
7929,1065
6407,5114
6409,1070
5044,1010
425,7640
4021,3170
6110,7333
493,3003
2327,1315
5732,55
606,4523
2188,5528
4026,1549
1504,78
7280,4615
1229,2708
2581,5370
6354,3277
985,4116
7308,2473
7669,556
7561,3177
654,6382
801,4971
2800,860
5536,3584
5029,7483
2076,1537
5818,6128
3193,854
3436,6920
1798,2785
7490,7972
3814,2632
6596,4592
4932,232
728,7828
2886,7362
4725,2228
4349,6850
5509,6843
2733,379
6932,2359
341,4937
2309,3523
3848,6155
7272,4333
2678,5701
6163,1047
2642,1123
725,7222
5565,2662
3230,6056
3371,6989
6332,4031
6035,5309
7204,3947
2139,6166
2865,1557
155,4380
2918,271
562,490
7181,6972
7609,7688
7193,3402
6438,1541
7798,7986
4161,6459
7224,1120
6987,4238
6191,3163
2170,6840
1649,4645
274,7933
5089,2257
3012,1119
5528,5275
3974,7119
2941,4511
4589,727
2714,1016
3284,2339
3281,2394
589,6434
6122,3244
4501,3600
1375,516
1328,4683
4583,7903
3240,288
3493,6198
6445,752
5272,3056
4635,1239
6861,7091
1917,2431
6314,2657
2940,1000
6116,2527
3669,3517
5489,4707
6801,2296
1309,3397
4523,2377
2439,3534
7356,6310
2442,5189
4858,19
1225,7870
2661,7297
4169,1905
4229,1158
4068,606
7789,6656
1552,5160
1558,4458
354,3177
7985,5155
7010,241
4701,7137
7158,2045
3269,3363
6038,5099
6874,1216
3842,3607
3545,5787
3532,652
3908,4516
5711,54
6253,600
5920,5036
3983,881
1694,3391
2356,1101
6254,6957
501,6341
6635,2846
4695,3148
1710,2968
359,4313
1785,6191
7303,4564
241,7786
7028,5126
419,1295
869,867
5284,3996
6772,4024
3253,1867
2452,6262
2016,2286
1042,6710
721,417
20,7274
4440,1990
1131,5993
1231,3617
4731,675
7057,2829
4736,2839
4713,4540
4949,4025
2565,7586
1003,6882
4660,6817
3476,5184
4962,7381
5048,7900
4463,2611
7132,6953
4100,2156
7763,6002
7342,6191
974,7329
2782,3713
3867,7141
3602,5145
1968,4288
3345,2363
7513,6047
2475,5085
1700,2459
2765,7073
1781,1846
2294,7223
5941,5467
2576,597
7812,6254
3088,5758
1178,4796
7453,6237
4236,7429
5740,2623
3789,3702
1785,7315
2568,2333
268,3539
5938,2219
281,1731
2739,7306
6810,5984
2092,5144
629,4049
4117,6131
1836,7519
2234,2538
1942,6083
4759,5582
3116,4653
7711,7782
6789,342
3754,7188
1320,2284
4675,1395
1332,5877
4830,1437
5726,6054
3219,3619
6962,6355
7266,320
1977,2689
3121,6770
1105,2417
4491,7205
6854,4646
7092,7383
2579,6390
501,2933
2830,7956
1464,1685
468,2160
6340,3985
4764,7860
6691,3677
4266,7298
2924,283
5717,1740
3986,3375
6871,1650
4051,827
6786,4910
7671,3231
1454,4799
563,2342
698,2510
7879,6594
2768,2812
6670,2226
5289,1727
6929,886
1903,146
3997,1302
4282,95
3067,5200
1301,3335
7485,5335
1134,4965
2144,3891
2545,222
4157,7220
258,1642
4888,5637
6671,2589
606,7001
2956,2007
3030,6664
3642,5282
4763,7739
4717,831
6556,3596
7977,81
7976,813
6575,4184
5607,2158
1249,6155
5514,7643
487,2603
1499,3757
4026,5300
5770,5637
7436,4129
4624,5174
7104,7531
635,2455
6553,5417
6924,1499
6722,1534
4235,3676
4764,4113
13,6772
7998,3303
6906,4076
3824,5551
4580,4257
4296,2693
3399,6298
5945,1916
1038,3934
2289,3288
4280,7674
6539,201
6181,1370
7232,1737
423,7914
360,6764
2958,2270
4863,1987
4733,2508
6509,4478
3150,4287
2827,271
6259,658
7450,5722
4921,6147
5300,6977
6058,6610
1948,1473
6656,6369
2925,5002
5349,7961
3959,7084
2776,5467
3692,230
3033,1666
4613,1258
1144,5487
6066,258
7808,1462
3038,3108
6319,5394
4154,5930
917,3302
1563,620
4042,58
930,1025
6859,5832
6264,3447
2650,5977
6724,5098
6574,2365
632,5024
1518,5347
5374,4275
5684,5775
5763,1577
1016,5847
1188,2741
19,2405
2097,2587
6616,5873
4814,6151
1666,489
5788,7073
3536,4266
5648,7232
7106,4282
7261,2676
1198,2982
524,6443
1764,851
7966,1339
1697,7099
3541,118
6601,6191
2739,6936
6172,695
1994,2893
3961,5420
212,5318
6022,4471
2893,7100
6885,5001
5139,4442
693,2401
1615,2869
6787,3151
38,1744
7802,4608
4088,3942
1853,6403
5491,6449
4534,6129
3064,2608
711,5369
6658,1652
542,1773
6376,6791
998,4899
1524,3221
4098,2709
2574,65
1491,3078
1378,6716
2826,1182
6668,5201
1408,2196
1201,6501
5563,7312
898,4173
3324,7399
2632,4424
6237,3556
2368,3062
7028,1982
2698,5675
2741,2081
3619,7530
5457,3123
7783,896
3613,530
2459,2009
5179,7385
1750,27
2386,243
908,6153
3898,5467
1106,941
825,3478
6597,1909
3113,3491
1717,4868
2035,5660
4763,2772
2124,4004
1615,7260
524,3737
2676,257
848,4254
5933,319
6164,2205
1390,5460
1255,6807
794,6515
4456,6251
4050,128
4797,2937
5074,668
7166,3739
6273,4331
2709,6670
7390,5298
4006,1333
1353,4438
2370,6469
4404,6947
2981,2020
4887,3238
5245,3170
4560,48
7627,4564
2097,184
924,2039
2380,876
2137,19
5311,660
1458,2617
3758,5604
4109,2150
4057,1132
4707,6514
393,415
7078,4804
2479,7751
4815,115
864,1665
5583,5926
3395,4469
578,4714
5892,7836
5955,4543
5149,1524
4988,4183
738,5883
6893,3080
5909,5027
6242,4580
245,3381
977,3380
5074,1409
256,7967
7993,5517
6293,6306
4859,7786
7164,3436
3716,4585
7463,5280
5614,5429
3414,6333
6572,1210
1114,173
5623,1759
2764,7169
3248,7909
3621,5509
873,2348
2737,731
3101,2860
3561,4943
569,4981
3161,3562
5596,4358
4788,6670
2240,2022
7515,5467
6709,6888
5604,67
1995,7612
1553,5831
7913,6261
5050,5617
612,1667
2496,2778
2218,3007
3867,697
7366,6017
3262,5961
5332,1699
7766,3184
1410,6402
2528,7389
4019,1406
1387,5692
976,4871
7248,3653
6560,6878
258,1813
991,3285
4604,450
684,6077
4421,5450
254,197
6858,1161
2063,4236
1326,3744
4885,4604
2206,1370
5988,1335
1055,5599
7021,7564
5253,2960
1890,554
6234,5317
5540,720
6587,664
2697,3275
3508,26
284,5201
6090,6953
5988,3190
55,3529
264,1725
1924,5976
4080,7093
2383,1679
1140,3598
5732,7228
1972,7820
3667,6479
7395,1451
1278,5525
7712,7957
2409,2657
5606,3638
2786,6623
1358,7452
7756,6280
858,4095
5573,769
2099,5258
5548,2550
5957,4040
7314,6184
5070,7617
2325,6146
2440,6604
846,4857
1252,2268
3934,6884
6383,1442
697,5625
2751,4766
3426,5126
516,1058
6046,5499
3334,6979
4809,4871
4544,4968
5586,735
3626,5947
1147,4435
1876,3964
2835,169
2064,5467
241,2084
2429,3151
4082,69
1038,1160
5433,3353
6908,3481
1886,4183
813,7981
6427,6386
1882,7869
4038,4753
4031,4372
6303,3320
7335,6029
996,5681
2959,5167
2186,388
505,6842
4158,6771
5426,3062
1366,2152
1747,2700
2755,4725
3225,5450
6399,2541
7164,3773
6859,7660
6622,4803
1829,6056
2595,6190
3575,1998
7565,3779
2887,2187
4063,1322
4526,516
2291,5387
1406,3971
3141,3774
4339,6205
1781,1680
7129,6931
7922,3003
2313,7526
5361,2063
6286,203
7384,7767
443,2511
2471,7678
780,6221
3959,2300
5870,2668
3267,3504
7016,7081
1110,947
6905,4776
7514,1430
5564,6785
6895,1120
5784,2660
1363,623
665,2517
2173,4415
1203,6132
1135,2734
4665,2896
6034,1693
5945,5627
1626,6683
7318,4752
119,4744
6722,4861
6295,869
2890,3192
241,7067
3066,7321
149,2364
287,502
1926,5711
1144,5841
2430,6772
4394,2064
6810,7626
2429,679
2204,6089
2834,7748
2523,7598
196,6483
7665,939
5657,5822
6916,3903
165,3061
3050,4966
2821,845
31,2228
7195,2485
3071,1170
1213,3139
7205,5988
2099,6718
5293,6226
5862,2468
6237,7777
326,6823
7401,6551
828,5476
4908,1846
7564,6155
7626,7188
2493,5444
7912,6316
2797,561
5175,5310
2651,6679
513,3940
313,1425
6237,7927
1068,3665
5196,736
2045,2349
6164,4778
7842,3159
3669,6636
3133,7188
3412,5338
7008,1368
6971,1367
7145,370
695,1875
7823,7391
4271,180
6773,2921
7559,800
3572,1190
3688,5406
5380,6002
2418,5649
4665,5473
2091,166
3885,6467
3645,2439
4071,7822
1879,158
1423,4823
3537,6942
1908,4880
176,5124
6767,6374
5033,2026
2564,1710
937,4737
623,4762
5670,6661
4854,942
7098,2707
4255,3742
3018,6521
3441,7870
28,1627
583,6526
7298,3349
2909,5080
105,6238
3703,1758
986,3307
5602,6498
7292,1958
6966,6495
2252,3638
6914,6642
5061,7995
4531,811
7921,707
6131,293
7758,1695
1928,7172
3918,2379
2663,6556
5837,5753
2479,3958
5975,4135
7594,3262
7583,6140
401,3062
4230,2284
6529,1761
823,5352
3474,6274
2709,1450
3728,7202
1565,6934
3072,7495
3104,4843
6646,262
5029,1735
6742,97
4358,2120
3241,7269
7931,7344
4662,209
7365,7292
6079,6499
7624,5275
5320,1871
2435,7477
729,690
5410,7518
5937,1270
7643,4311
7095,635
4352,5419
1746,5038
5467,3243
7153,2163
5307,3747
695,3013
3910,4460
3415,7698
4643,4947
5225,2746
3187,3926
4789,7152
3413,3007
7748,3892
2512,6729
5051,6937
4475,5467
3568,7516
7020,6387
2381,6531
5914,2356
4636,1973
6685,4197
3765,4126
1208,2129
2206,960
6122,2013
6744,3668
1575,7829
5723,5097
7280,2990
6406,6203
1064,6693
601,5958
486,6557
6108,1917
558,7905
3215,5016
7835,5969
7743,5467
1319,7168
300,5398
3923,1774
38,2828
4841,3937
6014,2396
282,3540
5834,1841
6733,2633
1049,5526
4437,965
70,4149
3095,6114
3540,7662
5347,245
3807,7005
3601,6868
359,4354
6739,6375
2740,5185
682,2620
1285,825
2751,3759
2930,2030
7755,688
6237,6011
7708,5287
4818,4105
246,7715
6704,1297
3190,3214
5766,2763
3495,731
3825,929
4053,5688
7444,1976
126,4264
154,3498
7601,4574
2877,3437
6491,6124
2378,793
6168,214
6098,1712
141,1949
7732,5940
6206,6021
2877,5793
6819,7505
85,5429
967,3864
4458,2357
608,6117
6674,6442
757,6839
5431,6256
5467,672
7725,4804
1931,7170
7689,2717
4616,6227
3527,3507
2192,2472
1001,3167
2915,2183
6371,3114
5675,242
1434,1474
7499,3940
2913,95
6608,2028
5153,2490
7002,3454
1043,7091
2235,1769
7239,5528
6076,429
1224,5382
1224,7098
6624,6385
3474,4376
7873,4077
339,6119
7037,6476
447,5599
7015,1289
5255,38
51,1801
538,2671
47,6993
4856,6237
7082,4665
2959,2198
7914,6615
2715,981
2865,3490
7229,7096
5916,7801
3641,3854
7183,6033
1222,6425
3991,3924
7133,7746
7121,6546
3539,6388
731,2019
3840,4553
5213,1340
6980,4370
2876,6481
5796,7639
4518,6782
7080,5303
6351,7363
3539,3545
6981,418
138,2072
1454,1694
4905,5473
154,6394
495,2251
4979,6591
1877,269
1496,3424
4400,4195
1482,623
7578,7063
3088,6714
3127,7504
92,5578
6290,3539
3547,5773
5599,2355
4363,7200
6208,3331
6812,4092
2052,4897
414,43
7534,1701
5281,1673
783,4086
6622,4245
7033,2829
742,4622
4039,7939
1075,4429
2914,942
6164,3557
2171,218
1189,2730
2014,4587
3116,6914
2233,4805
1218,2611
4009,3973
6800,5812
2729,483
2877,3397
5653,7597
2683,6298
6489,7515
2818,1112
5555,6583
6521,1710
3333,2901
7441,4272
4549,7172
7067,4140
540,5012
1991,1468
4827,3980
5152,4311
4495,367
16,1260
2695,5024
6484,5108
4676,4356
7656,2523
3128,1476
876,7868
6911,1337
7577,1501
6905,1508
7024,6897
6415,3798
803,6228
7319,7908
1864,7752
4136,5682
7357,186
6088,3348
2558,6533
7905,2672
5934,7511
6852,6039
6654,2658
6960,6920
5134,2858
7364,4498
4529,3947
9,4454
7754,4647
59,4726
2635,382
7592,7323
1470,1105
6755,1103
3147,6626
4165,7262
4183,2275
517,4865
1095,6155
4013,1588
2267,3898
7691,3116
1805,667
2292,6268
3137,5370
4600,1989
6518,4596
76,1786
968,1126
5984,318
359,2537
470,998
1928,6134
2025,3961
6803,2216
2222,2389
7827,1846
5944,7822
2179,5747
5330,2561
2624,7469
5708,3899
469,993
2235,1969
1592,686
600,2443
3547,5247
4396,2738
1005,7520
2075,3603
5246,1203
7910,1811
4831,3776
5975,6528
3148,1989
2121,907
3409,6645
2205,5286
7780,285
1399,2639
4030,7675
1451,2898
34,7608
6717,7259
1959,4908
6293,4806
824,439
6844,2935
6155,3927
4176,1635
1846,5635
5548,4482
1704,7336
2390,6328
334,1181
7731,1099
809,3311
389,6756
4443,2832
7662,5689
2979,1620
5860,3200
5792,2396
7743,6329
6659,1846
6161,3062
7700,2711
3790,4498
1371,6023
3539,1033
6620,6731
3601,6830
6772,5732
5112,5762
5271,935
2438,7860
7981,6870
3846,4702
3415,3949
7381,885
2984,5251
5065,5800
5337,5169
6817,3340
1406,4696
3124,7623
3963,6220
7436,3539
2760,4052
7538,2369
3530,3156
2596,3284
1783,3625
1830,3243
1577,5528
639,3746
5851,1358
7720,2324
2035,6713
6973,3542
2626,3797
3818,4466
4223,4215
4016,573
1942,2840
1500,6580
3003,37
6136,6740
316,1580
3182,5467
6191,1545
6155,1059
5964,2946
4656,2394
3880,5342
6838,5050
817,4856
4497,585
6761,7751
1870,2796
7804,547
52,3708
1872,6102
6687,5599
7204,1892
7827,5655
6917,7060
938,5154
5436,191
6633,2187
2147,2804
4226,5273
7441,5430
378,109
3974,6082
620,1153
7306,3201
6368,4993
1905,7148
4858,4183
112,1124
5396,7327
2533,695
4597,3892
4126,213
4892,7477
1956,5059
2637,4772
5667,6883
2130,4346
3398,1596
4519,4403
2521,829
1048,2250
1742,150
6738,4623
6568,3477
6317,258
7822,2660
5203,2571
4306,4389
1360,7822
3821,5256
2729,1093
3111,5088
4108,226
6947,3945
3704,7621
3860,7142
7524,4131
6142,3255
4950,3746
1612,6985
4175,4529
4085,5893
5923,3899
5325,4879
3204,7815
70,3539
3041,2877
812,3517
3060,6998
3107,7559
6186,4228
6070,7833
5676,7421
1259,7201
650,940
7664,5666
87,2738
6390,4719
5604,6243
3943,5453
2967,91
4665,5732
1753,5643
6858,7537
7719,6745
1482,656
2766,7775
4145,1661
3911,4536
6047,4086
930,3789
7118,5621
54,1414
2933,2482
7616,6772
2877,7261
7653,2256
4419,7398
4753,4705
4740,4435
1597,6728
3853,4039
5385,3982
4631,7979
3165,3862
7886,3144
2709,5114
3460,7146
5349,6236
2028,557
6163,431
6407,7657
4791,1730
3007,4719
5781,1653
4217,2700
1092,4499
6850,5866
5880,40
3913,6649
1871,751
6750,1096
5935,1433
1739,4668
2367,7371
7938,5554
3226,5539
2877,7901
3781,2421
499,2034
4500,3539
7949,25
6162,5006
5973,4628
1616,6092
5418,1688
2229,4058
1575,1566
120,7350
2573,4126
4552,4478
2713,5514
6441,2125
6194,1058
1913,3778
3658,3235
1756,3615
7775,3488
5707,2015
7906,3934
1452,6268
882,5635
7050,7518
5945,268
3465,3550
59,6125
358,3673
1334,7173
3184,6128
2354,7101
3986,2773
764,5942
4378,1475
6370,526
4991,7886
3005,4674
5873,3339
1593,2019
4420,3382
5316,1386
3928,6337
5580,7542
6483,1048
2461,5587
5088,4316
4387,6198
2960,251
5317,6204
4315,144
519,1456
7563,395
1800,766
5376,4192
5905,5379
4996,616
3458,1516
6527,4126
3153,4116
4574,2184
2926,4945
7487,1567
3887,7927
829,3268
1653,7564
5099,5250
7861,7590
2416,2538
4023,2651
5411,1113
6075,2110
2489,7962
717,96
7935,637
6575,5197
4467,7072
7838,5984
7003,7992
51,355
1313,7920
2431,4490
6575,3201
5776,2541
6018,1568
6047,4612
3265,4739
994,1594
5055,5640
2725,2014
3690,3775
1784,6756
7359,3248
588,371
3646,4069
390,3580
866,3946
433,7506
7237,7418
6695,4665
1994,5116
5985,1809
2586,1200
1101,4784
3366,6175
3359,7585
5025,70
5716,3090
3969,6763
3607,5768
2253,3570
6839,1748
5913,436
3778,7653
1214,7750
3424,1897
6334,7013
3100,2801
5983,1490
6311,7859
1632,6223
2345,6251
7253,1845
1846,3264
6834,6395
1779,3939
5859,5858
963,1349
2654,4074
4150,7263
4650,3983
5274,6949
1839,7325
6041,7935
5540,711
297,186
1640,1780
4587,1869
4338,2655
7651,6540
7541,5667
3567,902
7447,1793
6458,248
2384,594
5314,7822
1347,6772
4814,1297
6581,5819
1250,5478
972,2919
7340,5358
7901,6266
6326,5552
2090,663
7749,4556
5776,4002
2468,1371
4703,7981
1065,5417
6097,5004
89,6377
5722,598
2790,2451
4654,2642
6369,7733
3327,2794
255,6721
3771,6187
6219,5281
6520,5543
915,7376
4751,6345
4175,7743
1542,5073
6457,5944
2736,643
1359,5713
7463,3007
440,7406
2923,1846
1074,4219
4393,5211
3504,5757
7477,3936
5591,1293
2107,4126
4766,6724
1430,6385
4507,2502
549,5647
2175,258
5056,6442
7017,1947
5137,6919
1689,3124
1465,3817
2951,4033
7881,1607
2067,7710
3794,6974
1846,2877
5323,597
3790,7813
6976,5051
6790,1316
3883,6990
815,3110
6426,2607
1153,2549
3719,6588
6042,6806
3048,5802
3516,3797
7075,5490
2947,767
4619,229
3083,5661
2417,1521
5163,327
3340,6137
5479,186
3766,2211
546,5024
7425,6763
4008,6215
2301,1945
3139,169
788,6439
7894,7498
5465,2920
6882,3916
1599,3223
5001,1159
2799,3820
2016,7522
5629,3635
4043,2848
3764,3404
5086,5733
7086,34
1916,4844
274,6935
5724,2954
6461,6210
7964,1037
6208,839
3295,6241
5028,6420
1336,6380
5886,3314
4563,3854
4408,3753
5167,2756
6760,5193
1517,6403
420,7341
3144,4829
2577,4423
6488,6568
281,4260
6616,7618
7650,3914
6145,50
7301,2745
3254,3187
337,4036
3049,5786
5504,1226
452,3793
1671,7771
854,6447
1197,5533
5934,6072
4328,6323
3749,2267
6782,183
1111,1513
7978,2530
2635,7346
3579,33
4498,2283
5370,1167
3503,91
610,5808
3987,1209
6858,945
6849,6380
3372,1087
2172,5212
4395,6292
1259,4014
5249,1758
114,4372
5497,3261
7412,3179
3454,5583
5362,2000
4852,3539
6264,6045
7894,7217
2193,1454
5252,4851
6471,4307
2991,7627
4902,4293
3470,4309
6451,2071
2515,6890
7058,1607
7032,6134
221,39
5289,265
1280,469
6245,6191
4196,7463
3852,3595
162,1929
5624,5704
6416,2740
3589,5013
1535,2668
2095,704
5057,2810
7739,6929
172,3554
5190,3419
32,4632
2351,3828
4191,2220
1138,6362
6946,6717
3800,6796
6282,7227
7011,6145
6697,1628
6463,95
7992,6948
1287,2687
3055,1454
1289,5685
7937,4948
4900,735
6938,637
7290,2709
6746,7724
3514,2675
2402,3824
2936,1420
104,3213
1247,675
3829,903
5725,4168
2383,7462
791,5849
6461,7665
1053,2636
2194,3744
7512,4126
7607,6975
2184,3498
7940,5603
628,2309
4719,6575
7884,5986
7795,502
5164,6448
1531,2980
7244,3127
2058,2456
2197,3923
2921,7102
3089,1776
452,5694
5426,561
7032,3752
1639,1501
399,1720
5599,7620
4954,2756
4870,1482
4183,2094
4948,3942
4681,5232
7713,6404
6155,3872
6052,3770
5254,4237
840,3591
4991,6359
6759,3371
183,1048
5132,695
7819,1345
6732,2848
6796,6543
68,6472
7255,3631
3168,5571
2321,6763
7178,7891
695,74
5544,2359
2573,381
567,4280
5688,4954
3401,5727
7472,3172
776,7994
1401,501
5198,4619
1797,7574
1016,1946
1908,7180
629,3436
5439,2177
4464,1435
7874,2001
3489,1793
592,3028
1689,5062
3015,7466
7548,2812
3984,3751
4782,7839
413,3097
3494,3440
3590,1406
3093,458
6794,3989
428,2083
7289,2877
7942,3787
5732,5552
6594,4839
1778,4434
1612,5604
1818,4289
1716,4314
3548,4510
4434,5945
2281,3132
6595,1364
781,7034
354,6120
7874,5738
4717,1994
95,522
1086,6266
2192,629
2825,7506
2615,2436
4033,3871
2736,1130
2687,198
5528,6176
1062,7989
5294,6943
4330,6837
7501,559
3815,4314
302,3196
42,5163
5053,5414
211,1634
5930,7778
4107,4071
6330,5206
3036,4486
4763,5817
2216,195
7031,1913
1832,6091
3335,6810
910,7789
7428,2965
2266,7851
2223,2556
6304,3421
2208,5361
3414,7628
835,5233
1337,4131
5479,2906
5467,7981
4114,694
281,3514
4512,7555
1743,1230
3954,102
7692,305
3442,5569
1196,1332
4767,2632
6512,2596
7800,2681
6715,6789
743,6135
3585,2298
1159,7532
2509,2750
6038,3538
481,891
2976,3781
7190,4725
7721,6230
4522,247
5528,7020
3574,6273
5689,2264
123,4489
5060,3047
2677,6920
2770,3131
5677,5468
819,7003
7529,6384
2706,7436
710,2336
5360,2632
1846,2343
6431,5732
5769,4256
4085,565
5467,6378
6127,5108
1321,4167
4496,6428
3115,2457
2107,6076
7307,465
232,3735
3041,3520
7667,315
3847,1180
1773,5071
2350,2365
4962,2904
7889,7992
7,7945
3383,7234
7907,3731
7061,7799
6996,6575
7212,2610
3185,2530
5008,2132
1538,7186
2934,5610
632,7836
3559,4792
6237,1964
4115,3959
6782,7168
2634,5825
7144,4475
6629,5334
7125,5564
204,6208
6163,3047
764,100
253,1559
7663,2225
5732,1077
2074,5467
3552,6717
1310,7523
4725,854
7397,4604
5653,6831
3795,6425
3226,6441
3319,2093
6648,3701
5836,1647
467,2119
3931,2557
6107,5672
4665,2037
7408,2330
5826,3339
5732,136
7264,2346
2042,2493
6085,3360
3502,7913
719,1382
458,1016
1403,1849
158,1696
4015,1492
5528,4044
1124,5621
4941,7449
5411,5569
4884,1145
1347,6983
2483,280
674,3457
4077,1028
5120,43
4991,6448
5024,595
305,6633
5651,299
6788,1226
5885,4653
5458,6660
7430,1376
3539,2433
6160,5067
1952,258
1670,7268
7294,6771
7973,3425
6063,7556
1159,6082
4126,5288
7955,5528
586,4152
6818,2522
5177,841
2005,7435
5837,6880
7619,1516
56,1554
838,4672
6577,7112
566,2521
4539,7181
758,5218
6237,7235
5965,5320
7975,5962
3558,2225
5265,2508
6895,7457
1808,185
2927,5897
4828,6116
4897,2986
2209,4073
6582,2273
1705,1884
7257,2517
5217,214
2622,644
2572,954
1146,5340
7773,395
241,6131
4654,462
4109,2254
6575,1638
416,1792
7934,2179
1405,6423
7571,5666
2414,2709
2076,3792
5757,7878
5535,4375
977,5772
2570,3212
6328,1467
3657,6300
2934,106
3053,6236
1022,340
2874,1123
356,5627
2130,223
6681,1618
6141,6865
7358,6399
1675,5152
5534,5049
7095,7573
2499,7611
1601,2643
2155,4604
1058,798
7508,3273
2631,1171
7750,4451
6060,3533
623,2558
7194,1574
2877,5371
3209,2312
4519,7299
2587,4405
1258,5174
5895,6898
5093,4327
5732,2287
436,7661
5083,6221
2793,5945
1971,927
3633,4415
5604,4639
859,7031
2677,7078
7702,1918
7770,7467
3539,5871
3498,5982
5729,3007
6613,5559
289,2979
1484,353
5471,2841
6164,2629
105,6501
5039,4468
5557,5778
4211,3504
1145,4183
6184,4212
4126,5022
6712,184
31,4665
1844,5635
7393,3038
134,1510
216,7387
5057,1539
5063,3721
2652,3173
4602,1618
6772,5490
5522,760
7853,1491
4940,387
3439,357
5445,2525
6132,5737
5459,2546
2494,833
3809,5748
212,2403
1564,5732
1482,631
7750,5211
1251,4018
4246,1551
4920,7270
5872,2388
3175,1844
2240,3426
7020,4434
4672,5350
1867,5383
6660,6857
6378,1161
5495,3415
4687,2808
7416,3915
6478,3583
3802,501
7391,3727
7032,55
7885,2971
2115,2952
4455,7085
6897,7939
5912,2679
7252,964
6898,1960
2060,2755
5560,1712
5134,5785
2433,670
923,4994
7877,5739
6739,2494
776,5291
5383,5456
2757,6214
4308,5047
6114,4555
4229,6545
4223,2855
7243,5234
7517,6366
4089,3064
665,4836
4652,3266
2640,695
2044,4665
7754,4000
4819,1086
4606,230
7081,7641
7214,1402
7690,6597
4360,6231
448,1253
5874,7352
7306,5231
7905,5903
1522,7975
7233,1321
4944,3758
623,5914
2567,5527
4342,6737
6334,4712
5542,439
5628,2413
7324,4345
1089,2219
2364,4986
603,1431
40,2487
1491,1147
980,6518
3857,2142
5413,3637
4492,6216
4533,5695
7547,1954
5095,5698
4944,3936
791,5299
6503,5775
4115,7080
5014,2000
3212,5846
5486,6465
7250,7267
3044,3805
2559,4322
3155,3224
2386,5501
1113,2880
5407,922
2217,310
5854,6360
4567,6237
5704,7352
2032,4474
7191,3891
130,1063
5230,969
5743,6346
5986,928
349,3380
617,4745
7552,5077
623,6841
4997,6321
7971,7260
4728,6563
3047,295
2693,3750
5641,3194
1480,3915
6667,3612
4105,1406
4320,6000
1984,1240
7004,1210
4622,3436
7117,981
7214,5734
6851,7378
3399,6852
6829,7981
477,323
3683,385
692,2908
7700,7217
6094,5346
2307,6771
6810,5215
740,5633
3678,516
2644,7658
6575,4153
3696,4004
3145,762
7009,3363
7219,1406
5927,4148
3979,3714
4230,3047
6953,210
1479,6548
3062,2250
2162,6610
4004,5865
3138,1228
4193,2189
2794,1325
1962,7344
6998,3169
4060,2849
6741,2890
1515,17
5668,478
7458,2608
6050,4249
6576,7240
2195,7606
3743,575
6927,3116
2619,1288
3029,4472
493,6315
3601,6562
3121,1319
1555,435
6010,5256
5973,2097
7602,3472
638,2954
7571,3869
2684,2040
6648,3415
4259,7750
4567,6852
7660,4234
6318,1868
1112,6661
7124,7089
5626,2156
3966,6852
3063,7535
5732,1032
2183,4767
2182,5523
2471,7404
7435,6456
4183,5921
5115,5956
7855,4182
7340,871
3601,4656
5364,79
6675,1981
3939,7588
5134,6823
3661,5223
7471,4255
5407,2722
7668,3710
4126,4939
4912,4321
3539,4354
509,4570
5034,3763
6939,1948
2014,5098
1853,5690
7941,5306
3051,7140
2980,678
4555,7089
3031,3326
6923,145
7753,1840
3321,1846
4329,6071
673,2435
5143,6533
5964,999
3699,359
7208,4587
3416,7478
6751,3172
1967,4994
1373,6995
2743,5688
5376,5315
309,2665
5832,5467
4269,6002
4665,7172
6832,1327
6757,5084
3083,1340
6703,1279
3025,4774
3411,3376
6872,4704
5353,2210
4371,2252
2169,5760
4502,6556
1059,6316
5828,389
4148,6360
6356,148
5345,7132
1827,6506
2364,5370
7613,2601
5024,3741
836,6381
3037,19
4706,3244
279,6845
4141,955
606,2332
1172,2724
3581,4119
3249,6766
6212,1269
90,1498
1489,330
1873,5496
4399,1743
5107,1118
2214,2406
7601,4329
4169,912
1225,7729
1674,4665
7730,1422
1695,1262
2096,5502
4194,2935
2709,1374
1104,1860
5561,7857
7312,5288
3606,485
3788,874
6549,4011
1016,1269
6918,6620
3503,5638
4961,6402
4866,78
6942,5151
1299,3481
4562,3483
802,7312
7823,3258
1315,717
5558,1942
2495,5534
6945,7276
1055,672
5535,5800
4505,3346
4604,5405
7469,213
168,4292
4603,2050
235,1790
1609,7941
7398,5836
5384,7939
7481,7717
1025,7547
4751,2745
724,2569
2409,3706
167,1631
6792,6990
6650,210
7735,3006
119,1515
563,340
1400,1191
5353,6168
2532,3162
4075,4206
4213,756
3024,6292
5449,975
1375,6626
4305,1030
5133,7514
872,535
1679,3925
786,1733
3347,4825
3610,5042
917,4186
6204,6706
5833,2647
3729,5727
916,1016
3102,1959
3118,2955
3343,7022
2024,7970
3310,2877
5186,4554
7637,6502
2377,3834
3266,2054
7047,1685
5351,5690
7319,3119
7382,5370
5351,5010
424,101
5812,5299
3390,4435
1307,4722
1417,4575
6772,5089
5226,3484
624,387
695,7549
7364,737
2737,5467
7821,4723
5458,7317
4001,7546
5813,5424
5887,4852
1682,4702
4842,884
1914,856
6018,7536
6277,7136
6415,7561
1177,842
1890,5800
7400,1030
5243,4420
6771,4716
298,1303
2152,3079
7899,2851
6512,4617
7570,6744
1988,5568
4070,4100
3084,3236
5815,2112
6153,7411
749,4379
4738,7106
6702,5240
1648,5237
7576,2376
5124,1835
3943,7137
4548,6717
5467,4199
844,2900
4448,765
1876,7014
3724,6871
5654,7863
5232,1443
6584,2112
368,7332
1341,7687
6951,7579
2046,1830
1143,5765
653,1065
6155,4085
3212,2390
3555,3188
7198,1381
1372,5254
6840,6843
6165,2134
2393,5011
6821,1809
6252,2625
1085,6820
6462,1621
1955,7554
59,994
7649,6164
5556,706
45,2832
1909,724
1240,7249
2667,4896
7750,3469
670,6699
5767,1984
6073,6374
3332,6956
7100,6867
623,5909
7797,6387
1265,7487
6748,4843
359,3047
707,4931
7743,3592
1432,6040
403,3810
7867,2036
4693,2575
7191,3000
826,2084
4875,1280
4510,1720
6941,5391
7415,5449
7743,2586
2504,5681
1606,1048
7994,34
6646,3547
6379,7284
7226,3742
3706,6662
7631,5907
1842,207
3900,1201
6561,525
6768,1275
2262,2345
7601,1485
7114,4869
5711,7797
2112,5852
5631,1887
1884,6126
2537,1616
5673,6452
3081,5221
1094,3930
7814,614
6673,4992
4906,3098
3064,2280
7871,1348
1634,2098
6768,1599
676,2863
2053,1554
4215,241
2716,3052
6459,186
1108,1156
4556,7911
3448,6171
974,1207
6852,5161
196,7038
1809,2839
6641,1458
2287,503
5225,2149
4946,4418
6994,5160
485,7276
2847,5710
5723,7832
4655,2978
5791,6164
3047,7157
5134,2177
1708,3539
4727,5128
1180,2118
1585,2264
7498,6652
2805,2879
6689,3668
4711,731
6334,6343
803,7288
2529,3407
412,7370
1604,4510
521,7597
1159,2425
4447,2580
5291,5538
4970,2318
2774,1056
7549,3072
4048,5007
1211,2884
1886,1929
71,4258
5665,1100
1778,5244
5639,2808
594,7241
6516,907
75,7158
1016,7153
7389,4126
7426,6340
7479,3173
603,5952
3558,1459
446,3253
763,5003
1684,1705
6630,1591
4639,838
1671,374
6183,7965
5592,6716
2038,363
2304,5766
296,1362
1394,5897
2431,3211
6270,4300
1263,1641
6505,2552
152,1829
5379,5024
4871,122
2486,6824
497,5241
4047,2483
3001,6933
939,4782
3540,7212
2767,2088
3488,680
5725,5181
7298,623
7293,3694
3309,2993
6788,7735
978,2734
2957,4693
6541,6579
6474,2358
2282,6525
1931,4488
6061,5032
2669,3493
4196,3924
6978,730
7685,5219
4783,4632
1706,721
7553,1850
306,5002
5917,3688
3442,5977
4539,5429
6631,1801
4461,11
449,6279
3776,4832
4673,4065
3303,6793
2059,5467
7055,3888
3878,7714
6440,1584
4172,5257
5236,2539
6302,2987
2436,3549
1406,4367
6351,1072
3809,3671
4445,1379
6313,3473
5646,4214
4492,2557
5710,2341
631,3539
4218,1847
7385,3760
7477,7681
5780,4096
6035,6010
2867,1702
1561,6598
2623,3719
6485,3234
1381,5657
1812,6001
4314,5849
3252,2405
7538,3499
4732,39
359,7239
5884,3987
4917,6781
1908,4564
6519,6111
7701,3555
5709,4900
3533,4663
6839,2569
2875,731
4849,7373
6913,4767
1921,6971
1102,5132
2542,6438
2613,5878
4312,1758
1069,4993
171,5814
5609,6164
2268,3282
5277,3370
3105,1636
2879,7321
4032,2713
3047,314
1616,7747
1788,3445
4548,6855
754,571
2300,7915
2791,2444
5824,7597
6681,7997
47,4041
6260,4261
2352,4018
5780,4232
2883,6758
5370,7629
7295,7810
7813,3539
6634,5800
4379,1710
7026,2771
7120,5370
5188,6217
51,2360
4243,3078
2125,5922
3547,6793
623,7471
6520,504
4122,3476
6085,3505
2755,5732
623,3786
3470,1037
3539,4208
7187,6192
513,1252
5757,7461
905,6452
1546,4709
6786,651
7491,4642
2545,4347
6246,3691
1572,1235
7474,6049
807,5338
3376,96
4037,6783
7126,5688
6543,7596
2277,6743
4939,3534
6021,7670
623,1773
7968,6888
7040,6169
1093,2913
4918,7193
7107,4743
4067,6367
5718,762
80,5570
6074,4037
1831,745
4714,408
2426,7991
3956,7830
1165,2649
1387,6003
7112,4375
46,7052
7378,6685
4470,2017
679,6191
1975,3062
1674,5389
3298,5268
2915,6101
7943,5182
4262,2877
5714,6291
3823,5336
5389,5604
783,7882
2434,5437
2861,5273
4953,2806
7216,5220
4183,6173
4430,7947
3683,6856
2018,6670
2836,7185
2355,3242
6237,2068
1570,1608
3527,3463
888,4927
7659,5510
5046,568
6100,5019
5292,5558
5694,623
1760,4678
1427,2082
1963,1967
359,4127
4510,338
6330,6637
6836,406
6869,7108
5585,3246
795,3127
403,4243
2345,815
6,2971
4066,6852
1212,5629
5984,3739
3290,893
5524,7647
5285,3444
4297,3624
630,6197
6901,456
5997,3203
5052,7071
4473,6577
6262,7384
1901,6440
6968,7590
2511,3385
3294,5088
3171,2372
4097,5429
7076,3323
1736,7044
1610,1630
1944,467
683,160
1204,6885
3338,6495
3493,2549
94,659
5467,7794
2949,5088
3993,1780
144,5014
4588,4789
4494,7950
1519,484
3296,4002
396,2065
7020,427
2408,6136
3430,5879
5718,2446
735,4420
5081,3680
5492,5175
38,6457
5173,7768
2500,2762
4756,7824
3214,918
5507,2200
1007,4209
4527,500
6517,4437
3563,5639
5819,6635
2992,1659
2337,1291
4284,2261
3450,3337
6019,7805
3668,5399
5048,35
7572,784
36,7389
7113,7203
3234,3191
4891,7755
1846,6741
5347,2302
6250,7654
6081,3566
4155,6930
84,853
2588,6763
6050,4029
1860,2828
3700,4151
3913,2385
5762,827
6376,2678
4929,2475
6220,2341
376,1811
2319,20
4269,695
5796,5223
1122,2034
4956,1039
1183,329
4268,5033
6149,6977
4597,4453
2637,5618
6145,4630
5226,2462
3232,5481
3337,6509
3453,6155
7241,5180
1308,751
3143,4959
6349,5065
6711,3565
2097,7809
619,5400
5527,7246
6789,701
5534,1893
3697,6811
5890,4344
7637,5919
7003,2836
5079,5688
4353,5722
5292,6957
884,1764
4480,2097
1767,247
4237,4056
6846,1734
2122,311
7597,1766
6698,7156
6773,3362
1133,7484
1794,4884
2202,2410
7211,134
2372,3547
3725,520
476,3741
2212,6996
7966,199
1171,4853
1579,3865
3008,1994
3148,3364
2497,7261
602,4358
4763,6844
5732,2488
3298,7682
2700,7392
3434,2322
6521,3244
1073,2843
3347,6336
218,6467
2929,5467
4960,1786
4731,2565
2335,1709
6199,3422
2687,2474
4452,2488
5516,3043
5598,7651
2789,4989
4684,4875
7477,4575
714,3738
6894,5423
1472,585
34,4177
3933,2212
4111,5467
1819,3296
96,2303
1256,5599
7880,7141
3836,846
1815,2097
4990,7800
5292,3395
2456,4634
5266,4725
4435,4629
7075,1027
6778,7947
7964,6910
3673,36
5637,2655
27,7165
3547,4736
5516,2153
1814,4180
1996,4247
6156,3544
6370,6007
4432,1915
5101,2632
7196,1267
6297,6175
4718,5058
5162,5958
65,1010
4321,603
1788,2358
3748,7915
191,7996
5612,4123
2081,44
7417,4224
4386,1345
6781,2319
35,7712
1061,1751
7374,444
2290,3498
6179,7967
2349,7152
5577,4459
2308,1036
1283,2181
3051,6996
6446,1098
7269,7145
758,396
2397,6491
3816,7026
4422,5723
5612,3966
2302,5169
3379,1934
4579,5348
6033,5308
7622,6961
4767,4531
4724,2534
4657,5475
7910,7943
3520,7981
4469,5103
2380,1406
372,83
5467,1880
5202,3978
7789,4573
2137,2585
6013,3277
3807,2766
4316,7740
119,7345
4195,5259
780,765
6530,1955
7436,4317
7566,1735
7470,22
2392,888
5603,6050
4393,1893
4842,900
5969,4281
7085,568
6755,3399
1941,7148
4706,3885
5104,7239
6346,1846
6089,1393
3570,432
5356,6326
4398,1342
834,276
5467,7082
1511,4573
3097,1856
5284,4159
5118,4837
1912,3286
7337,1878
1791,3876
1371,4878
7025,285
1016,2600
2652,7389
3455,596
5339,5869
3889,1360
1021,2602
4460,1530
48,2824
2387,3792
4602,2420
5478,51
1030,1288
2743,3483
1043,5536
5921,6387
377,7127
3920,4700
3524,4985
7817,2612
3231,145
4200,3835
1885,6965
6929,5070
3722,5383
6850,2109
4936,5176
1936,2658
5127,2951
3060,5429
7519,4953
7486,4468
5642,4183
5994,6213
7796,4575
3766,5785
716,1125
4137,5903
7676,5191
1165,55
7530,4947
7475,4126
1384,2942
2651,5991
4359,2903
7404,4318
5806,2248
6071,4302
1013,6413
3583,789
456,2868
1713,3539
6155,7477
511,6157
6940,2026
6826,5482
7795,5566
205,1856
1298,2709
4401,4771
6046,5171
1923,6237
1143,2378
6055,1029
3570,7835
5894,479
4537,2246
5528,4126
3902,956
5141,4085
226,809
7525,4303
603,4289
322,5091
5868,6926
2316,4662
3047,5745
2190,4867
2706,7989
6121,6576
5574,6963
1314,3965
2565,2643
914,63
5115,77
1466,5129
6263,6167
5869,4669
5602,2066
6115,3890
4028,5848
6355,307
906,7385
2586,2215
779,397
6396,5953
3080,3507
330,760
4561,6381
5606,7218
2501,7383
3251,3780
7420,1241
156,994
7305,1447
1482,7866
3463,5616
3158,1018
7403,3003
3725,3086
3887,4898
3468,2272
5674,2701
6180,1838
5287,6658
5532,6763
870,6380
2449,1454
7330,51
6772,6917
38,1148
5438,4502
208,5467
1881,2809
1877,895
7287,4629
4969,2119
737,6575
4331,1408
4999,578
2673,7923
1146,5468
5983,5334
2687,7419
6763,1385
2944,7901
1452,7557
4264,2499
59,5244
6750,4126
3037,7585
5168,3651
5813,3065
936,4711
6187,876
7409,5222
4804,1170
4950,972
6977,7190
1581,4545
127,5723
6355,3980
3678,5864
2326,6983
2431,3938
1613,1446
618,6603
2710,6407
6222,351
6317,6212
479,5609
7304,5175
275,2754
3271,2555
1013,7596
7924,3263
3721,7054
6084,5993
7315,2921
7744,2324
6547,5765
3998,6719
3596,393
3606,5467
2102,4559
5153,7685
5714,3062
6332,2018
7645,2554
1090,4618
4658,7016
5968,1240
3732,2812
2462,5092
724,6888
1900,4128
5366,3468
5996,3134
2856,3821
1026,6710
538,1514
6308,2239
7320,4907
5622,2401
5467,2431
6595,5705
2544,7357
7172,2444
7258,5613
3675,1310
4554,1729
2379,1261
746,6381
5723,6329
5039,4665
2338,2361
6145,1901
1545,565
4276,4450
6169,2842
3309,2646
5814,2163
2976,4002
389,733
2353,742
6867,7996
7806,2556
5138,5859
7667,2921
7139,4476
3010,3146
4777,7470
253,9
5668,5267
5813,3539
1794,1086
3220,1210
6414,3215
5665,1865
3317,6693
7560,6357
6430,744
1905,4435
3654,1071
5798,6029
3293,2637
5431,3988
4683,7984
778,7509
1986,5608
3006,2663
1732,4417
6638,7640
4487,5346
7987,353
860,6848
3656,372
7942,6844
4276,6105
4880,7413
5732,6067
1875,5604
3152,472
623,2256
161,7743
415,66
6406,6795
2983,4134
316,375
6061,528
3601,86
4095,6155
996,712
6627,516
3882,2293
4048,5856
6161,2129
7056,3539
1996,3368
1245,3944
6459,3648
7087,4854
2656,5193
5257,6327
3522,4609
1465,7474
1777,5525
6982,5014
1166,4333
2897,6611
1993,1268
7111,1623
1943,5551
4914,1977
3702,5307
2210,436
816,549
97,4966
3917,3826
200,2365
3318,3227
5263,6701
1657,6953
6451,5218
2282,716
6525,3753
7226,1185
3934,7546
6036,6248
7984,1256
3540,4071
3977,2432
4887,6674
5081,4793
1736,3701
6852,524
2839,3403
3418,2414
3256,4502
450,5887
6772,6545
7043,3620
3906,7638
6004,2448
1542,1426
3059,912
990,4173
7158,6799
7360,3205
2143,852
2845,867
7808,839
7570,4271
3540,1457
2536,3229
1658,224
5658,5705
722,7814
2974,2220
909,5590
3132,4528
693,6798
828,6792
1264,304
4516,388
7155,3391
6350,2202
5589,7564
159,3464
427,7261
4708,5718
5341,6515
3452,5639
2837,1569
4023,2849
7509,1197
1703,5201
7443,2112
1290,5800
1821,6450
1351,4190
2108,7990
391,2988
2696,2944
2586,3601
4004,136
2651,629
7093,41
1024,348
4977,5901
7858,1186
4251,3303
7831,3820
7512,1693
2744,2138
6546,5811
5584,2746
6439,1536
202,1832
2305,4044
7659,1569
1691,6652
4679,5298
1353,7355
1000,2444
5467,3069
2312,3384
2270,7673
603,6081
3877,2625
7818,6459
5311,7457
4828,7456
5600,7557
584,5572
7801,602
6195,4136
1441,2822
426,1571
7158,421
2111,2579
3308,1294
7177,536
618,2088
7615,294
4454,4681
50,4743
4278,220
2033,2606
7630,6494
2598,5247
5708,305
4601,642
4176,5688
1501,3422
2569,894
3851,6628
7587,6766
3330,2128
5838,668
7411,518
2682,4043
51,5636
2407,4536
7751,6699
3684,3635
1218,1186
322,2017
3030,2021
3010,3019
750,6065
276,2563
4742,1486
2857,2442
6477,38
4281,4072
3799,5693
1699,701
3106,5113
3535,1356
3256,437
2134,6106
4126,3401
2214,5932
6708,362
3344,2839
3858,106
3140,4391
6181,4295
119,7244
4193,5643
2984,438
194,4198
3914,506
3772,6996
7971,2315
5165,4923
6324,4615
683,7901
4497,705
7494,1252
5373,3042
5654,3699
3378,6827
3754,3443
4813,7215
5917,3149
5938,3564
1253,2027
1173,2305
5215,5500
2157,7646
4546,2231
189,278
1016,4873
236,3023
1190,6523
993,1724
4289,2704
1309,3200
7312,5035
1296,303
7756,2309
315,3651
3153,2032
2442,6492
3630,7052
5968,2234
4179,7907
7556,4605
5857,4160
3223,2072
3111,3305
7090,3590
839,5007
2909,2905
1048,7459
4293,3300
699,1891
1756,3304
5876,3649
5170,3601
5731,879
2090,4145
5461,2966
2216,5908
5891,1505
7050,4564
410,2549
7655,3073
2317,6475
1306,7339
7834,3367
646,473
6749,4710
5077,3005
4058,5120
807,920
7837,240
6087,1759
7855,6159
5179,233
5388,1697
950,500
4804,3482
3944,4323
2565,5145
1576,1386
6237,928
6772,6954
7822,473
5153,7313
3393,5392
6593,2547
4389,2239
5412,1732
5370,4671
5604,3611
1757,2590
2334,111
6218,2740
7369,1403
891,3882
5808,2043
2128,1531
7940,70
1667,2021
4158,7660
4959,5728
6904,7820
726,7921
5622,2902
5965,2618
5044,6166
23,3578
5662,4709
5639,446
4813,3914
629,4298
2299,5528
2694,3836
1312,3325
6012,2826
2506,5105
3830,1150
252,3021
3768,5148
5325,7353
919,1343
1035,5397
4670,6217
3437,2399
1104,6729
1512,317
2246,7663
7020,1528
3520,7825
1403,3208
1732,2525
204,1539
7892,1454
6050,1692
3489,6265
5824,6676
3453,3300
2632,6823
785,4614
3441,4061
5040,7351
2945,5462
4258,3443
2428,3540
2795,2983
3679,3393
4982,2565
3767,2684
3271,6813
5751,3517
5491,3044
7960,6288
7669,4318
7859,3396
2315,6418
3529,6441
7262,4187
5357,5321
6621,266
119,3328
5796,2609
5368,6211
2859,953
5463,1293
1469,889
739,6256
801,6126
6050,626
5902,3062
3035,3608
1525,2404
1943,542
6925,698
3062,4224
7086,4665
3390,2329
7664,4544
4386,6426
3734,5003
2894,7937
7538,975
6814,6345
1723,5790
6827,4699
4508,5552
1252,7889
6880,1154
206,4128
2315,1932
2690,5528
5216,140
7423,5771
4587,3982
5731,5024
6143,1333
1220,2673
2211,315
2075,1304
7177,2278
3769,1798
546,4248
7533,3415
1392,6831
5882,1540
1672,3078
4007,6252
839,7583
7920,6007
1016,6020
1141,120
1439,1206
3629,6879
7840,87
3492,7545
7988,3123
5720,4802
4720,7718
5898,1416
3228,5719
471,5896
5325,1031
392,4099
5528,3790
4995,347
4420,4058
5270,3251
2943,7081
2279,6878
492,7788
5087,3735
6242,1045
2167,3645
3076,3650
3601,6799
3975,5125
5247,4340
5279,6009
682,4002
5434,2274
3020,7973
4750,4183
1752,6013
5604,6564
4095,1961
5744,2923
2882,7402
5364,7981
4696,2066
1476,5378
7887,5534
7368,7111
6084,188
7213,2221
3856,7680
2309,380
6504,225
1842,2769
7969,6723
4659,1187
1976,5023
6486,3209
1217,926
740,4239
3755,2948
2637,3841
4304,7210
577,5301
5409,4290
5422,5520
3104,1236
3222,2299
4688,5043
3142,4933
2178,1048
41,6470
6418,6775
7063,3570
1876,4460
7898,270
1129,2236
4582,5455
7620,7253
4493,5164
952,5375
7218,286
4450,3034
6101,4853
2048,659
7860,1050
3970,1016
7833,5419
7975,4986
4420,1071
5378,1429
3178,4465
7478,699
1626,656
2953,1582
260,6575
4809,2857
249,1022
5484,2722
4310,3715
1192,3780
1619,590
2838,6237
5011,51
5949,1490
5972,5150
6115,7743
2185,2884
7493,7343
1359,5712
1001,2662
3639,1608
4533,4543
61,1987
7890,886
3811,732
6979,7316
35,3730
5462,3587
4184,3998
6361,1324
1335,2636
5992,404
7636,3301
2788,4064
5222,7047
4362,7477
985,3941
6352,1083
6569,5959
1105,7781
4419,290
7391,1406
1899,4994
7769,5711
4120,7119
4982,7497
4665,315
5986,3759
5716,1072
675,4126
596,6628
2209,117
2763,7967
5972,4614
3565,6662
7263,6164
5467,5757
90,5538
3375,572
2651,696
5371,5882
1526,5325
5059,7648
5189,6455
5066,2188
5732,5661
5711,7203
2798,7691
4351,1305
7427,5060
4090,347
5673,6419
3047,2300
6620,5730
335,4640
7703,2227
6462,6784
5015,6192
4342,5467
4821,7840
3242,5466
3502,6419
6145,4178
1908,155
411,1013
5670,115
5511,2104
405,4876
3265,5010
3518,147
3716,4004
1405,191
3775,4139
658,6575
5143,7317
1707,4435
3230,7939
1344,6309
6962,7499
2476,7335
287,6651
998,2042
3477,6558
1074,1219
2573,1986
5576,386
2033,1704
588,3162
1990,3183
1571,3389
3662,6890
6180,3682
6050,132
3126,3004
3927,5646
4665,1899
1658,5928
5777,5105
5141,7776
1880,6999
2644,7306
843,2842
7547,3493
5531,6887
3674,7283
6422,5539
2905,1933
2841,5599
3616,3374
4183,5139
3751,6481
7339,3099
5587,5248
1346,5642
5989,5833
5379,3566
7185,7000
3176,7489
4987,3171
1930,3158
5920,4287
450,5724
5796,6167
1172,768
5329,849
3550,5663
2230,1562
2,2452
1616,1538
6322,1489
2938,3787
3949,4760
5763,5399
3270,1761
2365,3311
633,1749
2476,6050
2213,418
4187,2817
6231,3278
7769,6310
2051,593
5664,7134
3769,4551
2779,1828
4638,7104
988,1646
5206,6953
3725,3478
119,1193
1252,7957
4162,1547
2459,4666
7428,2646
5575,3848
5443,1242
6477,6342
2120,7152
104,2490
962,53
996,6602
5518,2996
1482,6918
4334,5208
7995,32
5328,2887
7414,3163
2641,3467
3909,5799
1983,3696
7401,2607
5377,3381
1565,3951
3040,5354
713,4826
6910,1923
823,7753
2053,5939
539,7741
7331,191
2555,4066
7906,140
7265,3075
1195,7771
6182,800
6424,1088
6625,3879
3299,3624
5028,2804
6356,5008
7527,6899
7905,6624
5269,931
4273,4767
284,3297
1725,438
6541,5847
463,6735
3346,5072
994,6008
2787,1815
1690,5695
5467,5252
5467,7477
1787,1999
7269,3707
3368,7149
3080,5531
3838,7602
4094,7149
4938,4004
3366,3043
3580,6963
7345,962
3511,4175
4202,971
5510,7070
5369,949
3509,3520
6970,3431
6427,2740
1274,3546
7581,6053
5851,7278
1970,2526
3852,5054
589,3603
4183,3600
6478,1266
2907,5935
4166,7959
3777,171
2727,6522
3531,2029
6741,6164
6002,4298
6667,681
5894,4584
7439,1365
2565,5169
4452,2065
282,2139
1004,2755
5669,7851
2431,7609
3021,755
2917,247
4124,7152
6364,7474
1494,4735
35,4481
2910,163
5784,4980
2837,5467
6695,3220
4734,2961
7745,3060
2996,2871
4242,2742
1477,5094
3802,4850
4565,6815
5268,7517
19,2338
5567,2117
1320,2565
7781,4665
14,657
4055,3584
2918,1453
6992,5650
3279,2714
6617,2092
2406,3871
3763,4665
7521,7020
4157,5367
7372,4882
2878,1466
5030,6507
5045,4645
4435,2052
4596,3949
7558,6869
7571,1191
7448,6640
2851,7776
7980,459
5132,4330
3539,5890
6131,7264
7761,794
4559,350
7465,7898
4353,1030
7424,7110
3863,5183
5441,4889
3830,7132
6851,1079
60,5367
4816,1649
4163,4522
3717,5687
2273,243
2844,3297
1573,88
7287,208
6544,3072
4553,7128
2754,5881
7311,5518
3539,3118
3427,4381
5225,5278
1240,6348
7629,4129
7403,2616
2508,180
4259,1305
6575,7628
3058,4548
7535,3077
3903,7085
3160,2498
319,5455
5106,1520
5528,238
1595,2258
6668,412
7832,2806
7635,5125
5404,3049
3329,1053
875,6588
2603,4438
5157,4572
2797,2448
1025,5204
5014,7229
532,4020
7282,3569
441,6044
2633,6991
2807,7486
378,2218
7413,2703
7493,1881
3110,4652
7158,5780
5907,4799
1316,5773
6480,5278
7600,296
2040,3362
3358,714
4130,185
1098,3113
1767,2515
5224,3610
2186,7751
7197,2266
1060,1389
7564,1819
3601,2473
2085,299
2480,7477
5574,7956
7714,5979
1407,557
4795,1523
7743,7656
5494,337
5505,2044
170,1536
2855,6814
7171,5721
2753,1925
2197,5688
5415,4163
222,3154
2551,6407
5046,3254
4322,3873
7778,6257
4285,6954
2638,232
3405,6237
979,4933
3308,2737
7341,5187
7174,5834
2845,2160
943,1468
7594,772
2605,3315
1807,1004
1452,6380
130,3705
5058,2559
7159,586
7066,7960
6016,4883
7029,3685
616,7476
4901,1902
1118,7303
205,2299
1687,7162
767,1020
5884,3410
2953,6083
3415,206
153,4794
6620,7675
648,3730
4183,4534
3514,1990
6067,1636
1482,3344
2431,6207
96,2749
5345,2637
1096,38
2062,6690
4174,3911
3574,7209
5732,1748
7146,7472
3901,7162
4025,3837
2753,4534
3106,4418
3289,6662
7503,4964
2469,6864
3543,4125
4183,2408
5271,4710
7006,2207
4502,6002
7936,1149
5791,7930
5467,3647
7930,4107
4189,6387
5124,7046
4465,6280
6911,7269
7033,3668
3032,5132
2684,2802
4688,5835
7645,7807
7269,5841
4595,5089
5528,5201
4355,7255
2621,7540
1747,3080
3464,1480
1775,7317
4796,5784
6185,3399
231,816
501,1801
5274,2663
3442,5006
3511,3504
6951,4002
64,4864
4514,3067
7294,4374
3199,3849
5458,7011
3417,6202
2565,1789
1485,7436
6207,5604
4138,241
255,7131
380,2645
4719,4496
730,1174
3191,5440
6626,2123
1299,5793
454,4021
6808,5104
6582,2663
6124,5840
1016,1070
7853,6530
7502,6875
5429,3969
6892,3772
2797,1232
4911,3309
1173,2719
4760,3459
2867,6754
3100,2558
4684,7672
2811,2245
1032,3067
1562,6577
955,5528
3460,4366
5369,6747
3210,6179
2709,4142
3394,241
2783,57
1935,1052
1537,1154
6470,1851
7302,7878
5403,7926
2650,5910
1056,4369
2532,6625
1217,1593
4928,51
7165,346
784,7301
4675,1702
2575,5243
1210,7802
3004,1985
3343,4208
4480,2819
4250,3324
1813,5884
4346,7174
7946,1760
254,1662
4310,7920
1710,1862
7710,6763
4742,6770
1963,4694
1264,93
4585,3452
6182,5750
4046,3306
1918,7888
1436,95
3011,4058
182,6528
5936,1506
2000,6362
3589,7644
4301,512
4704,7636
5260,371
6672,7376
5467,7379
808,3746
55,459
1212,1579
6949,2460
4444,4479
7456,1025
7743,4489
6603,2300
6631,3090
3806,241
4287,480
244,1676
3686,16
2010,2310
3553,731
4004,4846
6624,2470
7298,5579
3896,2093
2621,527
2996,732
4254,1525
6680,2079
5231,844
2580,2581
1496,1866
3760,4126
2931,4862
4499,3211
6016,7894
3029,1401
96,2015
5584,6867
2506,6769
7349,1103
708,5759
3571,3246
7793,7365
3602,5435
7920,7514
119,175
2126,3250
3916,4921
124,6241
2419,1014
7410,630
1661,5467
237,5136
6563,2342
3380,5533
6398,2844
5731,4952
2737,4998
5771,7370
4672,4202
2348,7269
1263,559
6816,308
3964,5986
6665,6102
3064,5021
55,3408
6155,7092
6173,359
30,937
6421,4363
4595,6538
7377,5805
1498,261
4869,3069
507,6707
6074,3078
4725,4103
5904,190
4674,2451
6088,944
797,576
5430,3864
1,752
431,2730
4034,850
853,5720
3886,1570
5767,370
5311,5146
6008,2219
1088,7709
781,7939
1587,5601
1907,5552
4064,905
4098,2086
1849,4164
6219,2540
6805,1640
7332,7291
7815,1969
7532,18
239,4045
1632,7286
52,5078
5940,672
3275,5303
7129,552
6997,293
7810,6736
3612,6267
6155,3808
327,2568
6990,6397
3955,6285
7189,1031
3485,545
6614,5599
2691,3446
7982,599
3928,6645
7689,968
3180,1645
7822,3479
4425,6818
3875,4620
4263,6537
7176,3388
6772,5359
1894,6753
2889,6064
6347,510
544,6789
6896,7745
782,519
1024,7974
3020,5561
5083,1617
5684,4071
3080,2596
5647,1317
4733,5547
7071,2001
3921,6358
560,4174
6181,1605
2023,603
3499,6896
1635,6230
160,6601
7849,4427
7887,4624
1769,4462
2958,7290
3218,783
3817,5118
2270,4677
4598,7779
359,3941
3276,5102
122,3791
1402,4619
7952,219
6653,4323
1816,1215
1846,1892
6147,7267
3575,7843
3233,4027
1758,7176
6237,898
7856,2517
1655,4661
19,3456
6003,3976
7592,6458
2106,7133
4435,7623
3011,3374
6149,5984
4420,5738
7743,6956
7338,3105
5313,6555
4975,5239
1326,5537
6253,3350
2361,6684
7565,6503
7172,1491
4055,2030
2463,2293
1855,5947
2019,4412
3007,4801
5334,925
6805,2877
1342,3664
1858,5659
7846,3676
70,4680
5547,5943
5881,512
662,361
7123,344
3529,7039
6606,5840
6250,3762
5146,3884
6852,3900
6964,3479
1232,5829
2284,1750
3221,6401
5732,6730
5214,3878
4162,7261
681,3071
7245,540
6727,4685
1058,7152
2514,2932
4706,4110
3345,7616
4633,4348
6104,7140
985,7061
655,6634
1799,4914
359,1471
3074,6288
5056,1509
7564,4171
5960,6239
992,7088
1487,7465
650,880
792,1825
2397,2399
3907,2992
1435,657
5835,541
1896,2999
5879,1935
6963,3948
3207,7998
2320,4316
4241,6091
7281,4781
7073,5573
5063,5778
5594,7847
4275,6193
6812,1216
769,3357
3561,5740
3671,4528
7040,5732
1795,2398
3,1460
7418,1117
3000,5922
857,123
5091,3967
5312,5703
7997,6855
1771,1013
5499,5442
6027,7184
7275,4741
6842,4125
3592,258
3759,6826
1196,859
365,6172
4181,2520
3712,3113
127,2573
6432,6844
514,1389
1744,2569
883,7757
6731,652
1286,6936
749,4253
2813,5451
5737,901
1401,5383
7580,4694
7582,3039
6140,3827
1438,4981
5590,4431
6476,7507
1814,4904
2236,1804
7163,6502
3132,4759
2031,4011
6445,7237
7923,5635
6380,359
3866,1784
1981,1049
537,786
6237,3715
3856,7635
5352,4101
752,70
6881,7688
438,5796
1584,617
4194,5534
2443,7742
166,5204
1276,2470
7651,7541
7802,2007
5452,6093
2452,958
1307,3057
6984,3466
451,6639
6258,761
6112,7097
4630,7521
4077,7139
703,484
3803,3641
3633,6109
2574,6779
237,514
5026,2059
7848,7846
2111,2615
6027,1453
410,2961
2703,5322
7222,335
5972,3232
1956,843
6342,5813
3613,1318
7953,7477
7598,4991
1356,7744
5712,2522
334,351
3629,7507
3582,6822
63,3059
6771,6754
3179,4592
1604,622
1863,910
5432,3960
7436,3798
5754,1142
4412,1017
5699,5335
7279,6058
3657,6237
384,4644
3007,2671
1425,1995
3116,949
2949,4999
7002,5699
1184,4547
5059,4256
1460,3174
7888,647
249,5604
2712,6020
2296,2670
4781,1545
7614,7455
3544,1637
3864,6900
777,7054
6777,5441
5865,259
7723,5031
7003,3212
2609,6749
3216,4210
3681,6433
4515,814
7716,5199
238,5732
3385,4791
5779,7379
4400,5397
1083,1652
902,6441
7564,1589
1541,5128
3078,7785
1859,501
2552,4891
2538,1059
7018,7651
696,272
5679,4804
1521,1845
7551,6005
5627,4980
38,7019
4126,7553
4362,4773
5756,3720
2705,2302
554,6698
6244,3316
7502,2434
755,3950
4434,598
3513,3029
1129,794
2514,6702
5639,170
1279,4951
2789,689
6575,6209
4390,5822
623,7
2073,6916
5986,496
15,4776
3539,3868
113,6201
4833,2702
2755,973
1371,6214
1580,6627
3078,3926
6572,233
7439,2565
6872,6557
2732,6955
249,4687
3082,2144
810,2150
7985,932
3656,7478
3361,4307
5809,6771
4922,1998
109,6235
211,6321
6051,5495
7277,6519
6966,1798
2112,3704
4401,3731
4611,4913
1851,6297
2519,7599
6141,4407
402,4800
1812,3679
68,7727
6863,38
3434,5806
7311,3047
7569,6887
5786,4097
7901,5393
421,6760
7583,1771
4892,4673
286,609
5130,1651
488,5528
1221,6275
906,4729
7642,5594
6804,4096
7114,6237
3537,6965
2505,2281
5774,7641
7166,7252
570,2928
7690,3623
6896,4605
451,5484
3047,2783
6596,1428
5929,7774
4590,7564
85,2151
4686,7963
3178,4337
5524,4183
4127,7882
18,4126
7316,476
1668,4655
6347,6618
38,6299
3260,3092
1436,5325
6472,6466
1085,6606
3472,6529
4126,1030
2911,2309
5779,4146
2435,2932
7071,5948
3981,1016
1905,3783
1067,3937
1663,4862
4621,7039
7544,3700
357,3483
5528,4170
3827,1937
349,7725
82,6686
3576,881
2323,7666
5732,5220
2878,5678
5686,3485
5277,4705
3621,3634
4867,5086
4130,2548
7760,6040
6788,3748
5729,5899
4978,4936
2303,7086
1698,7526
7133,5396
6155,7173
4159,5377
3768,49
7646,6155
4047,6641
2877,5945
4631,1362
3774,778
7251,7883
4429,4780
7003,7651
5981,3577
559,927
1639,6225
6343,575
2872,3328
2190,3906
7265,408
5950,2196
4521,1008
1445,6601
465,7763
5818,2242
1534,2814
4094,5686
2625,1218
3366,6315
3733,6705
498,6144
2340,1820
4771,605
5319,3943
4183,961
5396,4019
1904,5467
1194,1041
4195,5007
2726,6365
2444,5974
7391,2431
2226,7570
2516,836
5896,4277
7967,5323
7914,2929
2431,1614
5531,345
1391,919
1863,6762
5482,1671
7592,241
7699,2344
1325,6178
4719,7461
4562,3384
1128,5467
6696,4274
5315,5438
3001,281
5770,592
7564,933
2269,6924
7017,3549
3539,530
6122,6
2026,2373
1710,7064
4265,2141
2793,7789
7317,1898
1761,7830
7271,7386
107,71
3477,3972
6303,4981
3914,6964
248,2497
166,3168
4603,3844
5282,1503
175,3893
675,1910
1017,3810
5528,5708
376,2896
7707,3539
4005,2815
2237,5034
5194,4062
7562,3461
6884,946
6319,3120
5507,7743
4522,4981
6549,6550
2368,2384
6164,4484
883,4575
1668,5412
1940,7574
4039,6675
7463,5064
4869,6133
562,3785
7191,736
3475,5106
5333,6941
3332,1676
2622,2415
7532,5007
5952,13
6034,5988
198,5812
7568,7051
7516,6036
751,5967
7593,3517
4627,1755
6655,2106
161,6327
3880,2538
3055,2275
1809,4156
5031,1162
1023,199
6066,5604
6145,4095
7317,3462
3505,5562
3078,754
7589,4983
4430,4389
2023,7737
2877,5461
6932,6811
5512,5627
6634,7698
4029,1937
2754,6059
7006,2640
369,3169
5180,3027
6961,1199
5122,1647
298,6747
7432,7908
2377,1230
6764,641
4504,1297
4926,205
1151,1941
5902,440
7583,6609
3386,5144
3934,4287
4967,3022
6715,5486
7233,4708
1030,4419
3935,1670
1254,7530
1016,5544
2570,1163
2441,4392
1559,7543
2203,4206
1624,2975
5848,7438
4436,2216
3219,1846
2737,6306
172,3369
4797,1483
2682,4744
6986,1586
6663,5632
191,7221
6145,7495
531,2673
3859,6399
496,2567
5796,7692
4783,5529
7361,4746
6999,5275
6687,1398
4689,4119
3375,3759
6281,997
3047,2666
5945,400
6386,2097
3261,2584
5451,1227
3654,3861
6962,7809
6706,6879
1139,4058
3925,7322
195,3203
3677,6434
6876,7742
4270,4745
908,1291
5360,281
275,99
6237,2285
6279,2300
151,6510
6902,2653
1974,1631
6710,3563
2906,6356
5813,5116
5761,5444
3029,7335
862,7223
5884,1160
7765,5790
1384,6684
6173,1838
6237,1837
409,2260
3660,324
2050,5656
1009,1544
1275,7783
5795,3195
3207,2412
5467,4530
1248,3336
5342,3015
7958,6120
397,2507
7057,1040
5214,3943
46,3914
7983,4960
1336,3077
2431,7905
1872,4537
2566,2140
5508,5735
4725,6582
5127,5198
7603,3027
2618,1121
1030,906
2155,7564
5470,3759
5910,1462
6289,4114
3040,2957
5260,4893
5196,2292
1344,2029
7572,5571
3627,6178
7079,5957
6323,1046
4767,3962
1223,220
7994,7003
975,4301
7619,5592
3400,1137
4551,861
7079,7370
7876,4494
5807,373
1135,5591
114,7758
4557,225
6782,2563
1132,151
4357,442
7248,4894
7231,4003
6348,965
7822,1204
3197,4653
1136,6849
2112,5880
4635,3465
2777,4222
4586,7046
5604,1676
5676,1026
6045,6668
5147,4755
1896,2565
5404,1551
147,1214
5194,2755
3143,5184
7816,6526
3864,811
2963,7150
2427,2400
5575,2027
5521,2978
6364,312
7607,2716
7051,4244
4268,7394
3189,6941
6797,4409
5055,3636
6678,5302
7451,5556
6651,1236
5432,2464
1993,1396
3218,6338
4182,5393
4153,3210
2465,7454
2698,6570
3241,1094
62,5663
7228,5425
3935,7090
2004,775
7844,5759
3189,577
3829,3886
4648,339
228,2321
4509,4369
7183,1379
6121,3237
2291,7204
6590,6456
5168,7992
4374,2135
4435,1568
7328,7822
1167,5830
576,4804
3773,4177
6473,137
1131,279
572,2654
7179,241
5576,5216
4051,3366
3445,2583
4364,5645
4361,385
2941,4220
7522,6031
6537,6895
5185,1583
5448,5653
3325,6920
5528,4712
1440,6164
5384,3986
4566,1779
5061,3423
7967,2481
1529,812
7503,820
5732,1156
491,5638
5503,1443
2973,4015
1495,604
3539,516
5652,6437
4133,460
6145,386
2931,1510
7094,5107
7869,6711
1710,4989
7452,4195
2892,217
381,1770
2900,3366
3446,3771
1057,6990
1285,2960
5870,2295
17,4590
2474,2112
7202,5519
3539,3108
3553,3086
1823,2103
5436,2431
7914,1860
5652,2037
1085,7895
7292,4020
3471,2201
6437,7939
5758,5173
2780,2664
3413,4319
7152,5798
3411,249
5467,2113
3019,7482
3304,4081
3103,4126
4249,784
1250,1766
7414,5820
5933,772
7672,2759
899,7312
2469,4319
6196,7726
7490,1700
4831,3272
4817,7360
741,4643
6391,7770
4112,5955
4634,1183
6164,5817
5504,2039
501,6076
4006,5853
6276,5363
5380,921
1801,3195
6237,3989
4207,2492
1023,1207
6553,6600
3515,661
81,597
1733,2410
3378,564
113,7152
453,2375
5562,4581
6858,3112
5324,5620
948,4087
5233,3359
1339,4158
6950,3216
4078,4903
7257,1431
5295,3031
6788,1582
4575,4577
7852,7907
4664,1423
2146,2614
6866,4987
694,4283
2080,1399
2322,7489
1792,359
4262,4155
7538,4517
4728,3490
2916,7430
6053,66
7333,4413
5843,535
6935,7592
7847,5210
5706,1549
4804,7644
3630,2700
1920,5761
4085,7988
5528,5640
1590,1938
5931,3351
5472,3724
6296,3486
641,3047
4820,2288
2365,5164
6284,547
5810,1563
5014,1888
3451,3540
1391,4378
2680,6868
1355,3865
5764,6559
5242,1885
3399,1797
3786,5789
957,4181
1962,2499
3799,1095
5066,96
2648,1406
4538,1015
7268,269
4812,6763
2795,6054
4529,4049
422,1054
3605,7156
6619,6561
3099,4312
6123,4535
3605,4160
3008,57
4280,7236
2251,5626
7780,7482
2456,5821
1545,4147
5476,4143
5925,4456
3873,5369
6788,507
3974,6484
394,6600
1848,3130
5068,5617
7848,3698
4191,4420
4024,7723
4536,4261
6388,7686
3382,51
6432,1977
98,4483
1437,853
1556,6206
189,7980
2699,2816
7242,5505
4342,5595
951,6524
1712,137
5995,3293
4866,1277
1680,6804
874,7096
6611,2006
398,2614
4198,6276
806,313
897,7130
6493,86
5321,1272
5469,1374
2329,5528
3080,1971
5494,3495
1759,7335
3551,3094
1802,2213
2630,1447
2601,4381
3276,4144
6155,280
7396,1382
5656,1048
7555,7118
2702,2593
5161,3305
5688,6096
1678,2245
5787,4931
5131,4571
614,2465
1623,5534
4793,2135
6524,3366
1064,4203
2839,1799
1790,3374
6909,6295
5841,4337
5334,3054
6642,3538
1034,1036
5717,4971
243,110
5684,6460
797,6205
7120,1601
7891,804
1315,6368
4545,7051
5954,935
1566,7480
6681,5030
2217,516
7977,6009
263,3714
7245,1846
5297,6771
4138,6605
7206,7510
936,7829
1209,748
2854,7385
1456,5854
5912,5871
1481,464
3675,3247
5043,3845
2198,830
4472,7000
2737,4914
2198,5944
6337,4380
7871,5470
4377,2012
3,7586
3552,2020
1317,4765
306,2431
3204,1265
5674,3504
2169,6882
4004,2249
179,2105
1936,702
7993,7219
1187,4951
7342,5732
4284,5907
5368,2974
2916,2364
4929,2840
4661,6692
5889,3390
5838,348
6079,1874
3045,4126
5874,2942
5759,4326
2629,1691
1907,5528
7704,6510
2098,5732
7254,7581
4839,7682
2994,1281
2870,6431
2987,2960
4203,5517
5428,6290
7068,7554
2700,5493
964,1181
4513,471
5632,2496
6835,2649
5467,5343
2091,2090
7143,1896
5744,7419
3971,1218
1633,5796
2450,4967
7278,6332
2519,5292
754,6410
2422,3384
2051,1502
2253,5979
3165,1455
7893,3017
6064,4180
1897,7850
2200,2831
3205,969
5296,4175
4403,3720
2342,6714
7664,4876
3291,4851
6237,3874
3166,2004
3098,3390
2962,5658
407,7951
6158,3132
2346,5100
7236,5611
5572,4924
4286,1681
3642,1683
5369,6978
383,3881
600,5390
6249,2328
5632,2311
7477,6041
5702,4729
5485,7325
21,7820
3428,7115
6295,7784
4084,3158
3386,6841
623,1822
4115,1149
1787,1768
976,3684
3534,1511
4399,6025
4934,7934
1045,6011
5164,2563
6162,3975
7014,6281
7432,2592
5474,4343
3212,7065
1823,790
2667,3164
249,1561
5534,1211
1262,2672
1950,4189
5974,5528
4045,7442
6575,4967
4641,2237
363,5056
4864,669
6200,7108
2097,219
5992,5150
7254,5845
5075,3793
1957,6969
746,5700
5150,2127
192,3024
1504,6767
7001,238
7007,2368
5104,6795
5605,6238
4564,3616
4358,1687
2999,762
1168,4569
4610,2071
6247,4772
6730,3572
7737,5732
5460,5227
5119,7271
6952,1174
6372,5891
3489,6325
3846,4747
6780,2215
4348,1249
7699,7629
1261,4079
4530,6928
5396,2201
6320,731
4142,4077
5604,7909
7178,822
3497,7188
7757,7633
1361,5129
6240,14
283,5812
2880,2238
2538,216
6016,3539
7117,1671
6291,2342
1313,2232
515,2248
1891,2768
359,2852
3952,715
458,1371
7372,5732
6056,7711
3135,5421
5526,3408
7686,7358
5976,3990
5340,6821
4802,3398
4508,1560
7074,5080
4848,4118
6839,6414
3432,5593
1205,2272
2290,6593
2835,7443
5284,3096
4576,303
3557,4754
1902,5746
6331,4536
4577,4071
5653,3119
4552,4315
1529,2648
1355,911
7676,3475
7374,3544
4770,7528
5286,6605
6407,3050
5402,4414
2314,6534
6277,2833
1440,4604
5718,2404
1839,7372
4611,2388
6392,26
983,2357
2524,6551
28,7850
1390,3639
3747,2441
5253,1791
333,2314
4078,3732
1179,4985
5209,2031
3745,7544
338,515
1421,1115
2447,7288
7652,6137
7841,4689
6047,4351
5155,3718
5752,7776
1831,5467
3129,2168
7097,5304
728,4846
1334,831
1245,3430
2307,5385
32,2641
5773,6108
5757,1602
1434,6440
492,7726
1841,3115
3469,587
459,3697
3142,5688
139,2077
1391,4267
2445,2781
5327,4997
7919,7930
6981,742
4358,35
7000,7982
2047,4769
327,5886
2577,2261
634,6375
4716,4470
1518,5183
2571,1744
2735,2930
7774,970
6762,4795
828,7612
7488,4872
1738,4571
4593,5651
1712,5264
7695,1297
7250,7200
1008,3500
2161,5392
7819,390
1350,2810
857,460
6103,2060
6059,192
3663,6693
5901,2249
6496,2877
1645,5566
1450,3992
3449,4662
2674,7485
1718,1348
3320,6155
7863,581
890,2317
163,1656
5749,5519
3930,5999
3653,6380
3539,6546
4525,2653
819,4904
1905,4291
7124,996
2692,3136
3718,3725
3355,7038
7543,4066
3746,7896
3666,1513
1677,6573
2153,1964
1388,4359
7477,1643
5370,3421
5545,4210
4785,3020
770,3640
4150,153
2762,7023
5056,1078
3912,4617
6710,3833
1048,6371
6989,3672
7135,2344
3194,7909
5038,5850
5832,2171
2460,7136
4532,402
5976,5154
4502,6970
6135,4133
4765,6567
4002,3680
835,2470
7718,6930
6086,6587
5475,7409
2271,4685
4016,1175
5429,585
1602,6511
7972,2528
3459,3487
375,3631
5423,3009
6556,4507
1997,45
1138,5469
1110,7123
6176,6389
3547,3674
2395,551
5872,2835
7892,5860
359,4715
5963,2133
5701,2592
173,2731
7706,6763
4260,5619
7225,6966
1412,1047
2882,4940
853,686
3286,691
7359,3370
4104,2364
1922,6643
1578,488
2392,2580
989,5732
1731,5528
201,5236
1850,2899
3156,4860
5742,4784
3577,1016
1011,1774
2673,3649
5541,3888
3222,7051
2948,3539
6014,3428
5632,6449
7537,570
4362,601
7625,1931
6245,2704
4806,1719
5563,4968
2484,1122
7445,7917
3752,2182
6187,3632
7944,731
531,5567
5732,7085
2969,2457
5496,1486
1097,5414
3102,7049
876,6523
6065,4095
5732,5052
5175,1406
7852,4695
6908,7856
4272,4419
3765,5978
3636,615
1611,3720
7743,5163
22,4277
5386,6042
287,6031
5363,3819
5898,2146
181,5990
7281,7131
3073,4836
2199,6688
3523,3197
3916,1663
1903,1025
1295,742
1553,1887
3491,773
1236,7058
2584,4262
7866,6447
3281,6680
4814,4423
5998,143
7720,3581
4758,7107
1595,2747
1757,7065
417,901
7456,6988
4433,6025
3225,2582
1682,6181
4885,2561
4075,7434
3597,6237
7385,4682
731,5263
2269,4664
6953,2199
6239,2680
